nep4 2 Cu Se 
cutoff 7 5 100 44
n_max 8 6
basis_size 12 12
l_max 4 2 0
ANN 50 0
  9.7670175e-02
 -3.1094089e-02
 -4.4155579e-02
 -3.8110071e-01
  2.1267429e-02
 -1.4828050e-01
  3.6649432e-02
  2.6155052e-01
  4.9106244e-02
  1.6069838e-01
  7.5565457e-02
 -2.7749507e-02
 -1.1603490e-02
  8.1265680e-02
  1.9906629e-02
 -3.1661712e-02
  2.1860665e-02
 -2.1919934e-02
  1.3984925e-02
  1.5863804e-02
  1.2008367e-02
  4.7769211e-04
  6.5890409e-02
 -9.1478765e-02
  7.3563933e-02
 -1.4138236e-02
 -4.8816063e-02
 -1.0137336e-01
 -2.2134903e-01
  3.1817142e-02
  7.1271211e-02
  5.8447868e-02
  7.7184057e-03
  1.8176889e-03
  7.1891978e-02
 -4.8093289e-02
 -3.4435488e-02
  1.3828125e-02
  2.0675847e-02
 -4.3391444e-02
 -3.3745799e-02
 -1.6323902e-02
 -7.3689674e-03
 -1.4777419e-02
  1.3724024e-03
  9.2698984e-02
  3.7794581e-03
 -1.0488170e-01
 -3.4354484e-01
  7.7082391e-04
 -2.8844012e-02
 -7.1423793e-01
 -7.5893387e-02
  9.2454655e-03
  1.4326710e-02
  3.8300944e-03
 -3.1823643e-02
  1.7629275e-02
  4.9628925e-02
  5.3413983e-02
 -2.3285257e-02
 -5.0850075e-02
 -4.3852082e-03
  5.3091417e-04
  3.3613164e-02
 -2.4082430e-01
 -4.8717516e-03
  1.6375130e-02
 -2.4290989e-01
  6.3273698e-02
 -5.1505394e-02
 -1.0016424e-02
 -1.3412184e-02
  3.5756191e-03
  1.2401957e-01
 -7.1516107e-03
 -3.8638567e-03
 -1.2889393e-03
  1.9130673e-02
 -1.3524123e-01
 -1.7393805e-02
  2.3366552e-02
  5.8184080e-02
 -2.8497819e-02
  5.8140829e-03
  2.4363238e-02
 -2.5087172e-02
 -3.2517691e-03
  1.6315453e-02
  2.6713690e-02
 -5.0580064e-03
 -1.3443208e-02
  3.3536374e-03
  1.3322492e-01
  1.4318115e-04
  2.9541470e-02
  9.8377958e-02
 -5.8517405e-03
  7.6749563e-02
 -4.1325679e-03
  1.7127756e-02
 -9.2167594e-03
 -2.8321922e-02
 -7.0514791e-02
  2.1510966e-02
 -1.8961089e-02
  1.8906057e-02
 -5.9607837e-02
 -5.5424899e-02
  1.4622815e-01
 -1.4435171e-02
  1.3633540e-02
 -4.0291931e-02
 -3.0319424e-02
 -6.5816529e-02
 -2.2226637e-02
  3.0506803e-03
 -4.0688328e-02
 -1.6071098e-02
 -5.5619199e-02
  5.4559257e-02
 -3.1338993e-02
  1.5637822e+00
  2.0402800e-02
  6.4820689e-03
  1.9447641e-02
 -2.0505838e-02
 -3.2045227e-03
  1.5363827e-02
  8.2363598e-03
  2.6775856e-02
 -4.4911902e-02
 -3.0934112e-03
 -4.8499019e-03
 -3.5538584e-01
 -3.2460663e-01
  3.4342107e-01
  9.4902087e-03
 -1.5992518e-01
 -9.7130090e-03
 -8.6223390e-03
  4.8452830e-03
  1.5026543e-02
 -7.3713250e-05
  1.8864078e-02
 -4.8768692e-02
  2.6205737e-02
  6.8810113e-02
 -6.6961460e-02
  8.8131782e-03
 -1.2207961e-02
  2.1759793e-02
 -4.0050246e-02
  7.5907357e-02
  5.2938715e-02
  1.4273245e-02
  1.9290388e-02
 -2.8564122e-01
 -2.7395457e-02
 -2.6723394e-02
  7.3307008e-02
 -1.1661010e-02
 -9.5576175e-02
  2.2113772e-02
 -3.5962677e-03
  3.3295114e-02
  1.0409561e-02
 -1.7526043e-03
 -2.9887948e-02
 -1.4019778e-02
 -1.1486860e-02
 -3.3992901e-04
 -5.8881208e-02
 -4.9339561e-03
  2.1355957e-02
  7.6069668e-02
 -1.6102728e-01
 -5.4627872e-01
  5.2219504e-01
  2.8549518e-02
  1.2105420e-01
 -1.4165152e-02
 -1.0938974e-01
 -1.6143531e-01
 -1.7974924e-01
 -3.6349541e-01
 -5.1873511e-01
  3.0347452e-01
  4.4501023e-03
 -2.9458311e-01
 -5.2249694e-01
  1.6404739e-01
  2.5428699e-02
 -2.8132042e-01
 -6.7277998e-01
  7.2424158e-02
 -1.8799515e-01
 -5.2912927e-01
 -5.5736941e-01
 -3.7403414e-01
 -3.6949667e-01
 -3.5673460e-01
 -2.7495080e-01
 -1.7045745e-01
  8.5071072e-02
  3.4557451e-02
 -8.3604015e-02
 -2.9179448e-01
 -4.9899220e-02
 -1.0411040e-01
 -2.0922996e-01
  9.5998168e-02
 -1.5102048e-01
 -1.7076753e-01
  4.0952712e-03
  2.9221377e-01
  5.1732041e-02
  1.8985434e-03
  6.6470891e-02
  4.2714176e-01
 -6.1545932e-01
  1.7066618e+00
 -3.6118901e+00
  8.4838077e-02
  9.8668700e-01
 -5.3281295e-01
 -6.8742305e-01
  3.2580000e-01
  4.8203617e-01
  4.4486903e-02
  1.5372148e-01
 -1.0717931e-01
 -1.4302872e+00
  2.9118603e-01
 -4.4933558e-01
 -3.6995092e-01
 -8.0875903e-01
  2.0365161e-03
  2.6408741e-01
  1.3653194e+00
  1.0140647e-01
  2.8975567e-01
 -1.4053974e-02
  7.7867456e-02
  1.3386233e-01
 -9.7971849e-02
  3.2194766e-01
  2.9451638e-02
 -3.0235755e-01
 -4.6376973e-01
 -5.9155174e-02
  5.9490538e-01
  5.3671885e-01
  3.0360141e-01
  2.4157721e-01
  1.3609150e-01
  1.2988935e-01
  6.2462367e-04
  3.5147186e-02
  2.5898862e-01
  2.3784982e-02
 -4.7325537e-02
  1.8019888e-01
  3.3983994e-02
 -2.6248622e-01
 -1.0780706e-01
 -1.0657412e+00
 -6.8698001e-01
  1.5507060e+00
  1.8568814e-01
  1.4399797e-01
  1.8590579e-02
 -5.1529795e-01
  2.8868940e-01
  1.0528439e+00
  1.7392384e-01
  8.9613028e-02
  6.0140353e-01
  8.3340883e-01
 -6.1304832e-01
  1.4756474e-02
  1.1696825e+00
  9.1544896e-02
 -6.6145569e-01
  5.8647223e-02
  8.9938527e-01
  7.0305365e-01
  4.9974597e-01
  1.5686616e+00
  1.3330547e+00
  1.0043654e-01
 -3.9247322e-01
 -9.5274490e-01
 -4.1991681e-01
 -1.7469339e-03
  2.2747231e-01
  1.4935559e+00
 -1.1802903e+00
 -1.2263789e+00
  2.5209213e-02
  5.2438456e-01
 -8.3279923e-02
 -5.3982608e-02
 -4.3635985e-01
  2.3672968e-02
 -6.2363619e-01
 -1.0440537e-01
 -1.4263777e-02
  4.6515313e-01
  8.4130712e-02
 -6.7072958e-01
  7.0470983e-01
  5.2802968e-01
  5.3362235e-02
 -5.8418013e-02
 -7.1154110e-02
 -2.2378755e-01
  2.9580172e-02
 -3.8036186e-02
 -2.7360039e-02
  2.7866480e-03
 -3.9488357e-02
 -7.3883049e-03
  2.9870505e-03
 -6.8196654e-02
 -1.3622729e-02
  2.8180048e-01
  6.0199384e-02
  7.0367819e-03
 -1.1258564e-02
 -3.7539653e-03
  1.4933699e-01
 -8.0108345e-02
 -2.1916234e-03
  4.4150047e-02
  2.7002409e-02
  1.0076950e-02
 -4.4483468e-02
  1.5035168e-02
 -1.4927132e-01
  1.7473271e-02
  1.1681408e-02
  9.3817793e-02
 -7.3701483e-03
 -8.6029746e-02
 -3.2065719e-02
  2.2136200e-02
  1.2685253e-01
  8.0954793e-05
 -1.2462726e-01
 -7.0595909e-03
  1.9372046e-02
 -6.7303640e-01
  2.4875898e+00
 -4.3694073e-01
  6.8558109e-01
  2.5040507e+00
  3.5622275e-01
 -1.5950232e+00
  1.3483527e-01
 -2.8670424e-01
  4.3890759e-01
  1.0288496e-01
 -1.0954068e+00
  3.7472762e-02
 -8.3770409e-02
  3.7918010e-01
  3.3720292e-02
  2.1970651e-01
  2.6941139e-01
  4.9895242e-01
 -2.7131325e-01
 -1.4893386e-01
 -3.2319722e-01
 -2.6274350e-02
 -3.6936074e-02
  5.2396798e-01
  4.4384827e-03
  1.0222995e-01
 -1.4552735e-01
 -6.2834084e-02
 -4.5779999e-03
  7.4561082e-02
  3.5684858e-02
  3.7580598e-02
  1.1473724e-01
 -1.6434154e-02
  3.5670791e-03
 -3.1099809e-02
  4.8721498e-03
 -3.4719389e-02
 -2.3411160e-02
  3.3602349e-02
  4.0954083e-01
 -5.2208263e-02
  7.1420737e-02
  4.5776394e-01
 -1.1938452e+00
  7.6120466e-02
 -9.0253985e-01
  5.3200704e-01
  6.0326058e-01
 -9.0019524e-02
 -1.1971484e+00
  1.9969516e-01
 -1.0603788e-01
 -5.1212935e-03
  1.3513356e-01
 -1.0066971e+00
  6.6460468e-02
 -1.8225451e-01
 -9.9283740e-02
 -2.8971177e-01
  1.3581444e-01
  4.6847412e-01
  2.3432864e-01
  3.7862131e-01
  3.9769538e-02
  5.5099344e-01
  8.2445824e-01
 -5.4453863e-03
  1.7259261e-01
 -1.5430962e+00
  7.5847298e-01
  1.4494252e-02
 -1.9550771e-01
 -5.3768001e-02
 -5.9915870e-01
 -3.8730904e-01
 -1.5225944e-01
  7.1039662e-02
 -9.8550975e-02
 -1.7701712e-02
 -1.7379705e-02
 -2.6826626e-03
  2.3861054e-02
  1.1464791e-02
 -1.6597398e-02
  1.9634315e-01
  5.7844695e-02
 -1.0210630e-01
  3.1983835e-01
  7.0173866e-01
  1.0366490e+00
  3.4663066e-01
 -1.3204552e-01
 -8.9398128e-01
  1.7652068e-01
 -9.6303147e-01
  2.6136062e-01
 -1.3301623e-01
 -9.7301757e-01
  8.0207878e-01
 -6.0307497e-01
  3.3045048e-01
  3.7660457e-02
  3.0809230e-01
  2.0084567e-02
 -1.4605820e+00
  2.6734269e-01
  2.6484959e-02
  4.7671655e-01
  1.5419677e-01
  1.7745231e+00
  1.3762463e+00
 -2.2604420e+00
 -3.0376431e-01
  4.3525678e-01
 -5.3274881e-02
  7.1257418e-01
  4.0011993e-01
  7.8006506e-01
 -2.0317145e-01
 -3.2478073e-01
  1.9520783e-01
  1.2786005e-01
  6.2807155e-01
 -6.1531049e-01
 -3.5255012e-01
 -2.0757917e-01
  6.3763626e-02
  7.4514560e-02
 -9.6862406e-02
 -1.1721423e-01
  7.4313946e-02
 -3.2027125e-02
 -1.6873255e-02
  1.1881395e-01
  5.6791022e-02
  2.0648187e-03
  1.9131003e-01
  1.7614686e+00
  2.6805215e-02
  4.3929007e-02
 -1.8548409e-02
 -1.7635684e-02
  1.0799228e-02
 -7.8877664e-01
  1.4149806e-02
 -8.0752745e-03
 -6.1171513e-02
 -4.2736854e-02
  4.5117058e-02
  3.2124374e-02
 -4.5014881e-02
 -3.7325878e-02
  4.6639051e-02
  6.9630453e-03
 -1.6982224e-02
 -8.8327946e-03
 -1.3894020e-01
 -5.6165613e-02
 -4.5122493e-02
 -6.7058943e-02
  3.2115798e-02
  7.1321338e-02
 -6.7087397e-02
  1.7446814e-02
 -1.1419882e-02
  1.1088792e-05
 -2.5369331e-02
  3.2209523e-02
  2.2075546e-03
  2.1960509e-03
  4.0629338e-02
 -4.1904529e-03
  1.5579115e-02
  1.4282137e-02
 -3.0881327e-02
 -8.9362234e-02
 -3.7895504e-02
  4.8157010e-02
  1.1202107e-01
 -4.9306929e-02
 -2.8313394e-03
  4.9684241e-01
  8.1396541e-03
 -1.0165815e-01
 -4.5025580e-02
 -2.2077739e-02
 -7.9028718e-03
 -2.6001994e-02
 -2.8953802e-02
  4.2841282e-02
 -1.1395698e-02
  4.6747930e-02
 -5.4983828e-02
 -6.8681650e-02
 -1.2027114e-03
 -1.6840379e-01
 -8.1421416e-03
 -2.4182664e-02
 -8.0788687e-02
  7.5214030e-03
  1.0726818e-01
 -2.5241168e-02
  5.8326095e-02
  1.6125020e-02
 -1.4107926e-03
 -3.0956650e-04
  3.0444195e-02
  1.7954882e-02
 -1.4566372e-01
 -1.2328629e-01
  4.3528043e-03
  6.1328545e-02
 -4.1001678e-02
 -9.3463063e-04
  5.4074518e-02
  2.3335969e-02
  3.7297972e-02
 -4.0184107e-02
 -2.2628050e-02
  3.8440727e-02
  4.8911020e-02
 -1.4249067e-01
 -3.0103425e-02
  1.8309001e-02
 -2.8333649e-02
 -1.1839078e-01
 -7.3019870e-02
 -1.2027786e-02
 -1.0203726e-03
  1.2188793e-02
 -1.4938325e-01
  7.5162522e-02
  2.4129981e-02
  8.4617257e-02
 -1.5172513e-01
 -1.4042428e-01
  6.1887469e-02
 -2.0017341e-02
 -1.0082240e-01
  8.7141722e-02
  7.3224795e-03
 -3.4983188e-02
  4.3336549e-01
 -1.4309327e-03
  1.2312876e-02
  3.8578484e-02
 -3.6557477e-02
 -1.2921309e-01
 -4.9284473e-03
 -6.3038349e-02
  6.9682486e-04
  2.6368160e-02
  2.9783271e-02
 -1.4104079e-03
 -3.5376139e-02
  7.0010886e-02
 -4.8502214e-02
  3.1881449e-03
 -3.6622558e-02
 -4.9484393e-04
  2.4770435e-02
 -2.2538723e-02
 -8.6467020e-02
  1.0876877e-01
  8.4113413e-03
  2.4560714e-01
 -4.1412914e-01
  9.2286184e-02
  1.5452124e-01
  6.3945122e-02
 -1.7321613e-02
 -1.7101396e-02
 -1.6040048e-02
  4.8664652e-02
 -1.7706534e-02
 -1.4805393e-02
 -8.1277169e-02
 -2.5799179e-02
  1.4749394e-01
 -2.5185078e-01
  2.3479588e-02
 -2.1009952e-02
 -2.1757789e-02
  1.6457221e-02
 -5.9081484e-02
  7.7248819e-02
 -4.8873544e-01
  2.4849223e-02
  5.4361127e-02
  7.3715732e-02
 -8.8624254e-02
 -1.4348653e-02
  2.1385401e-03
 -4.5139331e-02
 -6.2089477e-02
  3.2228887e-02
 -3.6021236e-02
 -2.1376195e-03
  4.0392424e-03
  1.5744187e-02
 -8.4874511e-02
 -1.2613142e-02
 -3.8751371e-02
 -8.0012217e-02
 -3.7172675e-02
 -7.5304501e-02
 -6.7016040e-03
 -3.7898426e-03
  6.1775256e-02
  2.3144487e-02
 -1.6741365e-02
  7.0249201e-03
 -4.0541962e-03
 -1.0553606e-02
 -1.3012295e-02
  2.5618048e-02
 -7.1879304e-03
  1.4441916e-02
  2.2613892e-01
 -1.0156708e-02
 -1.2343356e-02
 -6.5009922e-02
  5.3959535e-03
  4.3858024e-03
  6.0918387e-03
 -1.1273725e-01
  2.4246840e-02
 -3.6258180e-02
  2.7762849e-02
 -8.7619778e-03
 -1.0721418e-01
 -3.0969051e-03
  3.6027804e-02
 -2.5012802e-02
 -7.7746948e-03
  2.2815734e-02
  9.4777280e-03
  4.1608280e-03
 -3.9393604e-03
  4.5743812e-02
 -1.3353716e-02
  3.4487475e-02
 -3.4397196e-02
  3.1394288e-02
 -2.8695714e-02
  3.9271384e-02
  5.4604602e-03
 -8.7242275e-03
  1.9703312e-01
  1.3008538e-01
  2.6992834e-01
 -1.8048584e-02
 -4.8323028e-02
 -1.4441004e-02
 -9.8545980e-03
  2.0170243e-02
  8.3391853e-02
  9.0410493e-02
 -8.7499343e-02
  5.4787789e-02
  7.4884541e-02
  3.9494270e-04
 -5.9234273e-02
 -4.1362032e-04
  4.2063236e-02
 -2.3764797e-02
 -4.7202408e-04
  2.2523966e-02
  1.9073405e-03
 -1.2380672e-02
 -5.3758785e-02
 -1.5500763e-02
  1.1509393e-02
  3.4848645e-02
  8.6583272e-03
 -1.2304716e-01
 -7.2149396e-01
 -2.4580495e-02
 -4.2346511e-02
  2.0563189e-02
 -3.7110809e-02
  1.4704170e-02
 -7.2028629e-02
  9.0462156e-02
 -1.2705814e-02
 -1.6763026e-02
 -1.1625169e-03
 -7.5599805e-02
 -4.9416482e-02
 -3.8036378e-03
  9.1648269e-03
 -1.0330295e-02
 -1.7776259e-03
 -6.2521555e-02
 -8.3885975e-02
 -3.0935200e-02
  2.6801813e+00
 -1.0978643e-01
  2.7065091e-02
 -5.1801618e-02
 -1.3469417e-01
 -3.0662996e-01
 -7.2887719e-02
  2.0541808e-02
  1.0725042e-01
 -8.3267083e-03
 -5.4144017e-02
  2.6105141e-02
 -2.0059316e-01
 -4.7550093e-02
 -1.3490470e-01
  1.3651702e-02
 -2.5483008e-02
 -1.2295452e-01
 -1.3798541e-01
  4.0901147e-02
  2.9281862e-02
  3.6692332e-02
  2.8793586e-02
  3.1389445e-02
  9.2270456e-02
  7.8070335e-02
  2.0441938e-02
  9.1127008e-02
 -2.6630810e-02
  1.9706698e-02
  3.0580243e-02
 -4.6543621e-02
  6.1824448e-02
  7.9987794e-03
 -5.3991042e-03
 -7.7707522e-02
 -6.1407197e-02
 -1.0576387e-02
 -1.7240243e-03
  4.7455385e-02
  5.4857749e-02
  6.8817060e-03
  1.6456883e-01
  1.7350966e-02
 -9.1199309e-02
  1.0998201e+00
 -1.6037960e-03
  6.8926230e-02
 -1.6416328e-01
 -6.1414582e-01
  7.2339000e-03
  2.0264545e-02
  3.9266096e-04
 -8.3427414e-02
 -5.2827075e-02
  1.2853414e-01
  2.1777320e-01
 -1.8734524e-02
  1.9752046e-01
 -2.9545992e-03
  3.7188460e-03
 -1.1121812e-03
  9.9151172e-02
  1.3731755e-01
 -5.9811320e-02
 -3.2212156e-01
 -8.1918128e-02
  7.9397313e-02
 -6.1708052e-02
  3.0923961e-02
 -1.8339040e-02
  3.3753484e-02
  1.2215379e-01
  2.8190587e-02
  2.1437429e-02
  1.5877483e-02
 -4.9594222e-03
  1.2221976e-02
 -5.5221368e-02
 -2.1754098e-03
  6.0128924e-03
  9.6595045e-03
 -4.0547736e-02
 -4.2919025e-02
  4.0440235e-02
 -2.0287503e-02
  3.8523254e-01
  7.6319702e-02
  3.4753573e-03
 -1.6323071e-02
 -7.8736298e-02
 -3.6757991e-02
  2.6137251e-03
 -9.4486075e-03
  3.3999126e-02
 -2.3960699e-03
  1.0364473e-01
  1.9768773e-02
  6.1155394e-02
 -1.3662062e-03
  2.4526687e-02
  5.6790728e-03
 -7.5912736e-02
  9.3215533e-02
 -8.1466548e-02
  5.6745782e-02
  7.5636189e-03
  5.6962583e-02
  3.5571691e-02
  1.8685888e-02
  8.2067084e-03
 -4.5037135e-02
 -1.3443542e-02
 -7.2446972e-02
 -1.7129634e-02
 -4.3799248e-02
 -5.3236601e-03
  8.7095819e-02
 -2.4401926e-02
  4.2142957e-02
  1.0457750e-02
 -3.9348930e-02
 -5.7833465e-03
  4.6295073e-02
  3.4992748e-01
  2.0703593e-02
 -3.5298546e-03
  3.4830164e-02
 -4.6435185e-02
 -5.7052490e-03
  1.5185403e-02
 -2.8921129e-02
 -4.3148551e-02
 -1.3755322e-02
 -2.7926689e-02
 -2.8899457e-02
  1.2743998e-01
  2.0735717e-01
  2.4824439e-02
  7.0996955e-04
 -1.9412501e-02
 -4.2944111e-02
 -2.7312159e-03
 -2.6296880e-02
  3.9260038e-03
  9.6562393e-02
  1.2939558e-02
 -1.3032980e-02
 -2.7533226e-02
 -1.0887356e-03
 -1.8468082e-02
 -1.8276004e-02
  1.3282210e-02
  6.8524173e-03
 -5.2684631e-02
 -1.0504130e-02
 -1.1640100e+00
 -1.0523552e-02
  5.5702738e-03
 -1.3065913e-01
  8.4942542e-03
  6.3781030e-02
 -1.9789107e-02
 -6.8337396e-02
  1.3289394e-02
 -4.9237009e-02
 -3.2068729e-02
  7.1839921e-02
  3.5091450e-03
 -1.0370326e-01
  7.1528085e-02
 -7.6777022e-03
  2.7545853e-02
 -1.2555819e-02
 -1.1259916e-01
  2.7354535e-02
  1.2550307e-03
 -2.3288375e-03
 -4.9079921e-02
 -3.4941507e-03
 -2.2781970e-02
 -1.9888212e-01
  1.2355940e-02
  4.9706329e-02
  9.0521881e-03
 -1.2515670e-01
  2.2468470e-02
 -1.3544774e-01
  8.5952710e-03
  2.8423183e-03
 -2.2669257e-01
 -1.0735191e-01
 -6.7543790e-02
  2.1408755e-02
  1.5193939e-01
  1.3866360e-02
  7.8102872e-02
 -6.9001086e-02
 -6.5562285e-02
  1.5456066e-02
 -8.1544705e-03
 -1.4771543e-02
 -1.7865468e-03
  2.8310146e-02
  1.6276856e-01
 -5.6727462e-02
 -6.2630465e-03
 -6.0254723e-02
 -1.5093379e-02
 -1.0623964e-02
  1.2306302e-03
 -5.1326819e-02
 -1.4955997e-02
  1.7415104e-02
 -5.2553760e-03
  1.1928406e-02
 -8.0817435e-03
  3.9617676e-02
 -3.8619292e-01
  2.2424011e+00
  1.6702150e-03
  1.4976983e+00
 -7.6790199e-02
  3.3505920e-01
  3.1098118e-01
  4.1432938e-01
 -5.9841014e-02
  9.2002012e-02
  6.5201260e-02
 -9.7304750e-03
  1.5833022e-02
  5.8243178e-02
  9.6778423e-02
 -8.9687621e-03
 -5.5298447e-03
  5.9295809e-01
  8.8638380e-02
 -1.9463609e-01
 -2.6507327e-01
 -1.4853820e-02
  7.7034071e-02
  2.1922732e-02
  4.5551121e-02
 -1.2858880e-01
 -5.7426345e-01
 -7.5874692e-01
 -1.0821776e-02
  7.3636919e-03
 -3.1642340e-02
  5.0178956e-02
  3.3841535e-02
 -5.7085849e-02
 -2.8478181e-02
  4.4126678e-02
 -2.9474031e-04
 -7.6630819e-03
  6.9680326e-02
 -1.8543413e-01
 -3.5824127e-02
  1.6762141e-02
 -3.0093204e-02
 -2.9976830e-02
 -8.0956984e-03
  3.2609399e-02
  7.9503227e-03
 -1.2918092e+00
 -2.0225994e-01
  2.2804469e-01
 -1.0163788e-02
 -6.8915755e-01
 -3.0972758e-02
  1.4986259e-02
 -2.8179312e-02
 -7.0904054e-02
  8.2373753e-02
  1.7752044e-01
  1.1082772e-02
  3.4860115e-02
 -5.2489322e-03
  1.7926646e-02
 -1.1192786e-03
 -4.9014040e-03
  1.8817093e-02
  6.4549446e-02
 -5.1592067e-02
  1.8528761e-02
 -9.0854708e-03
  7.7030145e-02
  3.6653540e-01
 -4.1329092e-01
  2.3829754e-01
 -7.6797165e-02
  4.2074859e-02
 -1.0107815e-02
  1.7115404e-01
  1.3972855e-01
  6.6407397e-02
  1.9040676e-02
  5.3238714e-01
 -8.7964624e-02
 -2.9630143e-02
  1.5579682e-02
  2.3041315e-02
  6.4490712e-05
 -1.5387888e-01
 -2.2072537e-02
  1.2273977e-03
 -1.7985664e-02
  4.1009437e-02
  5.2477359e-03
  4.4764769e-03
  2.4300709e-02
 -3.2907262e-02
 -2.1863542e-02
  1.8398212e-02
  2.3556001e-02
  3.8715169e-02
  1.3272482e-03
 -7.1566112e-02
 -5.7565812e-03
 -1.0333626e-01
  5.4255441e-02
  2.4372099e-02
 -1.3651869e-02
  7.2514969e-03
  2.1573691e-01
  6.9941953e-03
 -3.4595229e-02
  6.5825586e-03
  2.9815111e-02
  1.2676634e-02
  3.8422234e-02
  2.9695975e-02
 -7.7139713e-02
  3.2189885e-01
 -7.7870041e-02
  2.1871472e-02
  2.1678943e-02
 -1.6355190e-02
 -5.4212939e-04
 -3.7988234e-02
 -1.1884110e-01
  5.0804429e-02
 -1.5586642e-02
 -4.2130277e-02
 -2.6888728e-02
 -7.8907207e-02
  1.1359122e-02
  1.1601141e-02
 -2.4254201e-02
 -2.5857713e-02
  5.4804063e-01
  4.1246889e-03
 -1.8651648e+00
 -3.9389196e-01
 -2.9551657e-02
 -3.4795787e-02
 -5.3179506e-02
 -3.2568533e-02
  1.4322520e-02
 -3.7863530e-02
  5.1835943e-03
 -5.2345123e-02
  1.6371278e-02
  4.9265018e-03
 -8.5978750e-03
 -2.0732678e-02
 -2.3187730e-02
 -7.6381559e-03
  3.0992815e-02
  2.6492305e-02
 -1.3363281e-01
 -1.2339049e-02
 -1.3796268e-02
  5.2128177e-02
  8.1732917e-01
 -1.3109040e-02
  2.2409700e-02
  1.5370600e-02
  1.8181007e-02
  9.8238979e-03
 -4.6163224e-02
 -1.0175198e-02
  8.5636461e-03
  3.9211726e-03
  4.4614207e-03
 -4.2967051e-03
  8.2366560e-03
 -1.9724697e-02
 -8.1996605e-02
  1.0593678e-01
 -4.1576616e-02
 -5.5574393e-03
  3.4674726e-02
  1.2947332e-02
  7.5737953e-02
  1.5971202e-02
 -1.4944255e-01
 -3.7940064e-01
  4.6967053e-01
 -4.1264582e-02
 -8.7288424e-02
 -4.1404158e-01
  2.0385230e-02
 -1.6726648e-03
  4.5710687e-02
  9.4740754e-03
 -7.7295884e-02
 -5.9610266e-02
  4.1279167e-02
  1.1544298e-02
 -1.5657056e-02
 -7.8777913e-03
 -1.3526472e-02
  4.2952523e-03
 -4.6902131e-03
 -7.0911655e-03
  8.8795394e-01
  7.2253394e-01
  5.2160598e-02
  1.5409896e-01
  3.2612681e-02
  1.9725287e-02
  4.3306932e-02
  1.3374220e-01
 -1.2256014e-01
  2.1974009e-02
 -8.5589916e-02
 -6.2036738e-03
  6.6318795e-02
  4.1745998e-02
  2.8736036e-02
  7.6293717e-03
 -5.9264287e-02
 -5.1304400e-03
 -3.9275377e-03
 -3.4083199e-02
 -3.8998697e-02
 -2.6279297e-01
 -7.2436363e-01
  4.9328852e-01
 -6.8695271e-01
 -9.8594350e-01
 -4.8960526e-02
 -2.7834544e-02
 -5.3367317e-01
  3.5417286e-01
 -2.6992915e-02
  1.7688725e-02
  1.3936722e-02
  5.7455044e-02
  4.2582799e-02
  9.5608324e-02
  9.3568690e-02
  5.8501107e-03
 -1.3410501e-02
 -4.0604061e-01
 -1.4971334e-01
  1.1782193e-01
 -1.2372301e-03
 -6.2860109e-02
 -3.3296075e-02
  3.1570200e-02
  3.4925781e-02
  2.0075801e-01
  2.0189893e-01
 -2.0633230e-01
  9.0986919e-01
 -1.0139336e-01
  5.1156227e-02
 -5.6141326e-03
  1.0671625e-02
 -3.3948982e-01
 -5.7652432e-02
 -4.6362156e-01
  4.5520822e-03
 -8.7063620e-04
 -1.3309684e-01
  1.0452100e-01
  3.2568693e-03
 -6.1310668e-02
  1.0407655e-03
 -2.3423353e-01
  4.7324554e-04
 -1.2684801e-02
  9.6865939e-03
 -1.0402478e-01
 -2.8631484e-02
 -1.5028397e-02
 -1.5063429e-02
  1.5628098e-01
 -1.1155379e-01
 -2.0271435e-01
  5.3099457e-02
 -3.2667346e-02
 -2.5712313e-02
 -3.4808248e-01
  1.1788283e-02
 -7.5160963e-03
 -4.4939842e-02
 -2.7282625e-03
 -3.0784341e-02
 -5.5325795e-03
 -8.0092344e-03
 -2.7952433e-02
 -1.8361434e-01
 -1.0605124e-02
  5.0209835e-02
  1.7945275e-02
  8.7473266e-02
  3.7671643e-01
  1.9538899e-01
  1.3753197e-01
 -5.8692122e-01
  8.8603795e-02
  7.0510894e-02
  1.1436421e-01
  6.3537377e-01
 -5.5710893e-02
 -1.0666797e-01
  7.2171837e-02
  7.7222763e-03
  9.6800076e-03
  7.3251709e-02
  7.8541040e-02
  1.5465795e-02
  1.5268999e-01
  9.1751724e-02
 -1.4926027e+00
 -1.2809165e+00
 -3.4719732e-01
  7.7852619e-01
 -2.1205949e-02
 -2.6039499e-01
  2.3417015e-01
 -1.2846573e-01
  9.1112955e-03
  1.0651630e-01
  2.2567348e-03
 -7.2622104e-03
  2.7729064e-02
  1.7275041e-01
  9.8309293e-02
 -5.3143311e-02
  9.0082563e-02
 -5.0960169e-03
  1.2795588e-01
  1.5998189e-01
 -5.8379501e-02
  1.9780266e-01
 -1.1680260e-01
  1.8195099e-01
  1.7192829e-02
  1.2624982e-01
  2.8283983e-01
 -2.8745938e-02
  2.1993086e-01
 -3.1468779e-02
  7.2573520e-02
  1.0224412e-01
  5.4572994e-01
  7.1982756e-02
 -6.7015206e-03
 -6.5564074e-02
 -3.9525507e-03
  3.8948571e-03
 -7.7482723e-02
 -4.9450370e-03
 -5.2717188e-03
  2.5376100e-02
  7.0408925e-02
 -1.3350625e-01
  4.5023084e-02
 -5.9658419e-02
 -5.9658691e-02
 -2.8619062e-02
 -7.1724124e-02
  2.4009801e-01
 -5.4027945e-02
  4.0885531e-03
  4.2109735e-02
 -4.7370430e-02
  3.3984389e-02
 -3.1878166e-03
  7.1088724e-02
 -1.0201065e-02
  3.4311004e-02
  4.2713976e-01
 -1.3144396e-02
  2.4393447e-02
  9.2809170e-02
  1.6582584e-01
 -6.8751508e-03
 -5.2051996e-03
 -3.0965898e-02
  5.4352213e-02
  5.4751780e-02
 -6.8358615e-02
 -7.1413111e-04
 -4.7157839e-02
  1.7915038e-02
  6.6736929e-02
  3.7152166e-03
  8.0328502e-02
 -1.0501535e-02
  7.0438802e-01
 -7.1350550e-03
  2.0116679e-02
  9.8683769e-03
 -1.5288100e-02
  4.2042714e-03
 -3.6402389e-02
 -3.3005807e-03
 -9.7528271e-02
  7.8908920e-02
 -9.4250405e-01
 -7.9269528e-01
 -2.1316633e+00
  8.2194108e-01
  1.7114395e-01
  3.7597445e-01
 -1.6953889e-01
  2.8970516e-01
 -3.0287135e-01
 -4.8648944e-01
  5.2868807e-01
 -6.8574470e-01
  1.6547402e+00
 -8.5871160e-01
  6.9423817e-02
 -2.1665330e-01
 -8.4390169e-01
 -5.1287279e-02
  6.3325161e-01
  1.2302281e+00
 -4.1489884e-01
 -1.0370175e+00
 -5.9769136e-01
 -3.1302673e-01
 -1.1145736e+00
  2.8845525e-01
  4.1943130e-01
 -6.7264700e-01
  1.2331240e+00
 -7.8254037e-02
 -1.0294774e+00
 -1.4727526e-02
  6.1118954e-01
 -5.4413861e-01
  1.1382882e-01
  8.8597529e-02
  7.5923964e-02
  1.2200470e-01
 -1.9352376e-03
  1.5443432e-01
 -3.9602157e-02
  2.1717992e-01
  4.6548210e-03
 -1.5626061e-01
  5.9427541e-01
  3.7873870e-01
 -9.0959072e-02
  2.4006257e-02
  1.7855391e-01
  2.1240071e-03
 -1.5193924e-01
  2.0061716e-02
 -2.2790220e-01
  4.2822035e-03
  5.6308310e-02
  8.6633228e-02
 -3.4409866e-01
  4.3905275e-03
  9.4177559e-02
  7.3344551e-02
 -1.2770625e-02
  4.0389985e-01
  1.2417572e-02
  4.3805216e-02
  6.6746250e-02
  1.3970982e+00
 -4.5508213e-02
 -1.2285523e-01
 -3.9350054e-01
  3.0579381e-02
 -4.2801894e-02
  1.2368330e-01
  4.1768625e-01
 -3.3966068e-02
 -2.6089154e-02
  7.4857056e-02
  1.8379850e-02
 -1.4883479e-01
  6.7217238e-02
  7.1302518e-02
  8.4194623e-02
  1.0528779e+00
 -3.0925035e-02
 -2.2418167e-01
 -1.7892007e-02
 -3.6206523e-01
 -1.7454621e-01
 -1.1575595e-01
 -8.1232950e-02
  5.3232973e-03
 -5.1815510e-01
  2.7906597e-02
 -6.7046937e-03
  3.1058279e-01
  9.8679915e-02
  8.8068157e-02
  1.3112961e+00
  3.4678612e-02
 -2.4986502e-03
  1.2687927e-01
  1.4811262e-01
  2.7187204e-01
 -1.6899739e-01
  7.6068416e-02
  2.8970310e-01
  7.0726876e-03
  8.9823313e-02
  1.5799509e-02
 -4.3712631e-02
  7.3372689e-03
  6.6161111e-02
  3.4856310e-01
 -1.1614397e-02
  7.2821103e-02
  1.9987956e-02
 -3.9027799e-02
  1.5128166e-02
  1.3559414e-03
  9.3423307e-02
 -1.8532194e-02
 -1.2132473e-02
  5.9397586e-02
 -1.1958569e-02
 -4.4299666e-02
  2.9899627e-02
 -5.8954198e-02
 -2.5695695e-02
  1.6260376e-02
  3.0840717e-02
  3.2232817e-02
 -4.0574223e-03
  7.4902169e-02
  1.8004265e-02
 -2.3003742e-02
  2.8749917e-02
 -2.8261267e-02
 -4.3969639e-02
  2.7044952e-02
  4.5633644e-02
 -1.2268899e-03
  1.3129395e-03
 -8.3065882e-02
  4.6292266e-01
  9.3298413e-02
 -4.8853462e-03
 -1.2957831e-03
 -2.2780998e-03
 -2.2997998e-04
  7.5447634e-02
  5.5632912e-02
 -1.0731998e-01
  3.2894384e-02
 -4.9173098e-02
 -1.4930232e-03
 -7.4708879e-02
 -1.2937917e-01
 -5.0146446e-02
  2.6820633e-03
 -1.3979565e-02
 -2.1527724e-01
 -6.6308640e-03
  1.0882632e-01
 -1.8796522e-02
  1.8706411e-02
 -7.7781361e-03
  9.7094793e-03
 -1.3270806e-02
 -2.1130130e-01
 -4.6445604e-02
  1.6040977e-02
 -1.9089881e-02
 -6.6185787e-02
 -8.5681759e-02
  7.2676897e-02
 -3.0440800e-03
 -2.4185698e-02
  2.7021876e-02
 -1.6722307e+00
 -6.8097103e-01
  6.8711048e-01
  2.2519386e-01
 -1.5701030e+00
 -5.7136303e-01
 -1.4340679e-01
 -1.5504813e-01
 -5.4224044e-01
 -3.9484300e-02
  1.4044443e-02
  7.9306260e-02
  7.7628978e-02
 -8.2158133e-02
 -1.6930696e-02
 -3.6356978e-02
 -1.0516962e-01
 -5.9755601e-02
 -4.4320676e-01
  1.1502829e+00
  6.8354726e-01
 -6.1625570e-01
  1.3847250e-02
  1.9671180e+00
  4.0208176e-01
  6.2712300e-01
  1.9596365e-01
  4.0600416e-01
 -2.4606077e-02
 -1.8531686e-02
  3.6771899e-01
  1.7371772e-02
  2.1337274e-02
 -7.7637695e-02
 -8.2747929e-02
  4.4297222e-02
 -6.9428250e-02
  4.6156965e-02
  1.6380422e-02
 -2.1169585e-01
  2.3352282e-02
  6.1635128e-03
 -3.4325949e-03
 -1.6387377e-02
  1.9845763e-02
 -5.8115855e-02
  2.9028017e-02
 -5.8330078e-02
 -2.2753065e-02
 -1.2822258e-01
  4.7019031e-02
 -9.4924094e-03
 -1.3086648e-01
 -6.7142979e-03
 -6.9208756e-02
 -3.5361061e-03
 -7.0753926e-03
  7.7732861e-02
 -9.9035455e-03
 -1.9548625e-02
 -4.7382411e-02
 -1.1669666e-01
 -4.9062926e-02
  2.2658192e-02
 -1.4042972e-02
  1.1824461e-02
 -3.8592894e-02
 -1.5811184e-01
  4.4248872e-02
 -1.3709716e-02
  9.5976321e-03
  4.0662482e-02
 -7.4594282e-02
  1.0046090e-01
 -1.7428759e-02
  5.6598403e-02
 -2.8848207e-01
 -5.2772366e-02
 -2.5289948e-03
  6.5575413e-02
 -3.7577838e-02
 -7.7013031e-02
  1.5338898e-02
  1.3981871e-02
 -9.3216524e-03
  1.8076155e-02
  2.8370315e-01
 -4.6887589e-01
 -4.1595388e-02
 -8.0138490e-02
 -1.2518762e-01
  1.5441793e-02
  3.0767402e-02
  3.0843765e-01
  3.1810306e-02
  8.4152237e-02
  3.6264449e-02
 -7.7790613e-03
 -5.1444177e-02
 -1.4246617e-01
  4.1075964e-03
  1.1125313e-02
  8.6295092e-03
 -1.8143946e-02
 -1.0228881e-02
 -1.7597392e-02
 -9.2580644e-03
 -1.3317945e-02
  5.1601902e-02
  8.1615048e-03
  1.8042026e-02
 -1.0886507e-02
 -1.8418042e-02
  6.0853984e-02
  7.4515142e-02
  6.5337042e-03
  2.0035375e-02
  5.9366915e-03
  2.3516055e-02
 -2.6692260e-02
  1.8957835e-02
 -1.3989823e-01
 -2.6192332e-02
 -5.4622725e-02
  4.4759087e-02
  1.0526106e-03
  2.9856330e-02
 -4.0295050e-03
  5.6605954e-03
 -3.7733857e-02
 -5.0302409e-03
  1.3405045e-02
  6.8703279e-02
 -2.7013520e-02
 -1.2002978e-01
  4.7752266e-03
  4.1977352e-01
  7.6918617e-02
  2.9830101e-03
  1.5748130e-02
 -1.3647383e-01
  3.0343618e-02
 -1.4571264e-02
  3.7994049e-02
 -5.9927139e-02
  1.6373327e-02
 -2.1456664e-02
  4.1911300e-02
  4.0475443e-02
 -9.4092168e-02
  5.6698479e-02
  1.5734280e-02
  4.2214328e-03
 -6.2062737e-02
 -4.6983487e-03
  5.4658815e-02
 -2.7157199e-02
 -1.4730705e-01
 -1.4735989e-02
  3.0251473e-02
 -9.6253239e-02
  1.1263057e-03
  2.6799310e-02
 -5.8427960e-02
  5.2937612e-02
  5.6050741e-03
 -4.3457214e-02
  9.1868423e-02
  1.3875101e-02
  9.6880505e-03
 -4.3647676e-03
  1.2854232e-02
  2.2044621e-02
  6.7973040e-02
  1.7075859e-01
 -7.9518843e-01
 -9.7577661e-02
  9.9442927e-03
 -5.9659533e-02
  9.7534331e-03
 -4.1206485e-01
 -6.3384205e-02
  1.6573249e-01
 -1.4186935e-03
  7.9101928e-02
  1.7848074e-02
 -4.7221042e-02
 -1.1341757e-03
  2.4697155e-02
 -5.2736909e-04
  1.9246037e-01
  1.7303439e-02
 -8.1742518e-02
  1.0556203e-01
  1.4084961e-02
 -6.5640612e-03
  6.2767789e-02
  1.7165301e-02
  1.5761917e-02
 -4.7935188e-01
 -2.4993025e-01
 -1.0968510e-02
  9.7065635e-02
  3.9689042e-02
  1.5798818e-02
  1.4876743e-01
  4.6873040e-02
 -1.5529478e-02
 -6.8198510e-02
 -4.0673457e-02
  4.6537444e-02
  2.0785980e-02
 -8.7151609e-02
 -2.9549802e-02
  3.2563362e-02
 -8.3124386e-03
  2.4158350e-01
 -5.1977284e-02
 -1.7153283e+00
  6.9048338e-02
  4.9670666e-01
  3.0575696e-01
 -3.9047319e-01
  9.8284894e-01
 -1.8063697e-01
 -2.6225054e-01
 -7.4157578e-01
 -6.2347311e-03
  1.6020897e-01
  1.0670556e-02
  5.2524921e-02
  2.9340580e-01
  1.1969139e-03
 -1.8700340e-01
 -3.2786348e-01
  1.5008926e-01
  5.4792869e-03
  2.2726898e-01
  5.7338738e-01
  6.3583511e-01
  8.5160851e-02
  4.8137298e-01
 -9.8792337e-02
 -3.1942120e-01
 -5.0978881e-01
  6.2211558e-02
 -7.7168941e-01
 -1.0481774e-01
  4.8421420e-02
 -8.4971497e-03
 -8.4760621e-02
 -5.3586457e-03
 -2.4310099e-02
 -5.2469697e-02
 -4.5761974e-03
 -1.8972509e-02
 -5.7596520e-02
  3.6793698e-02
 -3.8305495e-02
 -5.3690288e-02
  8.7387010e-02
  2.7474621e-02
  3.8866397e-02
 -2.2269538e-02
  1.0108928e-01
 -7.9924334e-03
 -1.5421629e-01
  2.1561662e-02
 -1.5991868e-01
  5.3424537e-03
  4.6899734e+00
 -7.3606446e-02
  6.6910535e-02
 -3.2672949e-02
  3.5275102e-02
 -9.4633184e-02
 -1.5512191e-02
  7.6584801e-02
  2.4718536e-02
  7.3550649e-02
  1.9644603e-02
 -1.0951705e-02
  5.1871366e-03
 -2.1698823e-02
 -4.1356152e-03
  4.4592317e-02
  5.2387655e-01
  8.6131096e-02
 -2.1847107e-02
  4.5327503e-02
  8.0782380e-03
  1.3258697e-02
  2.6762402e-01
 -2.4441548e-02
 -1.7643167e-02
 -2.3016140e-02
  4.6943601e-02
 -3.0721348e-02
 -1.2177988e-02
 -2.0945612e-02
  2.5334705e-02
  1.2760533e-02
  8.1510209e-02
 -1.8412758e-02
  6.3030124e-02
 -8.2171336e-03
  2.1384187e-01
  6.1342478e-01
 -7.6730949e-01
  8.6218172e-01
 -5.5367555e-02
  1.6366640e-02
 -6.0077786e-01
  1.1341218e+00
  5.6480837e-01
 -3.3138385e-03
 -1.1218910e-02
  2.7439008e-02
  6.4966641e-02
  3.0275322e-02
 -4.9990360e-03
  1.4083209e-03
  8.8750675e-02
  1.9076118e-02
  1.1323480e-01
 -1.1897391e-02
  1.3648152e-01
 -6.0422566e-02
 -6.9620162e-02
  2.2831178e-01
 -8.3525904e-02
 -4.0536851e-02
 -2.6699744e-02
  2.0208035e-02
 -1.4045095e-01
  2.0875257e-02
 -1.4775707e-01
 -4.5667766e-03
 -1.9986240e-02
 -1.1580291e-02
  4.5499295e-02
 -1.3162482e-02
 -3.8576931e-02
  1.1522689e-01
  4.7639355e-02
 -4.1526924e-03
 -3.2102231e-02
  4.6765529e-02
 -6.1944552e-02
 -3.7117735e-02
  3.8046479e-02
 -6.0397997e-02
 -7.3189162e-02
 -2.8545266e-01
 -6.3203357e-02
 -1.5851356e-01
 -3.9686039e-01
  6.2786401e-03
  5.1782925e-02
 -1.7399244e-01
 -2.2457985e-02
  3.5361897e-02
  7.5764270e-03
 -2.2762295e-02
 -7.4254259e-02
  9.1523580e-02
  1.1846287e-02
 -1.9118495e-01
 -3.8100924e-02
  3.6188915e-02
 -3.3291508e-02
 -4.1541100e-02
 -7.3507763e-02
  2.6679596e-02
 -4.1180395e-02
  3.8669325e-02
  3.4252126e-03
  2.5019002e-01
  2.0412388e-01
  3.5523088e-03
 -1.0846998e-01
  6.3271988e-03
 -2.2318326e-02
  6.4608499e-02
  1.5181981e-01
 -2.1477821e-03
  8.5648946e-02
 -2.2401020e-02
  3.2438092e-02
 -6.1985366e-03
  3.0419482e-03
 -2.7741116e-02
 -2.4892367e-02
  3.1595662e-02
  8.1487093e-03
 -2.1147793e-02
  1.1802753e-02
  1.2022626e-01
 -2.1852830e-02
  9.2510387e-02
  7.6964153e-03
  2.9405378e-02
  7.1263373e-02
  4.9273901e-02
 -6.8389982e-02
  1.7649978e-02
 -3.6663078e-02
  3.3217035e-02
  2.4441103e-02
 -4.3651033e-02
 -1.4462384e-02
  7.4797580e-03
  1.8417999e-01
  4.0136568e-02
  8.5738063e-02
  2.5868351e-02
  6.1568636e-02
 -3.9116256e-02
  5.9476845e-02
  2.3871174e-02
  6.2291276e-02
 -1.8395543e-02
  7.8860305e-02
 -5.3877279e-04
 -1.1911283e-02
  3.0167946e-03
  3.9088730e-02
  6.4691314e-03
 -1.1907892e-02
 -4.5587346e-02
 -4.7569387e-03
 -2.2517167e-02
 -3.2537375e-03
  4.5710966e-02
 -5.8825664e-02
 -2.7122941e-02
  9.1976114e-03
  4.2945296e-02
 -7.1187161e-02
  2.3624183e-01
 -1.7584976e-02
 -1.5189063e-02
  1.5877774e-02
 -4.5281655e-01
 -7.2675014e-01
 -9.3720978e-01
  3.2876149e-01
  5.8315368e-03
 -7.0710937e-03
 -2.0597648e-02
  4.4983033e-02
 -6.3219746e-03
  5.7277970e-02
  4.7849216e-02
 -1.1780768e-03
 -1.5787317e-01
  5.2663954e-03
 -5.7601567e-02
 -3.8577121e-02
  1.0598651e-01
 -1.0601053e-01
 -1.4839273e-02
 -1.1335078e-01
 -8.7402299e-02
 -2.8075624e-01
 -2.4971387e-01
 -1.7339170e-01
 -1.3331686e-01
 -6.3386731e-02
  3.1859796e-02
  1.0021306e-02
 -1.0765782e-02
  2.0261070e-02
 -8.3184004e-02
  5.8132030e-02
  4.9438086e-01
 -2.2176104e-03
 -2.5300953e-01
 -8.5661411e-02
  6.2164381e-02
 -7.1897805e-02
 -1.7025825e-03
 -2.1135187e-01
 -6.0172367e-01
 -6.4664143e-01
  1.2916437e-01
  7.2511804e-01
 -1.8928374e-01
  7.1699780e-01
  1.3263065e-01
 -2.0347227e-01
 -3.3953086e-02
  5.5512749e-02
  8.1137335e-03
 -4.9796205e-02
  1.1044885e-01
 -1.2408169e-03
 -1.7480385e-02
 -4.2428415e-02
  7.4681658e-03
 -1.0223427e-02
 -3.1887519e-01
 -1.5024998e-02
  1.1874784e-02
 -9.7769788e-03
 -2.6560564e-02
  3.3793283e-01
 -7.6619405e-03
  4.1761331e-02
  1.8249691e-01
 -5.3834248e-02
 -4.0846627e-02
  6.6686841e-03
  1.1880892e-02
  3.3394780e-02
  7.4868475e-04
 -5.0823968e-02
 -4.0657565e-02
 -2.9894626e-02
  3.6920956e-04
 -2.4762306e-02
  8.0815637e-03
  1.1200568e-01
  1.9576131e-01
  3.6580097e-02
  2.3130193e-02
  2.7396308e-02
 -4.5889184e-02
 -1.5911806e-02
  6.5430798e-02
 -3.5120615e-01
 -1.4635836e+00
  4.4963866e-02
  1.9763559e-01
 -1.4233474e-01
  2.1734025e-02
  7.8730807e-02
 -4.6793584e-02
 -2.0508602e-02
  2.4671195e-02
  3.4573026e-02
  1.9745212e-02
 -3.1714883e-02
  4.8441999e-03
  7.1029477e-02
 -5.0717674e-02
 -6.2217135e-02
  1.8038956e-02
  3.8226927e-04
 -2.8033054e-02
  9.0981778e-03
 -2.6530255e-02
  7.1014032e-02
  9.7656831e-02
  1.6948787e-02
 -1.9783344e-02
  4.1065568e-01
 -3.2754689e-02
  3.2430338e-03
 -3.8222622e-02
 -4.0056068e-02
 -1.0717566e-01
  9.7101252e-04
  2.7350662e-02
  4.1452147e-02
  2.2267915e-02
 -5.5230275e-02
 -9.5087260e-02
 -5.7512797e-02
 -9.3179055e-02
 -3.1540111e-01
  7.7113003e-01
 -2.0282753e-01
 -1.6342234e-02
  2.0541295e-02
 -1.3112954e-02
  8.8883489e-03
  1.4724132e-02
 -1.6112583e-02
 -2.4292716e-01
 -4.9917642e-02
  1.4916090e-02
 -1.9290835e-02
  1.1705469e-02
 -1.2766891e-02
 -3.1489044e-02
  5.5486839e-02
 -7.8760602e-02
 -8.6374171e-02
  2.6197467e-02
  8.5337292e-03
 -1.9568160e-02
 -1.5029868e-01
  5.6333382e-02
  1.3977472e-02
 -4.4737309e-01
  1.9827473e-01
 -4.8187084e-02
  5.9303185e-03
  7.8491524e-02
 -4.0138084e-03
  2.6213105e-03
  3.0640347e-03
 -6.6344878e-03
 -9.6049989e-03
  7.2273444e-03
  7.1059495e-02
  2.3510503e-03
  6.5845842e-03
  7.1635507e-02
 -3.3599932e-02
  4.6629477e-02
  5.0903998e-02
 -2.1663699e-02
  6.6300875e-01
 -6.7957222e-01
 -6.6481143e-01
 -9.0880740e-01
  1.0518750e+00
 -1.4038211e-01
 -6.4491562e-04
 -1.6668620e+00
 -1.0926132e+00
 -6.4707942e-02
  6.9441661e-02
  1.8771753e-02
  1.8858057e-01
  5.2358180e-01
  9.7251363e-02
  2.2001853e-03
 -1.0397563e-01
  1.0488128e-02
  1.9958699e-01
 -1.7122428e-01
 -3.0711102e-03
 -7.0817512e-01
 -2.1948048e-01
 -1.4865248e-01
 -2.8125403e-02
 -3.7287518e-01
  2.0048411e-01
 -4.5727322e-01
 -5.5758171e-03
  3.0559295e-01
 -6.9303975e-02
  7.3326066e-02
 -1.2577429e-01
 -2.5105900e-01
  3.4665946e-02
 -2.6390892e-01
 -2.0621894e-01
 -5.1648864e-03
  1.3551950e-02
  5.9746027e-02
 -8.2492933e-02
  1.0593727e-02
 -1.7805156e-01
  2.0240670e-02
  3.4224987e-04
  2.7562970e-01
  2.5640618e-02
 -3.0832750e-01
 -3.7221316e-01
  1.7122507e-01
  1.8003498e+00
  4.6595992e-03
 -1.9108024e+00
  1.2117869e-01
  7.1957290e-01
 -6.4718232e-02
 -4.3467335e-02
  1.0381577e-01
  1.8290832e-03
  2.1593364e-01
  3.2961082e-02
  1.7604157e-01
  1.3730873e-02
 -2.2393607e-02
  3.6294132e-02
  5.8683690e-02
 -3.8368416e-01
 -3.6713574e-02
 -4.3745913e-02
 -8.3677918e-02
  1.3164943e-02
 -1.1158916e-01
  3.0638015e-01
 -3.0384805e-02
  3.3798680e-02
  7.5719166e-01
 -7.1623862e-02
  2.0290101e-01
  1.7361300e-02
  2.3761630e-01
  1.5943687e-02
 -5.4359275e-01
 -8.8665611e-01
 -8.7728668e-03
 -4.9768698e-01
 -2.2887178e-01
 -7.6238245e-02
  7.1193203e-02
  1.0347951e-01
 -8.7964401e-02
  3.8747489e-01
 -1.0760007e-03
  1.3526402e-01
  2.6738951e-02
  4.0177237e-02
  7.6309830e-01
  1.9067051e-02
  2.5327409e-02
 -3.6609992e-01
 -4.8919672e-01
  3.8304362e-01
 -3.9075434e-01
  2.5725612e-01
 -4.1419384e-01
  9.2297119e-01
  4.9592051e-01
 -1.3144535e-01
 -4.4544138e-02
 -5.9514854e-02
  1.7269015e-02
  3.2737069e-02
 -4.0168837e-01
  9.4725266e-02
  3.4629818e-02
  4.4210080e-02
 -8.3906829e-02
  8.8413693e-02
 -6.5396082e-01
  2.3780338e-02
 -7.4156564e-01
 -1.8203582e-01
  7.2305971e-01
 -1.3512647e-01
 -4.9884748e-01
  8.5182786e-02
 -3.0791080e-01
  3.5689819e-01
  2.2073308e-01
  2.6056305e-02
  2.6122084e-01
 -6.1952334e-02
 -2.0106821e-01
  2.0074981e-01
  1.0436614e-01
 -1.6389041e+00
  1.7178990e-01
  9.8791623e-01
 -1.1334857e-01
  3.4735028e-02
  8.7401193e-01
 -7.6170695e-01
  7.5793393e-02
 -2.8706193e-01
  3.5802433e-01
  6.4215548e-02
 -1.8051099e-02
 -1.2211740e-02
  3.5635073e-02
 -2.9296845e-02
  2.2051590e-02
 -2.7531788e-03
 -2.4768243e-02
 -3.3871461e-02
  4.1123629e-02
 -4.1304089e-02
  3.6281157e-02
 -2.7245177e-02
 -2.5229432e-02
 -1.7686698e-01
  1.3963129e-01
  1.2705142e-02
  1.2038222e-01
  5.9495632e-02
  1.3244214e-02
 -1.0755513e-02
 -1.9645164e-02
 -2.5426904e-02
  1.9901790e-02
  5.1648337e-03
  7.7535436e-03
  1.1542033e-02
  7.5493395e-02
 -1.3650076e-01
 -6.1635129e-02
 -5.5907227e-02
  2.4840368e-02
  5.9532290e-03
 -6.1358858e-02
 -1.9197147e-02
  2.8036298e-02
 -2.9381143e-02
  3.1671450e-02
 -5.3956214e-02
  8.4430173e-02
 -9.7006084e-03
 -1.4561761e-02
  9.4066039e-03
  1.0436340e-01
  7.9996899e-02
 -1.5757688e+00
  2.8012937e-01
  2.2507612e-02
 -1.3685650e-02
 -2.8039534e-02
  1.9736551e-01
  3.9749393e-01
  4.8516788e-02
 -2.9099789e-02
  5.0683405e-02
 -1.3219270e-01
  1.1939308e-01
 -3.3876080e-02
 -4.7009909e-03
  5.9892736e-02
 -1.5298356e-01
  1.0058744e-02
  3.5763182e-02
 -3.9756570e-02
 -6.7384779e-02
 -4.9687997e-02
 -2.8685331e-01
 -2.2719628e-03
 -1.0366281e-02
  4.7619743e-03
 -1.6681518e-02
 -7.8013867e-02
 -1.3119349e-02
  9.2303872e-02
 -2.1180462e-02
  5.1008999e-02
  8.8076420e-02
 -2.1261454e-02
  1.9573949e-02
  1.6853515e-02
 -2.2957692e-02
 -2.5756240e-02
 -6.4053483e-02
  3.9849281e-02
 -4.1221846e-03
  4.1831248e-03
 -8.0408014e-02
  9.0486780e-03
 -2.0598860e-02
 -5.3243168e-02
  9.4034947e-02
  8.9731023e-02
 -3.2066000e-03
  9.6447118e-02
  2.4244379e-02
 -2.5506246e-01
 -2.7212560e-01
  6.4284965e-02
 -1.2066685e-02
  6.6125140e-02
 -1.4641720e-03
 -7.9080006e-03
  1.8013820e-02
  5.5660971e-02
  4.6907865e-02
 -8.8035099e-02
  3.0810243e-02
  2.8168445e-02
 -7.5220451e-02
 -1.1792900e-01
 -6.1188787e-02
 -5.3184871e-02
 -1.3002545e-02
 -3.4072280e-02
  3.7424356e-02
  3.8293108e-02
  8.6223163e-02
  3.0581480e-02
  1.6453376e-03
 -5.0904965e-03
  1.8975027e-02
 -1.6272444e-02
 -1.5843092e+00
 -8.1745917e-03
 -2.9213760e-02
  1.0563578e-03
  8.5393470e-03
  7.9442505e-03
 -1.0970582e-01
  1.5434067e-01
 -8.6904345e-03
 -2.2738783e-02
 -1.6339364e-02
 -4.1869044e-02
 -6.4245135e-02
  2.3982786e-02
  2.8194617e-02
  1.4293321e-02
  5.7877667e-02
  2.2471951e-01
  2.7076975e-02
  5.1495455e-02
  3.0806813e-01
 -1.3896041e-01
 -5.6157611e-02
 -5.1463433e-02
 -9.8337037e-03
  4.1626237e-02
 -3.4603160e-02
 -2.1219429e-02
 -1.9251021e-02
  1.8166855e-02
  7.6101772e-02
  1.7287690e-02
  1.6682493e-03
 -7.0795096e-02
 -5.6847259e-02
  4.2468658e-01
  4.0808935e-02
 -1.5745975e-02
  2.7309770e-03
 -2.0660371e-02
  2.0531800e-02
  2.2081740e-02
 -2.8835023e-02
  5.8624223e-02
 -7.0843212e-02
 -1.8979598e-02
  1.0002950e-01
  9.3643695e-02
 -1.2815826e-01
  1.1937745e-02
  1.3888318e-02
  1.5449746e-01
  3.4444150e-02
 -5.2650115e-03
 -8.1372511e-04
  4.4493192e-01
  3.1261409e-03
 -5.3625840e-01
  6.2746191e-01
  1.7698431e-01
 -4.5404571e-01
  7.4798189e-02
 -5.4518872e-01
 -2.0952744e-03
 -1.1213202e-01
 -4.5364774e-03
 -3.5118464e-01
  2.6892496e-02
 -5.7959044e-01
 -2.9342982e-01
  3.9572430e-01
  4.0580615e-01
  2.6697782e-01
 -2.2705171e-01
  7.1288884e-02
  5.4234480e-03
  4.5444497e-01
  2.6929569e-03
 -3.0364737e-02
 -2.5531289e-01
  5.2964640e-01
  2.9249784e-01
  1.5795406e-02
  8.5917428e-02
  1.5610305e-02
 -1.3442272e-01
 -1.7878738e-01
  2.1058159e-02
  8.8501766e-02
 -3.0957036e-02
  2.4170935e-01
  6.3085109e-02
 -4.4680759e-02
 -1.0430948e-01
  7.9538571e-03
 -1.9327457e-01
  7.6090624e-03
  1.0460594e-01
  4.0789671e-02
 -4.5683179e-02
 -2.1085473e-02
 -5.5788487e-02
 -8.4611056e-03
 -4.8901744e-02
 -1.0988775e-02
  4.7305389e-03
 -2.7692257e-03
  2.0706348e-02
  4.4961255e-02
 -4.0679585e-02
  9.8587072e-01
 -4.8784830e-02
 -2.9695693e-02
 -5.0712228e-02
  1.3322287e-02
  8.1340419e-03
  6.5363050e-02
  3.0384356e-02
 -1.8401600e-02
  1.0703214e-01
  6.1990939e-02
  2.5128614e-02
 -6.1870627e-02
  1.3561261e-02
  6.2842943e-02
 -1.1260007e-03
  8.8523664e-03
  3.0740656e-02
  1.4549680e-01
 -2.3237487e-02
 -4.5644257e-02
  1.0748664e-02
  1.7116938e-02
 -1.4809296e-03
 -8.4102489e-02
  3.8333833e-02
  1.2188574e-02
 -9.7387452e-03
  3.7310548e-02
 -9.9038279e-01
 -1.6080595e-03
  7.7670452e-04
 -8.6279117e-02
  1.6739671e-01
 -5.9277153e-01
 -1.0295286e+00
  1.0622879e-01
  1.4916550e+00
  3.5305786e-01
  1.6931742e-02
  5.5275136e-01
  1.8474816e-01
  5.5917734e-03
  9.2648298e-02
  1.0442981e+00
 -1.1549982e-01
 -4.4951460e-01
  2.1168739e-01
  1.6126424e-01
  1.9183619e-01
  5.3269529e-01
  3.1475119e-02
  2.9261228e-01
  6.1745416e-02
 -1.7351311e-02
 -4.8455160e-02
 -2.5392890e-01
 -1.9424450e-02
  1.5571150e-01
  8.1140417e-01
  7.9801661e-01
  2.6294044e-03
 -9.7122230e-02
  3.1910935e-01
 -1.6466253e-01
  4.1985918e-02
 -3.1682814e-03
  4.5980033e-01
 -1.3800094e-01
  2.5415385e-01
  8.8652305e-02
 -2.6758825e-03
 -4.3048460e-02
 -3.5278246e-01
  4.1671660e-02
  1.7574063e-01
 -4.5222815e-02
 -2.5307499e-02
 -3.4887813e-02
  1.2207882e-02
  2.3198178e-01
 -2.3484486e-01
 -2.7751459e-03
  9.9249423e-02
 -5.4223172e-02
 -3.8914837e-02
  2.1158520e-03
 -2.4667606e-02
  4.8765529e-02
 -1.9242723e-02
 -1.1561624e-01
  4.5626238e-02
  2.5789820e-02
 -3.0217962e-02
 -4.5608068e-03
 -4.9529940e-02
 -9.2315190e-03
 -7.4870408e-02
  5.3547889e-02
 -8.8398196e-03
  6.3800849e-02
  6.8709232e-02
 -2.5922837e-02
  4.6454906e-02
 -1.2510760e-01
 -2.0251587e-01
  8.9564249e-02
 -9.1126692e-03
 -1.8104948e-02
  4.7984838e-02
 -1.4461627e-02
  3.8603514e-01
  2.8256834e-01
  1.8663635e-02
 -4.0656673e-03
  7.9229157e-03
 -1.0601554e-02
  5.4323319e-02
  5.2231178e-02
 -3.6252499e-02
  5.3884719e-02
 -3.5707697e-01
 -3.0343285e-01
  1.0692307e-01
  3.4553155e-02
 -3.1464466e-01
 -1.2912761e-01
 -4.6605620e-01
 -3.4963709e-01
  8.6370863e-02
 -4.3360521e-03
 -7.8594215e-02
  8.2675945e-03
 -3.6058463e-02
  3.0528718e-01
  5.2753322e-02
 -8.0772769e-04
 -1.8775342e-02
 -7.8037068e-02
 -4.6101626e-02
 -1.7875873e-02
 -1.3225314e-01
  1.7280754e-02
 -5.5296723e-02
 -5.1665705e-02
  4.6685629e-02
 -2.2329031e-01
 -5.5185150e-02
 -2.8457252e-02
 -3.7456469e-03
  1.0045576e-02
 -6.7652762e-03
 -7.2375961e-02
 -4.0997835e-03
 -1.2861260e-02
  3.1607360e-02
 -2.0656528e-01
 -2.5770845e-02
 -2.1723514e-02
  1.2557055e-01
  1.8249715e-02
  1.8055737e-04
 -2.4113561e-01
 -2.6066595e-01
  3.6528879e-01
 -1.1174513e-01
 -5.7760924e-01
 -4.0788507e-01
  6.0280806e-01
 -4.0401831e-01
 -6.5458971e-01
 -3.7305097e-03
 -9.6813381e-02
  1.3242465e-02
 -3.0449381e-02
  1.6213367e+00
 -6.9276661e-01
  4.0099770e-02
  2.8544211e-01
 -3.3049077e-02
  2.9828888e-01
  1.9768457e-01
 -3.0558070e-02
 -1.9500939e-02
 -2.4795972e-02
  5.3229616e-03
 -2.0809521e-01
 -7.6988280e-01
  2.3011306e-01
  4.3067032e-01
 -2.6982099e-01
  3.5840669e-01
 -6.9003946e-01
 -3.1639893e-02
  1.3625634e-02
  1.7923320e-02
 -2.5548491e-01
  1.2003713e+00
  3.1417341e-03
 -1.2671796e-02
 -4.2251032e-02
 -1.7245857e-02
 -1.3799365e-02
 -1.8921347e-01
  1.4933662e-02
 -2.9114384e-02
  1.3604066e-01
 -1.2900187e-02
 -2.1778917e-01
  2.7374947e-01
  1.2561534e-01
 -9.8626129e-03
 -3.3001557e-02
  2.5987765e-01
  1.1889929e-01
 -1.7839959e-02
  1.2106021e-01
  2.1090880e-02
 -2.3833532e-02
  2.2234824e-01
 -1.0986608e-01
 -1.0799429e-02
  8.7145314e-02
  1.8978830e-02
  2.4721922e-01
  1.1681420e-01
  1.1613061e-01
 -1.3543805e-01
 -3.3982091e-02
  1.3434054e-02
 -4.0122014e-03
 -5.3257380e-02
  3.4510408e-02
 -9.8917894e-02
  2.9241104e-02
  6.5950759e-02
  8.5595483e-04
  2.9471070e-02
  2.9278150e-02
 -3.3370938e-02
 -2.9688811e-02
  2.5286473e-02
 -2.0926171e-03
  1.5923949e-02
  3.3859599e-02
  6.1254855e-04
 -6.3295555e-03
 -3.9601799e-02
 -3.9442495e-02
 -2.6059553e-02
  5.8698632e-02
  8.6806647e-02
 -5.6597519e-01
 -2.7330646e-01
  9.3637466e-02
 -3.1467214e-01
 -9.6578628e-01
  4.7816453e-04
 -1.5896913e-02
  3.7367487e-01
  2.9499456e-01
  4.6339100e-03
 -7.6031372e-02
 -1.6556732e-02
  1.8503937e-01
 -3.3019537e-01
 -5.1619154e-01
 -3.7686042e-02
  1.1280698e-02
  2.1161487e-02
  1.1947487e-02
  1.3421445e-01
 -2.5614085e-02
  2.8522206e-02
  2.3133826e-01
  4.3850315e-01
 -2.6937991e-02
 -8.1754498e-02
 -7.9967208e-02
 -2.0646818e-01
  1.8252611e-02
 -2.2928635e-02
  3.4126882e-02
 -9.7722389e-02
  1.1485238e-01
  1.5502289e-02
 -1.1161125e-01
 -3.0652620e-04
 -4.5827158e-02
 -8.8623524e-02
 -5.5353031e-02
  3.9337631e-02
  1.4964125e-01
 -1.0424940e-02
 -1.9827304e-02
  2.6311589e-02
 -1.0644971e-01
 -1.2905647e-01
  2.2337271e-01
 -1.6917923e-04
  1.3860570e-02
  2.5522161e+00
 -2.6448199e-01
  6.4260684e-02
 -8.4695411e-01
  2.1368215e-02
 -7.2873645e-02
  8.9963004e-02
  2.7492067e-02
  7.1324103e-02
  1.1063391e+00
  1.6635570e-01
 -2.9889621e-02
  1.0424383e-01
  8.8132679e-01
 -4.2488001e-02
 -1.9511010e-02
 -2.1453440e-01
  1.2439670e-02
 -7.0520572e-02
 -4.0544486e-03
  1.2017542e-03
  3.5379466e-02
  1.6526284e-02
  1.0873487e-01
  1.8067479e-02
 -1.1657725e-01
 -2.7626349e-02
 -3.5214189e-02
 -8.9183897e-02
  3.6595542e-02
 -5.9210896e-02
 -1.5850313e-02
 -2.6015712e-02
  9.5989695e-03
 -5.3233579e-02
 -4.2226571e-03
 -1.5975565e-02
  9.9405190e-03
 -1.5317620e-02
  4.1647763e+00
 -5.7202166e-01
 -1.3943939e+00
 -1.0023963e+00
  1.0135825e-01
 -2.1871032e-01
 -1.3135231e-01
  3.7816784e-01
 -7.3747113e-02
 -1.9245733e-01
  2.5044754e-01
 -8.3593690e-01
 -2.9884364e-02
 -1.2022331e-03
 -3.4422902e-03
 -4.8988387e-02
 -2.2214881e-01
 -6.4653852e-03
 -1.5229821e-01
 -8.4841773e-02
 -3.1349339e-02
  2.1755655e-01
 -9.7557777e-01
 -4.4595242e-01
  2.6296286e-02
 -7.1583048e-02
 -3.1664786e-01
  1.6779639e-01
 -4.3620285e-02
 -1.1893854e-02
  4.8937015e-02
  1.1862015e-01
  9.4680555e-02
 -7.4196599e-02
  8.7478757e-03
  3.5286892e-02
 -1.0157625e-01
 -3.0066464e-02
 -2.2290230e-02
 -4.3162003e-02
 -4.7663663e-02
 -1.5926655e-02
 -9.2654955e-01
 -3.0319032e-01
  9.7480185e-02
  5.0736841e-02
 -7.9199746e-02
  4.8490163e-02
 -1.7129848e-02
 -1.4409332e-03
  2.2659060e-02
  3.3073835e-03
  1.5948892e-02
 -8.9791277e-03
  4.5793548e-02
 -4.4842558e-03
  1.2772851e-02
 -4.6787825e-03
  3.1524431e-04
 -1.2280499e+00
  8.6753899e-03
 -9.6359305e-02
  7.9598511e-03
 -2.0915769e-02
  3.5582062e-02
 -1.0612435e-01
 -5.9332293e-02
  1.4104207e-02
 -1.8512625e-02
  3.4568703e-01
 -9.0934388e-02
  3.3953823e-02
  4.4246793e-02
 -1.1556933e-01
  1.0259659e-04
 -1.4426114e-02
 -9.3820266e-02
 -1.2680608e-01
  1.1729873e-01
 -4.7746222e-02
 -3.4573860e-02
 -4.3921471e-02
 -3.0475846e-01
  1.2129109e-02
  8.9123905e-02
  1.8189345e-02
  5.7035130e-02
 -3.3648107e-02
  1.8243689e-02
 -7.9977237e-02
  2.0766845e-02
  1.7911665e-03
 -5.8400869e-02
 -6.6967192e-03
 -3.7770160e-02
  5.1942304e-02
 -1.4292733e-01
  6.9819130e-02
 -5.3758770e-02
 -5.7621719e-03
 -2.9154975e-02
 -4.7128722e-03
  2.3907423e-02
  5.0790954e-02
  1.3933393e-01
 -1.1263200e-01
 -8.4588630e-04
  5.2171595e-02
  7.1605933e-01
 -1.8964471e-01
 -3.6262598e-02
 -2.2689521e-02
  1.0193210e-02
  1.8580891e-02
 -8.4260911e-02
 -1.6355660e-02
  2.5935939e-03
 -2.5357269e-02
 -2.4801064e-02
 -1.4441732e-01
 -2.4069367e-02
 -1.0464448e-02
 -2.5396822e-02
 -3.6288023e-02
  2.5531810e-02
 -1.0718613e-01
  1.0275031e-02
  1.9283906e-01
 -4.4150535e-02
 -1.8154263e-02
  1.2562396e-02
 -4.4979796e-02
 -1.3033172e-02
 -3.1154137e-03
 -3.3235714e-02
  9.0847120e-02
 -5.6079105e-02
 -1.0298778e-02
  3.4431264e-02
 -3.5704570e-03
 -9.0031959e-03
  1.7384866e-02
 -6.3280221e-03
  1.1719677e-02
  3.4940042e-02
 -6.7039826e-03
  7.2613358e-02
 -1.6876705e-02
 -4.8104957e-02
 -3.8938213e-02
  2.2918370e-02
  4.0449038e-02
  9.5712267e-02
  2.0295972e-02
  8.7296972e-03
  3.8704917e-02
 -8.8561967e-02
  2.7947495e-02
  3.2768175e-02
  1.4060643e-05
  3.8529653e-03
 -3.9058153e-02
 -3.0614929e-03
 -1.6830390e-02
  4.0515959e-02
  1.3942381e-02
 -3.0704193e-02
 -1.5787303e-02
  1.1381023e-03
  2.5770452e-02
  1.3166000e-03
 -2.0471225e-03
  2.1037498e-02
  1.5735282e-03
 -5.9576584e-03
 -7.2329171e-02
 -2.6659665e-01
 -3.9250888e-02
  2.9428618e-02
  3.2471210e-01
 -2.1855210e-01
  3.8132794e-02
 -1.4918083e-01
  2.5722438e-01
  1.7964983e-01
  1.1069843e-02
  7.7421230e-01
 -6.4229430e-03
  1.4006093e-02
 -4.3180648e-02
  1.6026625e-02
 -9.9414773e-02
 -9.6159131e-04
  8.8017866e-02
 -4.4956419e-01
  3.7104651e-02
  1.1577471e-01
 -9.2501156e-03
 -1.3553973e-01
 -4.2541947e-02
 -3.2592706e-02
  6.0328443e-02
  2.4846485e-03
 -1.9784564e-01
  1.3843054e-02
 -7.2417408e-02
  5.0019052e-02
  3.2582823e-03
 -1.6019204e-01
 -1.3991734e-01
 -5.4181898e-03
  1.4063980e-01
 -1.2300327e-01
  5.0382870e-03
  2.9074617e-02
  4.6640109e-02
  1.9418092e-02
 -1.0757402e-02
 -4.7928195e-02
 -2.2217646e-01
 -5.3945329e-02
 -1.5276219e-01
 -1.3259480e-02
  3.8373981e-02
 -3.0439530e-02
 -2.3664363e-02
  1.2627535e-04
  3.7996131e-03
 -3.7844196e-02
 -1.7972272e-02
  4.2315595e-02
 -6.8313489e-03
  4.0013708e-02
 -1.1263081e-01
 -1.1169587e-01
  5.8865402e-02
  2.3900796e-02
  2.7859617e-02
  2.1583853e-02
 -1.3980526e-01
  3.5282362e-02
  2.7324598e-02
  2.1535374e-02
  3.6465097e-04
 -4.3887414e-02
  1.7459590e-02
  1.0441727e-02
  2.8029270e-03
  1.2541647e-01
  7.4999489e-02
 -5.9826333e-02
 -1.3333878e-02
  9.8739304e-02
  5.8924209e-02
 -3.8722094e-02
  9.0426750e-02
  9.0076942e-03
 -8.6859919e-02
  2.4292134e-02
 -3.3405412e-02
 -2.4902821e-02
  1.4495770e-02
  1.0401649e-02
 -5.1167835e-02
  8.3540216e-02
 -9.3099684e-02
  2.1758903e-02
 -1.1233415e-01
 -1.1050427e-01
 -5.6963071e-02
  8.7052271e-02
  1.7176308e-01
 -2.5738109e-02
  1.6947219e-02
 -3.3593118e-02
  6.8722539e-02
  1.3291149e-02
 -6.4630754e-02
 -1.5409610e-01
 -2.7159256e-01
 -3.3666834e-02
  1.7419400e-02
  1.2394366e-02
  3.7665591e-02
 -3.4257174e-02
 -2.9040022e-02
  3.1931952e-02
  1.8736817e-01
 -6.1202478e-02
  6.5577246e-02
  1.5421184e-02
 -2.9149732e-02
 -4.6393726e-02
  2.2360897e-02
  7.3361918e-02
  2.2297511e-02
  9.1366179e-02
 -6.7882322e-02
 -5.6323566e-02
  8.2015201e-02
  3.5571653e-02
  5.0663397e-02
 -1.2150052e-02
  1.7608222e-02
 -2.3067975e-02
  7.4891825e-03
 -1.3544513e-02
 -8.7167658e-02
  7.5239515e-01
  7.2439784e-01
 -3.8149193e-01
 -1.0519366e+00
 -1.4974435e-01
 -1.5942465e+00
  1.9787578e-01
 -1.0148388e+00
  1.7592702e+00
 -6.3388050e-02
  9.5804498e-02
 -1.6652583e-01
  2.1461758e-01
 -1.2792727e-01
 -4.9883123e-03
  6.4646892e-02
 -6.5699570e-02
 -1.8491158e-02
 -4.4098489e-02
 -5.1396299e-02
 -1.6932016e-02
  1.5377185e-01
 -2.1340092e-01
 -3.9332144e-02
 -1.0610838e-01
  1.7067543e-03
  2.1759100e-02
 -1.4794226e-01
  7.9563700e-02
  3.0121794e-02
  2.0213860e-01
 -2.2224307e-02
  1.2650409e-01
 -5.0766231e-03
  4.1266107e-03
  6.9228090e-02
  3.2299656e-02
 -3.3230741e-02
  6.1923522e-03
  1.4659035e-01
  7.4089333e-02
  1.8272037e-02
  4.2999826e-02
  2.2415925e-02
 -6.0284060e-01
  7.6946092e-01
 -2.9554012e-01
  1.3940384e-02
 -1.5189986e-01
  1.9355871e-02
  3.8271900e-02
  4.2443332e-01
  4.5815958e-03
 -2.0501463e-01
  5.1472623e-02
 -3.7464243e-01
  4.7333059e-01
 -5.6854373e-01
 -7.5336671e-01
  4.1631821e-01
  2.9503204e-02
 -4.0680206e-01
  1.5893949e-02
  6.8590097e-02
  8.9000203e-02
 -1.1691013e-01
  1.4124967e-02
  7.9279280e-01
 -1.5270124e-01
 -5.1837293e-03
  1.5035389e-02
 -6.5378350e-01
 -2.5662559e-01
  3.4037346e-01
 -3.6898014e-01
 -8.1001833e-02
  6.2248897e-02
  5.0882958e-02
 -5.3150733e-03
 -6.3445300e-02
  2.4603983e-02
 -9.3019038e-02
 -1.1264836e-01
  9.8583035e-02
  3.0465966e-02
  2.1781373e-01
 -5.0935529e-02
 -1.5681423e-03
 -5.0406605e-01
  6.4109173e-03
  1.3018769e-01
  2.1652989e-02
  1.6944046e-03
 -1.9790737e-02
 -1.0838998e-02
  1.6422255e-01
  2.2019781e-01
 -1.0031597e-01
  1.5866189e-01
  1.4461483e-02
  1.2884979e-01
 -4.5133151e-02
 -5.9976326e-03
  3.8436484e-02
 -1.4099568e-02
  2.8878782e-02
  1.3987294e-01
 -4.9209604e-03
  7.1845441e-03
  1.6207101e-02
 -4.5919236e-02
  4.2055067e-02
  4.1826423e-03
  5.4467719e-02
  7.5765193e-02
  8.8293582e-02
  2.0271545e-02
  3.8781397e-02
  4.5757268e-02
 -8.4890388e-02
 -5.4343358e-02
  1.6308408e-02
  6.9234394e-02
  4.8066117e-02
 -1.1962066e+00
 -2.2563787e-01
  9.2752114e-02
 -1.7916444e-03
 -1.9908894e-03
 -3.3653378e-02
  1.8247478e-02
  4.0388837e-02
  3.2443127e-01
  1.8838765e-01
 -1.0414957e-01
 -2.1080534e-01
 -2.8308868e-01
 -3.6528179e-01
  2.6856327e-01
  9.0921387e-02
  4.2444876e-01
  2.2649724e-02
 -5.9993613e-01
  3.8212308e-01
  1.1665299e-01
 -2.0774929e-01
 -2.6287290e-01
 -5.5426877e-02
 -5.1753610e-01
  1.6351087e-02
  1.5518250e-01
  2.0657544e-01
  1.4850688e-02
 -3.6319560e-01
  1.0893522e-01
  4.8232201e-01
 -3.6442456e-01
 -7.1577743e-02
  4.6294412e-01
 -8.8581568e-01
  4.4425394e-02
  1.9621581e-01
  3.3197767e-01
 -6.6827977e-01
 -1.6667418e-01
  1.1074300e-02
  1.1279149e-01
  1.1636953e-02
 -8.5221127e-02
 -1.8562591e-01
 -2.1986752e-03
  6.3625120e-02
  1.1447682e-02
  8.5389070e-02
 -6.9866739e-02
 -4.1428134e-01
  8.1246726e-02
 -2.0489921e-01
  9.8324740e-01
  4.0092748e-02
  9.2084330e-01
  1.1833838e-01
 -2.0519896e+00
  3.2257390e-01
 -5.4763937e-01
 -2.3345162e-01
  8.5683995e-01
  8.5944283e-01
 -1.0592486e+00
  1.5734496e+00
 -4.4652510e-01
 -6.4782792e-01
  7.4467093e-02
  5.5713975e-01
  1.4613444e-02
 -3.7043041e-01
 -3.1594615e-02
  4.9032295e-01
 -1.1315907e+00
 -6.7171174e-01
  3.9572388e-01
  1.2965275e+00
 -9.1215521e-03
  1.6670928e+00
  8.9659609e-02
 -1.8802427e+00
 -1.8833081e+00
  3.8037118e-01
  2.0105262e-01
  7.1747810e-01
  2.1680685e-02
  7.6591363e-03
  2.5207403e-01
  2.8787798e-01
  5.7763241e-02
 -2.1264423e-01
  7.9021128e-03
 -1.3933082e-01
  3.2450604e-01
  2.2150153e-01
  3.0555182e+00
  2.0142971e-02
 -6.4943004e-01
  1.0672512e+00
  1.5429546e-01
 -1.3947046e+00
 -1.3392619e+00
 -6.4759940e-01
 -8.2664162e-01
 -2.2531289e-01
 -7.7813892e-03
 -7.6966614e-01
 -8.4212184e-01
  4.4689465e-02
  1.0747342e+00
  5.7984197e-01
 -5.5272776e-01
  6.5494567e-01
 -1.2766850e+00
  4.0948305e-01
 -2.8571654e-02
  9.4312572e-01
 -7.3275375e-01
  1.1545382e-01
  1.5116419e-01
  1.5184925e-03
 -1.3170732e+00
  4.2138942e-02
  8.8507235e-01
  4.7634047e-02
  2.8440172e-02
  2.1551405e-01
  5.1490381e-02
  5.7837740e-04
 -2.1912787e-02
  1.9393389e-01
 -3.4462124e-02
 -4.6749730e-03
 -2.6238814e-01
  1.2247768e-02
  1.0051400e-01
  2.0168571e-01
 -5.0347947e-02
 -3.8498884e-01
 -1.1345916e-01
 -2.7345322e-02
  4.9062967e-02
 -1.3739262e-02
 -9.1373317e-02
 -1.8374063e-01
 -1.5181229e-03
 -3.7210431e-02
  2.3228256e-02
 -1.0856869e-01
 -2.6540272e-02
  6.8689608e-03
  1.4064930e-02
  3.2292522e-02
 -5.7047360e-02
  1.2633180e-02
  1.2585362e-02
  5.1061980e-02
  3.5807993e-02
  9.7218063e-04
  1.3517851e-02
  1.0874930e-02
  9.8110242e-03
  1.9564924e-01
  1.0489745e-01
  4.6936020e-02
 -4.5341250e-02
  1.3390064e-02
  6.4508328e-03
  4.9243558e-02
 -1.0634283e-01
 -2.3887474e-02
  4.3402337e-03
 -8.2290713e-03
 -9.9997558e-03
  8.1202593e-03
 -1.0590303e-02
 -1.5113774e-01
 -5.7358503e-02
  1.8365085e-02
  8.2663678e-02
  6.3697442e-02
  2.3990255e-02
 -2.3344728e-01
 -4.1045240e-01
 -1.1409702e-02
 -1.3304481e-01
 -2.6955587e-01
 -9.4869718e-02
 -2.8574190e-01
  1.0853235e-01
 -3.9915863e-01
  5.4796642e-01
 -1.3326058e-02
 -3.8699903e-02
  3.5955250e-02
  5.2679694e-01
 -1.5580560e-01
  1.3908801e-02
  1.9978152e-01
  4.7191624e-03
 -5.2826062e-02
 -1.7220400e-02
  3.4334313e-02
  6.6309348e-02
  9.3731936e-03
  1.0923880e-01
  3.0297104e-01
 -8.4385261e-02
  4.0269899e-03
  8.9720803e-01
 -2.5242883e-01
 -1.2222822e-01
 -5.5754386e-02
  1.2886529e-01
  2.5258426e-02
  1.7599007e-01
  5.2178904e-02
 -2.2599284e-02
 -7.9065919e-02
  2.2111531e-01
 -1.2810209e-01
 -4.4304684e-02
 -6.1709762e-02
  1.3636303e-02
  3.3010826e-02
  9.2408592e-03
 -1.6367294e-01
 -1.1450095e-01
 -9.2097307e-03
 -1.0518443e-02
  2.3336591e-02
  7.9747774e-02
  1.4016564e-02
  1.7016308e-02
  2.2205962e-01
  2.9390123e-01
 -1.6353110e-02
 -6.4491607e-02
 -3.7870422e-02
  2.5093827e-01
  1.6964726e-02
 -2.7446605e-02
  9.4702184e-02
  3.5661798e-02
 -3.8375441e-02
  1.9140260e-02
  4.4637498e-02
 -2.5500117e-02
  3.0158486e-02
  5.9270669e-02
 -5.6427033e-03
  8.9438157e-03
 -3.9535850e-02
 -1.4861920e-02
 -9.2651680e-02
 -7.8266680e-02
  1.0917474e-01
 -2.2285391e-02
 -2.2155732e-01
  5.6061532e-02
 -4.0295973e-02
 -1.2468430e-01
  1.1538920e-01
 -5.3696249e-02
  1.7535685e-01
 -4.1292086e-03
 -4.6141583e-02
 -4.1022964e-02
 -1.3326375e-02
 -5.4342240e-02
  1.7462192e-02
 -1.6751273e-02
  7.8485519e-02
  6.3041441e-02
  3.9956577e-02
  3.6630001e-02
 -4.6016001e-03
  2.5140382e-02
  5.0264401e-03
 -7.1921282e-02
 -5.7160560e-02
 -3.0625589e-02
  1.5420983e-02
 -8.8354044e-02
 -4.1187365e-02
 -1.8217202e-02
  4.0110270e-04
 -3.9375685e-02
 -5.0907899e-03
 -8.3104437e-03
  4.6209875e-02
 -4.0932480e-01
  1.9003890e-02
 -3.5325699e-02
 -2.2534071e-02
  8.5847393e-02
 -4.8190109e-02
  1.2360740e-01
 -1.1413836e-01
 -2.7592987e-02
 -3.9748088e-02
 -6.0329333e-02
  6.8829157e-03
  4.4808313e-03
  2.8868515e-02
  1.1538304e-01
 -1.7980089e-02
 -1.1221581e-02
  4.0490743e-02
  1.2297847e-03
 -2.2146784e-02
  5.4416422e-02
 -2.4031544e-02
  3.9230477e-02
 -8.5120767e-02
  6.5125071e-02
 -8.9455135e-03
 -1.1379163e-01
 -1.4829416e-02
  3.7158795e-02
 -3.7465762e-02
 -1.0739375e-01
 -3.2783657e-02
 -5.5356455e-01
  2.1450707e-01
  4.3074332e-02
  1.9934023e-02
 -1.3585322e-01
 -8.6766127e-03
 -1.7074708e-02
 -4.0663816e-03
 -2.6253007e-02
 -4.8387259e-02
 -4.4448286e-02
 -3.7391741e-02
 -9.6771143e-02
  4.4018582e-02
  3.5709281e-02
 -4.2347647e-02
  1.0683386e-02
  1.2433995e-02
 -1.1801010e-01
  8.8704474e-02
  1.7808980e-01
  5.8529437e-02
 -1.3197491e-02
  3.4841899e-02
 -1.0956804e-01
 -7.2989902e-03
 -1.1788601e-02
 -4.1823718e-03
 -5.0291173e-02
 -3.8146893e-03
  1.1621470e-02
 -4.8671188e-03
 -3.0431213e-02
  1.0625692e-03
  2.9754091e-02
  4.3525342e-03
 -3.1282857e-02
 -6.1614253e-03
 -2.0601796e-03
  1.2205495e-02
  3.2451939e-02
 -5.9711300e-03
 -5.6497142e-02
  2.7532186e-02
 -1.9257065e-02
 -3.9980765e-02
 -9.2948321e-03
 -3.7396856e-02
  1.5218224e-02
 -8.8898391e-02
  5.0892206e-03
  3.0781768e-02
 -1.0211023e-02
 -2.4250770e-02
 -7.1128331e-02
  1.9359531e-02
  9.5352866e-03
  1.3553146e-02
  3.8165995e-03
 -3.1082347e-02
  1.1568890e-01
 -3.0073196e-01
 -4.6322864e-02
 -1.2243858e-02
  2.7747437e-02
  1.1344831e-02
 -1.5535413e-01
 -5.4126047e-03
 -1.2124610e-02
  5.7452396e-03
 -6.6573322e-03
  3.5139784e-02
  7.1245804e-02
 -6.1394028e-02
  7.0568183e-03
 -6.5931909e-02
 -3.4296531e-02
  7.5949751e-02
  1.4961082e-02
 -9.6816849e-03
 -4.2743821e+00
  4.9506947e-02
  1.1825367e+00
  8.6710495e-01
 -7.5340331e-02
  1.0618883e-01
  2.1403687e-02
  2.0335916e-01
 -6.3080090e-01
 -3.0633926e-02
  4.5827138e-03
  1.9409424e-01
  5.7544295e-02
  7.6849787e-03
  1.0963690e-02
  2.7640384e-02
  6.1541997e-02
 -4.6471179e-02
  8.0832981e-02
 -2.0069156e-02
  3.9787378e-02
 -4.8954725e-02
  1.9912983e-01
  3.0687809e-02
  1.2419000e-01
 -4.6366010e-02
  2.0910373e-02
  2.6607363e-02
 -1.1787817e-02
  1.2145820e-02
 -3.4232521e-01
 -1.5851598e-02
  3.0079674e-02
  2.8185871e-01
 -3.2121476e-02
  5.9548043e-02
 -6.6777006e-02
 -2.9287240e-02
 -9.7424407e-03
  1.7172275e-02
 -5.8740196e-03
 -6.6155316e-03
 -4.7111452e-02
 -3.8578670e-02
 -1.2855079e+00
  6.0635024e-01
  1.5675630e-01
  8.3246118e-01
 -1.8916805e+00
 -2.4544913e-01
 -3.1726274e-01
  7.7447522e-01
 -9.9450059e-02
 -1.1129962e-02
 -1.5658628e-02
 -7.6861911e-02
  1.0379802e-01
 -1.0434367e-02
 -1.0111678e-01
  6.7155671e-01
 -2.2780058e-01
 -6.7977613e-01
 -2.4537829e-01
  4.4630039e-02
  8.7264348e-03
 -2.0484535e-01
 -8.9934908e-02
  2.4138138e-01
  4.7587954e-02
 -3.7851683e-03
  1.4571078e-01
 -2.6914224e-01
 -1.5082769e-03
  6.4733493e-01
  2.1497712e-01
 -1.2041630e-02
  4.2865798e-01
  3.3905748e-03
  2.2138339e-02
 -4.5094925e-01
 -2.8942218e-02
 -1.0037138e-01
 -1.6433712e-02
  6.5750465e-02
 -1.2303775e-02
  4.2106025e-02
 -2.0464286e-02
 -5.2779995e-02
 -1.1126691e-02
 -1.0564348e-01
 -1.7331298e-02
 -4.5759824e-01
  1.8289132e-02
 -2.4484820e-03
  3.3603320e+00
 -3.5453788e-03
 -3.3849843e-02
 -6.4670099e-03
 -5.4988526e-03
 -1.3079406e-02
  1.6818182e-03
 -5.7738917e-03
 -1.0134161e-02
 -1.0479120e-02
 -8.2184464e-02
 -7.5956364e-03
  2.8228434e-02
  1.0855810e-02
  5.5477135e-03
 -3.9988451e-02
 -3.3362858e-02
  6.9846334e-03
 -5.0701529e-02
 -8.0901489e-02
 -7.5353988e-02
  1.2037031e-02
 -2.6809786e-02
 -5.0646137e-03
 -7.1204150e-01
  5.4323629e-02
  6.0149245e-03
 -2.4348914e-03
  1.1270379e-01
  3.1026686e-02
 -4.5461975e-02
  2.1320730e-02
  7.5766027e-02
  3.1181321e-02
  1.8192699e-02
 -6.8663642e-02
 -7.0018373e-02
 -1.0389797e-01
  1.9759659e-02
 -3.5742305e-02
  4.7919244e-02
 -2.7985878e-02
  2.8080337e-02
 -2.8075114e-02
  5.3121142e-02
 -1.1090294e-02
 -3.8535461e-02
 -5.5370908e-02
  3.9508197e-02
 -1.8473485e-02
 -3.2175485e-02
  4.0508527e-03
  4.5534745e-02
 -2.0523626e-02
 -2.8071672e-02
 -3.4323983e-02
  3.3463933e-02
  1.0911409e-02
  4.7273565e-02
  1.8667217e-03
  1.6297704e-01
 -5.1047564e-03
 -1.2588566e-02
  6.2795274e-02
 -3.5254858e-02
  4.4793100e-03
  5.6592390e-02
  1.2708855e-01
 -2.5309784e-02
 -4.9108867e-02
 -4.6637002e-02
  2.9919697e-03
 -1.8477648e-02
  5.6322340e-02
 -3.4746816e-03
 -2.5060964e-03
 -2.2652842e-02
 -2.2299068e-02
 -2.9132171e-02
  7.2460502e-02
 -5.5900097e-02
 -1.1198476e-02
  6.9446615e-03
 -4.8784025e-02
 -7.7696070e-02
  3.3841044e-02
  2.1624520e-02
  6.7047030e-02
  1.1966164e-01
  6.1372399e-01
  5.7267278e-01
 -6.2436284e-03
  3.3604216e-02
  1.8890722e-02
  1.4598199e-02
 -5.0102729e-02
 -2.6921578e-02
 -1.6948827e-02
 -3.4255814e-02
 -2.6045045e-02
  8.1746548e-02
  6.4667419e-02
  2.3350328e-02
 -2.0582147e-02
 -5.0331920e-02
 -5.9702709e-02
  2.2469532e-02
  1.8334836e-01
  3.0112999e-02
  1.6772273e-01
  8.2399353e-02
 -1.8761666e-02
  6.8493985e-02
  1.1489375e-02
 -4.9873248e-02
 -3.7911013e-02
  3.0485928e-02
  7.7022009e-02
  2.0109819e-02
 -7.7910069e-03
  1.3104437e-01
 -1.5777305e-02
  1.6360205e-01
 -1.0933205e-02
 -7.0741013e-02
 -2.1891208e-02
 -3.7418768e-02
  8.1659830e-04
  4.6410812e-03
 -1.0904244e-01
  1.3127113e-02
 -2.3695049e-01
 -5.2803889e-02
  5.6200624e-02
  7.2962064e-01
 -2.8234512e-02
  1.2051149e-02
  1.6903192e-02
  5.5058878e-03
  7.7886105e-02
 -1.1462735e-02
  4.0619954e-02
 -1.0189605e-03
 -2.2226151e-02
  6.0362178e-03
 -1.4222896e-01
 -2.4805052e-02
  6.6208594e-02
 -2.0851048e-02
 -1.4458336e-03
 -3.7837148e-02
  3.3754263e-02
  2.7696395e-01
  2.4127642e-02
 -7.6898076e-02
  4.3515310e-02
  8.4888805e-03
  1.5207230e-01
 -1.7470440e-02
  8.7479942e-02
 -5.4806288e-02
  2.4815362e-02
 -4.1503001e-02
 -1.2661432e-01
 -2.3439597e-02
  1.8852665e-03
 -3.0173838e-02
 -2.2951285e-03
  4.2015336e-02
 -3.6613308e-03
 -7.5896896e-02
 -6.3895291e-01
 -6.0499296e-02
 -1.0276329e-02
 -3.0311462e-03
  1.5521419e-01
  1.1473711e-01
  1.3772735e-01
 -7.7114560e-02
  2.2006628e-01
 -6.2863514e-02
 -4.5830412e-03
 -3.3896592e-01
  7.4609861e-02
  7.8111747e-03
 -1.6822432e-01
  1.5992533e-02
 -3.9677493e-02
  7.5238764e-02
 -3.1826336e-02
  9.5775481e-03
  2.3171142e-02
  2.7349180e-01
 -1.9405670e-01
  3.7640676e-02
 -8.8423252e-02
  2.8099235e-02
  3.9606499e-03
 -5.7807159e-02
 -7.5618267e-02
 -1.0155772e-01
  1.5666412e-01
 -9.2271969e-02
  8.9898609e-02
 -3.2994319e-02
 -9.9651679e-02
  7.1027756e-02
  8.8216133e-02
  2.8359298e-02
  1.4816675e-02
  2.4183605e-02
 -3.5315514e-02
  3.5504636e-04
 -4.4837338e-03
  1.5000939e-01
  3.1900015e-02
  1.8734042e-02
  7.1201916e-03
 -5.6039370e-03
 -9.9769011e-03
  3.4617022e-01
 -3.1295594e-02
 -8.4449261e-01
  7.6678712e-03
  1.3050841e-01
  7.2550247e-03
  5.1635844e-03
  7.0982307e-02
  1.0060880e-02
 -8.0144750e-03
 -4.7568930e-04
  2.0009004e-02
  3.2429118e-02
  1.2950324e-02
  1.3782023e-02
 -2.5554378e-02
  9.1023939e-03
 -3.6850620e-02
 -7.6630944e-04
 -4.1930336e-03
 -3.8061000e-02
  8.1103541e-02
  2.3903583e-01
 -5.2994344e-02
  2.4242285e-01
 -6.8331016e-03
  1.0145255e-01
  1.8589886e-02
  3.0926477e-02
 -7.6038619e-03
  4.8243795e-03
  3.2544661e-02
 -1.0359868e-01
  5.4654900e-02
  4.7532782e-02
  2.0176273e-02
 -2.8425280e-02
 -2.9478276e-02
 -4.1024417e-02
  2.6376585e-03
 -4.7430661e-02
 -5.2221781e-03
 -2.3787793e-02
 -2.1011876e-02
 -7.1661193e-03
 -7.0611974e-03
  1.2980184e-02
  1.2703322e-02
 -4.9932422e-03
  1.5430891e-02
 -3.2352775e-02
 -1.8406983e-02
  7.0644878e-03
  7.4996755e-02
 -2.5600919e-02
 -3.8363971e-02
  2.8250454e-02
 -3.7573766e-02
 -4.3485980e-02
  1.0678903e-01
 -9.4621070e-04
  1.4891857e-02
 -6.7901346e-03
  6.1268210e-02
  3.8898930e-02
  7.4888535e-02
  3.5795707e-02
 -4.9568575e-02
  5.9882093e-02
 -4.9396567e-03
 -7.6662144e-03
  3.2608464e-02
 -6.5217363e-03
  2.9761752e-02
 -1.6482348e-02
  4.3876087e-03
  8.3209991e-02
  6.6977374e-02
  3.5946131e-02
 -2.8114155e-02
 -3.1548832e-02
  3.4406155e-02
  1.7180257e-03
  6.8552904e-03
  8.5445620e-02
 -1.8075600e-02
  5.9679151e-04
 -1.2286663e-02
  7.4828893e-02
 -2.7872715e-02
 -4.4599956e-01
  7.3088957e-03
  1.7052786e-02
 -8.9546228e-03
  7.2226902e-03
  1.2961589e-01
 -2.0824770e-02
  1.0023680e-01
 -4.6292126e-02
  3.4135066e-02
 -1.3524346e-02
 -2.9337785e-04
  1.6082522e-02
 -3.6552828e-02
  3.2706670e-02
 -9.0042815e-02
 -7.0603706e-02
 -2.2566423e-02
  3.1574022e-02
 -1.0924814e-02
  1.3980653e-02
 -2.7329911e-02
  1.6610669e-02
  2.6349459e-02
  5.4338042e-02
  2.1386560e-02
  9.9406175e-02
  8.4436983e-03
 -2.3232017e-02
 -1.4640754e-01
  8.6420039e-03
  7.8657549e-03
 -1.4627543e-03
  1.5227981e-02
  1.8408704e-03
  1.3200136e-02
 -2.8219458e-01
  2.0846751e-01
  2.3448132e-03
  1.0612444e-01
 -1.8636610e-03
  1.8006411e-01
  5.2037519e-01
  2.6078087e-01
 -6.3953626e-01
  1.7336942e-02
  1.3234830e-01
  2.6941288e-01
 -2.8222987e-02
 -1.5289727e-02
 -8.5899234e-02
  5.1785897e-02
  1.9260353e-03
  1.9878261e-02
  1.2355714e-01
 -1.9968522e-01
  9.4232187e-02
 -9.2595015e-03
 -9.9999934e-02
 -4.2628577e-01
 -4.7304416e-03
  1.0742084e-01
  4.5943644e-02
  1.6519949e-01
 -2.7400255e-04
  2.0552783e-01
 -2.4663875e-02
  2.1954571e-01
 -2.8304454e-02
 -2.1333374e-02
  5.1714972e-02
 -7.2600893e-03
 -3.5101335e-02
  1.4450695e-02
  1.1542575e-01
 -2.0401975e-02
 -2.3906317e-02
 -1.4503427e-01
  1.4615341e-01
 -6.4413445e-03
  1.8227128e-02
  1.9029282e-01
  1.2910925e-02
  9.5141884e-03
  2.3639714e-02
 -4.6975445e-04
  1.4187809e-02
  2.0569831e-02
  8.5605401e-01
 -3.6571350e-02
  4.2917438e-02
 -4.1484334e-02
 -3.2944400e-02
 -3.4170356e-03
 -3.8361289e-02
 -2.1991361e-02
 -4.2494066e-02
 -3.2728538e-02
 -4.7752008e-02
  8.1156334e-03
  3.2166626e-02
  6.9701664e-02
  4.9580606e-03
  6.8894019e-03
 -2.3296446e-01
 -4.3647262e-01
 -1.3440546e-02
 -5.7666499e-02
  5.1076282e-02
  2.5335399e-02
 -5.4024376e-02
  8.7745832e-03
 -2.7449880e-02
 -3.4331605e-03
 -8.7606832e-03
 -2.0244488e-02
  6.7808263e-02
  2.8510960e-03
  9.8349340e-04
 -3.7382685e-02
  1.7608890e-01
  5.5493794e-02
 -2.9203268e-03
  5.6083389e-03
  1.0810030e-01
 -2.7908672e-02
  3.5661474e-02
  5.0786354e-02
  1.6609997e-02
 -3.7897594e-02
  2.8046474e-02
 -2.1352230e-02
 -6.1050590e-02
  5.2256947e-03
  1.5018456e-02
  1.4806058e-01
 -7.3482439e-02
  4.6061009e-02
 -5.3723227e-02
  1.1503554e-02
 -1.8321257e-02
 -7.2086649e-03
 -7.6630898e-02
 -3.3060446e-02
 -9.3442887e-02
 -2.8575491e-03
 -1.3958786e-01
 -1.6727574e-02
  2.4652001e-02
  3.3245997e-03
  2.1915711e-02
  1.5009735e-02
  1.9774368e-02
 -1.0099539e-01
  1.7432282e-02
 -1.6702875e-02
 -1.2498246e-02
  6.7078166e-02
  8.4875807e-02
  2.1117825e-02
  7.2757439e-03
 -1.3840882e-02
 -6.1580422e-03
 -4.9633954e-02
 -4.8199657e-04
  7.5859562e-02
 -3.1303302e-03
  3.7825957e-02
  4.5338541e-02
 -1.7580469e-03
 -1.8022789e-02
 -1.9959494e-02
 -1.4316002e-01
 -9.2715472e-02
 -4.8266903e-02
 -2.6350718e-02
  8.5037965e-03
 -3.6319293e-02
 -8.7803258e-03
  1.2615900e-02
  6.5253787e-02
  2.9156782e-02
  3.8369413e-02
  2.0612901e-02
  6.0636908e-02
 -1.9233899e-02
  2.1861682e-02
  3.8608573e-03
  2.1327060e-02
  1.2954561e-02
  1.2108323e-02
  3.7847083e-02
  1.6646585e-03
 -1.4484960e-02
  1.0799694e-02
 -2.4512134e-02
 -6.2399046e-03
  6.0796637e-02
  1.1223422e-01
 -1.9086285e-02
 -6.9673181e-02
  1.4819134e-02
 -1.2861285e-02
  3.4250556e-03
 -2.0234294e-02
 -1.9870952e-02
  6.9835875e-03
  3.0427357e-02
  1.8592997e-02
  2.4698844e-02
  5.0778423e-02
 -3.8762238e-02
  6.4047539e-01
 -1.5917096e-01
 -2.5805539e-02
 -9.8190552e-01
  1.0128555e+00
 -1.5377311e+00
 -1.5600219e+00
  1.5684316e-01
 -1.6061223e-01
  9.3344653e-01
 -2.3557463e-01
 -1.1261825e-01
  7.8642118e-01
  1.2825053e-02
  1.6743524e+00
  7.1550035e-01
 -1.6366026e-01
  2.0591675e-01
  1.1600869e-01
  3.1795564e-01
  4.1611247e-02
 -4.1754934e-01
 -2.3384495e-01
  5.2366191e-01
 -2.6182890e-02
 -1.7142957e-01
 -1.6240622e-01
 -1.2527896e-01
  2.3016904e-01
  7.7884540e-02
  3.6430627e-02
 -7.9264641e-02
 -5.4905510e-01
  1.5376963e-01
 -5.3724051e-02
  9.9545069e-02
 -2.6437543e-02
 -1.3393483e-01
 -4.0753931e-02
  4.3668292e-02
  1.5350055e-02
  6.6802152e-02
 -7.5462610e-02
  5.1311448e-02
  6.4446397e-02
  6.3354701e-02
 -1.7650075e-01
 -1.4556923e-04
  9.3247548e-02
 -1.4066758e-02
  1.3208561e-02
  5.3546287e-02
 -1.2376484e-01
  1.9418765e-03
  7.9220548e-02
 -1.9181088e-02
  1.2537464e-03
 -1.0950603e-02
 -2.0805877e-02
  8.3646858e-03
  4.6181609e-03
 -1.2010637e-02
 -1.0053529e-01
 -2.0135831e-02
 -5.4634172e-02
  4.6059027e-02
 -9.0776660e-02
 -6.2848312e-01
 -3.9751362e-03
 -5.9150658e-03
  2.3330282e-02
 -8.3358191e-02
  7.1907593e-03
 -2.6183361e-03
  2.1473438e-02
 -1.5100574e-02
 -5.0868694e-02
  3.5526626e-02
 -5.5472218e-03
  4.7365986e-02
  6.0659304e-02
 -3.2971539e-02
 -9.9376224e-02
  3.2188006e-02
 -1.5254162e-02
  1.4132382e-01
  5.6378707e-02
  2.9928673e-02
  2.3571432e-02
 -2.6158268e-02
  9.8004453e-03
  1.5377663e-02
  4.6061039e-02
 -1.6673389e-03
 -1.1265446e-01
 -5.3689279e-02
  2.7980718e-01
  6.0139656e-02
 -4.9853399e-02
 -2.3337528e-02
  9.8766889e-03
  1.0679890e-01
 -3.1715550e-02
  6.0613165e-03
  1.6827298e-02
 -1.8157974e-02
 -1.3558599e-03
 -2.0407867e-01
  1.4369889e-02
  3.9342955e-02
  2.4186740e-02
 -2.5020802e-02
  1.2814463e-02
 -4.2588614e-02
 -2.0605752e-02
  2.0868222e-01
  1.7166013e-02
 -1.0257123e-01
  1.5122205e-02
  3.7571363e-02
 -3.9824732e-02
  7.3626786e-03
  2.6344992e-03
 -2.7640751e-02
  1.0630482e-01
  3.6908820e-02
  2.9548157e-02
 -9.4980836e-02
 -1.6833188e-02
  6.1197650e-02
 -6.9508781e-03
 -5.9247352e-02
  4.3461636e-02
 -5.2984402e-02
 -5.2432962e-02
  2.8182525e-02
 -3.4596298e-02
  2.1993363e-02
 -2.4344975e-02
  3.7807845e-02
 -1.6688347e-01
  4.3167546e-04
 -1.1784081e-02
  6.5484345e-02
  2.5567103e-02
 -5.7253428e-02
  6.5866321e-02
 -3.8013039e-03
 -3.0607106e-03
 -5.6838738e-03
 -1.0013118e-02
 -2.2533372e-02
 -7.5021379e-02
 -9.9880788e-03
  1.6810777e-02
 -3.6215510e-03
  2.1663018e-02
  5.3572282e-03
  1.9078987e-02
 -6.6888086e-03
 -5.1215864e-03
 -7.3813074e-03
  4.4189215e-02
  6.8618800e-03
 -1.8291924e-02
  1.5875474e-02
 -1.8207955e-03
  7.7311862e-03
  5.5190533e-02
  2.3327911e-02
  6.4259507e-02
  6.4825177e-02
  8.0151642e-03
  2.8173089e-02
 -4.5976013e-02
 -2.7876837e-02
  6.0664576e-02
 -2.0907167e-01
  1.9474103e-01
 -2.9186271e-03
  6.7258823e-01
  1.4470331e-03
 -8.0339402e-02
  1.3267276e-01
 -2.2729899e-01
  9.1446809e-02
  3.1641355e-01
 -1.0107217e+00
  6.4938611e-01
  3.9754317e+00
 -3.9882064e-02
 -3.4540821e-02
 -1.9097101e-02
  2.6234069e-01
 -3.8495830e-01
  1.3138084e-03
 -4.9204668e-01
 -1.5385777e-01
 -1.5967937e-01
  4.9787804e-01
  5.9528984e-02
  2.5569651e+00
 -2.4625314e-02
 -6.6471958e-01
 -1.7558550e+00
 -6.1432836e-03
 -6.8248987e-02
 -1.1851789e-02
 -3.5934815e+00
 -5.5041663e-02
 -7.9118414e-03
  1.8344527e-02
 -8.2069868e-03
 -2.5994323e-02
  2.0974579e-01
 -3.9011970e-02
 -3.2534476e-02
  6.1844206e-01
  3.3276600e-01
  3.1843342e-02
 -1.4308654e-02
 -1.2414966e-02
  1.0012957e+00
 -4.1439518e-02
  3.6110602e-02
  7.1722507e-02
 -1.5664857e-03
 -2.4479118e-01
  1.1108530e-01
 -8.3807215e-02
  3.5527644e-01
 -1.5933864e-02
  8.1330931e-01
 -1.4628348e-01
 -7.5434130e-01
  6.4062124e-01
  4.3128207e-01
 -2.8256404e-01
  1.8890537e-01
  1.9767699e-01
  2.6041780e-02
  1.8882932e-03
 -5.1840883e-02
 -8.2364565e-01
 -5.7787057e-02
 -1.6198170e-01
 -2.3035441e-01
 -4.3928209e-01
  1.3612884e-01
 -9.2384547e-01
  7.0215857e-01
 -7.6031339e-01
 -3.5174342e-03
 -2.4380498e-01
 -4.6926010e-01
 -3.1926930e-02
  2.8863665e-02
 -1.2948820e-02
 -1.0630957e-01
 -3.1525534e-01
 -2.9502369e-02
 -1.7286433e-02
  2.9865977e-01
  3.8406160e-01
  4.6464619e-01
 -5.9874892e-01
  2.0958249e-02
  3.1900369e-02
  5.0709623e-01
  5.6434438e-02
  7.7076279e-02
 -5.0146572e-02
 -2.3746112e-01
  6.6852145e-02
  8.6951636e-02
 -4.1829295e-02
  3.4305582e+00
 -6.2481772e-02
  1.3479353e+00
  9.6539313e-01
 -1.7040834e+00
  6.3012140e-03
 -9.4273105e-02
  2.4698460e+00
  3.2531646e-01
  5.2406263e-01
  1.7404240e-03
 -1.7912879e+00
  1.6930671e-02
  1.3374370e-01
  6.4238566e-01
 -2.2804859e+00
 -1.8822776e-01
  4.8342738e-02
 -1.1987253e-02
  4.4501023e+00
  7.2812617e-02
 -1.7653453e+00
  3.6997071e-01
  6.7698550e-01
 -3.7738559e-01
  1.7106174e-01
  5.3856623e-01
  1.9290404e-01
  1.4621955e-01
 -7.2750020e-01
  3.3459389e-01
 -1.0257334e+00
  4.8544437e-01
  5.9263772e-01
  3.7848782e-02
  2.0427754e+00
  2.1394982e+00
 -2.0080428e-01
 -6.0152936e-01
  7.1515429e-01
 -7.1703300e-02
  9.3797672e-01
 -1.3090867e-01
  1.5868042e+00
 -2.7905345e-01
  1.4784003e+00
 -2.9563439e-01
 -3.3659449e-01
 -1.8493938e+00
  2.8511329e+00
  6.7730188e-02
 -2.7206686e-01
  9.6791880e-03
 -2.4236462e+00
  3.4882635e-01
 -6.8747383e-01
  2.1835740e-01
  3.4988120e-01
  8.9920086e-01
 -1.6378564e-01
 -2.7152665e-02
  7.6522160e-01
  3.4271261e-01
  1.3110367e+00
  2.0999114e-01
 -1.9608529e+00
 -2.1824560e+00
  7.8445774e-01
  1.5502022e-01
 -1.1007359e+00
  2.3189931e+00
  9.5037329e-01
  6.2185779e-02
  3.7379926e-01
 -1.8225913e+00
  1.0412529e-01
  5.4770596e-02
 -1.5160997e+00
 -5.9821290e-01
 -7.2286296e-01
  2.4330949e-02
 -9.5018035e-01
 -2.1247788e-01
  6.9516584e-02
 -6.4452745e-02
  1.1791164e+00
  9.6339887e-01
  1.0109595e+00
  3.2598239e-01
  2.7078564e+00
  8.0464298e-01
 -1.4294437e+00
  3.1229797e-01
  1.6390938e-01
 -1.1249912e+00
 -2.3601463e-01
  9.8188624e-02
  3.0555102e-01
 -3.8520987e-03
  1.8647580e+00
  6.0162222e-01
 -1.1134977e+00
 -2.9812506e-01
  6.5433156e-01
  1.1669564e+00
  1.1102505e+00
 -5.7593924e-01
  1.7788533e+00
 -1.0226427e+00
 -2.4664137e+00
 -3.0760026e+00
  4.3980230e-02
  1.0973755e-01
  1.3223439e-01
 -1.1107682e+00
 -7.4188872e-03
 -2.1653464e-01
 -1.0588316e-01
  2.1317751e+00
 -4.3677673e-01
  5.7607096e-01
 -2.3014214e+00
 -3.3433107e-01
 -1.9187294e+00
 -1.2795819e-02
 -3.8115108e-01
  6.0741353e-01
  6.5023708e-03
 -2.4608784e+00
 -1.1248263e+00
  5.7327098e-01
  4.6683282e-01
  3.0799934e-01
 -1.7980868e+00
 -7.8040057e-01
 -2.5391855e+00
  1.1432629e-01
 -1.0682758e-01
  7.6871836e-01
  5.7872273e-03
  1.9667880e-01
  1.6634548e+00
 -1.5671046e-01
 -6.6859674e-01
 -2.0433471e-01
  1.0726520e+00
 -2.0701776e+00
  1.8964626e+00
  1.5441522e-01
  7.1596485e-01
 -1.2480789e+00
  6.6971622e-02
 -5.2318364e-01
 -5.8805096e-01
 -6.6607046e-01
 -7.9148370e-01
  2.0131296e-01
 -1.6689396e-01
 -5.9071165e-01
  8.8998489e-02
 -1.5599617e+00
 -3.6952447e-02
 -6.3681751e-02
  2.1383269e-01
 -5.0547455e-02
 -1.6540537e+00
  1.2082124e+00
 -1.5331079e+00
  2.3924166e-03
  1.5807449e+00
  1.9228917e+00
  1.0705587e-01
 -1.2167935e+00
  7.4172795e-01
  1.4121534e-01
 -9.5482543e-03
 -9.1899440e-02
  5.8580285e-01
  6.4098865e-01
 -4.8898388e-02
 -1.4910144e-01
 -9.1602564e-02
  2.1208284e+00
  2.4271919e-01
 -7.1412510e-01
  1.9627810e-01
  2.1085362e-01
  1.1722776e+00
  5.1177055e-01
  1.8848674e+00
  2.1934888e-01
 -9.0404189e-01
 -1.1033053e+00
  1.8066756e+00
 -2.2278517e-01
 -5.3053379e-01
 -6.8941310e-02
  1.1337659e+00
  2.8669685e-01
  9.9773467e-02
 -5.5946118e-01
 -8.6759245e-01
 -6.8079460e-01
 -8.0564594e-01
  3.8468200e-01
  8.6240941e-01
 -1.4115766e+00
 -7.2248471e-01
 -1.0135802e-02
  1.8329173e+00
 -7.8842115e-01
 -1.2223372e+00
 -9.0962350e-02
  7.9228431e-02
  1.1412070e+00
  6.8029767e-01
  3.0607209e-01
  3.7373718e-02
  1.6443050e-01
 -1.2602438e+00
 -1.2211870e+00
  2.1376605e+00
  5.8254460e-03
  1.2555958e-01
  1.3583578e+00
  1.7548625e+00
  2.5978979e-01
  1.7711785e-01
  8.8359833e-01
 -1.0286229e+00
 -5.2863950e-01
 -7.2925252e-01
 -5.7441032e-01
 -2.6412779e-01
  8.3153069e-01
 -1.9861532e+00
 -8.9897704e-01
 -1.7448463e+00
 -5.1271832e-01
 -2.0642878e-02
  3.4293852e+00
  5.9860470e-03
  1.7636737e+00
  3.3500150e-01
 -4.3609828e-01
  2.2550063e-01
 -3.9553851e-01
  2.0675237e+00
 -1.7703915e-01
  3.9998654e-01
  1.0831568e+00
  2.9572982e-01
  1.4740478e-02
  2.5086708e-02
  1.8966866e+00
  1.2925395e-01
  7.6410234e-01
  7.1610069e-01
  7.8234351e-01
 -6.8452579e-01
  5.6881261e-01
 -3.2624400e-01
 -4.7364876e-01
 -1.2979908e+00
 -3.6134157e-01
  2.5922978e-01
 -1.4193210e-01
  9.7616300e-02
  1.1172978e-01
  2.3871602e-02
 -2.3337580e-02
  7.4950367e-01
 -1.1686302e+00
 -1.1344191e+00
 -5.9114132e-02
  1.0584474e+00
  1.4006016e+00
  3.1915882e-01
 -1.1326954e-01
 -6.9377810e-01
 -1.1538318e-01
 -6.0027089e-02
 -1.9598335e-01
  5.5236876e-01
 -1.7584044e+00
  4.0687239e-01
 -5.4342294e-01
 -9.5657408e-02
  1.6669360e+00
  1.1126889e-01
 -2.3068720e-01
 -1.7963486e+00
 -1.5604429e+00
  1.9441684e-01
 -2.9251859e-01
 -5.6356543e-01
 -1.8582420e+00
  4.7090706e-01
 -4.4666639e-01
  1.0967501e+00
 -1.1380886e+00
 -5.6790596e-01
  3.0323550e-01
  1.3334099e+00
  9.7820565e-02
 -6.4077514e-01
 -2.4695677e-01
 -8.0735308e-01
  1.0055565e-01
  4.3935257e-01
 -2.2934088e-01
 -9.6398979e-02
  4.1254904e-02
  6.5751755e-01
  7.6730974e-02
 -8.0134201e-01
  2.1448866e-01
 -1.3664050e-02
  1.3433673e-02
 -1.8873188e+00
 -7.7313769e-01
 -2.5026897e-01
 -1.1538565e-01
  2.7627370e+00
  3.7032962e-02
  1.7467408e+00
  6.4984119e-01
  4.0542799e-01
 -8.3708507e-01
  3.4491748e-01
  5.2975744e-02
  1.7739168e-01
 -1.4559730e+00
  4.1014808e-03
 -3.2872358e-01
  1.1042304e-01
  4.0046924e-01
  5.3523839e-01
  2.8442469e-01
  7.7148879e-01
 -2.0330431e+00
  5.0836855e-01
 -3.3472770e-01
  1.1972344e+00
 -3.6571026e-02
  1.4078211e+00
  4.7199869e-01
 -6.2321190e-04
 -1.8602693e-01
 -7.4419504e-01
 -3.4280613e-01
 -6.4148867e-01
 -2.5012350e+00
  2.8283969e-01
 -1.4648038e+00
  5.6014991e-01
 -4.3196812e-01
  3.8702767e-02
  4.8417041e-01
  8.4928840e-01
 -1.5287116e-01
  9.9684179e-01
 -6.1874521e-01
 -8.8488567e-01
  5.4868740e-01
  4.9168247e-01
 -4.0419549e-02
 -7.9935896e-01
 -2.7893257e-01
 -5.7091229e-02
  1.1533773e-02
 -2.9691127e-01
  3.8531849e-01
  1.0793585e-01
 -8.2655013e-01
  2.0283213e-01
  2.7287840e-03
  1.7511466e+00
  5.8537755e-02
 -1.5665745e+00
  2.4553598e-01
  4.4151688e-01
  2.8018543e-01
 -8.8086021e-01
 -7.0112646e-02
  8.5705626e-01
 -4.7799355e-01
 -4.0835917e-01
 -2.0997089e-03
 -7.2396152e-02
  1.0290131e-01
  2.0309216e-01
  1.7440388e-02
  1.7349435e+00
 -1.3520952e-01
  3.4853041e-01
  3.3838681e-03
  1.2208794e+00
 -2.3497525e-01
  4.9931917e-01
  4.7101614e-01
  2.5603169e-01
 -3.6428668e-02
  4.7094435e-03
 -3.8140976e-01
  7.4186802e-01
  4.8921931e-01
 -7.4993140e-01
  1.4093199e-01
 -1.3685885e-02
  7.5634263e-02
 -9.5816348e-03
 -6.5498464e-02
  3.2790005e-02
  1.2417563e+00
 -8.7655343e-02
  1.5817637e-03
  6.3417548e-01
 -1.2038679e-01
 -1.7493206e+00
 -2.3657117e+00
 -1.1549753e-02
  2.2214269e-02
 -5.8847916e-01
 -2.1111866e-02
  2.1392426e-01
 -1.7240487e-01
  5.8824915e-01
  1.0959574e+00
  1.0707392e+00
 -1.4954294e-01
  3.3305120e-02
 -7.7116340e-01
 -1.3546311e+00
  2.6235461e-01
 -4.1753051e-01
 -5.6777859e-01
 -2.2809420e-02
  3.0675030e-01
 -3.7072593e-01
 -3.1776869e+00
  5.7193512e-01
  3.3349568e-01
 -1.5223612e+00
  5.1465668e-02
  1.0103471e+00
 -3.3920187e-01
 -2.3659785e+00
 -7.5720489e-01
  1.8269734e-01
 -3.8479471e-01
  1.3074708e+00
 -5.9981167e-01
  3.2774851e-01
 -9.8834926e-01
  1.2741729e+00
  7.9030609e-01
  6.9483601e-02
  4.5322758e-01
 -4.5773777e-01
  6.7273624e-02
  4.3041953e-01
  1.5594046e-01
 -2.5943041e+00
 -1.0276683e-01
  5.4806564e-02
 -1.7369293e-02
 -6.6043264e-01
 -8.8573443e-03
 -5.2778655e-01
 -1.3284650e-01
 -6.9955774e-02
  4.5494235e-01
  2.8356457e-01
  7.7133453e-01
 -4.1704416e-01
 -1.9982913e-01
  5.6922108e-02
 -1.1794096e+00
  1.7682670e+00
  1.7822804e+00
  1.3091301e+00
 -4.5556787e-01
 -1.4557489e+00
 -6.5060025e-01
 -5.1791584e-01
  2.8201528e+00
  7.7026343e-01
  1.1087297e+00
  1.9272594e-01
 -1.5556936e-01
  8.9579338e-01
  2.1693300e-01
 -2.9429734e-01
 -7.6695585e-01
 -5.4552597e-01
 -1.0531830e-01
  4.6837717e-01
  4.2114839e-01
 -3.7605893e-02
  1.3295764e+00
 -7.9783583e-01
 -3.2423139e-02
 -9.7340626e-01
  3.2018691e-02
  1.0932167e+00
  3.4917828e-01
 -1.1741977e+00
  8.7930739e-01
  1.0871481e+00
  2.2641253e+00
 -1.9970001e-01
  1.3639239e+00
  1.0841227e+00
  3.1234293e+00
  4.7628853e-01
 -2.4506605e-01
 -9.0639986e-02
  1.8672780e+00
  3.7219000e-01
 -7.6836997e-01
 -2.2630779e-01
  5.8654618e-01
  1.5217657e+00
  1.1283890e+00
 -1.6228514e+00
  2.1944025e+00
  8.6185122e-01
  1.8771428e-01
  1.9860998e+00
 -1.7731087e+00
 -7.4704713e-01
  2.8783008e-02
 -8.4082323e-01
  8.5481584e-01
 -1.0714921e+00
  1.7545755e+00
 -1.7873614e+00
  4.0455198e+00
 -3.2338247e-01
  1.6172584e-02
  1.4117744e+00
 -2.8350408e+00
 -1.1535209e+00
  4.1513735e-01
  1.8054909e+00
 -7.5649083e-01
 -6.0427558e-01
  1.6745595e+00
 -2.3214799e-01
  9.5135057e-01
  9.6060014e-01
 -1.6148402e-01
 -3.3282835e-02
  4.7121826e-01
  2.2195799e-02
  5.6928509e-01
  2.3882322e-01
 -2.0745945e+00
  9.4557315e-01
  2.2847582e-01
 -1.7698193e+00
 -1.5009575e-01
  6.7298704e-01
  5.0199342e-01
 -2.2514074e+00
  1.5888994e+00
  4.0308990e-02
  2.2484262e-01
 -9.7281677e-01
  1.1763194e+00
 -2.2403431e-01
  1.4683811e-01
  2.4587629e+00
 -2.0856969e+00
 -1.0142231e+00
 -2.7359567e+00
  7.8032568e-02
 -2.4909959e+00
 -6.4281476e-01
 -1.9141632e-01
 -3.5871003e-02
  6.7015916e-01
  1.6681638e-02
  8.4294248e-01
  4.0475777e-01
 -1.6559758e+00
 -1.1749678e+00
 -2.4063220e+00
 -3.5091853e-01
  1.0922523e+00
 -6.2324181e-02
  2.3882489e-01
 -8.7799531e-01
  2.4044294e+00
 -1.6398139e-01
 -1.2424576e+00
 -6.9141835e-01
  5.0082058e-01
 -7.3297876e-01
 -9.2997748e-01
 -1.1988471e+00
 -2.7341455e-01
 -3.9710757e-01
 -4.8407290e-02
 -1.5175462e+00
 -5.5377517e-02
 -4.6990642e-01
 -3.8361481e-01
 -2.0575675e-01
 -7.4522823e-01
  1.2211711e+00
 -2.9340097e-01
  4.1947934e-01
 -1.5168729e-01
  1.2833267e-01
  1.6878779e-01
 -1.7130324e-01
  5.9266887e-03
 -6.5703005e-01
  2.2128800e-01
 -3.5058391e-01
  3.3942947e-01
 -8.3998698e-01
 -1.0864341e-01
  3.1413928e-01
  3.4627265e-01
 -1.5425491e+00
  2.2856624e+00
  9.5702344e-01
  2.9503694e-01
 -6.7686349e-01
  8.5213855e-02
  3.7849939e-01
 -2.2750916e+00
  1.9867644e+00
  1.2575352e+00
  5.9753960e-01
  2.0996046e+00
  1.2914687e-02
  2.4451676e-01
  6.7150509e-01
  4.3450618e-01
 -1.7272310e-01
 -1.9458774e-02
 -1.2794076e-01
 -5.8193767e-01
  1.4147987e+00
  1.9743829e+00
  4.3561283e-02
  1.8353573e+00
  8.8477425e-02
 -2.4637094e-02
 -7.7693743e-01
  2.7085367e-01
  3.6728299e-01
  1.0360475e+00
 -5.5052114e-01
 -5.0268674e-01
  1.0367281e+00
  4.5694211e-01
  8.5809715e-02
 -1.1470548e-01
  2.1508299e-01
 -2.7759299e-01
  1.7937125e-01
  2.9892698e-01
  1.9371600e-01
  2.9477972e-01
 -1.4161856e-01
  2.3309432e-02
  2.1708594e-01
  8.8071442e-01
 -1.8657835e-01
  9.7657770e-02
  3.2211396e-01
  2.0771436e-01
  1.3998207e+00
  1.4305571e+00
 -2.1609710e-01
  6.5303707e-01
 -3.9827645e-01
  7.8027569e-02
 -9.7554848e-02
  1.7099535e-01
  5.7206565e-01
  1.8805301e+00
 -1.6916379e-01
  4.5663267e-02
  2.1364813e-01
  6.6746581e-01
 -5.8891344e-01
  5.0863469e-01
 -2.9144799e-02
  1.1144665e+00
  6.2212425e-01
  1.5655781e+00
  1.2607184e-01
  2.9573670e-01
 -8.5039210e-01
 -2.1259661e+00
 -2.2017586e+00
  1.5694168e+00
 -3.7040219e-01
  5.8663005e-01
 -1.1058557e+00
  9.7498250e-01
  8.5948455e-01
  1.9480368e+00
 -4.2075634e-01
 -8.6844522e-01
 -6.5644157e-01
 -1.7989751e+00
  1.7692396e-01
 -1.4019804e+00
 -1.2194726e+00
  3.0572537e-01
 -7.5099432e-01
 -5.5564630e-01
  1.3381043e-01
  2.4729207e+00
 -8.6845833e-01
  5.2176791e-01
  9.4984108e-01
 -5.9870757e-02
 -9.4529742e-01
  4.7864234e-01
  7.3949754e-01
 -1.6743405e+00
  1.3969241e+00
  2.2745228e+00
  1.2624106e-01
  2.7051239e+00
  5.6980544e-01
  8.6864549e-01
 -5.2536458e-01
  6.1963953e-02
 -1.2006793e+00
 -1.5983521e+00
  2.9496321e-01
  1.6590488e+00
  4.8373431e-02
  2.2871330e+00
  3.6552787e-01
  4.3743426e-01
  4.6212426e-01
 -9.6493673e-01
 -3.1587887e-03
  4.4605616e-01
 -8.9295959e-01
 -4.5678896e-01
 -3.9650685e-01
  1.0099723e+00
  1.2214888e+00
 -2.2182753e-02
 -1.1656752e+00
  9.2767888e-01
  1.8084456e-01
 -2.3207925e-02
 -1.7679979e-01
 -3.8209063e-01
 -3.2877162e-01
  1.8084856e-02
 -1.7978555e-01
  5.2724582e-01
 -1.7536480e+00
  1.2185372e+00
 -7.4072325e-01
  5.4638547e-01
  2.9806963e-01
  7.7747203e-02
 -7.9059827e-01
  2.9591635e-01
  9.6807432e-01
 -9.6636027e-01
 -3.3362490e-01
  1.3555654e+00
  8.9144009e-01
 -1.1158652e+00
  3.4558248e-02
  3.2272342e-01
 -1.0174013e+00
  8.4551615e-01
  1.2902919e+00
 -5.4916888e-01
  1.1598970e-02
  9.0320772e-01
  2.2147870e+00
  7.0381515e-02
  2.8773394e-01
  1.0051874e-02
 -2.5803826e+00
 -1.4341755e+00
  2.9541218e-01
  5.3782743e-01
 -7.6261753e-01
  1.9944070e-01
 -6.8241350e-02
 -1.1434875e-01
  1.6493838e-01
 -3.0266160e-01
  9.1991383e-01
  4.0114533e-02
  3.4944307e-02
  2.8852642e-01
  1.3342363e+00
  1.4221628e+00
  1.8483818e+00
  2.4462791e-01
  1.6500555e-01
 -4.9813402e-01
 -2.3022264e-01
 -2.4727121e-01
  6.3274175e-01
  9.2948538e-01
  1.7887348e-01
  3.6489073e-02
  1.3813704e+00
 -3.4004906e-01
 -3.5316601e-02
  9.4221070e-02
 -8.2166068e-02
  2.0911354e-01
  1.0089380e+00
  6.4186499e-02
 -1.2066224e+00
  1.2423753e-01
  7.5287557e-01
 -4.0468113e-03
 -8.9360291e-01
  1.0651718e+00
  6.1487669e-01
  5.0508785e-01
  2.3359172e-02
  2.3359172e-02
  2.3359172e-02
  2.3359172e-02
  2.3359172e-02
  2.3359172e-02
  2.3359172e-02
  2.3359172e-02
  2.3359172e-02
  3.7800722e-02
  3.7800722e-02
  3.7800722e-02
  3.7800722e-02
  3.7800722e-02
  3.7800722e-02
  3.7800722e-02
  2.9012233e-02
  2.9012233e-02
  2.9012233e-02
  2.9012233e-02
  2.9012233e-02
  2.9012233e-02
  2.9012233e-02
  1.3580502e-02
  1.3580502e-02
  1.3580502e-02
  1.3580502e-02
  1.3580502e-02
  1.3580502e-02
  1.3580502e-02
  5.7021868e-03
  5.7021868e-03
  5.7021868e-03
  5.7021868e-03
  5.7021868e-03
  5.7021868e-03
  5.7021868e-03
  1.2225810e-02
  1.2225810e-02
  1.2225810e-02
  1.2225810e-02
  1.2225810e-02
  1.2225810e-02
  1.2225810e-02
