nep4 2 Cu Se 
cutoff 7 5 100 44
n_max 8 6
basis_size 12 12
l_max 4 2 0
ANN 50 0
 -2.2510640e-04
 -1.1028948e-01
 -4.6708190e-04
 -1.9738805e-03
 -2.2988176e-02
  7.2427752e-04
  2.6632639e-02
  1.8916945e-03
  2.8193956e-03
  1.7722481e-03
 -4.4599441e-03
 -2.0103368e-03
  1.4327293e-03
 -1.9871132e-03
 -2.2929439e-03
  1.8160604e-04
 -1.1756354e-03
 -3.9557428e-03
 -2.0915759e-03
 -1.1520809e-04
 -6.6899078e-04
  5.9963199e-03
 -1.7140985e-03
 -3.0449114e-03
 -2.7087929e-03
  1.1153985e-05
 -2.4491693e-03
 -4.6667592e-03
 -9.7472552e-04
  2.5875547e-03
 -1.4977498e-03
 -1.1264902e-03
  6.1107771e-03
  4.0920544e-03
  1.1127909e-03
 -8.5282018e-03
  4.4249655e-03
  9.0427726e-04
  3.6352752e-03
  2.1169735e-03
 -1.3148453e-03
 -3.8649505e-03
  1.4477611e-03
  5.6198216e-03
 -2.8421475e-02
 -1.9342132e-01
 -1.1546749e-03
 -1.3412024e-03
 -1.6185896e-03
  5.1331779e-05
  7.7317203e-03
  7.5661046e-03
 -2.2805259e-03
  7.9741478e-03
 -2.3742278e-04
 -3.8457667e-03
 -2.2371921e-03
  3.5767795e-03
  1.2115550e-03
  8.5564237e-04
  1.0725374e-03
  4.4026757e-03
  1.4413687e-03
 -1.3627415e-03
 -5.9418415e-04
  2.9694976e-03
 -1.1716394e-03
 -9.8749273e-04
  9.2466529e-03
  7.2244671e-04
 -6.6692464e-04
  2.0387772e-04
 -2.0260811e-03
  2.4670789e-03
 -5.4050107e-03
 -2.5439274e-03
 -4.1167769e-03
  3.1089399e-03
 -2.1818625e-03
  2.4287454e-03
  7.3255254e-03
  4.7764559e-03
  3.1757047e-03
  2.4976800e-04
 -1.1711796e-02
 -1.8341826e-02
  4.3494869e-03
  1.3441122e-03
 -4.8430883e-03
  1.1971106e-03
 -1.0613275e-03
 -4.0885867e-03
  1.2539985e-03
  6.1164186e-03
 -3.5377664e-03
  2.7201800e-03
  2.2915190e-03
  1.6320566e-02
  2.6078527e-03
  2.9873860e-03
  9.0646785e-04
  3.5968521e-03
  2.6523643e-03
 -4.3164450e-03
 -1.2822885e-03
 -2.9913802e-03
 -3.1654970e-03
  2.8952118e-03
 -3.7252967e-04
 -2.9500914e-03
  9.3403040e-04
  2.8173864e-04
  7.6431286e-04
  1.0946046e-03
  1.8566400e-03
  2.1199747e-03
  4.9838116e-03
 -1.2359432e-03
 -6.1324593e-03
 -1.1938878e-03
 -8.4031816e-04
 -1.0042932e-03
  1.6375050e-03
  2.9692024e-03
  5.8361907e-03
  8.2152151e-03
  2.4153912e-03
  7.6225796e-03
 -3.9965683e-03
 -1.5032990e-03
 -9.6142953e-03
 -6.8160088e-04
 -3.2622951e-01
  4.2182958e-01
  2.2366558e-01
  8.6395824e-01
  1.9530091e-01
 -3.0150089e-01
  1.2715893e+00
  1.4495610e+00
  8.1606829e-01
 -4.6122593e-01
 -3.7565574e-01
  1.2770540e+00
 -9.5595308e-03
 -1.7465027e-01
  4.5884480e-03
 -1.3682593e+00
  7.6717203e-03
  1.2169255e-02
 -2.2810629e-02
  1.2562518e-01
 -7.4861103e-01
 -3.2985893e-01
  1.0440028e+00
 -1.8486713e+00
  4.8680705e-01
 -5.5939931e-01
  1.3614132e-01
 -3.6722228e-01
  1.2992334e-01
  1.0485744e+00
 -6.0269676e-02
  8.6615235e-01
 -1.1826739e-02
  1.6664493e-01
 -8.3951247e-01
 -7.2573227e-01
  2.4734068e-01
  1.6080670e-01
  4.4742855e-01
  3.7933309e-02
  9.7580319e-03
 -6.0792487e-02
  5.8360122e-02
  2.8222138e-01
 -1.0165557e-03
 -1.0428000e-02
  4.9211811e-03
 -1.6304577e-04
  1.5251557e-03
 -3.1973612e-03
  3.5336805e-03
  5.4819026e-04
 -2.6693461e-03
  1.1646342e-02
 -1.1766078e-03
 -9.3333866e-04
 -3.0669029e-04
 -1.4714425e-03
 -2.9139069e-04
  4.4024750e-03
  7.2239898e-05
  6.9723814e-03
  1.1811655e-03
 -6.5947389e-03
  1.3688223e-03
 -2.4880832e-03
 -3.8944068e-03
  1.1958332e-03
 -1.0813774e-03
  1.1218316e-04
  2.2105442e-03
  2.0593578e-01
 -4.8172786e-03
  2.3545357e-03
  1.0464122e-03
  1.1962287e-03
  4.7203451e-03
  2.1234739e-03
  2.9777219e-03
  2.4306418e-03
  5.1759249e-03
 -1.3474263e-03
 -1.3905072e-03
 -8.9704478e-04
 -8.4741809e-04
  2.5715011e-03
  6.7728158e-04
 -1.0554099e-03
  1.8071358e-03
  2.9364971e-02
 -6.5233262e-04
 -1.2125386e-03
 -3.8698618e-03
  2.5091198e-04
  4.9765897e-04
 -9.0187974e-04
 -9.1281754e-04
  3.0656643e-03
  8.5648621e-04
 -4.9899705e-03
  1.3062301e-03
 -3.9339098e-03
  7.0402230e-04
 -9.5808681e-04
 -2.7111368e-03
 -1.2883337e-03
  2.9738136e-03
  1.6691083e-03
 -1.2160757e-03
  4.6447706e-03
 -1.1814460e-03
 -3.7982003e-04
  1.4101854e-03
 -1.6381714e-04
 -1.6350565e-03
 -7.1545681e-03
  1.5499715e-03
 -2.8760566e-03
 -3.2732007e-03
 -6.8814787e-03
 -1.6820672e-03
 -2.8093837e-03
 -8.3699881e-04
  2.8794552e-03
 -6.0891925e-04
  1.1216373e-04
 -1.2246892e-03
 -8.5998718e-03
 -4.8663183e-05
 -6.7330268e-04
 -1.8516870e-03
 -1.4764416e-03
 -3.8846442e-03
  9.6927010e-02
  5.6785665e-04
  1.0663844e-02
 -7.2102045e-04
 -3.6422882e-04
 -1.2622266e-03
 -2.5633592e-03
  3.0546618e-04
 -1.5398189e-03
 -3.2623584e-04
 -8.2847825e-04
  5.6924848e-03
  6.7865034e-04
 -1.2543472e-03
 -1.5956435e-03
  2.8526983e-03
  2.5710608e-03
  1.3875196e-03
 -8.6322078e-04
 -5.1992023e-03
 -2.2362836e-03
  4.2019305e-03
  4.2069112e-03
  2.0320963e-03
 -4.4030747e-03
  2.3639258e-03
  7.4521769e-03
  4.8956517e-03
 -1.4971169e-03
  2.3955850e-04
 -1.2631644e-03
  3.2534897e-03
 -3.7941216e-03
  2.9872023e-03
  1.3202854e-03
 -5.0482717e-03
 -9.5580018e-04
  3.5997471e-03
 -5.4653590e-03
  5.4706266e-04
 -2.3332890e-03
 -2.0931303e-03
  1.4314803e-03
 -2.9991735e-03
 -3.2485163e-01
 -1.1940056e-04
 -2.1234364e-03
  3.0881416e-03
  1.0974156e-02
  4.6034004e-03
 -1.7197829e-03
  3.1865961e-03
  9.5868541e-04
 -1.2641952e-03
 -5.7662316e-03
 -6.2901014e-04
 -3.9376997e-04
  6.8387813e-03
 -4.9336841e-03
 -3.3477417e-04
 -7.4366651e-02
  2.4199530e-03
 -3.9259568e-03
  2.2508355e-04
  6.2744029e-02
 -7.4780069e-04
 -8.9174660e-05
  1.1815203e-03
 -7.6416009e-03
 -4.3769833e-04
 -4.2979070e-03
 -8.1910461e-05
 -3.5032583e-04
 -4.2734579e-03
 -3.8542168e-04
 -7.4891085e-03
  2.0739832e-03
  4.3517072e-03
  3.7412837e-03
 -1.8210001e-03
 -4.2264522e-03
  3.7961346e-03
 -4.4604763e-05
  3.6576870e-03
 -2.5973050e-03
  2.1027406e-03
 -2.8833738e-03
 -8.4820384e-04
 -1.2609247e-02
 -5.3670089e-04
  1.6176472e-03
 -1.4596350e-03
  4.3243719e-03
  2.4098960e-04
 -3.9467243e-03
  1.6745101e-03
 -1.5907405e-03
 -2.1544909e-04
 -2.8029331e-03
 -2.9096920e-03
  3.9026791e-03
  1.5152816e-04
 -6.3248351e-04
 -3.1563488e-03
  6.7635544e-04
 -5.6960661e-04
  5.6977035e-04
 -7.6745299e-04
 -6.7657746e-02
 -2.4693538e-03
 -7.1165577e-04
 -3.3447111e-04
  1.2841061e-03
  3.4676120e-04
 -1.0465106e-03
  1.5374325e-03
 -4.7050533e-04
  1.9040392e-03
  4.2017072e-04
  7.1795424e-04
  3.0108769e-03
  9.4249146e-04
  7.9970714e-04
  5.5361260e-04
  2.2992042e-03
 -2.2908293e-03
  1.2173718e-03
  8.6444861e-04
 -4.1256926e-04
  8.9044013e-04
  2.0905768e-03
  5.3126821e-03
  2.7440265e-03
 -5.7248236e-04
  4.2805262e-04
 -1.2549555e-03
  3.7197911e-03
  2.3951218e-03
  2.0525155e-03
 -2.8616160e-03
 -2.5585957e-04
 -1.5922572e-03
 -1.0459914e-03
  5.0316309e-03
 -1.8187137e-03
 -3.2610272e-03
  2.5212804e-03
  7.7367906e-04
  4.8807715e-03
  7.2699902e-04
 -7.0329709e-03
 -2.1365206e-03
  4.9580326e-03
 -1.8691404e-03
 -4.3250681e-03
  2.1390924e-03
  1.3964071e-03
 -6.3900510e-03
 -2.0282695e-03
  3.9679077e-04
 -2.7251258e-03
  8.6464444e-03
  3.3582409e-04
 -1.0927909e-02
  3.2890167e-03
 -3.4515676e-03
 -4.1282992e-03
 -9.8838331e-04
  7.7794017e-03
 -7.7204558e-04
  7.5297238e-04
  6.1724423e-03
  2.5762164e-04
 -1.2763194e-04
  4.2593521e-03
  6.3714641e-01
  2.5322422e-01
 -4.6526849e-02
  9.2978016e-02
 -6.0621238e-01
  6.4921665e-01
 -6.3703215e-01
  1.1070042e+00
  5.9588176e-01
  6.3256599e-02
 -6.6209066e-01
 -4.9567008e-01
 -2.6573734e-03
 -7.9248649e-01
 -1.0124470e-01
 -8.7107491e-01
 -8.7357283e-01
 -4.3843627e-02
 -8.7262350e-01
  1.7923174e-02
 -1.9825745e-02
 -1.2472406e-02
  9.3551654e-01
 -6.2165034e-01
 -1.7257315e+00
  1.4623871e-01
 -1.8303701e-01
 -1.4248364e-01
 -1.4795321e-01
  1.1736591e+00
  6.7611527e-01
 -1.7533878e+00
 -8.0885476e-01
  2.3731070e-03
  4.5548272e-03
 -1.3511809e-02
  6.4979249e-01
  2.2604145e-01
 -3.3810074e-04
  7.3012174e-03
  5.2935095e-04
 -3.3393588e-03
  4.1396525e-03
 -5.8681525e-02
 -1.7047089e-03
  2.6749936e-03
  5.3177978e-04
  9.0426294e-04
 -2.6091777e-03
 -3.0886475e-03
 -1.8427919e-03
 -4.6167179e-04
  4.0959022e-03
 -5.5941485e-02
 -1.2587324e-03
  1.3085308e-03
 -1.3705157e-03
  8.4778701e-04
 -2.0736701e+00
  2.7339994e-03
  7.1836950e-04
  3.1246161e-03
  2.3160936e-04
 -4.9594883e-03
 -6.5265629e-03
 -7.4196570e-03
 -1.0059786e-04
 -1.2360843e-03
  1.0538084e-02
  6.3260453e-04
  2.0343680e-03
 -1.8950850e-03
 -1.3154844e-03
  1.7815871e-03
  2.6530477e-03
  3.5343645e-03
  1.1359463e-03
 -2.8362073e-04
  4.2351037e-03
  1.4506032e-03
 -2.7515579e-04
  4.9550744e-04
  5.1713914e-01
 -2.1160312e-03
 -1.8766565e-03
  5.6817587e-03
 -4.1878936e-03
 -3.0908710e-04
  4.7927380e-02
 -5.2560371e-01
 -3.0655006e-01
 -1.8037467e-01
 -1.1998075e-03
  5.6750502e-02
  3.8767077e-03
 -3.5199031e-02
 -7.7350521e-03
  3.7690490e-03
  4.4305078e-03
  8.7006383e-02
  8.0086039e-03
  7.1639322e-02
  6.7148427e-03
  1.2197399e-02
 -8.9503480e-03
  2.4882925e-01
 -9.4483547e-02
 -5.4610097e-03
 -2.2538820e-02
 -7.2251353e-04
 -3.0886650e-01
  7.9983380e-03
  1.1412876e-02
  4.3348707e-03
 -3.3923155e-03
  4.8531815e-03
 -2.9184080e-03
 -9.6543618e-02
 -2.6710557e-03
 -1.6686288e-03
  2.0803788e-03
  1.0805165e-03
  1.0839669e-03
  1.2270225e-02
 -3.7378252e-03
 -5.1924877e-04
  2.5936798e-03
 -1.9350523e-03
 -1.2738042e-03
 -9.1089308e-04
  2.0429881e-03
  9.7215185e-03
 -5.6088115e-03
  1.0496555e-02
  1.1015037e-03
  4.2357408e-03
  1.0272780e-03
 -3.4181899e-03
  4.2081196e-03
  2.9208604e-06
 -2.7254512e-04
 -1.3650986e-03
  3.0307076e-03
 -8.3573977e-04
 -9.9352666e-04
 -3.2448051e-03
  6.1829522e-04
  6.5676644e-03
  3.0479527e-03
 -2.0661557e-03
 -3.0011992e-04
 -1.3272008e-03
  8.6674659e-04
 -8.2453218e-05
  5.7441695e-03
  3.6688945e-03
  6.5298891e-03
 -9.1255776e-04
  1.0551352e-03
 -4.0895227e-02
  1.9987167e-03
 -4.8363050e-03
 -1.1305853e-03
  4.8395168e-04
  1.3735903e-04
  1.5723029e-03
 -1.2588466e-03
  2.0942474e-03
  2.3328286e-04
 -3.2980931e-03
  1.0406517e-04
 -1.4477957e-03
  4.7308654e-03
 -4.1074672e-05
 -1.1128168e-04
 -6.1180914e-04
  6.8861840e-04
  2.2121336e-01
  1.1526719e+00
 -4.2934020e-04
 -5.0021112e-01
 -4.4656366e-02
 -6.9463104e-02
 -7.4253209e-02
  2.4826126e-04
  4.5013003e-04
  4.6122903e-03
  1.2287697e-01
  2.7455413e-03
  6.5203747e-03
 -1.0234881e-03
  3.8916484e-02
  4.6555477e-04
  1.3347909e-01
 -5.3974614e-04
  3.0087610e-04
  1.9931171e-02
 -1.3535172e-03
 -7.7348389e-03
  2.5860553e-03
 -5.8894726e-03
 -1.5967939e-04
  1.6862502e-03
  5.5534998e-04
 -1.1716125e-03
 -1.5306395e-03
 -8.5359514e-03
  7.8119710e-03
  1.8419953e-03
 -2.6801475e-03
 -3.6913874e-03
 -6.8779625e-03
  2.8928125e-04
  8.1470748e-04
  4.8309811e-03
  2.4516578e-03
 -4.9425326e-03
  3.1723088e-04
 -2.0827588e-03
 -2.1185777e-03
  8.0395915e-02
 -5.5919284e-01
 -2.5333711e-03
  6.8213134e-03
  2.6781685e-03
  1.0173651e-04
 -6.9319503e-04
 -2.6003625e-03
 -4.9781315e-03
 -1.0451331e-02
  3.5042036e-03
 -1.1555506e-03
 -2.1660642e-03
  1.2507937e-03
 -1.6260089e-03
 -3.5717355e-03
  6.0046164e-05
  9.2415267e-04
  4.8124567e-03
 -8.9888193e-04
 -6.5786922e-03
  2.5712070e-03
 -7.8791576e-03
 -4.2108609e-03
  2.2180224e-04
  2.0401764e-03
 -2.3523613e-03
  2.6377477e-04
 -1.1883386e-03
 -3.0419114e-03
  2.8313734e-04
 -2.4634181e-03
  2.4246825e-03
  2.7112633e-03
 -3.5937838e-03
 -2.1346535e-04
 -4.4019890e-04
  4.9949455e-04
  3.6394945e-03
  1.9407760e-03
  2.3662834e-03
 -1.5142700e-04
 -1.2313054e-03
  6.7037198e-04
 -1.6713401e-03
 -7.6107611e-04
  1.1276216e-03
  7.7701220e-04
  2.2562637e-03
  1.8027949e-03
 -3.3229394e-04
 -3.8481499e-03
  2.5015066e-03
  2.7013116e-04
  1.7805978e-03
 -2.1422294e-03
  6.5931370e-03
  9.0395883e-03
  3.2304223e-03
  2.2004281e-04
  3.7287776e-03
  1.1566936e-02
 -5.7409857e-03
 -3.0374122e-03
  4.0308436e-04
  1.1279363e-02
 -7.0551396e-03
 -3.5437387e-03
  4.6725373e-04
 -3.9610991e-04
 -2.9982720e-04
  2.9348973e-03
  2.4386807e-03
 -1.0830904e-03
 -1.9801054e-03
 -3.4952806e-03
  3.4006285e-03
  3.3270295e-03
  4.8696804e-03
 -1.0065396e-02
 -6.5841223e-04
  2.5468469e-03
 -1.7160610e-03
 -4.3275063e-03
 -1.3945263e-03
  2.7366555e-03
 -1.6510973e-03
  2.4427376e-03
 -1.3467109e-01
 -3.2671493e-01
  2.4287185e-02
 -2.4963863e-01
  8.3991286e-04
 -7.7198230e-02
 -1.4479940e-04
 -7.6828223e-01
  2.0652411e-03
 -2.8175295e-03
  1.2029473e-02
  1.1579860e-03
  1.7105417e-03
  7.9320860e-05
  7.5262855e-05
  9.4525749e-04
 -3.6671471e-03
  2.4993673e-01
  1.5025499e-01
  8.0683874e-04
  4.3235943e-03
 -1.8190000e-02
  1.7073818e-03
  3.4624252e-01
  4.7888197e-03
  2.1992675e-03
  9.1228569e-03
 -1.3160263e-04
 -2.0060553e-03
 -2.1050351e-03
 -3.7534689e-03
  3.7444837e-03
  3.7606398e-03
  7.8892527e-04
  2.5064009e-03
 -1.5715952e-03
 -4.6491404e-03
 -3.9374591e-03
  9.1198157e-04
 -6.5302229e-06
  3.3323970e-03
 -1.2920068e-03
 -8.8647299e-04
  2.6241359e-03
 -1.6202409e+00
 -1.3308758e+00
  4.2178690e-01
  1.0233330e+00
 -8.8908248e-02
 -3.7647155e-01
 -3.0104640e-01
  1.0749080e+00
 -2.8769571e-01
 -2.4150126e-03
 -4.1278880e-02
 -5.9063286e-01
 -1.4711881e-01
  5.3865410e-02
 -2.8760859e-01
 -7.6667289e-05
 -1.8142235e-02
 -2.9574159e-01
  2.3297573e-02
 -4.2824528e-01
  1.9453827e-01
  2.1529414e-01
 -4.4746492e-03
  8.5141486e-01
  7.9863809e-02
 -5.7988095e-01
  3.2213022e-04
  3.6670335e-02
  3.6865672e-01
  4.5615143e-01
 -3.2286921e-01
  1.0964307e-01
 -3.0739210e-03
 -2.1592365e-01
 -6.0863253e-02
 -3.5370253e-03
 -3.0687186e-01
 -1.0174033e-03
  6.3360684e-02
 -9.8840063e-03
 -7.9273274e-03
  3.0743009e-03
  3.8764597e-04
  1.6680640e-01
  1.7323527e-01
 -5.3872448e-01
  5.6339455e-01
  7.1725011e-01
 -6.2120058e-02
  2.1361525e-01
  1.8344609e+00
  8.8271014e-02
  1.7090358e+00
  5.7492714e-02
  5.7788998e-01
 -5.6520700e-03
  2.1502206e-03
 -7.5373980e-03
 -6.1086220e-01
  9.4082761e-01
 -1.1373452e-01
 -3.3398029e-01
  3.0140600e-01
 -3.6153436e-01
  2.7562526e-01
  9.7943787e-03
 -2.5479987e-01
  1.7841576e-01
  1.6482744e-01
  7.6434529e-01
  4.0446168e-01
  1.1964618e-01
  1.4296283e-01
  4.2718303e-01
  8.2153231e-03
  2.3405756e-01
  1.1046986e-01
 -4.6955859e-03
 -8.6810719e-03
  6.4832292e-02
 -2.9301710e-02
 -2.6612584e-02
 -6.4325989e-03
 -3.0865639e-01
 -1.0214783e-02
  3.9773602e-03
 -3.1108904e-04
 -3.1074340e-02
 -5.1311153e-01
  3.4961879e-01
  2.7028269e-01
 -3.8040674e-01
 -1.5669580e-01
 -2.0891675e-01
 -3.7106320e-01
  1.3781111e+00
  2.2407193e-04
 -8.9876698e-03
  2.2916557e-02
  3.2585554e-02
 -5.3838277e-03
  1.1048273e-03
 -1.2725741e-02
  9.7638644e-02
  3.2272540e-02
  5.2282077e-01
  6.5001979e-02
 -4.5432076e-03
  1.9937769e-02
  1.5065480e-03
  1.5311877e-01
  1.6314390e-01
  1.1258101e+00
  8.9366306e-03
  1.3146602e-01
  4.3448590e-02
  9.8665051e-02
 -2.6076974e-03
 -2.0051120e-01
  2.5139156e-01
  1.6972667e-02
  4.3454231e-03
 -5.3680025e-02
 -1.3782276e-03
  5.1386649e-04
 -7.3132967e-03
  1.0914730e-01
  1.5500031e-04
 -1.0419900e-02
  3.1564662e-03
 -7.8908307e-04
  6.0676417e-04
  1.5019035e+00
  2.5380192e+00
  1.1523017e+00
  8.8191676e-01
  7.2092599e-01
 -9.2107302e-01
 -1.1056423e+00
  5.6788367e-01
 -6.3883054e-01
 -7.2884423e-01
 -1.8141977e-03
  3.7034172e-01
 -1.9921244e-03
 -2.8802997e-01
 -4.6612332e-03
 -7.3990613e-01
 -4.7432452e-01
  1.5106064e-01
 -3.1721219e-02
 -5.7968580e-05
 -1.0319586e-02
  1.7177323e-02
  6.6523379e-01
 -2.3752634e-01
 -7.0290545e-05
  1.8496497e-01
  4.6187305e-01
 -2.4157155e-01
 -5.8049500e-01
 -1.3869354e-01
 -8.1513770e-02
 -1.9176205e-01
  4.1727349e-01
  1.4984000e-02
 -2.2974743e-01
 -1.3843061e-01
  2.3543218e-01
  1.7762790e-02
 -1.8092203e-01
  1.7725271e-01
  4.6380487e-04
 -1.3369273e-03
  5.5837319e-03
  9.5235780e-03
  2.0227676e-04
 -1.3015522e-01
 -1.0613866e-01
 -1.6959088e-01
 -8.7940894e-02
  1.3938433e-01
  2.4405900e-02
 -3.3868456e-04
  8.1326693e-02
  9.2173424e-03
 -2.0900035e-02
 -6.1225664e-02
 -4.6721497e-03
 -3.2811746e-02
 -4.3371983e-05
 -1.0709995e-03
 -7.4722558e-02
 -1.7195894e-01
 -5.0214562e-03
 -1.6360083e-03
 -3.7264468e-03
  3.8507727e-03
 -6.1092943e-02
 -9.8465003e-02
 -8.4742226e-02
 -8.8965036e-03
 -9.0524331e-02
 -9.8594064e-03
 -2.7325060e-04
  1.0908303e-01
 -8.9586265e-03
 -1.9637406e-01
  4.0267382e-04
  1.0298527e-03
 -3.9422780e-04
 -4.2623044e-03
  1.4468298e-03
  1.9969184e-02
 -3.3027894e-04
 -1.4598290e-03
  5.6685759e-03
 -4.6782810e-03
  5.8030651e-04
 -5.7531246e-03
  3.4625551e-01
 -4.9205798e-01
  1.9477444e+00
 -9.6554130e-02
 -2.7748415e-01
  5.3491676e-01
 -5.1731157e-01
  2.0461269e-02
  7.4691218e-01
  1.2190318e-03
 -5.0504986e-02
 -4.6903369e-01
  6.7747541e-02
  9.8532706e-02
 -4.9871258e-02
  4.6903072e-03
 -1.0877314e-01
 -3.5378969e-01
  4.6976781e-01
  4.6575446e-02
  8.8832207e-04
 -9.8272332e-04
 -9.8797524e-01
  2.3000430e-01
  1.4856848e-01
  1.4533836e-01
  3.6424011e-02
 -2.6261476e-01
 -2.7782276e-02
  8.0284315e-01
 -4.0654261e-03
 -5.7373699e-03
  5.1765758e-01
 -2.0642967e-03
 -8.1737217e-04
 -7.0086233e-03
  4.2622210e-03
  1.7381221e-01
 -2.4922112e-01
 -3.0408141e-03
  4.4881497e-03
  2.4377252e-05
 -3.9176717e-03
  2.5518876e-02
  1.6430903e-03
  6.0914662e-03
 -1.0803723e-03
 -2.6854351e-03
  1.0238350e-03
 -3.3472069e-03
  9.3888957e-03
  8.1740692e-03
 -5.4205689e-03
 -1.6443224e-03
 -2.6853741e-03
  3.3639208e-04
  1.2311123e-03
 -1.1076675e-03
  4.8179401e-04
  2.0521178e-03
  8.5728354e-04
  1.8899643e-03
 -1.2610240e-03
  1.1148673e-03
  3.1565533e-03
  6.8939580e-03
  2.7665943e-03
  2.8709840e-02
  2.1720252e-03
 -1.0353040e-02
  5.6816221e-05
 -1.0648767e-03
 -1.6621325e-02
  3.9177790e-04
  8.0706866e-04
  5.5647260e-03
  3.8849937e-03
  1.4564723e-03
  7.1064680e-04
  2.7987000e-05
 -5.7669939e-05
 -3.8684693e-03
 -9.3959982e-04
 -1.5496170e-03
  1.6329701e-03
  6.0089130e-04
 -1.0876558e-03
 -1.8776786e-03
 -6.9558382e-01
  8.0547458e-01
  1.2065920e-03
  1.7769434e-01
  1.9451791e-01
 -1.7841347e-01
 -1.2375361e+00
 -1.9215811e-03
  5.8548343e-03
 -1.5717229e-03
  1.1193322e-03
  7.0874564e-02
 -1.0656904e-02
  1.1385246e-03
  1.0383478e-03
  3.7363830e-03
  4.5091268e-03
  2.6805902e-01
 -1.5594098e-03
  8.7344646e-04
  7.6830573e-03
  1.4233592e-03
  3.2855265e-02
  5.2339525e-04
  4.4107372e-03
 -6.9413014e-05
 -2.0599742e-03
 -3.0708010e-03
 -2.1292728e-03
  8.7896129e-03
 -1.2396552e-03
  3.4713272e-02
  3.3788213e-03
  3.0206080e-04
  5.3084735e-03
  4.1370871e-03
  3.3626449e-03
 -6.7891565e-04
  1.5562470e-03
 -1.8984495e-03
 -2.3443855e-03
  2.7055268e-03
  9.7337621e-04
 -4.3603312e-03
 -4.7432445e-04
  6.0524727e-04
 -2.5739248e-03
  4.2904122e-03
  1.7988560e-03
  8.7656975e-03
 -1.7297197e-03
  2.1081991e-02
  2.6088916e-03
  1.3001473e-03
  3.6659376e-03
  1.5400148e-03
 -1.9478237e-03
 -1.1713095e-03
  8.8496245e-03
 -2.4932672e-03
 -4.1257339e-03
 -1.0388724e-02
  1.9270657e-03
 -2.9462148e-03
 -4.1816821e-03
  2.0998120e-03
 -3.7685251e-03
 -3.8189627e-03
 -1.5110436e-03
  1.5756293e-03
  3.7109663e-04
  3.6027140e-03
 -1.4096851e-03
  1.6373182e-03
 -3.0685138e-04
  9.1159157e-04
 -1.9357470e-04
 -1.7017897e-02
  1.5958869e-03
 -9.3144947e-05
 -3.5802546e-04
  1.2215090e-03
 -2.3978599e-04
 -5.2968139e-04
 -1.9466317e-03
 -2.1633375e-03
 -2.0593363e-03
  6.5214266e-03
  9.8150689e-03
 -8.5007244e-01
  4.0908880e-03
  3.0825087e-03
  1.8693556e-03
 -2.7731557e-03
 -5.5964127e-02
 -2.2439443e-04
 -5.0064409e-05
  4.0565045e-03
 -4.0232586e-03
 -1.5681060e-03
  6.0463964e-04
 -3.8169720e-03
  1.9165257e-04
 -6.3169084e-04
  7.4749370e-03
 -3.2832107e-04
 -2.7624331e-04
  6.1133793e-03
  3.8298001e-03
  5.3428216e-03
  2.9221266e-03
  1.2843721e-03
  1.7361084e-03
  4.2205830e-03
  1.9602890e-03
 -1.3312157e-03
 -2.3185364e-03
 -4.4075558e-03
 -3.1917710e-03
 -2.1206513e-03
 -2.8786648e-03
 -5.9200251e-03
  6.6085218e-04
 -3.8989333e-03
 -8.9215522e-05
  7.9610408e-04
  1.9305714e-03
 -1.5165755e-03
 -4.3028414e-02
  2.5931880e-04
  1.5927601e-04
  1.6826871e-03
 -7.4322246e-02
 -2.8905353e-01
 -4.3294192e-03
  4.1942310e-01
  2.9915896e-01
  3.2760018e-01
 -1.7060830e-01
 -6.1683691e-01
  5.7089333e-03
  2.7981650e-03
 -5.8197457e-01
 -9.3960941e-01
  1.0598552e-02
  1.8321961e-01
  6.7997928e-05
 -2.5342798e-01
 -1.6054845e-01
 -2.3510218e+00
 -3.5089785e-01
  2.8331473e-05
 -7.8189507e-02
 -2.7406537e-03
 -3.0981084e-02
  6.5710324e-01
 -1.0794940e+00
 -8.3502102e-01
 -6.6293076e-02
 -1.9927561e-02
 -4.0993851e-02
 -1.4833311e+00
  1.2308519e-01
 -6.5370068e-02
 -9.4431251e-01
 -3.2592318e-03
 -2.9500010e-03
  1.3279301e-03
 -2.6795689e-02
  2.7697548e-01
 -2.7535981e-01
 -2.4031557e-03
  2.5043903e-02
  6.4427936e-03
  4.3244222e-03
  2.1703055e-03
 -6.2034070e-04
  8.8477638e-03
  3.6923666e-04
  3.3027648e-03
  9.3418639e-04
 -8.9043699e-04
 -4.7085271e-04
 -9.2460203e-04
  1.1689160e-03
  3.9994693e-03
 -8.7097834e-04
  1.6008236e-03
  6.1707944e-04
 -5.2549137e-04
  3.6896474e-03
  3.8841550e-04
  1.6739936e+00
 -1.1203659e-03
 -1.0695099e-03
  1.4057853e-03
  3.3731007e-03
 -1.1975027e-03
 -2.5972798e-03
  2.1290949e-03
 -1.0308881e-03
 -5.3735869e-03
  2.5907292e-03
 -1.2275862e-04
 -2.4098117e-04
 -1.4951502e-03
  3.8108057e-03
  3.6440673e-04
  1.9919693e-03
  2.5905313e-03
 -1.9163872e-03
  1.2143049e-02
 -1.8449844e-01
 -3.6097551e-03
 -4.3626240e-04
  1.8135756e-03
 -8.2072034e-04
  3.3120413e-03
  6.2020854e-03
  7.7809510e-03
  5.3814176e-04
  6.3787229e-02
 -9.5755095e-03
 -8.3963878e-02
  4.2897635e-03
  5.4142135e-04
 -8.7978027e-05
 -4.1049281e-03
 -1.2627009e-03
  9.0563996e-03
  4.0783202e-03
  5.8517428e-03
  4.0291743e-03
  1.3624635e-03
  3.1798624e-04
 -7.1358477e-04
 -2.5673001e-03
 -2.6213340e-03
  1.4201453e-03
  2.0467262e-03
 -2.2239301e-03
  9.7608507e-05
  8.2119659e-04
 -1.0775123e-03
 -1.1219392e-03
 -4.1514263e-03
  8.2653022e-04
 -4.8910710e-03
 -1.4768159e-03
  1.4600380e-03
  7.7469007e-04
 -2.7438074e-03
  5.8649518e-03
  2.3754237e-03
  4.2566154e-03
  2.8452561e-03
 -2.6293655e-03
  9.0507593e-04
  1.9131968e-03
  2.6000536e-04
  3.0411799e-03
 -2.3373044e-03
 -3.8001377e-02
 -9.9144531e-03
 -8.2397403e-04
  9.0367663e-01
 -2.1942131e-02
  3.0747437e-01
  3.5509199e-01
  1.2952480e-01
  8.8129854e-01
 -1.6680591e-01
 -8.5800147e-04
  1.0291357e-02
  1.1659163e-03
  1.4040748e-03
  1.2457751e-02
 -1.1460506e-03
 -2.6338505e-02
  3.1827319e-02
 -1.9701743e-03
 -1.8832834e-03
  5.2093449e-03
 -1.0965591e-02
  6.2187109e-03
  5.4396666e-04
 -1.9024943e-01
  4.2099223e-02
 -3.9052821e-04
 -1.0958809e-03
  4.3316931e-04
  3.0194530e-02
  8.3314441e-04
 -4.3261668e-04
 -2.0616176e-03
  7.9887854e-03
  1.8447527e-04
 -1.2353281e-03
  1.0498747e-02
 -3.0020378e-03
 -6.4332219e-04
  1.6690872e-03
  1.0834106e-03
  1.3069798e-03
  1.2728471e-03
 -9.7833760e-04
  2.8116277e-03
 -8.7725604e-04
  5.6575576e-05
 -5.4060802e-05
  5.8634849e-03
 -1.3713003e-03
  8.7656651e-04
 -3.1670851e-03
  7.0852330e-03
  2.7393177e-03
 -9.2980126e-03
  2.9078433e-03
  6.3957833e-04
  6.8999408e-04
  3.3835514e-04
 -1.2187683e-04
 -2.8895666e-03
  3.0545524e-04
  3.3515939e-03
  5.4551655e-04
 -5.3584960e-04
 -5.2036764e-03
 -1.0555781e-03
 -2.8535270e-04
  2.8382747e-03
 -6.9109867e-03
 -4.2112404e-03
 -9.1839756e-05
 -3.4563965e-03
 -2.5059935e-03
 -7.6237801e-03
 -3.5934481e-03
  4.5292596e-03
  6.4609363e-04
 -1.6311748e-03
  2.2322079e-03
  1.2584397e-03
 -4.9783243e-03
  4.2783329e-01
 -4.7994875e-03
  5.7134195e-04
  6.1571109e-04
 -5.9336014e-03
 -6.3427980e-04
  9.4282563e-04
 -3.5363669e-03
  6.9121906e-04
 -6.7522313e-04
  6.8961369e-04
 -2.6584743e-03
 -1.6724286e-03
 -4.0433253e-03
  2.0538336e-04
  1.1307412e-03
 -1.5257720e-03
  2.0883412e-03
 -1.4979879e-03
 -9.0024393e-04
 -1.1568449e-03
 -9.2312479e-03
 -2.6534410e-04
 -3.3126487e-03
  1.9413198e-03
  1.3874116e-03
  7.4363285e-04
 -1.5844559e-04
  3.2248106e-03
  1.7092651e-03
 -3.5342020e-03
  7.0306566e-04
  8.6988276e-04
 -1.6247239e-03
 -7.9729164e-04
 -4.6351561e-03
 -9.7722933e-03
 -2.1906204e-03
  4.6824524e-04
 -4.2895558e-03
  1.5700213e-03
 -4.1904859e-03
  1.4834790e-03
 -3.7755549e-04
  2.5872455e-04
  1.9209939e-03
 -1.1476972e-03
  1.3473581e-03
 -9.4347377e-04
 -2.6181224e-05
 -2.3059712e-03
 -1.7704095e-03
 -1.9751238e-02
 -8.3245885e-01
 -2.3289709e-03
  9.4941519e-02
  3.2551748e-01
 -1.7838423e-03
 -2.6405090e-01
 -4.5793083e-02
 -5.2590959e-04
 -2.3223489e-05
  1.9843054e-03
  2.9965930e-03
  1.7504359e-03
 -9.7173854e-04
  1.4877907e-03
 -4.1876550e-04
 -2.7684314e-04
  6.6215559e-03
  1.6383852e-03
 -3.0772858e-03
  4.5441766e-04
 -2.9164436e-03
 -3.4152386e-03
  4.8193643e-03
 -9.9082512e-04
  5.6783936e-04
  4.3105981e-03
  2.8397622e-02
  3.9129547e-04
  1.2073839e-03
  2.5557387e-03
  3.0533310e-03
  1.3420284e-01
  3.6582451e-03
  1.7585943e-03
  2.7719126e-03
  5.0391061e-03
  7.6517271e-04
 -1.9185914e-04
 -3.4477606e-03
  3.4535187e-04
 -3.0242413e-04
  6.6026160e-03
 -2.4493383e-03
  1.4371031e-02
 -1.0022569e+00
 -3.1035024e-04
  1.0294141e-04
 -7.7527789e-03
 -1.5844466e-02
 -5.5957720e-02
  5.9299361e-02
  3.8503499e-03
 -3.3464413e-03
 -7.2106486e-03
  9.9945045e-04
  9.0569188e-04
  2.8945813e-03
  1.3947304e-04
 -5.0407681e-03
 -1.1082659e-03
 -5.1422333e-03
  6.6755479e-04
  4.5932592e-03
  4.4929533e-04
  1.5458646e-03
  1.5570907e-02
 -2.9334205e-03
  1.5745021e-03
 -8.2113111e-04
 -1.9691302e-05
 -3.8340550e-03
 -3.8069123e-03
  4.6337256e-05
 -2.1993770e-04
 -1.4321128e-03
 -8.2455911e-03
  1.1888513e-03
 -4.5769634e-03
 -7.8673661e-03
  2.1010539e-03
  1.9499568e-03
  1.4395110e-04
  1.4638542e-03
 -2.8930914e-03
 -4.1133808e-03
 -8.9421228e-04
  6.3003665e-03
  5.3989893e-01
  6.3907325e-02
 -1.6042314e-01
 -1.2470412e-01
 -5.4834163e-01
 -1.4256182e-01
 -4.6854898e-01
 -1.4046262e-01
  1.0817294e-03
  2.7214813e-01
 -3.7075350e-01
 -2.3568535e-01
  4.2741507e-01
 -2.6444596e-01
  6.6061154e-02
 -1.0817840e-01
 -5.5808562e-01
 -4.7771774e-02
 -2.7420801e-01
 -2.1868397e-02
 -1.3314374e-01
 -2.9420544e-04
 -2.7689509e-02
  8.9022353e-02
 -4.1145790e-01
 -1.2756044e-01
 -4.5423809e-01
 -3.7751134e-02
  8.1494357e-03
  1.1108136e-01
 -3.7861407e-01
 -7.7901828e-01
 -3.9129058e-01
 -6.3109420e-02
  3.4772381e-02
 -9.8840743e-02
 -1.8765811e-02
  7.1830553e-01
  2.1232951e-01
  1.9853101e-03
  6.0951704e-01
 -1.8619828e-01
  1.2582415e-01
  1.9814679e-02
 -1.4979972e+00
 -6.7558300e-01
 -1.2226006e+00
  6.1365294e-01
 -2.7710241e-01
  1.7492723e-02
  7.4167870e-02
  1.0726916e+00
 -1.3739673e-02
  5.9805531e-02
  4.9199462e-02
 -5.1209027e-01
  2.5387225e-01
  1.0162828e-02
  3.0252117e-01
 -7.1377754e-02
 -2.7916697e-01
 -2.2119924e-03
 -1.4699066e-01
  2.1434087e-01
 -1.2328932e-01
  9.2642792e-03
  1.1184113e-01
  2.1269226e-01
 -1.7879544e-01
  7.9336041e-01
 -6.5426104e-02
 -7.5172357e-02
 -3.8052860e-01
  2.7581084e-01
  4.6409741e-01
 -1.7574577e-01
 -2.1752430e-02
  9.9858327e-04
  1.7623550e-01
 -6.5548889e-02
  8.8610739e-01
  3.3527404e-02
 -4.0626593e-02
  4.5054773e-04
 -1.3527385e-03
 -1.1103787e-02
 -1.6215874e-03
 -1.3886832e-01
  1.5688497e+00
  2.3012207e-01
  2.5452113e-02
  2.3974465e-02
  4.4685759e-02
 -4.7596753e-02
 -4.4338588e-02
  6.9437851e-03
  4.5748259e-04
  4.0357048e-04
  2.1176785e-03
  1.4582261e-03
 -7.2378544e-03
  1.0526419e-03
 -9.9824900e-03
 -1.5771815e-03
  1.8911086e-02
 -2.5710568e-03
  4.0002204e-03
 -2.1690063e-03
  5.9189093e-03
 -1.0352127e-01
  9.0746824e-03
  1.1637127e-02
  6.7656666e-02
  1.2138315e-02
 -2.4383233e-03
 -8.0544385e-04
 -3.2072035e-03
  3.7142318e-02
  5.2759814e-04
  4.0107686e-03
 -4.2999680e-03
  2.3276047e-03
 -1.6027021e-03
  3.3460883e-03
 -6.0343195e-04
 -1.0528590e-03
 -5.2284570e-03
 -4.3217838e-03
  2.7332075e-03
 -2.8218115e-03
  6.1828727e-03
 -5.0694513e-04
  9.2962908e-04
  2.5053120e-01
 -4.7836697e-04
  6.7619786e-02
 -1.6055063e-03
 -2.2478234e-03
  3.5910842e-01
  1.7678068e-03
 -4.6112551e-04
 -1.9398306e-03
  9.0471469e-03
  4.3423185e-03
  1.8204222e-03
  2.7002060e-04
  4.2241095e-03
  3.7120434e-03
 -2.7289903e-03
  4.7767949e-03
 -4.9609016e-04
 -7.9700712e-04
  1.1316466e-03
  3.1368549e-03
  1.6381557e-03
  8.8307093e-04
 -1.4190669e-03
 -3.4752322e-04
  1.2404585e-04
 -2.9492415e-03
 -1.1929584e-04
 -2.0165788e-03
 -7.8290924e-03
  5.7591069e-03
 -1.4005780e-03
 -1.2855103e-03
 -1.6552688e-03
 -4.7839452e-03
 -5.0375201e-03
  6.5084599e-04
 -1.6101677e-03
 -1.4505141e-03
  1.9996136e-03
  6.3042599e-04
 -5.4922798e-03
  1.9406932e-03
 -1.3535237e-03
  2.3041006e-02
 -3.5063170e-03
 -7.1901572e-03
 -6.0643665e-03
  3.3459968e-03
  6.4382139e-03
  2.7659747e-03
  3.3098827e-03
  4.7362540e-03
 -4.9252500e-04
  2.5181561e-03
  9.0090593e-04
 -1.7370921e-04
 -8.8386203e-04
 -1.6543376e-03
 -3.4981431e-04
 -1.2998557e-02
 -1.0536362e-03
 -3.8633078e-01
 -3.8887204e-03
 -9.2714914e-04
 -1.8604839e-03
  1.6877562e-04
 -7.2861533e-04
  4.6014283e-03
  6.3007523e-04
 -4.6294080e-03
  9.0082764e-04
  1.8202310e-03
 -5.4075033e-04
  4.2736186e-03
 -3.8904259e-03
 -1.0429470e-02
  1.9906939e-03
  3.1340106e-03
 -4.2054628e-04
 -5.8164839e-03
  4.4081006e-03
  3.3222389e-01
 -2.0673655e-03
 -2.2890777e-03
  1.5263722e-03
  6.6894118e-04
 -3.1210454e-03
 -3.8558178e-04
 -5.0352089e-04
  1.3494916e-03
  1.8213703e-03
 -1.2867741e-03
 -6.5534490e-01
  8.7051385e-04
  2.9099693e-03
 -4.0124669e-03
 -1.3451315e-03
 -3.5348525e-03
 -1.8069482e-03
  3.0034181e-04
 -1.9614876e-04
  5.8766855e-03
 -4.6566129e-06
 -3.3724597e-03
  2.7636690e-03
 -6.8371934e-03
  7.5888135e-03
 -5.6069740e-04
  4.3233093e-03
 -4.6268832e-03
  6.1082346e-03
 -1.7432671e-03
  2.6960352e-03
  2.2161549e-03
 -7.1081781e-04
  7.9689592e-02
  2.6446939e-04
  5.3410344e-03
  2.3186228e-03
  3.4494037e-03
 -9.4603226e-03
  1.2105379e-03
 -2.5005355e-03
 -2.9255387e-03
  6.7891122e-04
  6.9727353e-04
  4.1756406e-04
  1.6641353e-03
  5.4150079e-03
 -9.6766474e-03
  4.9672112e-02
  8.7902032e-02
  2.1725421e-01
  9.3796097e-02
  3.3870617e-01
 -3.9609358e-02
 -8.0236457e-02
  3.0264711e-02
  2.0580645e-01
 -2.6719826e-03
  4.5369444e-03
  3.2318109e-03
 -1.2465747e-01
  5.4519538e-02
 -7.8724682e-02
  2.6242611e-01
  1.0355686e-01
  1.0680944e-01
  3.4967128e-02
 -7.9869986e-02
  5.8550250e-02
 -1.3491375e-03
 -3.2477129e-01
  4.0741157e-02
  1.8935962e-01
  3.9752039e-01
  1.9024056e-01
  4.1095186e-02
 -4.0711924e-03
 -3.2930199e-02
  2.2241424e-05
  3.3946869e-01
 -9.2252754e-02
 -5.0696046e-03
 -1.6330192e-02
  1.4101747e-01
 -2.6963543e-02
 -1.1256900e-01
  3.3405693e-03
 -2.8438016e-04
 -1.3323876e-03
  4.6129152e-03
 -3.1411372e-02
  1.9347579e-03
 -1.0716806e-03
 -4.0646395e-05
 -3.9563025e-03
 -3.8328457e-05
 -1.8380745e-03
 -6.6215401e-03
 -6.1877281e-04
  3.2861973e-04
 -9.4907610e-03
  6.2272255e-04
 -5.1863689e-04
  1.4856481e-03
 -1.3878853e-03
 -2.9412180e-03
 -7.0620943e-03
  1.3179928e-03
  1.9872194e-04
 -5.6864694e-05
  9.4531644e-03
  1.7775178e-03
 -3.6500464e-04
 -1.1643673e-03
  6.4120921e-03
  3.1550832e-03
  5.6086492e-04
  2.3248801e-03
  3.9104646e-04
 -1.7519901e-03
  7.7315827e-04
 -1.7809975e-03
 -9.4130868e-04
  2.8513842e-03
 -1.7589191e-04
 -2.6045176e-03
  2.6211063e-03
 -8.3749350e-03
  8.6383091e-04
  3.3580798e-03
 -1.1113959e-03
  2.5365278e-03
 -3.0022007e-03
 -6.0903747e-03
 -2.2222963e-04
 -5.1811207e-03
 -1.0716822e-02
  5.3124797e-01
  2.2882998e-03
  5.9312712e-03
 -3.0075243e-01
  3.8784962e-02
  1.3381469e-01
 -9.4869845e-02
 -9.5518358e-04
 -4.6646287e-04
  4.6179225e-03
  5.8603771e-03
 -1.4654135e-02
  1.7735724e-03
 -4.3431665e-03
  4.3993387e-03
  2.9503806e-03
  4.0906906e-02
  2.2514704e-04
  6.9781515e-04
  7.8233861e-04
 -1.7845336e-03
 -8.7973051e-02
 -3.1684285e-03
 -4.7059394e-03
 -9.4653881e-04
 -1.1231797e-03
  5.1742769e-05
 -6.5239668e-03
 -1.2466611e-03
  1.9864992e-03
  1.7207317e-04
  1.5195177e-03
 -4.8172730e-04
 -1.5245535e-04
 -4.8582633e-03
  7.1102637e-04
  3.2716074e-05
 -3.0028733e-04
  7.2644587e-04
 -2.6568617e-03
  2.8484331e-03
 -1.2626400e-04
  1.3755205e-03
 -1.6412265e-03
 -6.8702720e-02
  1.7046824e-03
  5.3727990e-03
 -2.8000344e-03
 -2.2785196e-03
 -1.5036641e-02
 -2.7400788e-03
 -4.5225108e-03
  5.2582757e-03
  7.9174584e-04
  1.6315992e-03
  1.0857689e-03
 -8.0460846e-02
  1.0264270e-03
  2.0940034e-03
 -1.2784516e-03
  1.2349011e-03
  2.7704258e-03
  1.4531766e-03
  9.9996990e-04
 -1.4880442e-03
 -6.1253260e-04
  8.8148238e-04
  9.2452631e-04
  8.0289962e-03
 -7.2444353e-04
  4.5286969e-04
 -4.6745650e-03
 -2.6720003e-03
 -5.3283304e-04
  8.1961239e-03
  6.6045142e-04
 -5.6815735e-04
  3.5107060e-04
  3.9194550e-04
  8.3023182e-04
 -1.9818801e-04
 -1.2242264e-03
 -4.2771143e-03
  2.6564079e-03
  1.4160788e-03
  1.3115585e-03
 -6.3852430e-04
 -1.4649197e-01
  6.3808835e-01
  6.2373611e-03
 -1.5864497e-01
  1.2676978e+00
 -1.1745939e-03
  1.2394689e-02
  3.7662685e-01
 -6.8757367e-01
  1.9695008e-01
 -2.0267642e-01
 -9.2764157e-01
  2.7162221e-01
 -4.5854837e-01
  1.6832373e-01
 -5.0147712e-01
 -1.2409602e+00
 -1.4183269e+00
 -1.8656604e-01
  5.5383146e-02
 -3.0926084e-02
 -1.5621297e-03
  2.4917631e-01
  1.9744118e+00
 -9.3895614e-01
 -9.3729079e-01
 -9.0521091e-01
 -1.3449863e-01
 -4.0966246e-01
 -7.5708680e-02
  1.2494562e-01
 -5.9691334e-01
 -8.4868483e-02
 -3.2377376e-03
  6.1975862e-03
 -9.8588848e-03
  2.8500957e-03
 -8.0603427e-01
  5.8946793e-05
 -5.7092613e-05
  3.3263743e-03
 -1.0702937e-02
  1.6516851e-02
 -1.8961942e-02
 -1.2204350e-01
 -4.7678265e-01
  3.1795847e-01
 -3.6595935e-01
 -7.5124472e-04
 -1.7772242e-01
 -5.6292113e-02
 -1.2488028e-02
 -2.5748042e-03
 -2.5480855e-03
  2.0378176e-03
  9.2416011e-02
  2.6155508e-04
  1.6275332e-03
  9.8515360e-04
  7.3537095e-03
 -5.9403596e-03
  8.7993860e-02
  4.0821014e-03
  3.5324560e-03
  3.0812244e-03
 -6.1750882e-03
  2.2048047e-03
  1.6090585e-01
  1.2998043e-01
  1.1622127e-03
  9.5194662e-03
  6.1519109e-03
 -6.3842989e-04
 -6.7637824e-03
 -3.0811732e-03
  8.9824693e-03
  7.0654061e-03
 -4.4499093e-04
 -2.2216227e-03
  2.4711095e-02
 -1.2853468e-02
 -1.4102490e-01
  6.1922409e-03
  7.0313795e-04
  1.0605474e-03
  3.1908127e-03
 -1.0618271e-02
 -3.5378393e-03
  8.8868872e-04
  7.9187267e-02
 -2.3298839e-03
  1.2305967e-02
 -4.0263738e-03
  2.5630998e-03
  4.9872972e-02
 -5.7548680e-04
 -3.0974497e-04
  2.7060029e-03
 -8.8635361e-04
  5.9504167e-04
 -6.2767644e-03
  2.8082051e-03
 -7.5687584e-04
 -5.0388058e-03
  2.5495219e-03
 -1.1911613e-02
 -1.3511516e-03
  1.9793415e-03
  2.0693333e-04
 -3.7581369e-03
  2.5551096e-01
 -8.0859679e-04
 -7.1049196e-04
 -4.9317442e-04
  7.6421449e-05
  2.0173325e-03
  1.0778892e-03
 -3.3977493e-03
 -2.8319794e-03
 -2.8819861e-03
 -1.2227148e-03
 -1.2609364e-03
  2.4510315e-05
 -8.0759190e-03
 -1.1391244e-03
  7.7994511e-05
  2.8218422e-03
  1.9478912e-03
  2.6822540e-03
 -5.6572990e-03
 -4.5216773e-03
 -8.9720711e-03
 -4.2074838e-01
 -1.2085397e+00
  5.3791219e-01
  2.5097013e-01
  1.0134033e-01
  3.8601124e-01
  1.2157731e+00
 -1.4345936e+00
  4.8012567e-01
  1.1391100e-03
 -1.6610734e-03
 -1.8830365e-01
 -6.7111459e-03
 -1.4450836e-02
 -4.9041759e-05
 -7.5066827e-02
  3.5058957e-01
  6.8483216e-01
  5.3680349e-02
  9.3817808e-02
 -4.7941362e-03
 -2.0937023e-01
  4.4522473e-01
 -3.8974795e-02
 -6.6993915e-02
  2.1116823e-01
 -5.3080022e-03
  1.4313163e-01
 -4.6298051e-01
  2.6049488e-03
  1.0482438e+00
 -7.4496225e-04
 -3.7226984e-03
 -1.0626286e-02
  1.3535772e-04
  3.7668318e-01
  1.6053166e-03
 -2.7744299e-01
  4.2346492e-04
 -4.8200358e-03
 -5.7954220e-03
 -6.4011215e-04
 -1.7334523e-03
 -8.5406594e-02
  8.1384191e-03
  1.3472949e-03
  1.3552508e-03
  4.6677094e-02
 -3.7603800e-03
  5.2671125e-03
 -3.2699322e-03
 -6.2350577e-05
  3.7675055e-03
 -4.8776570e-04
 -9.7179055e-01
  6.4255227e-03
 -2.4727847e-02
  1.0592407e-03
 -1.6257292e-01
 -5.5170345e-01
 -3.8678426e-02
 -6.8899575e-03
 -1.5845842e+00
  2.0023096e-01
  1.1573367e+00
 -1.8235521e-01
 -7.5811462e-04
  3.8272358e-02
  1.3630963e-03
  1.2463561e-01
 -3.4421820e-03
  6.7061624e-03
 -2.1179523e+00
 -4.6526184e-03
  1.1784871e-02
 -1.0485624e-01
  3.5582269e-03
  4.5565981e-03
  1.2114393e-03
  2.2452861e-02
 -5.6035012e-01
 -5.8957981e-03
 -1.4115257e+00
 -2.9538867e-01
 -2.5741558e-03
  4.6406203e-05
 -7.2162801e-01
 -6.5708719e-04
 -1.3683728e-02
  2.0120305e-04
  1.7435336e-02
 -3.9660349e-01
 -2.0388297e-03
  9.3903321e-01
 -8.7231971e-02
  5.0087556e-02
  1.1884314e-03
 -8.0808449e-01
  1.2332881e-02
 -5.8094572e-02
  6.6898689e-02
 -6.7234479e-02
  2.5560344e-02
 -2.3804570e-03
 -4.0585199e-01
 -1.3039637e-02
  2.4615344e-01
 -8.0700891e-05
  3.5721990e-01
 -3.5439279e-02
  2.2634501e-03
  9.1403559e-02
  3.7464342e-01
  3.7080276e-01
  1.9273931e-01
 -8.9250451e-01
 -2.3656420e-01
 -3.5793912e-01
 -2.2229259e-03
  1.2054738e-01
  1.5521224e-02
 -2.5234464e-01
 -1.9002642e-01
 -5.1534125e-03
 -5.2985255e-02
  1.0855628e+00
  2.2365633e-02
  2.9028911e-02
  5.3054011e-01
 -3.2602838e-01
 -8.1140202e-01
 -5.7677424e-01
  1.4842696e-01
  1.9427595e-01
 -5.8343008e-02
  5.0842199e-02
  5.1262051e-01
  2.4032751e-02
  3.5762441e-01
  5.4752670e-02
 -3.7145263e-01
  1.7753100e-01
 -5.9027564e-02
  3.5011843e-01
  4.7656828e-01
  4.1785529e-01
  2.2472328e-01
 -2.6980534e-01
  2.7116551e-03
  8.0162454e-03
  3.7368813e-01
  3.4339529e-01
  2.4511945e-01
 -2.2482591e-02
  2.8545095e-05
 -1.2710261e-01
  1.1210441e-01
 -4.1899520e-01
  2.6999015e-01
 -7.3179208e-02
 -1.0722958e-03
  2.1412744e-01
 -1.0737820e-01
 -3.8268092e-01
 -3.2400358e-01
 -3.8040205e-04
 -9.2000589e-02
  7.9006724e-02
  6.4397473e-03
 -2.6710266e-03
  3.1438574e-01
  6.5445774e-03
  3.6177540e-01
  2.6083484e-01
 -1.6320070e-02
 -4.3013333e-03
 -1.4570306e-01
  1.8759325e-01
  3.2582395e-03
 -2.1395381e-01
 -2.2232132e-02
  1.1656764e-03
 -1.8451457e-01
 -6.3842558e-03
  1.7756242e-02
 -1.1987548e+00
  4.1851001e-03
 -9.2432369e-04
 -8.6221141e-01
 -7.2643316e-01
 -1.0653222e+00
  5.9920084e-01
  8.6377516e-02
  2.3114443e-02
 -2.4608202e-01
  9.4323186e-05
  5.3059645e-03
 -4.5389760e-02
  2.1230744e-03
 -4.2398912e-03
  3.1312592e-02
 -1.3529276e-03
 -1.3280822e-01
 -2.2014847e-01
  3.3070296e-03
  1.3522235e-01
  1.1864161e-02
 -6.7550987e-03
 -2.0073610e-04
  2.4733949e-02
 -2.2533471e-03
  1.4043998e-03
 -4.3997336e-03
 -4.7674507e-04
  5.0939166e-04
  2.2883421e-02
 -7.5358665e-03
  4.8611760e-03
  1.6612295e-02
 -1.1879547e-03
 -1.2655172e-02
  4.0215242e-04
  1.2995136e-03
 -2.4534613e-02
 -4.5388089e-03
 -3.8444214e-03
 -2.9989618e-03
 -9.2037069e-03
  7.5782160e-03
 -1.6762852e-03
  1.4684349e-02
  2.1450713e-03
 -2.9244693e-05
  1.8232936e-03
  4.9438718e-04
 -2.5211903e-03
 -4.9627894e-03
  6.7150714e-03
  3.2482531e-03
  1.0300443e-03
  4.1295338e-04
  5.0305342e-04
 -1.0868078e-02
  2.9262938e-03
 -7.2281115e-04
 -1.2316945e-02
  1.7455549e-03
 -7.5461841e-03
 -2.0322828e-03
 -1.1760055e-03
  4.5418241e-03
 -1.7164603e-03
 -9.5633825e-04
  3.1133001e-03
  3.7929816e-03
  2.7292215e-03
 -1.6758597e-03
  3.9252760e-03
  1.4702028e-03
 -1.4261900e-03
  8.3537726e-03
  2.0157695e-03
 -9.2203624e-04
 -2.4310203e-04
 -1.0306924e-02
  5.4905917e-03
  2.4161451e-03
  1.6353312e-03
 -1.3183813e-04
  2.4939743e-03
 -2.7720330e-03
 -1.1721345e-03
 -3.0546084e-03
  3.0958599e-03
  6.7636054e-03
 -9.7888871e-04
 -1.4557636e-01
 -6.0585725e-01
  4.8988226e-01
  1.0627683e-01
  5.4971494e-02
 -3.3840188e-01
 -1.0917393e-01
 -9.2187457e-02
 -4.9274381e-02
 -4.6847516e-01
 -1.8948545e-03
 -1.3064104e-01
  2.0413546e-01
  3.6677057e-01
  2.4337178e-02
  8.8096671e-02
  3.6798686e-02
 -6.3226360e-01
  3.6005762e-01
 -1.6755901e-01
  3.0911550e-01
  2.0749734e-01
  6.0971837e-02
  2.4493569e-01
 -2.4381112e-03
  7.1923630e-03
  1.8130590e-01
 -4.0037941e-02
 -4.8931581e-01
  3.8687223e-01
  1.5985760e-01
  3.7536765e-03
  4.7149349e-02
 -3.9036665e-02
  6.2115781e-02
 -6.5716696e-03
  4.4496033e-02
  4.1758087e-03
  2.6888536e-02
  9.5894389e-02
 -3.2094426e-02
  5.9500634e-04
 -1.6849652e-01
 -1.2729401e-03
 -3.8354537e-01
 -6.0812598e-01
 -6.4384627e-01
  7.9521102e-01
 -3.5170501e-01
 -9.7430277e-01
  5.2949572e-01
  1.0955637e+00
 -1.9280831e+00
  1.7835995e-03
 -4.9493043e-03
  2.6270127e-01
  5.5915242e-01
  9.2503756e-02
 -3.3683193e-01
 -1.3013621e-02
  4.8467031e-04
 -1.1639853e-02
  1.1009502e-01
 -2.3916461e-01
  1.3421262e-02
  1.6523992e-01
 -1.1861361e-02
  3.5533709e-03
  3.6941067e-04
  1.5045696e-02
  8.1040943e-03
  1.5015359e-04
 -2.5461698e+00
  1.9771920e-03
  7.5974376e-03
 -5.4307957e-04
  6.3639139e-03
 -4.3192607e-01
  9.7567518e-04
 -6.0602743e-03
 -3.4958086e-04
  3.2257393e-03
  3.7352426e-03
  1.1503072e-03
 -2.8365613e-03
 -2.5606244e-03
 -6.5318225e-03
  1.4821405e-03
 -7.5906189e-03
  2.7011437e-03
  1.6888133e-03
  1.3358420e-04
 -2.5240614e-03
 -2.6674189e-03
 -4.5851004e-01
 -3.9933166e-03
  3.2133455e-03
 -3.3280492e-04
 -6.5039238e-04
  6.2707684e-04
  1.0019209e-04
 -1.0179944e-04
  5.8098661e-04
  1.6293405e-03
  2.9720610e-04
 -5.8494322e-04
  5.3915713e-02
 -5.9172180e-03
 -6.8129576e-04
  5.2639595e-03
  2.8704740e-03
 -4.4464031e-03
  1.9359110e-02
  3.8043788e-04
 -1.4215994e-03
 -2.5305321e-04
  1.9491050e-01
 -1.5159628e-03
 -2.4409879e-03
  5.1378354e-04
 -1.9335430e-03
  1.8399555e-03
 -1.3230226e-03
  2.1459393e-03
 -4.9305540e-03
  2.6281504e-03
  8.1157940e-04
 -2.8664600e-03
  1.6480866e-03
 -2.3331330e-03
 -1.5023572e-03
 -8.1656687e-04
  1.5112114e-02
 -5.3365165e-01
 -3.0971023e-01
  1.0767222e-01
  4.5415875e-02
  8.9580320e-02
  1.7948288e-01
 -3.1221888e-04
  9.6717483e-04
  1.8300774e-02
 -2.0661961e-02
  5.4861777e-03
  2.9343938e-02
 -2.7329059e-02
 -2.0537434e-02
 -3.0774088e-03
 -1.1999384e-03
  9.3579583e-02
 -2.9528305e-02
 -2.0363678e-03
 -8.0139958e-05
  1.6622555e-03
  6.0134260e-03
 -1.8871854e-04
 -1.9342769e-03
  4.9310280e-03
  8.1412748e-02
  7.4624582e-03
  9.1551634e-04
  6.7999586e-03
 -8.5740583e-03
  2.0443127e-03
 -2.6893480e-02
 -1.1025881e+00
  4.5366790e-03
  4.9776579e-03
 -1.7630880e-03
  3.6994505e-03
  1.7110591e-03
 -2.2834805e-03
 -2.7063116e-03
 -8.3162216e-05
  3.5864075e-03
  8.9901948e-04
 -3.2502452e-03
  4.2718844e-03
  7.6599112e-03
  3.1745113e-03
  1.1325534e-03
  6.8456805e-03
 -1.8854117e-03
 -7.4524796e-03
 -4.5609307e-03
  7.3921820e-03
  1.8417523e-03
  2.0422509e-03
 -4.3544424e-04
  2.0873239e-03
 -2.9724394e-04
  2.6352198e-03
  5.1668049e-03
 -1.4393753e-03
  1.9919842e-03
 -1.3785041e-03
 -6.4682768e-04
  2.5229466e-03
 -1.2854193e-03
  1.0727340e-02
 -2.3396648e-03
  4.3933429e-03
 -3.2025313e-03
 -3.0230712e-03
  1.8611557e-03
 -1.8776001e-03
 -2.6246201e-04
  1.3836810e-03
 -1.0144999e-03
  3.0837103e-04
 -1.9136403e-02
 -3.6560860e-03
  6.9814193e-04
  2.0174028e-03
 -2.7836999e-03
 -8.8855335e-03
 -3.0283097e-03
  4.8606806e-03
 -3.1240745e-03
  5.1920754e-03
 -1.2274188e-03
 -1.8379905e-03
 -7.9551036e-04
  7.5949356e-02
  2.0946949e-03
  3.9800158e-05
 -7.9725031e-03
 -1.3167815e-03
 -2.3472649e-03
  1.6326581e-03
 -7.1418448e-04
 -6.9698878e-04
 -2.3046625e-03
  5.2763517e-03
 -5.9487270e-03
 -9.2694350e-04
  2.9750203e-03
  1.1477128e-03
 -2.6211878e-03
  8.1713445e-04
  3.2977266e-03
 -7.0007779e-03
 -2.8956879e-03
 -3.8862240e-04
  5.7884329e-03
  2.6218925e-04
 -1.3222587e-03
 -7.8419652e-03
 -1.1615141e-03
  2.8710295e-03
  2.6798788e-03
 -7.9754815e-03
  1.4495332e-03
  1.2791133e-03
 -3.1753420e-03
 -2.3808359e-04
 -3.5035098e-03
  1.4454004e-03
  1.9506786e-03
  1.1179222e-02
  3.9399737e-03
 -4.5611905e-03
 -2.6033726e-05
 -6.6353910e-04
 -2.4486457e-01
 -6.1262500e-01
  6.5095514e-02
  1.0481993e-01
  5.1249868e-01
 -9.0354145e-01
 -1.3626606e-02
  8.4734201e-01
 -7.7443391e-01
 -2.3399233e-03
  7.7902186e-03
  6.4552009e-02
 -8.2152616e-04
  1.6149445e-03
  5.6076717e-01
  1.0037375e-02
  1.0164839e-02
 -3.7973929e-02
  6.5756994e-03
  3.9116561e-04
  2.1520632e-03
 -2.1323051e-02
  1.9981810e-03
 -1.9736337e-02
 -7.8878115e-04
 -2.6372890e-04
 -3.1864669e-03
  6.8603219e-03
  2.9313690e-03
 -9.0468233e-04
 -9.8718191e-03
 -1.4923202e-03
 -2.1581724e-03
 -9.9846832e-02
  3.0861013e-03
 -1.6277155e-04
  2.3668850e-02
 -2.3784600e-03
  1.3582805e-03
  1.1600597e-03
  2.1635420e-03
  8.1516569e-03
 -7.5470218e-03
 -3.4789359e-03
  1.1851869e-03
 -3.2975415e-03
 -2.9478502e-04
  4.0982007e-03
  6.1499528e-03
 -2.4574129e-03
  1.2170729e-02
  3.8752812e-01
  2.6192423e-04
 -2.7410907e-03
  3.8089533e-03
 -1.4531650e-03
 -1.8936438e-03
  3.2438815e-03
  1.5513441e-03
 -1.6838909e-05
  2.6267858e-03
  2.6874701e-03
 -3.1667193e-03
 -1.4096795e-03
 -4.0834881e-03
 -3.3335057e-03
  5.2482599e-01
 -9.7599783e-05
 -2.1376761e-03
  5.0850731e-01
 -1.0857503e-03
  2.6319822e-04
 -3.7789182e-04
 -1.8737983e-04
 -1.2268987e-04
 -4.9368925e-03
  4.3319873e-04
  2.5016631e-03
 -4.4746735e-04
 -1.0633366e-02
 -7.2995638e-03
  4.6569984e-03
  1.8806882e-03
 -5.5083918e-04
 -4.8017320e-01
 -5.3951866e-04
  3.2048573e-04
  3.7650350e-03
 -5.1333145e-03
  1.0277699e-03
 -1.0658781e-02
  9.6215531e-02
 -2.5353180e-03
  2.4566054e-03
 -1.6679149e-04
  6.4765299e-03
 -1.7682140e-03
  1.3509425e-02
  1.6165756e-01
 -1.6633277e-03
  5.8705499e-04
 -4.6538441e-03
  3.1497245e-04
  1.6944388e-02
  5.3008023e-04
  4.5850221e-03
  4.5002447e-03
  1.7321705e-04
  6.2652794e-03
 -4.5648119e-03
 -7.4148225e-04
 -1.8515986e-01
  7.9407431e-03
  5.7225670e-03
  1.1304045e-01
 -8.5790502e-04
 -2.4614152e-03
 -3.4243651e-04
  1.6603636e-03
 -5.2251219e-04
 -8.3364395e-04
 -1.1984086e-02
 -1.6215018e-03
  1.1040849e-03
  2.8810068e-03
  8.0221482e-03
 -3.2316926e-03
 -3.0863988e-03
  1.4369406e-03
 -2.5064861e-03
  3.0896850e-03
  1.5817406e-03
 -1.3418302e-01
  7.0404299e-02
 -1.8250491e-01
  2.5284734e-01
  1.4927116e-01
 -1.9266529e-01
  4.0664268e-03
 -1.6687600e-02
 -8.9477420e-01
 -5.0827466e-02
 -1.4265717e-02
  2.3844208e-01
 -8.5948355e-04
  2.5068983e-01
  1.6578038e-01
 -1.6994016e-03
 -2.2057617e-02
 -1.0563533e-01
  1.4029809e-02
 -2.3588020e-01
  6.0471777e-02
  2.0056054e-01
  1.5059470e-01
 -8.0637010e-03
 -1.0657671e-03
  1.2616140e-01
  3.4137312e-03
 -3.9497315e-04
 -3.7047535e-02
  1.8211862e-02
  7.1434081e-02
  2.8292665e-02
  1.0823954e-02
 -2.4162729e-01
  2.2242216e-02
 -9.3504963e-03
  1.6592194e-03
 -5.3111482e-03
  2.0474822e-03
  2.8131759e-02
 -1.2699639e-03
  5.5948100e-03
 -2.1193588e-02
 -5.5071269e-03
  9.0200298e-02
  9.4503289e-01
 -6.2272620e-01
 -4.8804706e-01
 -1.5163159e-01
  6.6914275e-02
  1.1191908e+00
 -2.6436156e-01
 -8.6455651e-02
 -1.1306028e-02
 -6.0664397e-03
  1.7463988e-01
  3.5669520e-01
  2.4541566e-01
 -1.7951222e-02
 -8.7499470e-03
 -5.8822804e-03
 -8.3219692e-02
  5.7898764e-04
  2.4221998e-03
  1.1730304e-01
  1.7212030e-01
  2.7008548e-02
 -7.2852159e-03
 -3.0394385e-03
 -1.6125028e-03
 -4.7632349e-03
 -2.0186051e-03
 -2.7724658e-03
 -3.1834200e-02
  5.5128330e-04
 -9.7305264e-04
  1.8560655e-02
  8.1915699e-04
  1.9639231e-02
  4.2724228e-03
  1.3657384e-02
  4.9400916e-03
  1.6074870e-03
  9.9610665e-04
 -8.1497272e-03
  2.6598056e-03
  9.7869197e-04
 -8.9606206e-04
 -1.3325716e-03
 -1.3408059e-04
 -1.7419472e-04
  7.1864487e-03
  1.0052393e-03
  6.9089205e-04
 -2.2538034e-03
  9.4218738e-03
  3.5637177e-03
  4.8385025e-04
 -6.4973361e-03
 -2.8630599e-04
 -1.1825557e-03
 -1.2998031e-03
 -5.3500440e-03
 -3.4113014e-03
 -1.3470760e-03
 -7.0748315e-04
 -3.5011999e-03
 -2.6129194e-02
 -5.5573677e-04
 -1.2526304e-03
 -3.8176932e-04
  6.4463390e-04
 -4.6170596e-03
 -8.1450620e-04
 -9.4942580e-04
  3.8460921e-03
 -4.3646824e-03
  4.1559001e-04
  2.8169553e-03
  3.2789577e-03
 -1.9769096e-03
 -4.0772166e-03
 -1.4781044e-02
 -7.2412723e-04
  4.8837793e-04
  1.7654544e-03
  2.4414976e-04
 -1.4136650e-03
 -8.6578820e-04
  1.0516691e-03
 -7.8112562e-04
 -3.9085769e-03
 -1.4333981e-03
 -7.5268373e-04
  2.2671700e-03
 -2.5624633e-04
 -6.7043519e-03
 -3.4022189e-03
 -7.2087126e-04
  2.0601640e-03
 -4.3127453e-04
  9.7520248e-04
 -1.5957003e-03
  1.4618444e-03
 -2.2849701e-02
  7.3736196e-04
 -1.3055920e-04
 -2.4451779e-03
  3.0339942e-03
  7.1937713e-05
 -1.0948542e-03
 -5.4610719e-04
 -1.9593420e-03
  1.8204011e-03
 -8.4574819e-01
  1.6493067e-03
  7.1358646e-04
 -5.0373985e-03
  5.2941281e-02
 -1.1829784e-03
  2.4167793e-03
  2.5555890e-03
  3.6004477e-04
  8.7904453e-04
  1.6569269e-03
 -7.2039361e-03
  4.9850568e-03
 -6.1693732e-05
  2.0706435e-03
 -5.0085172e-04
  2.5253138e-03
  7.3471147e-04
  1.8991221e-04
 -4.5158137e-03
 -7.5110593e-03
 -6.9118571e-04
 -3.7696103e-03
 -4.7656806e-04
  6.9962209e-03
  4.6634336e-04
  3.1842843e-03
  5.1859338e-03
  8.7677520e-03
 -7.4090753e-03
  1.7164573e-02
  1.1930647e-03
  1.0941201e+00
 -6.2159833e-04
 -4.6703545e-03
 -8.7858975e-01
 -5.6709099e-04
 -1.1042745e-03
 -2.6939767e-03
  9.5408270e-04
 -1.8610966e-03
 -7.2278950e-04
  7.7056920e-04
 -7.5411368e-03
 -1.8634704e-03
  6.9438214e-03
 -1.6306351e-03
  3.6167246e-04
  3.1252084e-03
  1.8445593e-03
 -3.2637832e-03
 -7.8172196e-04
  6.1676285e-04
  2.7014073e-03
  8.8450685e-04
  3.8617568e-03
  1.7112173e-03
  7.7418442e-04
 -2.5511205e-03
 -8.1912684e-04
 -1.7592430e-03
 -1.7215044e-03
 -7.4966589e-04
 -6.0329458e-04
 -5.7631836e-04
 -3.8166917e-03
 -7.2136166e-04
 -1.3223445e-03
 -2.8856578e-03
 -1.4245915e-03
  5.9701898e-04
 -3.9848238e-03
 -1.0516553e-04
 -9.8632334e-04
  2.1134112e-03
  2.7140880e-03
  4.4274074e-03
 -4.4358801e-04
  3.5357776e-03
  2.5889510e-03
  1.0900956e-02
  4.3270960e-03
 -9.5238717e-04
  2.2060433e-03
  5.1703197e-03
  4.3288232e-03
 -1.6474240e-03
 -3.8495748e-03
 -3.2882818e-03
 -4.2066048e-04
  1.8581564e-03
  6.1137029e-03
 -1.9938636e-03
 -4.7166059e-03
 -6.9238683e-03
 -4.6342812e-04
  2.2385740e-03
 -2.0945051e-03
 -1.7994186e-03
 -3.8917784e-03
 -4.0257146e-04
  1.5702116e-03
  4.6420703e-03
  2.0714086e-03
 -2.3239104e-03
 -1.2000271e-03
  1.1539176e-03
  6.1568129e-03
  3.0447221e-01
 -6.0258326e-03
  1.7535151e-03
 -2.1355790e-04
  1.3149369e-03
  2.8118214e-03
  3.1171490e-03
 -1.0223825e-02
  1.4941102e-03
 -2.3041986e-04
 -2.5031408e-03
 -2.9849769e-03
  4.6756095e-03
  1.3571014e-03
  5.5061094e-04
 -3.7821135e-03
  4.5687575e-03
 -1.0881396e-03
  1.3260162e-03
 -1.4091982e-04
 -2.6578194e-04
  2.9955599e-03
 -8.4760478e-03
  1.3798341e-04
  6.1838038e-04
  2.2784101e-03
 -4.4757238e-04
  6.2820711e-03
  6.3357498e-03
  2.7619926e-03
 -1.5095283e-03
 -2.3322974e-03
  2.4341165e-04
 -7.0045481e-04
 -2.3247271e-03
  1.0185939e+00
 -5.2637281e-04
 -4.6202275e-03
  1.2231315e-02
  4.0509980e-03
 -3.9065005e-03
  1.4401174e-03
 -9.2331012e-04
  1.5342901e-03
  1.1125526e-03
  1.5386919e-03
 -8.7598187e-01
  5.9277487e-01
 -4.3807846e-01
  3.6163148e-01
  5.5340183e-01
 -3.6559850e-01
  1.5917395e+00
  6.1069572e-01
 -4.3771520e-01
 -3.1791273e-01
 -1.4215921e-01
  2.2161834e-01
  1.3518220e-01
  3.9451897e-01
 -2.3278008e+00
 -2.8340220e-01
 -6.6262364e-02
 -8.9008158e-01
  4.8887044e-01
 -3.6949819e-01
  1.5315923e-01
 -4.0554512e-01
 -3.8901817e-02
 -7.6762721e-05
 -2.5912358e-03
  2.9461804e-01
  3.4420726e-01
 -3.3852605e-03
 -2.6794462e+00
  2.4282932e-02
  6.1322480e-01
 -2.6961754e-03
  7.4804138e-04
  3.5212259e-03
  3.4217730e-01
 -1.1798450e+00
  7.8438687e-01
  4.4283504e-03
 -1.3163540e-03
  3.1234859e-03
 -2.0087247e-03
 -8.5046544e-04
 -2.9652633e-03
 -3.2368131e-04
  1.1440594e-03
 -6.8542553e-04
 -1.8813665e-04
  2.8380563e-03
  4.3401509e-03
  3.4918832e-03
  1.5260387e-03
 -1.1837432e-03
  1.9954793e-02
 -2.4026108e-04
 -3.3175303e-03
 -3.9655534e-03
  1.6379269e-04
  2.4470757e-03
  1.3354269e-04
  1.6919929e-03
 -2.2748497e-04
  1.0511099e-03
  7.6365890e-03
  3.4748209e-03
 -4.1073165e-04
 -4.4867396e-04
  1.2923671e-03
  1.4056859e-04
  1.2671135e-03
  1.0350986e-04
 -3.2762025e-04
 -1.7638776e-03
 -2.1412694e-03
  3.4463259e-03
  1.6485282e-03
 -3.1296469e-03
  6.9895517e-03
  1.7315511e-03
 -6.2894891e-03
  3.9579007e-03
  1.9651917e-03
 -6.7707017e-04
 -8.4333336e-03
 -1.4629610e-03
  6.7600515e-04
 -4.2542542e-04
  1.9969079e-03
  4.6607875e-04
  3.9736196e-01
 -1.7930924e+00
 -2.9621091e-01
 -5.7532912e-01
  7.6578432e-01
 -1.8605593e+00
 -1.5418304e+00
  9.8236269e-01
 -6.5241718e-01
 -3.4757906e-01
 -4.7683967e-03
  3.0539444e-01
 -1.0426037e+00
  6.1237570e-02
  6.6301012e-03
  4.8233140e-02
 -2.2917423e-01
 -2.1136391e-03
  6.1067110e-01
 -4.6687838e-01
  9.0242354e-03
 -7.8706421e-02
 -1.0041387e+00
 -1.5989399e-02
 -2.6314473e-03
  7.1406937e-01
  1.3687539e-01
 -1.3528775e-03
 -5.0161105e-01
 -4.9415740e-01
 -2.8935564e-03
 -4.4634528e-03
  1.0372818e+00
 -2.4480142e-01
  2.0305520e-02
 -4.8254141e-01
 -5.7453815e-02
 -3.1738559e-04
  2.8998419e-03
  6.9889161e-03
  9.2654803e-04
  2.8405758e-04
 -1.0076852e-03
  4.9954560e-03
  1.3718523e-01
  3.4771204e-01
 -7.8006163e-03
  1.5914647e-01
  5.9085481e-02
 -5.3073132e-01
  1.5268339e-02
  9.3601115e-02
 -1.8669890e-01
 -2.8325889e-02
 -1.1777460e-02
  1.1662577e-01
  3.3279536e-03
  3.0758819e-01
  1.2558756e-03
 -2.8758931e-03
 -5.3308471e-03
 -1.5785839e-01
  1.2767687e-01
 -5.5307046e-02
  1.0140280e-01
  3.1476715e-03
 -1.3799979e-02
 -5.7752882e-03
 -4.0779524e-03
  9.8679420e-03
 -7.6707634e-03
 -5.0461246e-03
 -2.4232317e-02
 -2.3576703e-02
  1.6439810e-02
  1.2020437e-02
  8.4281707e-04
 -3.9378375e-02
  1.5727753e-02
 -3.5292000e-02
  1.7881347e-01
 -3.5771676e-03
  5.6306466e-02
 -6.0354597e-03
  9.7593863e-04
  6.6096429e-03
 -2.0021856e-02
  2.8013829e-03
 -3.0245800e-03
 -3.5268548e-01
 -1.4135020e-02
  2.4155336e-02
 -7.8719281e-02
 -1.2479980e-02
 -1.8143330e-03
  1.1243911e-03
 -3.1448603e-02
 -5.6759489e-04
 -2.0471243e-03
  4.2668246e-03
 -2.7463909e-03
  1.8006936e-02
  4.0081767e-03
 -2.4622746e-03
 -5.1163514e-03
 -7.3318006e-03
  7.4115838e-03
  1.7285383e-03
  6.9107148e-03
 -3.9891757e-02
  3.1172244e-03
 -4.4130604e-03
  8.9022785e-04
  2.4675054e-04
  4.0784708e-04
 -1.2089672e-03
 -3.4254368e-03
  5.1967997e-02
  3.5204045e-03
 -2.5882223e-03
  6.7845131e-03
  6.0544414e-03
 -1.0460148e-02
 -2.4209529e-02
  2.7231101e-02
 -1.1396816e-03
 -2.9566085e-03
  6.7457096e-03
 -3.4660974e-03
  1.2740928e-03
  1.1585754e-04
 -3.5047294e-03
  1.6622237e+00
  1.3429087e-01
  4.3203509e-01
 -2.3374034e-01
 -6.1820340e-01
  1.2810051e-01
 -1.6236290e+00
  1.0981896e-02
  2.0906889e-01
 -8.5855609e-01
  2.2913273e-03
  1.1930344e-01
 -2.5754496e-01
 -7.5597656e-01
 -6.5577412e-01
 -4.6332133e-01
 -5.5865335e-01
  3.9076488e-02
  3.6337799e-03
  5.0865281e-01
 -8.0286425e-01
  3.2764462e-01
 -7.8971225e-01
 -5.7338953e-01
  2.0313086e-03
 -4.8491058e-01
 -5.0873049e-02
 -5.8651692e-04
 -5.1775116e-01
  1.4125711e-01
 -7.8749925e-02
 -8.8894121e-05
 -2.2227557e-01
  2.8741458e-01
  4.1002489e-04
 -1.2228783e-02
 -1.0668521e-01
 -1.4800408e-02
  4.3889801e-03
 -3.2919899e-03
  7.9940453e-02
 -3.0200318e-03
  1.2524731e-03
  7.4889874e-03
  2.3864995e-04
 -6.7313821e-03
 -1.8164455e-03
  1.1632257e-03
 -6.1278269e-03
  3.3430518e-03
  4.4131577e-03
  1.1992913e-03
 -4.4047036e-03
  3.4241227e-03
  2.0235302e-03
 -1.8518753e-03
 -1.7974604e-04
  5.5325548e-03
 -1.7273268e-03
 -1.8424906e-03
 -1.5651184e-03
  1.0890656e-03
  5.4409923e-03
 -2.7224827e-03
  5.0380267e-03
 -2.3588596e-05
  7.5044285e-04
 -5.0963188e-04
 -2.0009888e-05
  3.5232669e-03
 -1.2427789e-01
 -6.8358448e-03
 -4.8755240e-04
 -3.9434959e-03
  2.1788871e-03
  2.4493008e-03
  1.5288582e-03
 -3.9528040e-03
 -3.9329953e-03
  2.7236808e-03
  6.5986329e-04
  2.1863906e-03
 -1.2773391e-03
  3.0188793e-03
 -4.7785016e-03
 -6.5649175e-03
  1.5548764e-03
 -7.6790061e-03
  7.9064399e-02
  2.0843199e-01
  5.2767801e-01
  9.8618293e-01
 -4.4693643e-01
  3.4928578e-01
 -2.0120449e-02
 -1.1302082e-02
  1.2963183e-01
  9.2171766e-02
  4.4282421e-04
 -5.2768987e-02
  8.5175365e-02
 -3.3523732e-01
  1.2406004e-01
  1.2450283e-02
  1.9622319e-04
  1.4553429e-01
 -3.1471506e-01
  7.4664587e-03
 -1.4679256e-01
 -9.6937023e-02
  1.5557541e-02
  2.9650880e-02
 -2.8314808e-04
 -3.0189669e-01
 -1.4612782e-01
  4.1430434e-03
  7.8516807e-03
  3.0904713e-03
 -2.1830949e-01
 -2.4129415e-03
 -2.5284836e-01
  4.2744022e-02
 -1.1783371e-01
  1.0365991e-01
 -1.5120618e-02
 -3.9784661e-03
 -3.1825071e-03
 -4.6109762e-03
  2.2206025e-04
  8.2471513e-04
  1.0890291e-03
  2.7484106e-04
  4.8465873e-03
 -1.0497497e-03
  3.2893054e-03
  4.0980014e-03
  3.6898443e-01
  1.4884918e-03
 -2.4435445e-05
  4.4279732e-03
  3.6743414e-04
 -4.3311081e-04
  5.2123511e-04
 -4.7926912e-03
  3.8596166e-03
 -8.2922098e-04
 -7.3059282e-04
  2.3478770e-04
 -4.5427401e-03
  1.4628501e-03
  4.6946260e-04
 -4.6044966e-05
  1.1322735e-02
 -1.6400204e-03
  4.1020289e-03
 -1.7589943e-03
  3.6932831e-04
  4.8342667e-04
 -2.4048269e-03
 -1.3636594e-04
 -3.6908567e-03
  6.2352960e-04
 -3.4013484e-03
 -1.3627876e-04
 -6.1378982e-03
  6.3962154e-03
 -2.3048904e-03
  9.0043629e-03
  1.3590265e-03
  7.7233883e-04
 -2.4429557e-04
  1.4268892e-03
 -4.9281530e-03
 -3.5256473e-04
  8.8447100e-04
 -9.2816068e-04
  5.7335338e-03
  5.7559400e-03
  4.9610031e-03
  1.6844796e-03
 -7.7028049e-04
 -2.3096828e-03
 -4.6461588e-05
  1.9763869e-03
  3.4235630e-03
  8.8091905e-04
 -2.4774089e-03
  6.9305636e-03
 -6.3607162e-03
  7.2260853e-04
 -3.9824471e-03
  2.2186334e-03
 -1.4399434e-04
 -4.9493304e-03
  7.3563759e-03
 -3.1562122e-03
  1.8423351e-03
  1.3818683e-03
 -9.5757423e-07
 -5.2628205e-03
 -1.8512727e-03
 -1.9161630e-03
 -4.2385263e-03
 -7.2668968e-03
 -2.2306535e-03
  2.8599752e-05
  6.4038602e-04
 -1.2976708e-03
  4.5350892e-03
  1.3383452e-03
  4.9601734e-04
 -2.5777863e-03
  3.5400604e-05
  3.1268664e-03
 -1.4648003e-03
 -5.6517019e-04
 -6.1794575e-03
  6.4827208e-03
 -2.9018617e-03
  8.2400953e-04
 -7.2514284e-03
  2.9891934e-03
 -3.0446025e-03
  1.6848694e-03
  2.3791562e-04
  3.5361943e-03
 -5.9809606e-03
  1.4380075e-03
  5.0314376e-03
  9.2783745e-04
  1.2760767e-03
  1.0364330e-03
  1.8914230e-05
 -6.3042510e-03
  1.1854767e-03
  2.9185961e-03
  1.7126712e-03
 -3.4363167e-03
  1.2912485e-03
  3.7050230e-04
  1.5850542e-03
  1.6016647e-03
  6.2608934e-04
 -2.2654638e-03
  5.4314814e-04
  8.0959918e-04
 -2.2402825e-03
 -8.3582282e-01
 -3.4968946e-03
 -3.6505980e-03
  6.6971816e-03
 -7.5208570e-04
  2.3246058e-03
 -3.3316091e-03
  4.5525609e-03
 -7.4706492e-03
 -2.3193154e-03
 -3.2481627e-04
 -1.1994201e-03
  7.0235832e-04
  9.0274578e-03
  9.0086786e-03
 -1.8061753e-04
  1.7655361e-03
  1.7224078e-01
 -5.5392915e-01
 -1.0843471e+00
  3.3313803e-02
  5.5618292e-01
 -1.0549407e+00
 -8.3869398e-02
 -3.6404375e-02
 -1.4470850e+00
 -1.2012618e+00
 -1.9440584e-01
  7.9459500e-01
 -3.6886963e-01
 -2.4769026e-01
  7.7023202e-01
 -5.9107918e-01
 -3.3690017e-01
  3.4531042e-01
  7.6279366e-01
 -9.2447633e-01
 -3.6648571e-01
 -2.0189102e-01
 -2.2464325e-01
 -1.5870969e+00
 -2.8079171e-03
  4.3580577e-01
 -1.1276196e-01
  1.0665518e-01
 -5.8600169e-02
 -5.5166185e-02
 -8.8447660e-01
  1.1613834e-01
 -9.6188575e-02
  1.3086145e-02
  9.3994843e-04
 -7.6634251e-02
  1.2613776e-01
 -1.2943147e-01
 -8.3622867e-03
 -1.1598153e-01
  1.7950910e-01
  9.4866229e-04
  9.8797612e-02
  6.2914759e-02
 -7.7033043e-01
  7.6912546e-01
 -4.2671558e-01
  1.4944260e-01
 -8.3618522e-01
  1.2397378e-01
  1.9334055e-01
 -9.1212410e-01
  2.9831079e-01
  1.5128419e-01
  3.0460444e-01
  3.4086183e-03
 -1.2626760e-03
 -6.6895232e-02
  3.3127266e-01
  4.5133451e-01
  2.1765862e-02
  2.2111045e-01
 -1.8413927e-03
  4.3423725e-03
 -2.4916846e-01
 -5.0102729e-01
 -5.2502966e-01
 -2.1158679e-01
  4.7865463e-03
 -5.3440373e-05
  6.8950273e-02
  1.0215836e-01
 -1.5942371e-03
  5.7327032e-02
 -2.6535252e-03
 -1.3635318e-03
 -3.9024931e-01
  8.8781421e-04
  5.3909011e-03
 -9.7554147e-02
 -2.4804287e-03
  2.3605493e-03
 -1.6451088e-03
 -3.3859131e-03
  1.7243944e-01
 -1.0806856e-02
  1.0606408e-02
 -2.8146349e-03
  6.7439175e-01
 -1.1258129e-01
 -2.6564484e+00
 -9.5450515e-01
  4.4354936e-05
  3.4678817e-01
  2.8763516e-02
  4.6148831e-01
 -3.2875496e-01
 -1.0827601e-02
 -4.8269909e-03
  1.2119143e-01
  4.8872929e-02
 -6.5615005e-04
  2.7250993e-04
 -9.5232157e-03
 -2.1836073e-03
  2.2640588e-02
  9.1602867e-03
 -1.0435326e-01
 -9.1984533e-03
  3.9476909e-02
 -4.9009258e-03
  2.5379523e-03
 -2.9033823e-03
  1.1225876e-02
  2.3303472e-03
  3.8876580e-03
 -3.9929917e-04
 -2.6650429e-03
  6.9872604e-04
  3.7680943e-03
  7.7789079e-04
  2.9294132e-03
  1.6116810e-03
 -3.2773553e-03
  7.4882479e-04
 -1.3819475e-03
  6.9314451e-04
 -3.3894533e-03
  6.1505954e-03
 -1.6145892e-03
  4.1680117e-03
 -2.8430857e-03
  4.2594086e-02
  8.4890002e-01
  7.7117032e-01
 -1.2767599e-02
 -5.6669987e-03
  8.0148233e-03
 -1.2042698e-02
 -5.7463739e-03
 -2.3564461e-03
 -2.0104744e-03
  7.9085287e-03
 -1.3407159e-01
 -3.2640640e-02
  9.1627380e-04
 -8.9007970e-03
  3.3955751e-03
 -5.1323848e-04
 -1.8595710e-02
 -5.0694734e-02
  3.3025529e-02
  2.7302443e-03
  1.2975073e-03
 -4.3903785e-03
 -8.0428449e-03
  2.2670992e-03
  8.5200253e-04
  5.3582261e-03
  8.0685859e-04
 -8.2384457e-04
  1.0178180e-03
  1.2874694e-03
 -4.2840338e-04
  2.5815321e-03
  1.3642686e-03
 -8.4384941e-03
 -5.0999582e-01
  1.7771823e-03
  6.5612583e-03
  1.1870814e-03
  2.3775701e-03
 -5.0270897e-03
  2.0679720e-03
  1.7428847e-03
  5.1045977e-04
 -3.7654564e-03
 -9.4831696e-05
 -3.0227644e-02
  1.0382718e-02
  1.9662103e-03
 -4.2184880e-03
 -8.8078476e-04
  1.8562933e-03
 -2.9021616e-03
  3.7711486e-04
  7.0201745e-04
  5.4610400e-03
  3.7515489e-04
 -1.8158661e-04
  2.4371492e-03
  1.5554032e-03
  1.2673270e-03
  6.0301344e-03
  2.0520942e-02
 -2.2615097e-03
 -1.1964469e-03
  5.0369441e-04
 -4.3568821e-03
 -9.3002617e-03
 -5.7352092e-03
 -4.5667822e-03
  7.2909314e-03
 -3.7733634e-04
 -1.7367556e-03
 -6.2317392e-03
 -6.2814908e-04
 -3.2379129e-04
  3.4916019e-03
 -2.4655921e-04
 -1.8129788e-03
 -2.4077010e-03
  1.4013334e-03
  3.5639447e-03
  2.3534952e-02
 -1.1599836e-03
  4.6093526e-04
 -7.2310836e-04
 -3.8616392e-03
  1.1509166e-03
  6.0675746e-01
 -4.5223114e-01
 -4.1284841e-01
 -5.3923988e-01
 -1.5059495e-01
 -1.8473947e-01
 -7.9459056e-02
 -6.4224458e-01
 -2.4503926e-02
 -1.8218180e-02
 -3.8756984e-03
  1.0060716e-01
  4.2474997e-04
 -5.2948189e-03
  3.1680349e-02
 -3.6391299e-03
 -1.5959009e-03
 -2.9022959e-03
  2.2459712e-03
 -3.6857231e-03
 -1.5003039e-04
  1.2241362e-03
  4.5750397e-03
  2.8385022e-03
  2.2845380e-03
  9.3135587e-04
 -8.4221549e-04
  1.9027207e-03
 -4.4413176e-03
 -2.0859316e-03
 -2.8874972e-03
 -1.9917835e-03
  2.5344342e-03
 -1.6315854e-03
  4.7707912e-03
 -3.2979674e-03
  1.1161203e-02
  3.2382919e-03
 -2.5815950e-03
 -1.4280522e-02
  1.9439050e-03
  7.1565644e-04
 -9.0802945e-03
 -1.5709944e-03
 -3.7569911e-04
  5.3426903e-03
 -4.2579953e-02
  7.8629260e-04
 -3.9379387e-03
 -1.8973593e-03
  5.3968551e-03
  9.8361273e-04
  1.7929287e-03
  5.4539572e-03
  1.4783893e-03
  2.7394809e-03
 -1.0556061e-03
 -1.5856056e-03
  2.1585692e-03
 -5.7151415e-03
 -2.1613068e-03
  4.5817988e-03
 -8.0304826e-04
 -4.6959887e-03
  2.8433062e-03
 -5.0603878e-05
  6.7372131e-03
  3.3052749e-04
  6.3521573e-03
  1.0392727e-02
 -3.4977132e-03
 -2.5492152e-03
 -2.5050377e-03
  7.6570932e-04
  7.8385640e-03
 -6.5713366e-03
  2.9003309e-04
 -8.0829054e-01
 -2.8163982e-03
  4.7866168e-04
  5.5459631e-03
 -4.1219750e-03
  2.0323004e-04
 -2.8609640e-03
  9.6720469e-04
  2.2341278e-03
  2.8402649e-03
  4.6017794e-03
  2.5996540e-04
 -2.1393155e-04
  1.0208682e-03
  7.4611902e-03
 -5.3452078e-04
 -1.5487162e-03
 -6.1561428e-03
 -3.6475493e-03
  2.4863472e-03
 -3.9461581e-03
 -8.8080410e-03
 -1.1199251e-03
  7.9982020e-03
  1.3639855e-03
 -3.3406855e-03
 -3.0432360e-03
  5.8073289e-04
 -1.6715130e-02
  5.2794698e-04
  3.6044875e-03
 -2.8433444e-03
  2.4274499e-03
  4.6467362e-03
 -4.3295478e-03
 -1.5897219e-03
 -2.7630911e-03
 -4.1362252e-03
  1.3079053e-03
  2.1117870e-03
  2.0772617e-03
  1.8973638e-03
 -8.0954516e-05
 -6.6551547e-03
  2.3757434e-03
  1.5696492e-03
  3.2708372e-03
  1.8022285e-04
 -2.0866946e-03
  4.7489358e-03
 -8.9282601e-04
  4.8838538e-04
  3.5438861e-05
  1.2678453e-03
 -4.7626859e-04
  4.2156827e-02
 -2.2038232e-01
  2.2595858e-02
  1.0215683e-02
 -7.2884485e-02
  8.4652036e-02
 -1.4901397e-01
 -3.9262958e-02
  2.6700411e-02
  1.5513406e-02
  1.8397778e-03
 -5.0964944e-02
 -4.4132713e-02
 -1.6155337e-01
 -2.0871767e-01
  1.6375775e-02
  8.5607991e-03
  1.0193324e-01
 -1.8051211e-02
  1.1203920e-02
 -2.6494903e-02
 -1.6358804e-03
 -3.2345071e-01
  3.3017588e-04
 -7.5313845e-05
 -6.8028347e-04
  2.5890856e-03
  4.0876037e-03
  3.6194704e-03
  2.5816979e-03
  4.1060378e-03
  3.1190339e-04
 -1.0556540e-02
  1.0623589e-01
 -3.5359985e-03
  2.5419721e-02
 -6.8906635e-02
 -2.6065840e-03
 -7.8246451e-04
 -1.0839419e-02
  5.9508102e-04
  2.1259908e-03
  2.1034697e-02
  5.1584363e-04
 -1.2398398e-02
 -2.8935516e-01
  3.8780356e-03
 -1.3395383e-03
 -6.8418637e-02
 -5.9711402e-03
  8.5907482e-04
 -1.2623918e-03
  4.1610035e-03
 -7.0048322e-04
 -7.6491958e-03
 -3.4458956e-03
  7.0635381e-04
  2.8715450e-03
  3.0940101e-03
 -1.5258911e-04
  1.4589785e-04
 -1.4614874e-02
  1.0155270e-02
 -1.2685576e-03
 -1.5784220e-03
  5.1221042e-04
 -2.5558441e-03
 -3.7546062e-03
 -1.7165161e-03
  7.8126206e-05
 -2.2194700e-03
 -4.7910120e-03
 -2.1090084e-03
 -3.5849081e-03
  3.8835213e-03
  1.0264522e-03
  8.2025882e-03
  9.7648124e-04
  1.2491202e-02
 -2.8798438e-03
 -2.1142287e-03
  3.5255684e-03
  2.0131022e-03
 -7.4963726e-04
 -8.5026789e-03
 -2.4308676e-03
  7.0812122e-04
 -1.2322470e-03
  5.5633076e-02
  7.3580563e-01
  1.3212975e+00
  1.5080258e-01
  1.7385603e-03
 -8.5742623e-02
  1.9672529e-03
 -7.6048137e-03
  3.5955408e-01
  4.7167726e-03
  3.9125150e-03
 -1.3372713e-01
 -2.2618551e-02
 -1.7577072e-03
 -3.0519993e-03
  1.4102574e-04
 -2.1845771e-03
 -1.5542476e-02
  3.2254104e-03
  1.6600581e-01
 -3.4855423e-03
 -9.1621035e-04
 -1.8200550e-03
  5.7267025e-04
  4.6009850e-03
  2.8385269e-04
  1.0779940e-01
  4.9824239e-04
 -2.0688109e-03
 -3.2284926e-03
  1.8027455e-03
  1.9159663e-05
 -1.2719588e-03
 -9.0117818e-03
 -6.1161965e-03
  1.0430426e-03
  2.2640859e-03
 -4.6155890e-03
 -2.6660569e-03
  4.2901454e-03
 -4.1669243e-04
 -8.2717533e-04
  1.7243786e-03
 -5.6571993e-03
 -7.2175602e-04
 -1.2167531e-01
  7.5876303e-03
  3.3418720e-03
 -2.4249884e-03
  1.2960121e-03
  3.3785410e-03
 -8.9480274e-04
  1.3172252e-03
  5.2816463e-03
 -1.9417094e-03
 -2.4235072e-03
 -2.1027736e-03
 -3.2078745e-03
  5.6806831e-03
  2.0597449e-03
 -4.7845645e-03
  7.4002855e-03
  3.1548245e-03
 -3.2468215e-03
  2.0033321e-03
  3.9158370e-03
  1.2801211e-04
  6.9090608e-03
 -2.9610298e-03
 -1.8349244e-03
 -1.4014773e-03
 -1.9848435e-03
 -6.7897676e-04
 -6.2826095e-04
  3.3677320e-03
  3.7227592e-03
  1.2072144e-04
 -4.0951627e-04
  1.4274564e-03
  4.4012518e-04
 -7.2980055e-04
  4.2528887e-03
  3.7657020e-03
 -1.2749241e-03
  5.3221076e-03
 -2.1645415e-03
 -4.2768312e-04
  7.1597914e-04
 -2.3616242e-04
 -3.6547787e-04
  2.5484082e-03
 -5.3268056e-03
 -1.2546608e-03
 -2.4089655e-03
 -1.9217004e-03
 -1.0546888e-03
 -2.7639358e-03
  3.2506755e-04
 -5.4812763e-04
 -1.5318634e-03
  1.7022642e-03
  2.1792171e-03
  1.0437949e-02
  1.2285365e-03
  1.0839409e-02
 -7.8198845e-03
  8.4892433e-04
  2.9623266e-03
 -1.1147446e-03
  3.4028881e-03
 -2.0785148e-03
 -1.0538781e-03
  1.4310544e-03
 -2.4046628e-03
 -1.7085641e-03
  1.2090220e-03
 -1.0348656e-03
  1.5171092e-03
 -3.7748616e-03
 -3.7836086e-05
  7.9739308e-03
 -3.6561289e-03
 -1.9173225e-03
  1.1368433e-04
 -3.4207897e-03
  4.3004408e-04
  3.1034539e-03
 -3.5470100e-03
  4.3537188e-04
  3.0671242e-03
 -2.5453162e-03
 -1.1694515e-02
  2.5906682e-02
  1.6593648e-01
  7.2232960e-03
  8.6969256e-01
  8.9309096e-02
  1.0252178e-04
  2.0548974e-01
 -2.3861873e-01
 -9.4490968e-02
 -7.1508944e-02
 -9.4818609e-04
 -6.2064070e-04
 -1.0469653e-01
  2.0375121e-01
 -1.6405742e-01
 -1.8166578e-03
 -1.4245366e-01
 -5.7284170e-01
  4.2640610e-04
  8.3580844e-02
  2.6225853e-01
 -3.0296324e-02
  7.6748308e-04
  4.1022082e-03
 -1.1307036e-03
  1.6438841e-03
 -3.7719747e-01
 -1.0219689e-01
  3.4247077e-01
  1.3104090e-01
  1.3011578e-03
 -1.2661007e-03
  1.8273835e-01
 -4.2660687e-02
  1.2174206e-03
  5.0696913e-02
  8.2197286e-02
 -3.0067835e-03
  7.6741562e-03
  8.1821799e-02
 -1.9304323e-01
  8.6275227e-03
 -5.0202538e-03
 -8.5419893e-01
  1.1692447e-01
  6.4237183e-01
 -8.6226362e-01
  7.9428077e-01
 -9.6825802e-01
  3.5710755e-01
 -1.8355231e-01
 -7.9212584e-02
 -1.5341736e+00
  1.1254028e+00
  1.2086400e-01
  2.2164416e-02
 -6.0259104e-01
  2.2777845e-03
  1.1866495e-01
 -1.0904650e-01
  5.7893933e-04
 -6.5011566e-04
 -7.3901370e-02
  7.5816828e-01
 -2.2275546e-03
 -3.5003138e-01
  4.4979170e-02
  3.3414342e-02
 -7.3394453e-04
 -1.7230274e-01
 -5.7870254e-02
 -4.0623848e-03
  3.8728321e-01
 -2.4412964e-01
 -1.7842304e-04
  2.0858711e-03
 -3.7104017e-03
  2.8904554e-01
 -2.4971350e-03
  7.5956270e-02
 -6.9683500e-02
 -1.2646480e-03
 -7.2715664e-03
 -5.9483252e-03
  2.2694194e-03
 -5.5805487e-03
  8.7748263e-03
  2.3285002e-03
  7.7457178e-01
  1.1677197e-01
  1.9803869e-02
 -1.3135018e-02
 -1.4597024e-02
 -2.0379487e-03
 -2.7292663e-01
 -1.1863985e-02
  2.9836979e-02
  1.7733159e-03
  1.6097371e-03
 -1.3907963e-01
  1.5423511e-03
 -5.9738077e-02
 -2.3258037e-03
 -4.4323850e-02
  2.9044885e-03
  1.0167719e-01
 -1.1868856e-02
  1.7649911e-03
 -4.2416520e-02
 -4.6587538e-02
 -2.2667492e-02
 -3.6089020e-04
  2.6998902e-03
 -8.5364189e-03
 -2.3515315e-01
  2.5644235e-03
 -6.4188228e-03
 -1.0757000e-02
 -6.6151936e-03
 -7.9699596e-03
 -9.7347060e-03
  1.1294185e-01
 -1.3733186e-03
  1.6078622e-03
  1.7443981e-03
 -4.5802160e-03
 -7.4895332e-03
  3.3231294e-03
 -1.4997055e-03
  2.1029561e-04
  9.5077958e-03
 -1.1377702e-03
  2.0388959e-02
 -1.0043624e-03
  4.1516087e-04
 -1.4112316e-03
 -4.2190027e-04
 -1.1778291e-04
  5.8071339e-04
  2.3742707e-03
 -3.6985573e-04
 -5.3842035e-03
 -1.5673215e-03
  4.1275034e-03
 -3.1029643e-03
  5.9981029e-03
  1.3722475e-03
  8.8725220e-03
 -6.0598605e-04
  2.6947048e-03
  1.5455432e-03
 -1.8231329e-03
 -8.1165917e-03
  6.0259402e-03
 -5.4004946e-04
 -2.5186357e-03
 -5.5189838e-04
 -2.2534057e-03
  4.4745663e-03
 -8.3608003e-03
  6.9506760e-03
 -8.2616694e-04
 -1.4223928e-04
  2.7709203e-03
  1.0533805e-04
 -2.6289321e-02
 -7.7359274e-04
  6.0327305e-04
 -2.2872351e-04
  6.9536956e-04
  3.4797515e-03
 -4.2223926e-03
 -1.8100603e-04
 -6.1025824e-03
 -4.6974672e-03
  9.5422589e-04
  2.4653166e-03
 -6.7239255e-04
 -4.2893584e-03
  4.2900112e-03
 -2.4241125e-02
 -3.5013256e-03
 -2.6971284e-02
 -7.3931762e-04
 -7.2238371e-03
 -3.2429968e-04
 -8.6612272e-05
 -7.5611140e-05
  2.4778913e-03
 -5.7734236e-05
 -1.4878240e-03
  2.5913296e-03
 -2.2071181e-05
 -1.5022549e-03
  8.2797604e-04
 -7.5475848e-04
  6.7168865e-03
 -6.8543977e-03
  5.1704231e-03
 -1.7767056e-03
  6.6245026e-03
 -7.4800767e-04
  1.3788441e-02
  2.6447708e-03
 -6.2608114e-03
  1.8589481e-03
 -1.3157731e-03
  3.3760278e-03
 -1.6110170e-03
 -3.3710068e-04
  3.4459061e-03
 -3.5060998e-03
  2.0030020e-03
 -7.2337512e-04
  1.4433352e-04
 -1.6253593e-03
  1.6778405e-04
 -1.1823530e-04
  5.7769346e-04
 -1.6118890e-03
 -4.4037413e-05
 -4.1660294e-02
 -1.2994336e-04
 -1.3550243e-03
 -1.5263931e-03
  1.5995746e-03
 -1.3581850e-03
 -1.0183547e-03
  4.0460415e-03
  1.6804935e-03
  7.4890302e-04
 -1.2222744e-03
  7.7862095e-04
 -5.7353685e-03
 -3.3260970e-03
 -3.8041316e-03
  3.9443909e-04
  2.0715841e-03
 -2.5733754e-03
 -5.9657679e-03
  4.8113283e-04
  2.5854500e-03
  3.3427007e-04
  2.7045788e-04
  2.2734029e-03
  2.9565727e-03
  1.9220263e-03
 -2.9462411e-03
 -1.6149000e-03
 -1.2723475e-03
 -6.9379765e-03
 -8.5170538e-04
 -1.3253085e-03
 -1.7158309e-03
 -3.6627175e-03
  6.0440097e-03
 -2.1467940e-03
 -2.9244809e-03
 -7.7424024e-04
  7.6070742e-04
  3.6346163e-03
 -1.7843633e-03
 -1.6965317e-03
 -2.1521470e-03
  6.7203538e-03
 -2.4419727e-03
  5.9684920e-03
  1.5601850e-04
 -1.2214720e-03
 -7.7387262e-03
  3.0421012e-03
  2.7773781e-03
 -3.4094765e-03
  8.5816337e-03
 -2.5562724e-04
  3.2211763e-03
 -2.7712795e-01
  1.8011435e-04
 -8.6238387e-04
 -3.8510214e-03
  1.4029203e-03
  3.5243004e-04
  5.4327943e-03
 -1.9622780e-04
  7.1834135e-03
 -4.4281348e-03
  7.0914719e-04
 -3.4731557e-04
 -3.8052802e-03
 -3.6099874e-03
 -2.9870765e-03
 -1.0011248e-02
  3.0466116e-03
 -1.9846999e-03
  4.9329153e-03
  1.5095298e-03
 -3.5596311e-03
 -5.1595614e-04
  1.0989396e-03
 -2.6831380e-03
  4.0033303e-04
 -9.1678352e-04
 -3.0829948e-03
  6.1147348e-03
  6.6687341e-04
 -2.0152684e-03
 -8.9578971e-04
 -3.8831974e-03
  3.3623329e-01
 -1.7707631e-01
  5.4357323e-04
 -4.8598674e-01
  8.9571732e-01
 -9.6081989e-04
  6.2897235e-02
 -2.0144647e-02
  1.0068199e-03
  4.1454864e-01
  3.0391081e-04
  1.0403652e-03
  1.3592872e-03
  7.2981679e-01
 -1.6504388e-03
 -4.5679568e-04
  3.0768558e-03
  3.6460513e-03
  1.0064556e-03
  6.8971682e-03
  2.4594562e-03
  1.5648012e+00
  1.4824377e-01
  3.5163048e-03
 -5.7535172e-01
 -9.7316224e-04
 -2.5660142e-01
 -2.1477344e-03
  1.3578847e-03
 -1.6624494e-03
  5.1891053e-01
  1.0827175e-01
  7.5969958e-01
  2.6147174e-02
  2.7512311e-04
  2.1359847e+00
  1.0258859e-02
  1.1236237e-03
 -1.1916779e-03
 -2.1846690e-03
  5.6472193e-02
  2.1085059e-03
  7.1339298e-04
 -4.0978054e-03
  1.3304673e+00
 -1.2434707e-01
  5.0525251e-03
  3.7287462e-03
  4.5518153e-03
 -1.5074136e-03
 -5.8577842e-01
 -7.8229439e-01
 -7.3773809e-02
  1.3821554e+00
  2.9481587e-01
  1.5871305e-02
 -4.6381021e-01
 -2.1745270e-02
  2.4897214e-03
  2.2840627e-01
  4.8850507e-02
 -1.8319809e-03
  5.1162559e-01
  4.7784126e-01
  1.5509068e-02
 -2.3089978e-03
 -2.1787579e-01
 -3.3929024e-04
  2.0556185e-02
  5.4365611e-01
 -6.5334678e-02
  4.5447445e-01
  5.0864583e-01
  3.7259150e-01
 -6.5411460e-01
  2.6838234e-02
 -5.6501645e-01
  5.3839911e-02
  6.6870570e-02
  8.7696940e-02
 -1.9225303e+00
 -7.9025090e-01
 -8.5983115e-01
  8.6125189e-01
  2.0392744e-03
  2.0478629e-01
  1.2302005e-01
 -3.9049592e-03
 -4.5218471e-01
  8.5072219e-02
  1.1029068e+00
  3.2799030e-03
  5.4475485e-04
  1.1326740e+00
 -4.9626017e-01
 -5.8265436e-01
  7.3262841e-02
  3.2748625e-02
 -7.1663268e-02
  5.6200512e-02
  2.4621787e+00
 -7.2393286e-01
 -3.7728390e-01
  1.4216253e+00
  1.6491278e-01
 -1.0275106e+00
  9.3176067e-03
  1.8832523e-01
 -1.8181828e-01
  5.1778290e-02
 -9.3781465e-01
  2.6594844e+00
  4.5276940e-01
 -8.4332401e-01
  2.1489011e-01
 -2.7200466e-01
 -2.9610747e-01
 -1.9735460e-01
 -7.1267861e-01
  1.1303555e+00
 -2.9257342e-01
  4.2257067e-03
 -3.5341218e-02
  1.1135964e-01
  7.7447051e-01
 -3.5333395e-01
  1.3180344e-01
  5.9952372e-01
 -8.9113581e-01
  1.9088354e+00
  3.8072515e-01
  8.8381022e-01
  5.5694836e-01
 -2.7776942e-01
  1.2108597e+00
  5.1682081e-02
  3.8464108e-01
 -1.0601912e+00
  3.3498606e-01
  3.0293180e-02
 -9.5017529e-01
 -9.6020186e-01
 -7.5776601e-01
  3.1180320e-02
  3.2160017e-03
 -7.9459792e-01
 -3.9849363e-02
  8.7956166e-01
  8.1896722e-01
 -3.1740740e-01
 -1.5034388e+00
  6.7258918e-01
  4.3250304e-01
  2.5467441e+00
  4.0318225e-02
  5.8952379e-01
 -1.5183808e+00
  5.8846831e-01
  1.2631198e-02
 -1.1931176e+00
 -7.1182626e-04
 -7.0667434e-01
 -7.1949810e-01
  2.1540458e+00
 -1.0893070e+00
  2.8989143e+00
  6.0420439e-02
 -3.6272436e-01
 -1.5540156e+00
  1.8229278e-02
  1.8928233e+00
 -1.9478683e+00
  2.1238502e-02
 -2.3639176e+00
 -1.4830179e+00
 -8.6673570e-01
  1.9722821e-01
  1.2227381e+00
 -8.5896671e-01
  1.0128406e+00
 -1.3776864e-02
  8.5601187e-01
  2.2069149e+00
 -1.5363435e+00
 -2.7555478e-01
  3.6231747e+00
  9.2176062e-01
  1.1757429e+00
 -9.5598996e-01
 -1.3240133e-01
  5.2199733e-01
 -2.6044838e+00
 -1.9394875e+00
 -1.7295207e-01
 -7.9200900e-01
 -3.2907799e-01
  6.0470559e-02
 -5.0319955e-02
 -3.4419340e-01
 -1.5052667e+00
  3.4509528e-01
  7.2888118e-01
  1.0417583e+00
  3.6196277e-01
  1.8152630e+00
  1.3708310e+00
  1.4466153e+00
 -1.6243277e+00
 -1.9298710e+00
 -1.3449591e-01
  1.0289508e-01
 -4.1931033e+00
 -3.8555346e-03
  1.6589412e-01
 -1.0156981e+00
  2.5033107e+00
 -7.6715738e-01
  1.0854481e+00
  1.9450700e+00
 -1.7699277e-01
  1.8415028e+00
 -1.6333293e-02
  6.4097929e-01
 -1.5084918e+00
 -8.9247264e-03
 -5.8707982e-01
 -3.7743077e-01
  1.9829635e-01
  3.0048795e-03
  2.9137728e-01
  2.7293620e-01
  1.1633708e+00
 -3.1356294e-02
 -9.1768831e-01
 -1.1275134e-01
 -4.3034309e-01
 -1.5671376e-02
 -1.9663113e-01
 -4.3656636e-02
 -9.8890227e-01
 -2.1991976e-01
 -4.2267463e-01
  5.4029047e-01
  2.9608561e-02
 -3.1667823e-01
 -1.6866127e+00
 -1.2149758e-01
 -1.1319902e+00
 -3.2282120e-01
 -1.2466886e+00
 -3.2749064e-02
 -2.8844503e-01
  9.9108452e-01
 -2.6417607e-01
  2.7840104e-02
 -3.9406073e-01
  4.8266926e-01
  3.3263275e-01
 -2.6668672e-02
  4.0837258e-01
  3.3516091e-01
  2.7610944e-03
  1.3860312e-01
 -7.4919220e-03
  1.8755167e-03
 -1.4128612e-01
 -1.1657467e-01
 -1.8689008e-01
 -3.4650788e-04
 -2.0338998e+00
  8.1348658e-01
  7.2245073e-01
  5.3163531e-06
 -1.0443213e+00
  9.3735665e-01
  2.5319653e-02
 -4.7776627e-04
  6.2437731e-01
 -7.0201963e-02
 -5.8618091e-02
 -8.3149591e-04
  3.6195647e-02
  6.9970660e-02
  1.2230807e-01
  5.3684344e-03
 -9.2350286e-01
  1.7792490e+00
  1.7892600e+00
 -7.1734609e-04
 -1.0916225e+00
  3.6386646e-02
  5.5867708e-01
  2.8967455e-01
 -2.2964423e+00
 -3.3462879e-01
  3.9120230e-01
 -2.3083645e-03
 -8.4385097e-01
  5.4744613e-01
  5.7500035e-02
 -3.2028134e-03
 -6.1789799e-01
 -4.4849843e-02
  6.1281908e-01
 -1.4099912e-03
  2.5252870e-01
  2.7956135e-04
  7.1489057e-03
 -5.4709730e-03
 -8.9914659e-03
 -2.1653223e+00
  7.7597249e-01
 -2.8146661e-03
  1.0531477e-03
  2.2233998e-02
 -9.2640340e-01
  7.4810958e-03
  3.0643463e-01
 -1.5270743e-01
 -1.1856869e-01
 -7.9791754e-01
 -1.1600604e+00
  2.9175672e-01
  6.4651400e-01
 -1.3740093e-01
  3.2966353e-02
  4.4309700e-01
  1.6965368e+00
 -9.9299073e-01
 -9.7544235e-01
 -5.5403300e-03
 -2.2768256e-01
 -1.2660656e+00
 -3.6393946e-01
  2.4592856e-02
 -2.3430555e-01
  6.2187672e-01
  5.8735150e-01
 -6.9283760e-01
 -1.0911930e+00
 -4.0691634e-04
 -1.6543680e-01
  6.5254074e-01
  9.0841103e-01
  1.3974217e-01
 -1.3183931e+00
 -3.4913751e-01
 -2.0691369e+00
 -5.7214522e-01
 -1.3916560e+00
  1.4102195e-01
 -1.7635910e-05
 -1.6131447e-01
 -6.2834793e-01
  7.4222903e-03
 -1.0740020e+00
  1.8850142e+00
 -1.6832497e-03
  9.7233383e-04
  1.4636974e-01
  5.6838411e-01
  3.6214128e-02
 -1.3732477e+00
  1.3519733e+00
 -1.6678404e+00
 -1.1136971e-03
  3.2332330e-03
 -1.0700464e+00
 -1.2691134e-02
  1.8298786e+00
  2.5225824e-03
 -6.9740707e-01
  9.3409824e-01
  7.1199882e-01
 -6.6451654e-02
 -3.0816087e-01
 -5.7014126e-01
 -2.2390188e-01
  1.3229178e-03
 -1.6500347e+00
  3.2813258e-02
  4.1920745e-01
 -3.1900898e-01
 -1.8496494e+00
  3.9981845e-01
  1.3323550e+00
  5.1515526e-04
  2.4606192e+00
  2.3900907e+00
 -9.0926844e-01
 -5.1736826e-01
  1.6624836e+00
 -5.6471223e-01
  1.5307661e+00
 -5.7829434e-01
 -1.0644915e+00
 -5.3815067e-01
  1.4827521e-02
  1.1266904e-01
 -1.6009694e+00
  7.5512314e-01
 -5.2861500e-01
 -5.8314586e-01
 -1.0454842e+00
 -1.0389632e+00
  4.8288783e-01
 -1.2047509e+00
 -4.5562294e-01
  7.3814833e-01
 -2.1947913e-01
 -2.3031248e-01
 -3.7671068e-01
  1.0089936e-01
  2.1418743e-01
  1.8438861e-01
  2.0209703e+00
  1.5856411e+00
  2.1836327e-01
  2.3855606e-01
  1.0095474e-01
  6.8184280e-01
  1.0346723e-01
 -3.0443665e-01
  2.5175303e-01
 -8.2186884e-01
  5.9703881e-01
  1.4127411e-01
  6.0068196e-01
  2.8791511e+00
  1.6246672e+00
  1.3414679e+00
 -2.3893547e+00
  1.2023254e-01
  1.3978732e+00
 -7.3640846e-02
  1.1557497e+00
 -1.4938904e+00
  4.1183263e-01
 -1.3345985e-01
  4.1467118e-01
  9.4851553e-01
  5.5762303e-01
  1.9059497e-01
  3.2648653e-01
  2.1820885e-01
 -7.1754664e-02
 -1.3960011e-01
 -2.5076685e+00
  9.3676054e-01
  1.7495941e-01
  9.0109669e-03
  5.9293419e-01
  9.1976404e-01
  5.7788390e-01
  8.1458652e-01
 -7.3666173e-01
  7.5959027e-01
  5.3854483e-01
  6.7025608e-01
  9.3774842e-03
 -5.8124602e-02
 -1.4121796e-01
  4.3029174e-01
 -4.2912376e-01
 -3.4901974e-01
  6.1023718e-01
 -6.1608847e-02
  6.8447554e-01
 -1.1473070e-01
 -2.1966871e-04
  6.8106368e-02
  2.9702825e-04
  1.0013356e-02
  7.9878919e-02
 -6.0329705e-01
  4.2407904e-03
 -8.8309115e-01
 -2.8656571e+00
 -2.4584804e+00
 -1.0921941e+00
  2.4946323e-01
 -4.8054734e-01
 -3.4625236e-02
  1.3089047e-01
 -2.4070556e-03
 -1.5601678e+00
 -1.6186431e-01
 -1.6090780e+00
 -4.1282907e-01
 -2.2267954e+00
 -2.1477947e+00
  1.0823900e-01
 -5.8296752e-01
  1.6154040e+00
  6.1492268e-03
 -1.4864031e+00
  9.4644058e-01
  1.8857007e-01
  2.0146353e+00
  1.8136407e+00
 -9.1218692e-01
  1.8835225e+00
 -6.7627650e-01
  8.7982726e-01
  2.9564958e+00
  1.0875825e+00
 -4.0713927e-01
 -3.7117675e-01
  4.5840189e-01
  1.2049468e+00
 -4.8302606e-01
 -1.7803066e+00
  1.6470846e-02
 -4.3408912e-01
 -2.5598358e-02
  1.2419872e-02
  1.5441413e-01
  7.1723354e-03
  5.5309051e-01
  1.1070112e+00
  2.2357948e+00
 -3.0041928e-03
  4.8177313e-02
 -9.8039925e-01
 -4.7077849e-03
  1.1461684e+00
 -7.0942169e-01
  2.8325760e+00
  1.1891841e-01
 -3.1416965e-01
 -4.4407127e-03
  7.2579604e-01
 -7.0861572e-01
  4.5599449e-01
  6.2363654e-01
 -2.0579660e+00
  7.8960191e-03
  4.4382326e-02
 -1.5635443e+00
  1.5855708e+00
  5.6502247e-01
  7.0350207e-02
  9.6129373e-02
 -1.1550982e+00
 -1.8808787e+00
  1.6440523e-01
  3.0079855e-02
 -1.7623632e+00
 -4.7981516e-02
  2.1178539e-01
 -7.1777254e-01
 -1.4317272e+00
  4.3619686e-01
  9.2577443e-02
 -1.2664036e-01
 -9.7605381e-03
  5.8796877e-01
  3.8977887e-02
  6.5087092e-01
  6.4675599e-01
 -6.6449054e-02
 -2.5054246e-01
  3.9999679e-01
  3.2786074e-01
 -1.3513396e-02
  8.9764973e-04
 -4.2271128e-01
  4.3992555e-01
 -1.5476731e+00
  2.8008835e-02
  2.3348103e+00
 -7.2277716e-04
 -2.1808906e+00
  6.7372978e-02
  6.3223338e-01
  9.4614713e-04
 -5.0400394e-01
 -1.2969827e-02
 -1.8320151e-01
 -2.5037336e-01
  8.1889434e-03
 -6.2872303e-01
  2.6234970e+00
 -3.8581342e-01
 -2.3194749e+00
 -1.3124855e+00
 -6.4818151e-02
  8.5141644e-02
 -7.0788592e-02
 -4.6891063e-01
 -1.0029045e-01
 -1.0574917e+00
 -3.0109373e-01
  9.5425636e-01
 -1.3720791e+00
  6.9030511e-01
 -9.2507923e-01
  4.3747425e-01
 -1.9688034e+00
  1.1693765e+00
 -1.3530763e+00
  7.3161262e-01
 -6.0147810e-01
  3.9500747e-02
 -1.1250511e-02
  1.1551925e+00
  8.6236763e-01
 -5.4173291e-01
 -3.6239889e-01
  9.5576465e-01
  2.5870731e-01
 -6.5482134e-01
 -2.0499542e+00
  4.7271021e-02
  6.0822307e-03
 -5.9081799e-01
 -1.1434116e+00
 -1.6403264e-01
  6.4008228e-02
 -1.7271288e-01
  1.5456794e-01
  1.3193575e+00
 -1.2411696e+00
  4.3564498e-01
 -1.9834451e-01
  1.5152428e+00
 -1.3211923e+00
  6.7410961e-02
 -4.0889559e-03
 -1.9648139e+00
  2.4334407e+00
 -1.0949823e+00
  7.5866730e-05
 -7.5568032e-01
 -9.9613059e-01
  6.0529095e-01
 -1.2972226e+00
  1.0476717e+00
 -2.8776631e+00
  5.5868149e-01
  3.4185007e-01
 -1.0612833e+00
  3.9259973e+00
 -9.1578126e-01
 -6.3058549e-01
 -7.4975282e-01
  3.0700913e-01
 -7.1818344e-02
 -5.9347176e-03
  1.6380045e+00
 -3.2456369e+00
  1.3135992e-01
 -2.4800399e-02
  1.3803384e+00
 -3.3312712e+00
 -6.1328284e-02
 -7.9364663e-01
 -4.8413596e-01
  1.7722507e+00
  4.3779224e-01
 -1.5671962e-05
 -1.6903283e-01
  1.2701896e+00
  1.5932412e-01
 -1.1916690e-01
  5.8551747e-01
 -4.2890653e-01
  5.1382382e-04
 -1.7372866e-01
  2.5370550e-01
 -1.3686872e+00
 -2.7866942e-01
 -1.3967828e-01
  4.0762588e-01
 -1.5359703e+00
 -2.0873842e-01
  5.1742965e-01
  1.2764620e+00
  1.8269087e+00
 -1.0796095e-01
  5.6586019e-03
 -1.8749357e+00
 -4.2802526e-04
  3.5454389e-01
 -6.3945021e-04
  1.2740555e+00
  1.1818178e+00
 -1.9188453e-03
  1.8960965e+00
  2.3728929e+00
 -1.5176892e+00
 -6.5205526e-01
  3.8887616e-04
 -7.1760172e-01
 -2.5379327e-01
  9.4819233e-02
  2.3340209e-01
  2.4399509e-01
  8.5562897e-01
 -4.2847919e-01
  1.5614371e+00
  7.6626438e-01
  3.2435513e-01
 -1.8129715e+00
 -4.9456965e-02
  3.8370338e-01
 -1.6813211e+00
 -1.1305908e+00
  1.3129988e+00
  6.2272687e-02
  1.8807168e+00
  2.5761417e-01
  5.8861792e-01
  3.0040973e-01
  2.5318055e+00
  2.0292599e-01
 -1.6241144e-01
  9.1764756e-02
  1.1486888e+00
 -9.6699893e-01
  7.9124981e-01
 -1.4603218e-01
 -7.2969973e-01
 -6.4933747e-01
  4.9288762e-01
 -1.0886418e-01
  1.7811556e-01
 -2.7195241e+00
 -2.1763092e-01
 -2.4850781e-03
  2.5198340e-01
 -1.0602249e-02
  2.1656291e-03
  4.1213647e-01
 -1.9514121e-01
  8.7888084e-02
  6.7920059e-01
 -3.1554598e-01
  2.5842300e-01
 -2.1229060e+00
 -9.9217755e-01
  6.8104118e-01
  8.5634673e-01
  1.3462724e-01
  9.8905277e-01
 -5.6925267e-01
 -1.1548626e+00
  1.2692256e-03
 -6.1031318e-01
  8.0539718e-02
  2.5973613e+00
  3.0662295e-01
 -2.9399507e-03
  1.7793749e-02
  6.6491777e-01
  8.4564620e-01
  2.3650539e-01
 -3.2284424e-01
 -9.0182137e-01
  2.3165666e-01
 -4.1384941e-01
  1.6413651e-01
 -8.6151510e-01
  2.0950520e-01
  1.8215214e-04
  4.2969099e-01
 -1.0382161e-03
  2.8096119e-01
  3.3743694e-02
  3.1591898e-01
  4.4125152e-01
 -6.9218175e-04
 -5.9518296e-02
  6.9036640e-02
  6.9575682e-02
 -2.8140226e-02
 -1.7045718e-01
  2.1170798e-01
 -2.3275453e-01
  3.7229475e-01
  1.6953603e+00
  8.8620804e-02
  5.0059389e-03
  6.1139190e-01
  1.5674242e-01
 -3.7615266e-01
  1.5642277e-03
 -1.5452161e+00
 -3.9455067e-02
  2.0894012e+00
 -8.3697820e-01
 -1.2415334e-01
  1.8134612e+00
  3.5140988e-01
  4.8563355e-01
 -4.6070781e-01
 -9.9897720e-03
  5.5104204e-02
  2.5572908e-01
 -8.4331030e-01
 -1.6987826e-03
 -1.6037704e-01
  6.4831579e-01
 -4.3463999e-01
  1.0348201e+00
  2.1818794e-01
  1.4669604e+00
 -4.7963521e-01
 -2.7079144e-01
  1.2249626e-01
  1.2604953e+00
  8.3492845e-01
  6.2757415e-01
 -1.3126674e-03
  1.0105437e+00
  7.3191690e-01
  9.1425426e-02
  5.7511818e-02
  5.5343115e-01
  1.2222970e+00
  3.8974330e-01
  5.9681946e-01
  1.9644219e-03
  1.0560453e+00
  3.0291451e-02
  3.6309707e-01
 -3.5885938e-02
  4.8087016e-01
  3.5217988e-01
  4.2361200e-01
 -9.7921395e-01
  1.6879910e-01
 -2.5968750e+00
 -1.7717094e-03
 -4.9142065e-03
 -8.8864595e-01
  3.4394749e-03
  9.6408032e-02
  4.1286755e-01
 -1.7021351e+00
 -1.9718759e+00
  4.2897257e-01
  5.6658995e-01
  2.3034098e+00
  3.6711982e-01
 -5.5272289e-02
  2.3085411e-01
  2.0171282e-01
 -3.7614736e-01
  1.0408400e+00
 -9.5808178e-01
 -9.3775290e-01
 -8.9200485e-01
  1.0424315e+00
 -1.5056009e+00
  8.7876278e-01
  1.1736695e-03
 -5.9759361e-01
  1.2367864e-01
  7.8302473e-02
 -6.8626027e-03
 -6.5443021e-01
 -5.0306541e-01
 -1.1274829e-01
  5.9305561e-01
 -1.2587118e-01
  1.7889684e+00
  9.8260887e-02
  4.7824124e-01
 -1.1355832e-01
  3.3467212e-01
  3.0645636e-01
 -3.3061671e-01
 -3.4423903e-01
 -1.0397240e+00
  1.0364934e-01
 -6.6576862e-01
 -3.3349276e-02
 -6.3837641e-01
 -4.1738097e-02
 -8.6547934e-02
 -4.3600428e-01
  9.0845264e-02
 -1.2542084e+00
 -7.1996897e-01
  5.1798922e-01
  6.0728151e-01
 -2.7034882e-01
 -3.1783697e-03
  2.4459103e-01
 -1.3536888e+00
  2.3990348e-01
 -1.4185604e-02
  1.5853617e+00
  2.4826128e+00
 -4.8230562e-01
 -2.6860833e-01
  7.9627413e-01
 -1.4676009e+00
 -3.9427574e-03
 -9.9120705e-05
 -4.5877829e-01
 -1.2589730e+00
  7.2611667e-02
 -2.3741166e-01
  7.0443684e-01
  2.2573388e+00
 -1.9653151e+00
 -2.4103093e-01
  9.5028138e-01
  1.5791533e+00
 -1.3327693e-02
 -1.7200403e-01
  5.7294422e-01
 -1.0686021e+00
  1.5053773e+00
 -2.8565312e-02
 -1.7560670e-01
 -3.7765154e-01
  4.0238094e-01
 -5.4812092e-01
 -5.6841940e-01
  5.9339988e-01
 -3.7483802e-01
 -4.9472321e-04
 -6.4700967e-01
  4.8994029e-01
 -9.2887260e-02
 -6.1948949e-01
 -3.4178972e-01
  6.9753535e-02
 -7.7975646e-02
 -9.0070583e-02
  2.3359172e-02
  2.3359172e-02
  2.3359172e-02
  2.3359172e-02
  2.3359172e-02
  2.3359172e-02
  2.3359172e-02
  2.3359172e-02
  2.3359172e-02
  3.7800722e-02
  3.7800722e-02
  3.7800722e-02
  3.7800722e-02
  3.7800722e-02
  3.7800722e-02
  3.7800722e-02
  2.9012233e-02
  2.9012233e-02
  2.9012233e-02
  2.9012233e-02
  2.9012233e-02
  2.9012233e-02
  2.9012233e-02
  1.3580502e-02
  1.3580502e-02
  1.3580502e-02
  1.3580502e-02
  1.3580502e-02
  1.3580502e-02
  1.3580502e-02
  5.7021868e-03
  5.7021868e-03
  5.7021868e-03
  5.7021868e-03
  5.7021868e-03
  5.7021868e-03
  5.7021868e-03
  1.2225810e-02
  1.2225810e-02
  1.2225810e-02
  1.2225810e-02
  1.2225810e-02
  1.2225810e-02
  1.2225810e-02
