nep4 2 Cu Se 
cutoff 7 5 100 44
n_max 8 6
basis_size 12 12
l_max 4 2 0
ANN 50 0
  5.6410909e-01
 -1.7845675e+00
 -5.0473440e-01
  4.7665760e-03
 -3.0533008e-02
  7.2216175e-02
  1.2506872e-01
  9.8127216e-02
  2.7887141e-02
  6.4749122e-01
 -2.4407709e-01
 -4.2297977e-01
  1.8957126e-01
 -2.8129497e-01
 -6.2095433e-01
  1.1464040e-01
 -1.8232465e-01
  3.4095109e-01
 -2.9445205e-02
 -1.0893881e-01
  4.0085815e-02
 -1.3939433e-01
  2.5466269e-01
  1.5375008e-01
  3.5664579e-01
  2.7711815e-01
  4.1603729e-01
  3.5262156e-01
  1.4249963e-01
 -1.1937112e-01
 -2.5277239e-01
  1.7856185e-01
 -1.6058722e-01
  2.4799851e-01
 -3.8323499e-02
  8.9612764e-01
  9.8065734e-02
  4.4683161e-01
 -2.5726819e-01
  1.6998467e-01
  3.2913646e-01
  9.8829374e-02
  1.6453102e-01
  1.0137499e-01
  5.7999104e-02
 -3.1877613e-01
  2.4395563e-02
  2.1173707e-01
  1.7524489e+00
 -8.2100943e-02
 -5.2366126e-02
 -8.7988764e-02
 -2.8586203e-01
  9.0118051e-01
  5.8562279e-01
  2.8381330e-01
 -9.4419502e-02
  6.8048283e-02
  9.9293269e-02
 -2.2985107e-01
 -3.2910022e-01
  1.0745279e-01
 -2.7608454e-01
 -3.7509894e-01
  5.3561181e-01
 -7.8094088e-02
 -1.7495075e+00
 -1.3709053e-01
 -1.1011787e-01
  8.5365981e-02
  2.5494835e-01
  7.3802686e-01
  1.3322768e-01
  1.7584760e-01
 -2.9225388e-01
 -5.8347905e-01
 -5.6954992e-01
  1.6385268e-01
 -2.6481807e-01
  1.8641837e-01
  4.0522456e-01
  4.1833600e-01
  2.5826240e-01
 -1.5427835e-01
  2.1474170e-02
 -1.1515600e-01
  2.9770562e-01
  1.2388922e-01
  6.0141230e-01
 -4.3795961e-01
 -1.2730768e-01
  3.8419768e-01
 -2.3049995e-02
  1.2230083e-02
 -8.0787992e-01
  2.7020529e-01
 -1.4759636e-02
  4.2572615e-01
 -5.1525626e-02
 -2.1835741e-01
 -2.1530741e-01
  3.5563740e-01
  1.9342318e-01
  1.0970735e-01
  3.8165674e-02
  3.2095361e-01
  7.7235490e-02
  2.1621098e-01
  1.0658977e+00
  4.5322254e-04
  1.9760196e-01
  6.8983120e-01
  1.6972144e-01
  1.7522922e-01
  4.8560426e-02
  6.3119292e-02
  9.6315719e-02
  7.7898204e-03
  2.7228966e-01
  2.3311220e-02
  9.4619501e-01
  1.2763368e+00
 -1.8138020e-01
 -2.2934715e-01
 -4.9417371e-01
 -6.2968686e-02
  4.2444710e-02
 -3.1996846e-02
 -1.8969191e-02
 -3.3806747e-01
 -2.6812598e-01
  7.8279927e-02
 -3.7982145e-01
  4.2104626e-01
  1.5920977e-01
  7.8412926e-01
  1.6199331e-01
 -3.5395357e-01
  1.2739513e+00
  1.4498301e+00
  7.3176277e-01
 -6.3199633e-01
 -3.2332066e-01
  1.6926872e+00
 -2.5652563e-03
  2.3296970e-01
  2.8389551e-02
 -1.8284836e+00
 -5.8880204e-01
  8.4033340e-02
 -1.0943186e-01
 -1.5339646e-01
 -1.2316178e+00
 -6.5415317e-01
  1.0276121e+00
 -1.9034963e+00
  4.6308854e-01
 -8.7546617e-01
  1.3544570e-01
 -6.6056408e-02
  2.8475973e-01
  1.1685826e+00
 -5.8218116e-01
  1.0437624e+00
 -1.6980354e-01
 -4.2750254e-02
 -9.1118544e-01
 -9.3402106e-01
  1.5216585e-01
  7.5838101e-01
  6.5841126e-01
  2.4677475e-01
  3.5844728e-01
 -2.3257156e-01
  4.7787574e-01
  9.6117157e-01
  1.8986413e-01
 -1.2578087e-02
  1.4496311e+00
  1.3782647e-01
 -1.1091437e-02
  1.3998224e-01
  5.7184798e-01
  3.6609247e-01
  1.9434536e-01
  1.2541279e-01
  3.2262206e-01
  3.3219993e-01
 -2.4042617e-01
  3.6905233e-02
  6.3315853e-02
  8.6562854e-01
  3.2667220e-01
  3.6619037e-02
  5.7224560e-01
  7.3834813e-01
  8.8208765e-01
  2.7406388e-03
 -5.7516992e-01
  4.5154417e-01
  3.3238241e-01
 -1.1675857e-02
 -2.2653250e-01
  1.2312634e-01
 -7.9338439e-02
  3.6525717e-01
  3.2243192e-02
 -1.1842997e-02
 -1.1773118e-01
 -1.1605704e-01
  5.4944068e-01
  3.0841312e-01
  4.2958844e-01
  2.4900176e-01
  9.6475855e-02
 -3.7417018e-01
  1.2654370e-01
  2.4452877e-01
  3.7547193e-02
  7.3136210e-02
 -9.2681229e-02
 -4.2711022e-01
 -9.7962126e-02
 -3.4492037e-01
 -2.6653785e-01
 -1.8483323e-01
  3.0447233e-01
  2.3567194e-01
  8.7168649e-02
 -2.7794804e-02
  9.9438198e-02
 -1.6420376e-01
  5.9386995e-02
 -2.4999107e-01
 -8.3416961e-02
 -2.8910470e-01
  1.0808490e-01
 -2.0036526e-01
  4.5287782e-01
 -4.6044890e-02
  3.6752235e-02
  5.0460286e-02
 -1.4811230e-01
  3.2853377e-01
  5.3316504e-01
  5.7913519e-02
  3.3469510e-01
 -2.1354602e-01
 -8.0480844e-02
  5.1583481e-01
 -2.1290474e-01
  2.6023330e-02
 -1.1214736e-01
  1.3784240e-01
  5.9952669e-02
 -2.3552563e-02
 -1.4595680e-01
 -7.7678591e-02
  3.0887362e-01
  1.0647020e-01
  2.6590833e-01
  9.5592052e-02
  8.7598912e-02
 -1.5126386e-01
  6.9511431e-01
  7.6790613e-01
 -2.1424909e-01
 -7.0043868e-01
 -4.8728943e-01
 -1.3131090e-01
  8.1616765e-01
 -9.8089077e-02
 -9.5172293e-02
  9.2323661e-02
  1.1410038e+00
 -3.9682144e-01
  1.4466412e-01
  4.3808410e-01
 -8.7587573e-02
  1.7921096e-01
 -1.1814286e-01
 -3.9762817e-02
  2.8924143e-01
  8.8059738e-02
 -4.2451826e-01
  1.9821954e-01
 -9.0921193e-01
  1.1256487e-01
  9.1259308e-02
 -1.8683244e-02
 -1.2584299e-01
  4.0459114e-01
  6.9743377e-01
 -3.8522713e-02
  1.2646540e-01
  1.9340435e-01
 -2.6391024e-02
 -3.5259247e-01
 -3.4261686e-01
 -3.7801728e-01
 -1.3844307e-01
 -2.1085449e-01
 -1.0750781e-01
  6.2976189e-02
  9.0082586e-02
 -1.5593238e-01
 -1.3803561e-01
  3.4084255e-01
 -4.8048866e-01
 -4.2153248e-01
  2.1460107e-01
 -6.0616791e-01
  1.0017624e-01
  7.9398113e-01
  1.7865321e-01
  1.6003788e-01
  2.6848039e-01
  9.9186532e-02
 -8.4554523e-02
 -7.3941655e-02
  4.7793433e-02
 -9.3262327e-01
  1.3364215e-01
 -1.6314754e-01
 -1.3704477e-01
 -3.7900376e-01
 -5.3428486e-04
  2.4760548e-02
  6.2020838e-01
  2.4348244e-01
  2.6593570e-02
  1.9048369e-02
 -4.2241290e-01
 -3.9403625e-03
 -5.4796511e-01
 -3.5511610e-01
 -4.7597341e-02
 -2.6554677e-01
  4.5714481e-03
 -1.1551595e-01
  9.3970016e-02
  2.2739784e-01
  2.3492089e-01
 -8.6872660e-02
 -2.9498929e-01
  1.4699803e-02
  1.9381273e-01
  7.7966917e-03
 -1.2288215e-01
 -2.2460148e-02
  5.1149860e-02
 -2.0183744e-01
 -1.3652754e+00
  7.9734522e-01
 -3.9356694e-01
 -1.6151664e-01
 -1.4913712e-01
  4.5209199e-02
 -5.1175171e-01
 -1.1826524e-01
  5.1249248e-01
  4.9319230e-02
 -4.3841171e-01
 -2.3170573e-01
 -8.8714987e-02
 -2.4178822e-01
 -2.1379019e-01
 -1.5648416e-01
 -3.9954448e-01
 -1.4023043e-01
  2.5797549e-01
 -7.6806329e-02
  2.8301907e-01
 -1.2473179e-01
  1.9446217e-01
 -1.4018549e-01
  3.3094525e-02
 -2.5415221e-01
  3.6707405e-02
  1.0239930e-01
  5.3647190e-01
  1.8541270e-01
  1.8215740e-01
 -3.9198476e-01
  1.6851979e-01
 -3.1792905e-02
  3.0543098e-01
 -1.7663361e-01
  3.2230365e-01
  7.8505862e-01
 -7.3741955e-01
 -2.6139352e-02
  1.1828574e-01
 -2.2844023e-01
 -1.1204048e-01
  2.4832264e-03
  5.1990733e-02
  1.2262676e+00
  1.0958312e-01
  1.6916898e-01
 -2.6219130e-01
 -2.7154899e-01
  2.0585498e-02
  1.1481686e-01
 -5.0856780e-02
  6.4583707e-01
  2.7038261e-01
  1.3261662e-01
 -9.9136800e-02
 -7.4104160e-02
 -1.1495978e-01
  4.6889779e-01
  3.5997850e-01
 -1.9955437e-01
  9.8172247e-02
  8.2068300e-01
  6.1349664e-02
 -1.5185058e-01
  4.8648566e-01
 -3.3702177e-01
 -2.0741589e-02
 -3.4825295e-02
  2.3884456e-01
 -3.5981914e-01
 -6.8849832e-02
  7.8483927e-01
 -2.0488473e-02
  1.1999490e-01
  8.5566223e-02
  2.6234441e-02
 -2.4713360e-01
 -1.7531516e-01
 -1.3054293e-01
  7.0798659e-01
  1.4492813e-01
 -2.0199965e-01
  2.0956634e-01
 -1.7951211e-01
 -2.7677980e-01
  2.4662185e-02
  6.5354550e-01
  2.6189190e-01
 -5.6619938e-02
  1.3187481e-01
 -5.7569492e-01
  6.4401096e-01
 -6.1349857e-01
  1.1711835e+00
  5.8102131e-01
  7.0828781e-02
 -7.6748836e-01
 -4.5401457e-01
  1.0385078e+00
 -1.0332530e+00
 -5.4407079e-02
 -1.1330597e+00
 -8.8080895e-01
  1.0222549e-02
 -1.2596716e+00
 -2.3714561e-02
 -7.9658896e-01
 -1.5065292e-01
  9.8548877e-01
 -5.6766778e-01
 -1.9941528e+00
  1.2238712e-01
  1.3621098e-01
 -1.0327349e+00
 -5.4425597e-01
  1.2786567e+00
  7.4271423e-01
 -3.6487937e+00
 -1.5058413e+00
 -5.0250605e-02
  2.6276913e-03
 -7.7199346e-01
  8.8820028e-01
  6.2243062e-01
  4.8738752e-02
  1.7984984e-03
  8.0235839e-01
  2.1602595e-01
 -6.4044154e-01
  1.1880914e-01
  1.9995930e-02
  2.2300942e-01
 -5.4100636e-02
 -8.3797321e-02
  1.0858088e-01
 -3.0044889e-01
 -6.7719364e-01
  1.1565334e-01
 -1.7064971e-01
  1.4024798e-02
  2.7822727e-01
 -2.2836813e-01
 -2.4129084e-01
  1.2998930e-01
 -2.1382594e+00
  1.3095436e-01
  3.2008204e-01
 -1.8385422e-01
  3.1170326e-01
  7.5429119e-03
  2.0621194e-01
  2.0931400e-01
 -5.7268757e-01
 -3.0740766e-02
 -9.0231478e-02
 -2.0087811e-01
  4.9881440e-01
 -9.7358084e-01
  3.9004546e-01
 -2.6638620e-04
  1.7240888e-01
  3.1951930e-02
 -1.1434391e-01
  4.0384048e-01
 -3.5520941e-02
 -1.2837134e-02
  5.0902367e-05
  2.5338882e-01
  1.6128825e+00
  1.2029228e-02
 -2.6498085e-01
  1.6230731e-01
 -5.3035256e-02
 -5.3127688e-01
  3.4882179e-01
 -6.9946223e-01
 -4.7358203e-01
 -5.9246525e-02
 -1.5354641e-02
  4.3800890e-01
 -5.2020536e-04
 -2.4461573e-01
  9.6756041e-02
 -1.5912682e-01
 -1.0082036e-01
  1.2566760e-01
  7.7186301e-02
 -5.8039898e-01
 -1.5741009e-01
  3.6786166e-01
  1.0255219e-01
 -1.2624176e-01
  7.4445702e-02
  1.9894341e-02
  7.2691613e-01
  5.1182881e-04
 -1.0922186e+00
 -1.3185450e-01
  2.7616061e-02
  8.6997136e-02
 -4.5345372e-01
 -1.5367503e-01
  1.5352739e-01
 -2.7235159e-01
 -2.2665566e-01
  3.6423758e-01
  2.0746070e-01
 -2.3238050e-02
 -9.6372053e-02
  2.5280550e-02
 -1.9194789e-01
 -1.0471367e-01
  3.4317273e-01
  4.4262342e-02
  1.8205792e-01
  1.4968526e-01
  1.6695705e-01
  4.6678382e-01
  2.1643093e-01
 -6.8558675e-01
 -2.9279852e-01
  3.9534110e-01
 -1.4187440e-02
 -2.0497315e-02
  4.9651882e-01
 -1.7868137e-01
 -2.5103989e-01
  1.0948265e-01
  4.0053570e-01
 -2.7487433e-01
  2.5893754e-01
 -9.4624333e-02
 -5.9379071e-02
 -6.3378561e-01
 -5.7184631e-01
 -3.1566626e-01
  1.9293023e-02
  2.0421948e-01
  3.6620662e-01
 -1.2122343e-01
 -9.5609307e-02
  1.6923431e-02
 -2.5378108e-01
  1.2277573e-02
  6.2490958e-01
 -2.9314828e-01
 -8.1846851e-01
 -1.3098049e-01
 -8.8619590e-02
  2.4097571e-01
  5.8246988e-01
  4.1181692e-01
 -2.0153669e-01
 -6.2295914e-01
 -3.5728764e-02
  4.9419187e-02
  1.7894847e-02
  8.0682158e-01
 -2.2139779e-01
  5.8042145e-01
 -8.6901434e-02
 -6.1806455e-02
  1.5310231e-01
  2.2110257e-01
  1.6870073e+00
 -6.9412845e-01
 -6.0731339e-01
 -3.9400312e-01
 -5.5352114e-03
  5.9164040e-02
  2.8321746e-01
 -1.3118467e-01
 -3.5174561e-01
 -5.4341346e-01
  5.8520627e-01
  6.0858679e-01
 -8.8271350e-02
  2.4102192e-01
  6.0448223e-01
  3.2864553e-01
 -1.6075735e-01
  1.6056360e-01
 -3.7544182e-01
  8.7087132e-02
  2.6407160e-02
  8.4561068e-01
 -1.9199505e-01
 -1.8992034e-01
 -1.4450578e-01
  1.7652977e-01
 -3.6492668e-02
  5.5358773e-01
  7.7777439e-01
 -1.1045018e-01
  9.6267745e-02
 -2.5583416e-01
 -1.2306059e-01
 -5.1760364e-01
  2.0338011e-01
  5.1616937e-02
 -3.7297472e-02
  4.7877479e-01
 -1.0074934e-01
 -4.0501106e-01
  3.5807453e-02
 -6.6597834e-02
  5.5458164e-01
 -7.0753211e-01
  1.7596859e-01
 -2.0024030e-01
 -1.2188400e-01
 -2.7036342e-01
 -4.0513968e-01
  1.8019520e-01
 -3.1366870e-01
  9.3536921e-02
 -1.2436491e-01
  6.8101460e-01
 -1.2073706e-01
  2.0369218e-01
 -1.9233689e-01
  2.4991553e-01
  1.0273318e-01
 -6.6437051e-02
 -2.9350421e-01
  1.4005043e-01
  2.1507373e-01
  1.9955294e-01
  7.7259801e-03
  4.3804079e-01
  1.6066271e-01
  3.8135350e-01
 -4.5377783e-02
 -6.7150110e-01
 -4.6306083e-01
  6.7522265e-02
  1.1485144e-03
 -2.4542695e-01
  7.0843898e-02
 -3.4689850e-01
  2.2646022e-01
 -4.6519226e-01
  8.1913859e-01
  4.9728838e-01
  5.7435977e-01
  3.9764836e-01
 -6.4155385e-02
  4.2687431e-02
  3.0977074e-02
 -5.2170360e-01
  1.8663630e-01
  8.4795994e-01
 -7.7248108e-01
  9.5703989e-02
 -8.0069721e-01
 -7.3894262e-02
 -4.0771040e-01
  3.3675718e-01
 -2.6602387e-01
  3.5696906e-01
 -8.1677616e-02
  1.4710372e-02
  1.4469057e-01
 -2.8360310e-01
  7.5555280e-02
 -9.9499710e-03
  1.2049512e-01
  6.5091223e-02
 -6.2678002e-02
 -1.5639989e-01
  1.7826473e-02
 -1.0393649e-02
 -8.5450754e-02
  7.6592588e-01
 -4.1271646e-02
  1.9754903e-01
 -3.2132600e-02
  7.9971379e-01
 -5.1510489e-01
 -5.4214820e-03
  1.6145378e-01
  3.0028749e-01
 -6.2053286e-02
 -7.8940816e-02
 -1.1242744e-01
  8.1411466e-02
  1.6168533e-01
 -1.0575652e-01
  1.4340793e-01
  5.7130173e-02
 -9.5820421e-01
 -7.7262640e-02
  6.6988103e-02
  2.5587231e-01
 -2.1234861e-01
 -4.6100718e-01
 -3.4510845e-01
 -3.4306622e-01
  4.0430602e-01
 -4.3789712e-01
 -1.1383349e-01
 -6.5964669e-01
 -4.8026332e-01
  4.1736465e-02
  2.0218766e-01
  3.0051064e-01
 -1.8131964e-01
 -4.6256411e-01
  2.4789909e-01
 -3.3735599e-02
 -3.6513674e-01
  1.1342394e+00
  5.8651233e-01
 -4.1045610e-02
 -1.8384637e-01
 -6.2627691e-01
 -1.1468757e-01
  8.2326901e-01
  1.7021467e-01
  7.2186148e-01
  1.2432628e-01
  3.5509996e-02
 -1.6934755e-01
  2.7641171e-01
 -2.1742135e-01
  1.9247504e-01
 -4.3587446e-01
  5.2596962e-01
  9.5869109e-02
  3.0663811e-02
 -1.0771977e+00
 -1.3264813e-01
  4.0470994e-01
 -3.9902788e-01
  1.9446208e-01
 -1.2644893e-01
 -1.9799358e-01
 -7.2701350e-02
 -1.6455097e+00
 -1.3369792e+00
  5.4682893e-01
  9.6187323e-01
 -1.1385144e-01
 -2.5541160e-01
 -3.5347638e-01
  1.2561933e+00
 -3.9179492e-01
  1.5092103e-02
  7.2412747e-01
 -9.5417339e-01
 -5.3560758e-01
  2.7950755e-01
 -5.3344429e-01
 -1.9452903e-02
  2.3614217e-01
 -9.3855299e-02
  1.9892283e-01
 -1.1870611e-01
  2.6980001e-01
 -2.3684946e-01
  6.4832509e-02
  7.4986386e-01
 -1.3506457e-01
 -7.5719965e-01
 -1.4891727e-01
  4.4309214e-01
  1.4549713e+00
  5.1765054e-01
 -7.3342484e-01
  1.2820555e-01
 -4.8590977e-02
  2.6102582e-02
 -1.9625921e-02
  9.2751477e-03
 -1.3332412e-01
  2.4916278e-01
  2.7936667e-01
  8.4837198e-02
  2.3246333e-01
 -1.2861454e-01
  4.6306249e-01
  2.0679410e-01
  2.1677800e-01
 -5.5574983e-01
  7.9150170e-01
  7.0939124e-01
 -9.3421325e-02
  3.9327165e-01
  1.8026446e+00
  1.1233287e-01
  1.7817736e+00
  2.3872189e-01
  7.3838305e-01
  8.9123994e-02
  1.0675325e-01
  2.1725854e-01
  1.7586225e-01
  2.2267418e-01
  7.5678930e-02
 -5.9966028e-01
  2.4692567e-01
 -8.1948519e-01
 -4.1080996e-01
 -1.9487517e-01
  1.4406326e-01
  1.8735936e-02
  2.6263711e-01
  9.8094571e-01
 -1.6701290e-01
  1.8450181e-01
  1.2563343e-01
  8.9017099e-01
 -6.5069273e-02
  2.6325304e-02
  1.9988891e-01
 -6.7886122e-02
  2.5257647e-01
  1.7800353e-01
 -6.0437328e-01
 -9.5745051e-01
 -2.8330392e-01
  1.8878512e-01
  3.3738536e-03
  5.6182325e-01
  3.0346066e-03
  4.7280382e-02
 -4.4180489e-01
  3.6460075e-01
  5.8642691e-01
 -4.1770753e-01
 -1.5990722e-01
 -1.0042233e-01
 -3.5762548e-01
  1.6570314e+00
  1.3859053e-01
  1.2479326e-01
  1.9422460e-01
  6.8700463e-02
 -2.6754403e-01
  7.2383076e-02
 -1.1299713e-01
  4.1084251e-01
  3.8886398e-02
  7.0138329e-01
 -7.2962277e-02
 -6.8301761e-01
 -7.0437706e-01
  1.7044257e-01
  5.3196412e-01
  4.6494523e-01
  1.4346766e+00
  1.1050531e-01
  4.2902932e-01
 -2.1634865e-01
  5.1951492e-01
  1.2147194e-01
  1.3147401e-02
  7.9528874e-01
  6.9276869e-01
  2.4094291e-02
  1.8970488e-01
  8.9120902e-03
  1.1564873e-02
  1.4249001e-01
  6.1091810e-02
 -6.8686181e-01
 -3.9858422e-01
  4.4392499e-01
  4.0728763e-01
  4.6002317e-02
  1.5080050e+00
  2.5578511e+00
  1.1401036e+00
  8.5608882e-01
  7.2167009e-01
 -7.3459136e-01
 -1.1001981e+00
  5.2357346e-01
 -7.3779696e-01
 -2.7630964e-01
 -1.3108341e-01
  3.0976969e-01
 -2.5324526e-01
 -5.6452072e-01
  2.6658997e-01
 -1.0269991e+00
  1.5895680e-01
  1.8767646e-01
 -1.2269545e-01
  1.0878389e+00
  1.1986605e-01
 -1.3461743e-01
  7.2455406e-01
 -2.5599676e-01
  2.4342193e-01
 -2.8401680e-02
  3.5189492e-01
 -1.5524706e-01
 -1.2069613e+00
 -3.5026062e-01
  1.6390662e-01
 -1.7732345e-02
  1.1911029e+00
  5.5268876e-02
 -1.1053725e+00
 -3.8995528e-01
  1.1013053e-01
  2.2363640e-02
 -6.9730759e-01
  1.4284007e-01
 -3.7988573e-01
 -3.2534313e-03
 -2.6401091e-01
  4.4124618e-02
 -1.2199572e-01
 -4.1178048e-01
 -1.5318231e-01
 -1.0667268e-01
  5.2944437e-02
 -1.2491153e-01
 -8.2952842e-02
  4.0087289e-01
  2.9849511e-01
 -1.2740657e-01
  3.4221038e-03
 -6.2143188e-02
 -1.4399633e-01
 -2.8781697e-01
 -4.1957384e-01
 -4.1808203e-02
 -8.7645270e-02
  4.9630329e-02
 -4.5307767e-01
  5.5926740e-03
  6.0095149e-01
 -5.2030150e-02
  2.5806361e-01
  7.8595054e-01
  1.9618937e-01
  4.1882077e-01
 -6.6141814e-01
  1.7594394e-01
 -4.8379976e-02
 -1.5346696e-02
  1.6105469e-01
 -2.1710493e-01
  6.7267716e-02
 -3.6850962e-01
  1.9275044e-01
  1.6069405e-02
 -2.4114759e-01
  1.5429789e-01
 -8.4899873e-02
  5.5888283e-01
  8.6054675e-02
 -5.4511213e-01
  7.0245527e-02
  8.9963846e-02
  5.5896443e-01
 -5.4049641e-01
  2.0002847e+00
 -1.2238438e-01
 -3.4462729e-01
  5.0270897e-01
 -5.7545567e-01
 -1.0594560e-01
  9.3875831e-01
 -1.2785676e-01
  5.9764409e-03
 -4.9544320e-01
  4.4150770e-02
 -8.9011407e-01
  1.2966155e-01
 -4.7543284e-02
 -3.9933217e-01
 -7.0345044e-01
  3.7391618e-01
 -6.3421123e-02
  4.0198681e-01
 -1.6589871e-01
 -8.9352411e-01
  1.8726760e-01
 -6.1145965e-03
  2.4538668e-01
 -7.0932828e-02
 -9.7708279e-01
 -1.1785863e-01
  6.1078030e-01
 -9.1213986e-02
 -2.1524775e-01
  6.1598200e-01
 -2.6673680e-02
 -2.6225114e-01
 -2.6564002e-01
  6.6838872e-01
  5.3678244e-01
 -1.9407602e-01
 -3.3618662e-01
 -1.2811294e-01
 -2.2563778e-02
 -2.5589675e-01
 -1.2844783e-01
  2.3422451e-01
 -4.1897506e-02
  9.1098368e-02
  1.1283055e-01
  2.8427050e-01
  1.0898331e-01
  2.8342596e-01
  1.5029815e-01
 -1.2391156e-01
 -3.9922646e-01
 -5.0841853e-02
  2.0783773e-01
 -4.2507611e-03
  5.3897774e-01
  3.1810872e-02
 -1.5423702e-01
  4.0451431e-01
 -3.9701931e-02
 -4.1353053e-01
 -1.6272700e-01
 -2.4835369e-01
  1.5793775e-01
 -1.2319877e-01
 -2.6489639e-01
 -3.1337717e-01
 -3.7717032e-01
 -2.3251337e-01
  1.4877240e-01
  1.0422052e-01
 -4.6124492e-02
 -1.0668567e-01
  1.2991127e-01
  8.6513765e-02
 -2.1869879e-02
 -6.5506190e-01
  1.1781810e-02
  6.4974552e-01
  5.0864953e-01
  1.3950878e-01
 -3.0498511e-01
 -2.8377801e-02
 -4.7749442e-01
 -1.4641920e-01
 -1.4263911e-02
 -1.0033554e+00
  9.2236388e-01
  6.3321215e-01
  2.4622990e-01
  2.3980792e-01
 -5.6942505e-01
 -1.4254084e+00
 -5.3718275e-01
 -1.9828244e-01
  2.0456670e-01
 -3.5334200e-02
  2.8273188e-02
 -2.0750371e-01
  2.0734222e-01
 -4.8907191e-02
  9.0988916e-01
  1.8632427e-01
  2.4607836e-01
 -1.0860330e+00
  2.6796147e-01
  3.0633504e-02
 -4.2194795e-02
  8.4809166e-01
  5.5048800e-01
 -3.4581560e-01
 -3.4033960e-01
 -1.8912707e-01
 -3.4303448e-01
  1.1816260e-01
 -5.5235183e-01
 -2.4988043e-01
 -1.1103597e-01
  3.6561932e-02
  3.8587615e-02
  6.2373038e-02
 -2.7474871e-01
  8.9879267e-02
  5.1206118e-01
  5.4308528e-01
 -1.0240211e-01
  5.9307069e-01
  3.8517994e-01
 -4.3578796e-02
  3.8700461e-01
  3.4308195e-01
  4.8092477e-02
  4.4105846e-01
  3.4250844e-01
  6.1324763e-01
  7.2364807e-01
 -5.6341052e-01
  3.8959742e-01
 -8.9668460e-02
 -2.0100239e-01
 -6.2603094e-02
  4.0105782e-02
 -3.8278446e-02
  9.1492862e-02
 -6.9859557e-02
 -1.0466497e-01
 -1.0518084e-01
  7.5008088e-01
 -4.2386514e-01
 -3.1672570e-01
 -5.8864780e-02
 -2.9153115e-01
 -2.6393381e-01
 -9.1289230e-02
 -1.5939346e-01
 -3.0294344e-02
  1.0921326e-01
  5.2868009e-02
  1.4484767e-02
 -6.9492005e-02
 -1.6970871e-01
 -7.0863706e-01
  5.4017574e-02
 -1.7843786e-01
 -5.3425878e-04
  1.7018135e-01
  5.2387215e-02
 -1.5932845e-01
 -1.5933502e-01
 -7.4476853e-02
 -4.3093994e-02
  3.5313466e-01
 -1.5772566e-01
 -7.8029954e-01
  2.0972650e-02
 -1.6781182e+00
 -2.6754540e-01
 -4.2309109e-02
 -1.6512182e-01
 -2.5755230e-01
 -1.7464554e-01
  2.5029919e-01
 -3.1017631e-02
  6.9199157e-01
 -2.9989892e-01
  2.6539487e-01
 -3.0130765e-01
  1.8335310e-01
 -1.5264213e-02
  4.8269942e-02
  2.1956190e-01
  1.8161325e-01
  1.4249948e-01
 -4.2545927e-01
 -6.1872369e-01
  8.5158330e-01
  3.4298685e-01
 -4.9119491e-02
  6.5321791e-01
  2.0036560e-01
  3.0448046e-02
 -7.2822559e-01
  6.4072376e-01
 -4.5178163e-01
 -8.2723554e-03
  2.8867489e-01
  5.0408687e-02
  1.6052566e-02
 -2.6970595e-01
  1.6058563e-01
  3.5779923e-02
  2.0336505e-02
  1.5145575e-01
  2.9843536e-01
  4.9758963e-02
  9.1264680e-02
  1.6680045e-01
  1.3517426e-01
 -7.9338379e-02
 -2.5839895e-01
  8.7794118e-02
  4.1894501e-01
  3.1414852e-01
 -1.4526270e-01
 -1.4393109e-01
 -5.8548850e-01
 -1.3335060e-01
  9.4130272e-01
 -7.7478653e-01
 -1.7703164e+00
  1.7330155e-01
  4.7203806e-01
  1.1123250e-01
 -4.3461937e-03
 -4.7214687e-01
 -2.8139250e+00
 -1.1586986e+00
  3.1010985e-01
 -4.1320619e-01
 -1.1976010e-01
  4.7296062e-03
  1.3133020e+00
 -1.5122014e+00
 -5.6239748e-01
 -6.1571974e-01
  4.3297070e-01
 -6.4313877e-01
 -1.5991337e+00
 -4.2540762e-01
 -6.0535216e-01
 -9.5563620e-01
  2.0980641e-01
  5.5865645e-01
  4.4903241e-02
 -6.2152308e-01
 -2.1418792e-01
 -1.2541069e-01
  5.3011730e-02
 -9.8314032e-02
 -1.6841370e-01
  9.1291189e-02
 -1.6930072e-02
  4.6724502e-02
 -6.6576666e-01
 -4.4128650e-01
 -3.4914488e-01
 -1.3487822e-01
 -2.8371942e-01
  2.4347621e-01
  2.3410064e-03
 -1.7415929e-01
 -6.9647408e-01
 -4.7229186e-02
 -3.0607137e-01
 -7.1459994e-02
  6.8721198e-02
  2.9445314e-01
 -3.9168647e-01
  1.7883600e+00
 -2.5978571e-01
  8.0191903e-02
 -2.5067806e-01
  5.7484078e-01
  3.7530696e-01
 -7.6198883e-02
 -2.0586996e-01
 -5.1522124e-01
 -2.4025337e-01
  2.8581133e-01
 -3.5883658e-02
 -1.6566077e-01
 -4.3854865e-01
 -5.0989693e-01
 -1.2016638e-02
  5.5376142e-01
  1.7858073e-02
  1.3081348e-01
 -2.6211053e-02
  1.0071263e-01
 -6.1953616e-01
 -1.0925072e-01
 -2.1787764e-01
 -6.1939038e-02
 -3.1043062e-01
  8.1842107e-01
  6.1845839e-01
  1.8841955e-01
  1.1191900e+00
  8.1718916e-01
 -2.3241065e-01
  5.8111924e-01
 -1.2710226e-01
 -2.0837966e-02
 -8.7239660e-02
  1.9534026e-01
 -1.7237602e-02
 -3.5551685e-01
  2.1358086e-01
  1.6331747e-01
 -1.7603233e-01
  1.1413571e-01
  2.9306039e-01
  8.6891808e-02
  2.2949159e-01
 -3.9597926e-01
 -2.3470105e-01
  9.8876886e-02
  2.6831648e-01
 -3.0171096e-01
 -4.3493807e-01
  1.8896167e-01
  2.2328401e-01
  7.8035206e-01
 -1.7299479e-01
  1.8337004e-01
 -4.8001032e-02
 -9.3268603e-04
 -1.4222133e-01
  8.4752277e-02
  7.2872937e-01
  2.9688641e-02
 -3.2615080e-01
  2.4821022e-01
  4.0264532e-01
 -6.8546660e-02
  9.3931720e-02
 -3.7683791e-01
 -6.8611003e-02
 -6.4961575e-02
 -3.4678489e-01
 -5.3654127e-03
  9.4595271e-01
 -8.9946657e-02
 -1.6413680e-01
  4.0750411e-01
 -1.2833360e-01
  9.2801744e-01
 -2.7695441e-01
  7.1618885e-01
  3.3053184e-01
 -1.0817166e-02
 -7.6762110e-02
 -9.9920176e-02
 -1.0440279e-01
 -7.4961618e-02
 -1.0101777e-01
 -2.0722359e-01
 -8.9428857e-02
  7.1370766e-02
  2.5752324e-01
 -5.2488279e-01
  1.2543317e-02
 -5.5513360e-02
  1.0361290e-01
  4.3748173e-01
  2.7532125e-02
  4.5952934e-01
  2.5543604e-02
 -4.9851719e-01
  2.2230506e-01
 -2.3046073e-01
 -3.4951158e-03
 -4.7782865e-01
 -1.0795014e-01
  8.4200010e-02
  2.7290612e-01
 -5.2906114e-01
  1.2353343e-01
  4.9618922e-02
 -3.0373794e-01
  9.2650011e-02
 -2.5962910e-01
 -3.2889687e-02
  9.8742368e-03
  3.9507216e-01
  1.0679405e+00
  5.2285619e-02
  5.2022666e-02
 -1.8051766e-01
 -4.7238234e-02
 -1.7776370e-01
  4.3656494e-02
 -3.1766856e-01
 -7.2359681e-02
  4.4460344e-01
  1.5186168e-01
 -5.5031002e-02
  3.3877805e-01
 -1.1579599e-02
  2.7686818e-02
 -8.7689094e-02
 -5.2978027e-01
 -2.8616163e-01
  5.2991912e-02
  1.6633430e-01
  2.3874809e-01
  7.6696560e-02
 -3.9465442e-02
  5.4697596e-02
  2.0597637e-01
  1.3710739e-01
  4.7688499e-01
 -4.2704999e-01
 -4.7274047e-01
  8.8247888e-02
  5.8004662e-02
 -2.2137184e-02
 -4.7532016e-01
 -7.7043340e-02
  1.1044274e-01
  6.5206069e-01
 -1.7831902e-01
 -1.4285037e-01
  1.9721285e-01
 -3.4153104e-01
 -2.2608049e-01
  1.3685578e-02
 -5.4730630e-01
 -1.5927337e-01
 -6.0549343e-01
  6.5995440e-02
 -1.2116528e-01
  4.5509622e-02
 -2.0107351e-01
  1.4947139e-02
  1.5477476e-01
 -2.2145592e-01
 -3.8605347e-02
  1.5577829e-02
 -2.1932557e-01
  9.4475597e-02
 -5.6762457e-02
 -2.7657309e-01
  3.7782925e-01
 -2.3333609e-01
  6.7544514e-01
 -8.3661735e-02
  3.6978438e-02
  2.7584916e-01
  6.0424302e-02
  2.6102695e-01
  3.7099246e-02
 -3.6069152e-01
 -6.4047053e-04
  9.0951659e-02
 -1.8651263e-01
  1.4491678e-02
 -3.0314023e-02
  4.4378903e-02
 -1.8516414e-01
 -1.5500358e-01
  1.2921430e-01
 -3.7542385e-01
 -4.1262679e-02
  2.2510222e-01
 -1.0589522e-02
  7.8564718e-02
  7.8595269e-01
 -1.4337106e-01
  8.3829537e-02
 -2.7065867e-01
 -9.0286702e-02
  1.0835023e+00
 -1.0990341e+00
 -1.1489262e-01
  2.5789964e-01
  1.3367525e-01
 -1.6366306e-01
 -5.4915845e-01
 -2.1843049e-01
 -2.5852990e-01
 -4.1931018e-01
 -1.1957930e-01
  1.6942406e-01
 -2.8843218e-01
 -6.9079632e-01
  2.5001608e-02
  2.1452688e-01
 -4.1677881e-02
 -5.0482130e-01
  1.9254793e-01
  6.2888628e-01
 -3.4610349e-01
 -8.4141299e-02
 -9.8518386e-02
 -6.8277709e-02
  5.2859209e-02
  3.6618896e-02
  2.9887480e-01
 -8.0944598e-01
  4.4741675e-01
  1.6075903e-01
  2.2411570e-01
 -7.5996578e-02
  5.6185506e-02
  8.3086193e-03
 -1.2456933e-01
  3.5730690e-01
 -8.4402956e-02
  1.9277078e-01
  2.4961844e-01
 -2.8213364e-01
 -6.3793111e-01
  3.4750160e-02
 -1.8471478e-01
 -4.2398255e-02
 -2.0226696e-01
 -1.4106433e+00
 -5.1544286e-02
  1.0509236e-01
 -5.7572705e-01
  1.3622834e-01
 -4.2583913e-01
 -2.5580715e-02
 -2.8260121e-01
  2.7748787e-01
  4.4469185e-02
  9.0074778e-02
 -1.4986280e-01
 -4.8944300e-01
 -6.5747611e-03
 -1.1940418e+00
  8.8912386e-01
 -4.9777880e-02
  3.5376069e-01
 -3.2946390e-01
 -3.4136859e-01
  1.0357876e-01
 -4.3092817e-03
 -1.5431957e-01
 -9.6419215e-02
 -1.2997329e-02
  1.9058409e-01
  5.2669632e-01
 -1.2551945e-01
 -3.4853485e-01
  2.5089341e-01
  1.6674224e-01
  5.1260030e-01
 -1.0821112e-01
  6.0212776e-02
 -3.3464319e-01
 -1.0868155e+00
 -7.5135432e-02
 -1.7749546e-01
 -9.3250841e-02
 -8.6256737e-01
 -5.8057122e-02
  1.8520008e-01
  7.6755077e-02
  4.7475907e-01
  1.5323459e-01
 -4.7954124e-01
 -8.2891643e-02
 -1.1784204e+00
 -2.6046225e-01
 -2.9866335e-01
 -1.5693828e-01
  1.0024112e-01
  1.2609133e-01
 -3.3008671e-01
 -5.9671384e-01
 -3.2693788e-02
 -2.0461217e-01
  1.1022537e-01
  3.0225775e-01
 -3.8552850e-01
  2.4728283e-02
 -1.1166021e-01
 -4.2267077e-02
 -6.9865905e-02
  6.1743045e-01
  1.2127703e-01
  1.7649420e-01
 -1.9687761e-01
  4.5210290e-01
  2.6305035e-01
 -3.3832023e-01
  4.8811367e-01
 -7.9818945e-03
 -3.1744394e-01
 -1.2183248e-01
 -1.2101977e-01
  2.1873748e-01
 -4.1360497e-01
 -4.8159739e-01
 -1.7236909e-01
  1.1368737e-01
  8.1227648e-01
  1.4648500e-01
 -2.4947736e-01
  1.1604007e-01
  1.4885628e-01
 -4.8311469e-01
 -1.5816659e+00
 -7.8843522e-01
 -2.3032038e+00
  7.2038579e-01
 -2.3374233e-01
  2.0335174e-01
  2.6820388e-02
  1.1061569e+00
 -1.1009026e-01
 -1.1944281e+00
  4.4562954e-02
  6.4425975e-02
  4.5787397e-01
 -1.9180956e-01
  1.7951950e-01
 -5.1425827e-01
 -3.6942580e-01
  1.4541513e-01
 -2.6049674e-01
  3.9187640e-01
  2.5958896e-01
  5.0255376e-01
 -7.4429035e-02
  4.0519872e-01
 -1.0740851e-01
  7.1317029e-01
  8.1041947e-02
 -1.2218362e-01
 -1.1979416e-02
  5.7582808e-01
  3.3089006e-01
  3.9482793e-01
  6.0824234e-02
 -4.3683624e-01
  2.0665303e-03
 -2.6221238e-02
  5.2667272e-01
 -9.0148866e-02
  7.9167798e-02
 -8.9512348e-02
  4.9869992e-02
  2.3092682e-02
 -2.9620764e-01
  1.8450487e-01
  2.1647849e+00
  6.8470436e-01
  3.1103116e-01
 -5.6597704e-01
  1.3726662e-01
  4.0623907e-02
  1.0184772e-02
  9.4356841e-01
 -7.0178047e-02
  3.7642226e-02
 -2.4029268e-01
  6.5912597e-02
 -2.5958714e-01
 -3.0832201e-01
 -2.2229791e-01
 -5.9159118e-01
  9.6649244e-02
 -8.8240363e-02
  2.0915949e-01
  1.3784407e-01
 -6.1297780e-01
 -1.3914077e+00
  1.0909029e-01
  3.6947823e-01
 -8.2942307e-01
 -4.9811772e-01
 -1.7984855e-01
  1.8690471e-01
 -6.7709851e-01
 -1.2067636e-02
 -3.2062793e-01
  6.4539514e-02
 -5.5789672e-02
  4.1050501e-02
 -6.2343195e-02
  3.1270254e-01
 -5.3496218e-01
 -2.1413678e-01
 -4.5259249e-01
  2.1857844e-01
  3.8371706e-01
 -1.9921266e-01
 -4.2804919e-02
  1.1982460e-01
  3.1180036e-01
  3.9268705e-01
 -5.3631103e-01
  1.7980179e-01
 -4.0309504e-01
  1.0519920e-01
  1.3303461e+00
  8.9046828e-02
 -9.0079033e-01
  2.9351145e-01
  5.0139293e-02
 -1.0642503e-01
 -1.5783839e-01
 -1.3966233e+00
 -1.2889442e-01
  1.9112730e-01
 -4.8125058e-01
  1.6062342e-01
 -3.1962922e-01
  4.6762533e-02
  2.5561851e-01
  1.2417720e-01
 -3.6142558e-01
  4.1071158e-02
 -8.3987378e-03
  2.5045463e-01
 -2.4049979e-01
 -2.0233350e-01
 -1.8271474e-02
  3.7054497e-01
  6.1652280e-02
 -6.1936766e-01
  5.3919494e-02
  1.7732143e-01
 -1.0260772e+00
 -5.2819479e-02
  3.2235461e-01
  2.9026356e-01
 -2.7870777e-01
  6.6825658e-01
  2.2032796e-01
  3.3563826e-02
  3.7728399e-02
 -2.2613305e-01
 -4.4216681e-01
  8.3548740e-02
  2.6000837e-02
 -1.3499212e+00
  2.2600989e-01
  1.4724371e-01
  4.8823737e-02
 -2.7621701e-01
  1.3219872e-01
 -4.1020530e-01
 -3.8636196e-01
  6.9984980e-02
 -1.0798329e-02
  4.2338870e-02
 -1.4579791e-01
 -3.0108926e-01
  1.3442208e-01
  1.5751578e-01
 -3.0892625e-02
 -5.5905592e-01
 -2.0812148e-01
 -3.6090016e-01
  7.3475230e-01
  2.4809560e-01
 -3.0005500e-01
 -3.6925659e-02
 -2.6957774e-01
 -1.9575195e-01
 -5.6077369e-02
  3.2755980e-01
  1.2241571e-01
  9.4636925e-02
  8.2807606e-03
  1.4589566e-01
  3.1617624e-01
  8.8075358e-01
 -5.6622028e-02
  1.3348190e-02
 -2.0411325e-01
 -1.8475038e-01
 -5.4333425e-01
  4.5428482e-01
  1.1983149e-01
  2.1919414e-01
 -2.7570367e-01
 -4.3409366e-02
  2.6540700e-01
  2.1569113e-01
  3.8409165e-01
  1.9472900e-01
 -8.6352164e-01
 -1.8637422e-02
  2.4171571e-01
 -2.8924635e-02
  6.7098761e-01
 -2.5844222e-01
  9.1269538e-03
  5.8318037e-01
  6.8678659e-01
 -4.8350506e-02
  2.4992658e-01
 -1.3319434e-01
  6.3407063e-01
  5.2062385e-02
 -1.0650212e-01
 -1.7678276e-01
  5.0848365e-01
 -1.0012038e-01
  2.3460008e-01
 -2.9230964e-01
  2.3361063e-01
  2.7439952e-01
  1.1925103e-01
  1.0504707e-01
 -2.0528695e-01
  2.6198971e-01
  3.0714266e-02
  1.0561284e-02
  1.5977314e-01
  4.4034612e-01
 -1.3121539e-01
  5.0996020e-02
 -1.1938670e-01
 -1.7037366e-02
 -1.5620619e-01
 -4.8302865e-01
 -1.4466473e-01
  1.2094728e-01
 -1.9566748e-01
  3.4538051e-01
  5.0893342e-01
 -8.7263636e-02
  2.7348319e-01
  2.0708169e-01
  2.3532778e-01
 -1.0426444e-01
  4.8939911e-01
  8.0965027e-02
  4.4058774e-02
  1.8659846e-01
 -3.3017978e-01
  6.2273458e-02
  4.2948195e-01
  5.9884779e-02
  2.0039372e-01
  4.0297967e-01
  2.9356635e-01
  2.8510883e-01
  4.9294043e-01
  4.1146144e-01
 -2.5052369e-01
  2.9831567e-01
  3.9430577e-01
  6.8450338e-01
  6.1454598e-02
  2.5602851e-02
 -2.0103535e-01
  6.2192451e-02
 -4.8656613e-03
  1.5042551e-01
 -1.4800438e-01
 -1.6770925e-02
  5.1125579e-02
  5.6440228e-01
 -3.2932091e-01
 -6.5129638e-02
  1.4562775e-01
  1.4997472e-02
 -1.1179976e-01
  2.7914098e-01
  2.6386765e-01
  1.0511795e-01
  1.8744937e-01
 -4.3654129e-01
 -3.0366782e-02
 -8.5389864e-01
 -9.5332988e-02
  2.9862922e-01
  1.7836319e-01
  2.9709721e-01
  1.2460457e-01
 -1.7229436e-01
  7.3540324e-01
 -7.2881274e-02
  2.8063777e-01
 -1.0248603e-01
 -5.4417670e-01
 -5.5098664e-03
 -1.9986124e-01
 -4.2269060e-01
 -4.4420865e-01
  4.2397752e-01
  1.6392482e-02
  1.0440058e-01
  2.4022247e-01
 -1.7887166e-02
  1.0409057e+00
  6.3201833e-01
  2.7741969e-01
 -1.2427072e-01
  1.3257019e-01
  4.2832848e-01
  1.8956602e-02
  4.8761192e-01
  4.8484970e-02
  1.1462941e-01
 -1.1710552e-01
 -5.0022937e-02
  1.3170743e-01
  5.5797952e-01
 -4.3947972e-02
 -6.2330025e-01
  6.3151687e-01
  3.2718918e-01
 -1.5173143e-01
  1.5505821e-01
  5.1095705e-02
  1.1922982e+00
 -2.0534901e-01
 -2.8632814e-01
 -6.1984724e-01
  2.3659679e-01
  5.5541939e-01
 -4.5994949e-01
  2.2183718e-01
  8.8724442e-02
  3.0745122e-01
 -1.0314667e-01
 -1.9168802e-02
 -1.1382788e-01
  1.9150952e-01
 -1.5047050e-01
 -1.3448577e-02
 -1.4833450e-01
 -2.2125983e-01
 -1.4726654e-01
 -1.0723583e-01
 -1.5599973e-01
  7.3600858e-02
 -3.9253893e-01
  8.1799671e-02
  1.1307603e-01
  1.3836082e-03
 -1.3304311e-01
 -1.0454915e-01
 -1.5509918e-02
  8.1526172e-01
 -3.4855846e-01
 -1.2202980e-01
 -1.3808705e-01
 -1.7197298e-01
 -6.8558969e-02
  2.1205635e-01
  2.6061997e-01
 -4.5603238e-02
  8.0501907e-02
 -5.4489994e-01
 -9.5598862e-02
  1.1937198e-01
  2.6860237e-01
 -2.5782377e-01
  5.3303117e-01
 -1.1418250e-01
  1.0008675e-01
  4.7330886e-01
  3.9758018e-01
  1.1910342e-01
 -1.1728145e-01
  6.9030143e-02
  8.9290284e-02
  3.2516629e-01
  1.0790977e+00
 -5.3662430e-02
 -1.2355778e-01
 -2.1745856e-01
  4.6784437e-01
  1.8851917e-02
 -6.9293892e-01
 -2.3786423e-01
  1.1779518e-01
 -4.1024068e-01
 -2.4385375e-01
  1.5530565e-01
 -4.8516643e-01
 -1.2137085e-01
  3.3781001e-01
  1.2315490e-01
  3.7466985e-01
  1.0707320e-02
  1.4208624e-01
  1.3839157e-01
 -1.3764556e-01
 -1.5560558e-01
  3.7733507e-01
  7.8723282e-02
  1.3650744e-01
  2.2836182e-02
  7.6439226e-01
  1.4304790e-01
 -3.9797747e-01
  8.3302274e-02
 -5.1783979e-01
 -3.7710048e-02
  3.8885370e-01
 -2.7631935e-01
  6.4999467e-01
  2.1331573e-01
 -1.9628136e-01
  1.2621654e+00
 -2.9741138e-01
  4.2817604e-02
  3.5394111e-01
 -7.6253843e-01
  2.7152468e-03
 -2.9647192e-01
 -1.1043435e+00
  1.1582812e-02
 -4.4757369e-01
  6.8080020e-01
 -8.9183110e-01
 -2.1311448e+00
 -1.5901430e+00
 -2.8888857e-01
 -1.4308409e-04
 -1.7179213e-01
 -3.8532868e-01
  3.2064459e-01
  2.1538987e+00
 -1.7102820e+00
 -1.1342983e+00
 -1.9685333e+00
 -9.1394387e-02
 -6.5761447e-01
 -6.1334796e-02
  2.2582932e-01
 -3.7472254e-01
 -6.9583237e-02
 -1.7633880e-02
  4.8723064e-02
 -5.9461457e-01
  2.4277000e-01
 -7.8826648e-01
  1.1606775e-03
  5.6178354e-02
  1.8423562e-01
 -7.8372657e-02
 -3.8947555e-01
 -5.4206606e-03
  3.1844550e-01
 -4.5044136e-01
 -3.0453488e-01
 -5.4259360e-01
  1.1683515e-01
  2.6318807e-02
 -5.0634369e-02
  2.6500571e-01
 -6.6142017e-01
  5.1403522e-01
  3.1881213e-01
  4.6711560e-02
  3.0518600e-01
 -1.7033251e-01
  2.3758756e-01
  6.7781430e-01
  1.6035657e-01
 -5.3489923e-01
 -1.5339794e-02
 -1.5776088e+00
  8.9860660e-01
 -1.0233665e-01
 -2.3793863e-01
  5.3484195e-01
 -1.5891778e-01
  8.7563880e-02
 -4.8457477e-02
 -1.2290265e-01
  7.7862896e-02
 -4.5558453e-02
  8.3629869e-02
 -3.1901675e-01
  4.1753644e-01
  2.3784503e-01
 -3.3006209e-01
  5.7558034e-02
 -4.0358475e-01
 -6.8616313e-01
 -7.5499773e-01
  1.8389224e-01
 -7.3635399e-02
  7.2684653e-02
 -8.2987076e-01
  3.4862950e-01
  1.9530569e-01
  3.1860107e-01
 -3.5711381e-01
  1.4593261e-01
  4.4883490e-01
  4.5155518e-02
 -1.8836212e-01
 -2.6068060e-02
  1.5580361e-01
  5.4650927e-01
 -3.6836138e-01
 -2.0260267e-01
 -7.6345000e-03
  1.7260267e-01
  6.4393543e-02
 -1.9200644e-01
 -8.3622336e-04
  3.7423405e-01
  4.2211497e-03
  3.2203935e-02
 -8.9987171e-01
  2.8929108e-01
  4.1536468e-01
 -1.5559711e-01
 -1.0474384e-01
 -2.5578928e-01
  6.3767798e-02
  9.3562528e-02
  1.4719354e-01
  2.3988141e-03
  2.8965092e-01
  3.4519133e-01
  3.6914778e-01
  1.2961484e-01
  7.4324518e-02
 -3.9206311e-01
 -2.5005770e-01
  8.2980210e-01
  5.1268224e-02
 -4.5838478e-01
  1.2925979e-02
  4.1690663e-02
  1.9083324e-01
 -1.0373483e-02
 -4.7896355e-01
 -1.2354646e+00
  7.3878068e-01
  1.3382198e-01
  2.8965107e-01
  4.2370430e-01
  1.5621883e+00
 -1.1750064e+00
  7.2190940e-01
  1.6754213e-01
 -1.0908413e-01
  9.1725427e-01
  8.5666651e-01
  3.8782337e-01
 -1.1917449e-02
 -1.1146636e-01
  2.9966081e-02
  6.4246386e-01
  1.6466614e-02
  1.0710084e-01
  3.8170415e-01
 -2.9942238e-01
  4.7722057e-01
 -2.5938252e-01
  1.9294468e-01
 -3.4348696e-02
 -9.5029473e-02
  1.8661787e-01
 -1.0458087e-01
 -1.9965322e-01
  1.7638238e-02
  3.4663352e-01
  2.1077396e-01
 -1.6112974e-01
  8.7134227e-02
  2.6552507e-01
  8.9307964e-02
 -1.5853122e-01
 -1.6955090e-01
 -7.7568494e-02
 -2.9991627e-01
 -2.5322627e-02
 -1.0542084e-02
  3.4789944e-01
  2.8615147e-02
  3.3548650e-01
  6.9200683e-01
  3.3522435e-02
 -3.5073757e-01
 -5.7146855e-02
  2.4906017e-02
 -2.0394295e-01
 -1.9170126e-01
 -1.9876087e-02
 -9.9006200e-01
  1.5230200e-01
  1.6720772e-01
 -4.1980141e-01
 -1.7783178e-01
 -5.3291911e-01
 -1.1034501e-02
  1.9306410e-02
 -1.5846952e+00
  1.5682772e-01
  1.2185341e+00
 -2.0801918e-01
  4.4075328e-01
  6.3606925e-02
 -5.1198862e-02
  2.3735145e-01
 -1.6761857e-01
 -1.8406031e-01
 -2.1911967e+00
  6.0544319e-02
 -5.8552134e-01
 -5.4161832e-02
 -1.4913134e-02
 -8.0798976e-02
 -1.0090369e-01
 -1.2055483e-01
 -8.1711113e-01
 -3.7155156e-03
 -2.6087041e+00
 -3.5179716e-01
 -1.2147581e-01
 -2.9188696e-01
 -1.1383879e+00
  4.1515988e-01
  4.5869276e-02
 -4.9664590e-01
 -1.6608290e-02
 -3.2896733e-01
  4.6229404e-01
  1.2045163e+00
 -1.5841129e-01
 -3.5658371e-01
 -3.5570584e-02
 -7.7088749e-01
  1.0422817e-02
 -3.5452284e-02
 -9.6562475e-01
 -7.8906760e-02
  9.0930657e-03
  1.5773338e-01
 -4.0579963e-01
 -1.1432404e-02
  2.4297801e-01
  1.9373226e-03
  3.7978062e-01
 -7.0748113e-02
  3.6487933e-03
  9.3676902e-02
  3.5327879e-01
  2.5834623e-01
  1.5183979e-01
 -8.2831758e-01
 -1.9496278e-01
 -2.8432721e-01
  1.3860445e-02
  1.1902707e-01
 -8.9982515e-03
 -3.0693769e-01
 -1.9029218e-01
 -3.4400724e-02
  1.4787022e-02
  1.3140202e+00
  2.7544184e-03
  4.6438601e-02
  1.1871110e+00
 -2.4033888e-01
 -5.8989286e-01
 -5.9381372e-01
 -2.8711641e-01
  3.4757918e-01
 -4.1377995e-02
  4.0134333e-02
  7.9169840e-01
  4.6891585e-02
  5.6509489e-01
  4.3483779e-02
 -3.5900411e-01
  1.5093052e-01
 -4.1307323e-02
  1.4317347e-01
  4.7290608e-01
  4.3672970e-01
  1.5830398e-01
 -3.1567609e-01
 -2.4777342e-01
  2.0046830e-01
  3.8540712e-01
  3.7760219e-01
  9.5574826e-02
  1.8280233e-01
 -1.8950234e-01
 -2.3683757e-01
  3.8390865e-03
 -1.9961075e-01
  4.3092567e-01
  4.2374933e-01
 -9.9876106e-02
  5.4292327e-01
 -4.6786696e-01
 -6.5872806e-01
 -5.0169730e-01
 -1.8805802e-02
 -4.2396849e-01
 -4.2996779e-01
  2.0720749e-01
 -2.3344368e-02
  5.3997344e-01
  3.6991444e-01
  4.3003741e-01
  1.3574907e-01
  1.0592970e-01
  6.0092431e-01
 -6.8439776e-01
  3.0637735e-01
 -1.9997215e-01
 -3.3351946e-01
 -1.1284584e-02
 -1.5371494e-01
 -5.7805449e-01
  4.0697357e-01
  2.1221437e-01
 -1.9171466e+00
  7.5301486e-01
  6.1508060e-01
 -1.1531011e+00
 -7.5124073e-01
 -1.4993227e+00
  6.8240815e-01
 -5.9035249e-02
  4.6699397e-02
 -3.3587319e-01
 -8.1156073e-03
  1.8575315e-01
 -2.6129147e-01
 -6.4596266e-01
  2.6853159e-01
 -4.7304696e-01
 -2.9565173e-01
 -4.2566365e-01
  5.3553611e-01
  1.7933188e-01
  1.4818679e-01
 -1.5014601e-01
  1.1799782e-02
 -3.3585048e-01
 -4.5889205e-01
 -4.6973363e-02
 -2.8891933e-01
 -2.8515735e-01
  5.5769034e-02
  1.1784018e-01
  9.3250453e-02
  7.9935990e-02
  3.6928747e-02
  3.4475684e-02
  3.4740540e-01
 -2.0013058e-01
  2.5304574e-01
 -1.2947810e-01
 -1.2633403e-01
  8.2328506e-02
 -1.9815530e-01
 -3.3700585e-01
 -1.5145460e-01
  4.5426317e-02
  2.5998843e-01
  4.3023665e-02
  1.1150368e-02
  1.1502086e-01
 -1.1093432e-01
 -9.4392687e-02
 -1.5114851e+00
  5.0184011e-01
 -1.4410329e-01
 -2.5296974e-01
  6.5081239e-01
  4.5369768e-01
  3.0352351e-01
  1.8034260e-01
  2.6311526e-01
 -2.2510977e-01
 -5.3076278e-02
 -2.1007207e-01
 -7.8334287e-02
 -3.6561459e-01
 -2.3113725e-01
 -7.1387720e-01
  2.1598618e-01
 -6.4488482e-01
  2.7451551e-01
  9.3141109e-02
  5.2262235e-01
  2.7501494e-01
 -1.5194064e-01
  3.0023110e-01
  1.8403679e-01
  1.9541706e-01
 -3.0258483e-01
  3.9963210e-01
 -4.1873300e-01
  1.4351232e-01
 -7.7871539e-02
 -1.8586187e-01
  4.4783864e-02
  2.7958224e-02
 -1.8998155e-01
  4.8713231e-01
 -9.3459702e-01
  7.5906150e-02
 -3.8780443e-02
  1.1826482e-01
 -2.2446637e-01
 -7.0489712e-02
 -1.1204958e+00
  3.5737154e-01
  1.6947541e-01
  1.2234798e-01
 -6.2373269e-01
 -1.7983203e-01
 -2.3148547e-01
 -7.5800955e-02
 -2.5650126e-01
  1.8198271e-01
  1.8340310e-01
  5.2348580e-02
  1.3735382e-01
 -1.8285847e-01
  1.2883571e-01
  2.9095572e-01
 -1.6088785e-01
  3.9529958e-01
 -5.0477481e-01
  8.7376378e-02
  8.2318231e-02
 -2.7808862e-02
 -2.7930135e-01
 -3.0526251e-01
 -1.4446110e-02
 -6.3079782e-02
  4.9615484e-01
  1.1211175e-01
 -2.9443614e-02
 -2.2089607e-01
  5.7695303e-03
  1.2181366e-01
 -9.9076062e-02
  1.3438608e-01
 -1.8741119e-01
 -2.1015260e-01
  2.9958285e-02
 -2.2272004e-01
  3.8795757e-01
  3.4871799e-01
  1.7908393e-01
 -1.0201658e-01
  2.8282306e-01
 -5.0513512e-01
 -6.3549626e-01
 -5.1233786e-01
  7.5226533e-01
 -3.2076815e-01
 -1.4555829e+00
  6.2401742e-01
  1.1093049e+00
 -1.9802822e+00
 -2.6734065e-02
  1.7928469e-01
  1.8737476e-01
  8.1679785e-01
  6.7191742e-02
 -4.6285701e-01
 -1.8104264e-01
 -4.9330604e-01
 -3.3401421e-01
  3.4439826e-01
 -2.8132695e-01
 -2.9475633e-03
  1.0103742e+00
 -1.6504748e-01
 -6.7692690e-02
  3.7048966e-01
  2.4601001e-02
 -3.2791141e-02
 -2.0735933e-01
 -2.5663157e+00
  1.2069017e-01
  5.8536571e-01
  3.5656258e-01
  2.2635677e-01
 -9.3526208e-01
  5.9168601e-01
 -6.8685025e-01
  1.8910652e-02
 -4.7541842e-02
  2.5275683e-01
  9.7559303e-02
 -5.7000298e-02
  7.3169172e-01
 -3.1767356e-01
 -3.9484406e-01
  1.7155777e-01
 -3.5858604e-01
  2.0793821e-01
 -1.7735283e-01
 -5.4431010e-02
  9.1483253e-01
 -1.4086571e+00
  4.4990996e-01
 -5.0432652e-01
 -5.5902313e-02
 -2.7616495e-01
 -1.4501326e-01
 -1.0962214e-01
 -6.7843916e-03
 -7.6172002e-02
 -1.9426040e-02
  1.5139553e-01
  9.2963785e-02
 -2.3384158e-01
 -6.1192095e-02
 -3.2476515e-01
  6.9713797e-03
  3.8583942e-02
  2.9340172e-01
 -3.5194260e-01
  4.5883216e-02
 -3.0423111e-01
 -7.9178974e-02
  2.5330317e-01
  8.5815303e-02
 -3.4365004e-01
  1.3035788e-01
  3.4533146e-01
  3.2413799e-01
 -1.1822074e-01
  1.3877633e-01
  3.8263118e-01
  2.5209612e-01
  4.1281261e-02
 -1.9895251e-01
  2.5234571e-01
 -1.1294755e-01
 -5.4829544e-01
  3.3216923e-01
  2.1054704e-01
 -5.4998654e-01
 -5.1267719e-01
  2.0952942e-02
 -5.6419539e-01
 -3.1761968e-01
  4.5163020e-01
 -1.7164555e-01
 -2.6738769e-01
  4.3029502e-01
 -3.5899878e-01
  2.3701888e-01
  1.1146966e-01
  1.0861677e-01
 -5.1319647e-01
  3.3517009e-01
 -2.3865852e-01
  4.4883963e-01
  3.5484770e-01
  1.3094880e-01
  3.2979274e-01
  1.9243819e-01
 -4.5752960e-01
  2.3421469e-01
  2.7181411e-01
 -1.3578989e-01
 -1.3978159e-01
  1.8905413e+00
 -4.4115886e-02
  6.7158854e-01
 -1.6580559e-01
 -3.7982172e-01
 -5.9578061e-01
 -1.2688706e+00
  1.3418655e-01
 -1.2589124e-01
 -7.9585381e-02
 -1.9958536e-01
 -1.1059095e-01
 -4.8924714e-01
 -3.7832034e-01
  2.6458010e-01
  6.0388297e-02
  2.7732325e-01
 -1.5557712e+00
  6.3519791e-02
  2.4859449e-01
 -1.8185441e-01
  5.3441876e-01
  6.1592472e-01
 -2.6553063e-02
 -3.2147187e-01
 -3.4477952e-01
 -4.2343773e-02
  1.7373061e-01
  5.8108330e-01
 -1.9625692e-01
  4.6353522e-01
  5.7515061e-01
  3.0565120e-02
 -4.1435617e-01
 -6.6857286e-02
  3.2648516e-01
  3.2061115e-01
  5.0152000e-03
 -2.6826406e-01
 -4.4869408e-03
  4.0929040e-01
  5.4012746e-02
 -1.9935048e-01
  2.2762874e-01
  2.7347809e-01
  5.0085706e-01
 -1.3624938e+00
  2.1624675e-01
  5.7373130e-01
  1.7484270e-02
 -1.4766692e-01
  4.6710795e-01
 -6.9407105e-01
  1.2580203e-01
  1.7072894e-01
  2.4807626e-01
  2.2456571e-03
  4.6844000e-01
  9.7794250e-02
  2.9006895e-01
  9.4496444e-02
 -4.7718444e-01
 -1.1757404e-01
  8.7159976e-02
 -3.8241372e-01
  1.0541715e-03
  2.7616709e-01
 -1.0502309e+00
  3.7306154e-01
 -4.9874987e-02
  2.2315060e-01
 -3.0056627e-02
  3.0645034e-01
  1.2283494e-01
 -3.5556015e-01
  1.8787271e-01
  2.6481569e-01
 -1.3680644e-01
 -2.0381823e-02
 -1.6002887e-01
  4.3460168e-04
  1.3384588e-01
  4.8795026e-03
  2.3680791e-01
  4.4788908e-02
 -2.5959549e-02
 -3.0542105e-01
 -2.3817331e-01
 -9.8482929e-02
  2.4682239e-01
 -2.9754823e-01
 -6.4246587e-02
 -8.2776852e-02
 -4.5008969e-01
  3.4332678e-01
  1.1702396e-01
 -1.7108062e-01
 -1.2470497e+00
 -2.6139325e-01
 -4.4900689e-01
 -1.3994060e-02
  5.9816211e-02
  7.6214202e-02
 -4.1523334e-02
  7.2760209e-02
 -2.4934199e-01
 -5.6442672e-01
 -7.8793228e-02
  2.0909859e-01
  1.5426129e+00
 -9.5185888e-01
  1.9434416e-01
  9.2076904e-01
 -1.1634235e+00
  5.4990958e-02
  1.5343165e-01
 -2.3470419e-03
 -3.0916813e-01
  6.6514760e-01
  1.8993593e+00
  2.6300666e-01
  1.4675085e-01
 -5.6106383e-03
  8.0792695e-02
  2.5086260e-01
 -2.7332097e-01
  3.8133323e-02
  9.5295362e-02
 -3.4996271e-03
  2.9098734e-01
  6.5843686e-03
  1.6947155e-01
  1.8154594e-01
 -2.2227296e-01
  1.1014719e-01
  9.0478852e-02
  2.4337217e-01
  2.2647835e-01
  3.2956767e-01
  1.3337100e-01
  5.4931365e-02
  3.5755703e-01
 -1.6410816e-01
 -2.7093965e-01
 -3.8786754e-01
 -4.0799063e-01
 -2.9302359e-01
 -5.6686562e-01
 -1.3711163e-01
 -1.6665624e-01
 -5.6332476e-02
  2.2259496e-01
 -1.7950691e-01
 -6.3949692e-01
  5.5838618e-03
  2.2604461e-03
  3.6977318e-01
 -1.0255495e-01
  6.8807863e-02
  3.5207427e-01
 -8.3793604e-01
  3.1280383e-02
  1.0944393e-01
  9.6572399e-01
  1.1663672e-01
 -2.9187754e-01
 -2.1092853e-01
 -4.5296857e-01
 -1.2976147e-01
 -7.8805964e-03
 -1.1571993e-01
  7.5323594e-01
  1.4945507e-01
 -9.3285489e-01
  1.2340469e+00
 -1.1174870e-01
 -1.2456045e-01
  5.6783140e-01
  6.0423687e-03
 -6.4766097e-01
 -2.3452428e-01
  3.0824101e-01
 -3.8507074e-02
 -4.4361761e-01
  7.2395727e-02
  2.9568371e-01
 -3.1863821e-01
 -1.0567880e-01
 -4.4604439e-02
 -1.1463479e+00
 -2.7838260e-01
 -1.8965891e-01
  5.1051088e-02
 -2.6038414e-01
 -9.9431866e-01
 -6.5963471e-01
  1.4613408e-01
 -7.4369460e-02
  1.5298218e-01
  2.8745532e-03
 -2.8935656e-01
 -1.0498780e-01
  7.2283542e-01
  1.8774970e-01
  1.8276802e-01
  2.5558528e-01
  1.7949496e-01
  1.6080135e-01
  1.2974893e-01
 -2.6798090e-01
  5.4758179e-01
  5.6119639e-01
 -6.7498162e-03
  1.2391965e-01
  1.5154973e-01
 -2.7569667e-02
 -2.3900905e-01
  3.4621334e-01
 -2.2032750e-01
 -3.8052088e-01
  3.1226339e-02
 -1.3391545e-01
  2.4747980e-01
 -2.8034687e-01
  4.0579650e-01
 -5.2296557e-05
 -5.4446943e-02
 -2.7017698e-01
  2.9718706e-01
  1.7614518e-01
  2.1208368e-02
 -3.2158300e-01
  1.2182759e-01
 -1.2641215e-01
  5.4300624e-01
  8.2545727e-02
  8.4161252e-02
 -2.5404510e-01
  1.2162220e-01
  2.3683989e-01
  3.0068380e-01
  2.7418005e-01
 -8.0612309e-02
 -4.9329612e-01
  3.3343114e-02
 -1.0111475e+00
  1.7292917e-01
 -1.3838202e-01
 -5.6416936e-02
 -1.1204273e-01
  3.3207172e-01
  1.3896093e-03
 -8.8689983e-02
  8.7146766e-02
  8.3703324e-02
  3.8532501e-01
  1.3788149e-01
  1.5331680e-01
 -1.1667489e-01
 -7.8347743e-02
  3.3504879e-01
  2.2899733e+00
 -1.5110561e-01
  7.8882700e-01
  1.5061264e-01
  7.3625885e-02
  7.6462895e-01
 -1.0243598e-01
 -9.0618387e-02
 -2.2853345e-02
  6.9684006e-02
 -1.1197157e-02
  3.6414465e-01
 -1.8992760e+00
  6.2077153e-02
  2.0570811e-03
 -5.7040714e-04
 -9.3122885e-02
 -9.7695321e-02
 -1.0276006e-02
 -1.8416613e-01
  8.1740588e-02
  1.2647747e+00
 -6.8349427e-01
 -5.3720129e-01
 -2.3702963e-01
  7.1749330e-01
  1.1335628e+00
  2.3647960e-01
 -6.3496098e-02
  1.9547439e-01
  1.4347692e-01
 -5.6275666e-02
  2.4028641e-01
 -6.5194660e-01
 -2.6938748e-01
  2.8734479e-02
 -2.6704606e-01
 -5.7226576e-02
 -6.3939273e-01
 -9.4613232e-02
 -2.4490556e-01
  4.0702558e-01
  1.1353211e-01
  1.0028509e-01
  6.3137807e-02
 -1.8645699e-01
  4.0750381e-02
  3.4150025e-01
 -6.3839599e-02
 -3.2634321e-01
  1.3918132e-01
  3.8076259e-02
 -1.8556359e-01
 -2.3418698e-01
 -4.8282221e-01
  3.5512686e-01
  4.2945836e-02
 -2.8561282e-01
  1.7187639e-01
  1.9481386e-01
  3.9702508e-01
  4.6967655e-01
  1.8807524e-01
  8.3221473e-02
  1.9731559e-01
 -2.9140106e-01
  1.0979223e+00
 -2.5414619e-01
  5.8677256e-01
  1.3341865e-01
  1.6272412e-01
  3.7524745e-01
  7.9074964e-02
  6.2862355e-01
  9.3448214e-02
 -1.1291412e-01
  3.4005469e-01
  3.0896470e-01
  2.0040201e-01
 -4.7425994e-01
 -1.5668474e-02
  1.2550952e+00
 -6.1429478e-02
  1.6039824e-01
 -1.6114078e-01
 -5.3191260e-03
 -6.5810837e-02
 -5.3712957e-02
  9.9158175e-02
 -4.9428627e-01
  4.8473385e-01
  5.4151133e-02
 -6.2339783e-02
  9.2002416e-01
  2.6627737e-01
 -1.6758731e-01
 -1.9973817e+00
 -4.0537271e-01
 -4.8581862e-01
 -9.7766012e-02
  1.2960401e-01
  6.0553068e-01
  3.7222832e-01
 -3.9295100e-02
 -1.1881471e-01
  1.3138743e-01
 -6.9400772e-02
  2.1161821e-01
 -5.7595428e-02
  1.6310249e-01
 -7.2179794e-02
  1.4606990e-01
  8.4778361e-02
 -3.1357267e-01
 -1.9388640e-01
 -7.7322942e-01
 -2.5882503e-01
  3.7725630e-01
 -9.1181554e-02
 -3.5836837e-01
  1.6421598e-01
  9.5388014e-04
 -6.1456233e-02
 -2.0299447e-01
  6.4191505e-02
 -2.1568118e-01
 -2.2932790e-02
 -5.9880201e-02
 -8.3394758e-03
  1.3771842e-01
 -1.3292933e+00
  2.2423917e-01
  8.4472686e-02
 -6.2024957e-01
  6.9119304e-02
 -1.7560299e-01
  6.2297624e-01
 -2.5942913e-01
  1.7658380e-01
  1.2332656e-01
 -1.6357207e-01
 -7.0521408e-01
 -8.9762546e-02
  4.9223240e-02
 -2.7422357e-01
  1.4373019e-01
  6.1028376e-02
 -5.8672287e-02
 -2.0361729e-02
  4.3647206e-01
  2.7460876e-01
 -7.1983766e-03
 -9.7621568e-02
  1.2608857e-01
  1.6571976e-02
 -2.8099555e-01
 -3.2629964e-01
  1.4738961e-02
  4.7559309e-01
  4.9854722e-02
  5.8659192e-02
  3.5640809e-01
  2.5557957e+00
 -8.4315360e-02
  4.1036955e-01
 -8.8800144e-01
  1.3345161e-02
 -2.4203122e-01
  3.9395624e-01
  3.7525177e-02
  1.3799945e-01
  3.2134037e-02
  1.6821681e-01
 -2.2997931e-01
 -9.2068925e-02
 -1.0232916e-01
 -2.4838972e-01
  5.2455142e-03
 -3.2942811e-01
  7.8544521e-01
 -6.6576265e-02
 -9.5228985e-02
  6.2711883e-01
  4.1143200e-01
  1.3826238e-01
  2.1189506e-01
 -1.5442455e-01
  1.6626000e-02
 -2.1651322e-01
 -2.5141513e-01
 -4.2818561e-01
  1.1002159e-02
 -1.0815801e-01
 -2.3656342e+00
  3.5721204e-01
  5.2195942e-01
  4.3216225e-02
 -5.6657380e-01
 -1.8305823e-01
 -4.2129286e-02
  3.8266891e-01
  2.0147121e-01
  8.1260544e-01
  1.6438311e-01
  5.3018637e-02
 -9.7955868e-02
 -4.9094196e-02
  1.4612050e-01
  4.6903139e-01
 -2.1951869e-01
 -7.5397648e-02
 -1.2767150e-01
  6.7725182e-02
 -6.4717561e-01
 -2.2653136e-01
 -2.3582876e-01
  4.9307302e-01
  2.0083110e-01
  1.5440540e-01
  2.9912073e-02
 -3.5103094e-03
  5.1016793e-02
 -2.2946143e-01
  2.0958768e-01
 -1.7903645e-01
  2.6395124e-01
 -2.0777504e-01
  8.1790882e-01
 -2.4641506e-01
 -1.5961811e-01
 -2.3544298e-01
  1.3898334e-01
  8.8824338e-01
  2.0803211e-02
  1.5934485e-01
 -6.0937214e-01
 -5.7334578e-01
 -1.5552287e-01
  1.1936210e-01
 -2.3410153e-01
  2.4892414e-01
 -6.5058470e-01
 -5.7197410e-01
  4.1246799e-01
 -1.5095343e-01
 -1.2419991e-01
 -2.1971218e-01
  8.6661644e-02
  2.6515919e-01
 -5.5851605e-02
  1.6434135e-01
  7.6808184e-02
 -2.0292322e-01
 -1.1020704e-01
  2.3465389e-02
  7.9000019e-02
  1.4413783e-01
 -4.6188917e-02
 -1.0165249e-01
 -1.4788520e-01
  1.0994842e-01
  4.1055614e-01
  4.4949228e-01
 -1.3375294e-01
  7.5318947e-02
  2.3882821e-01
  4.8204893e-01
  1.7893764e-01
 -1.3850954e-01
  5.6531322e-01
  3.0635208e-01
  6.8704635e-01
  3.6784592e-01
  9.8770642e-01
 -1.0631684e-01
  1.8115516e-01
  1.1120740e-01
  1.1957200e-01
 -4.5323588e-02
  7.7576673e-01
 -1.6372195e-01
  4.5691602e-02
  1.2034528e-02
 -4.1884512e-01
 -8.6637235e-01
  6.1511254e-01
 -4.0008968e-01
  3.2164639e-01
  5.9650731e-01
 -3.6608526e-01
  1.6001492e+00
  6.5805209e-01
 -4.6208987e-01
 -2.7148342e-01
 -3.5908353e-01
  2.8069583e-01
  5.0012779e-01
  9.7141296e-01
 -2.3652747e+00
 -4.3368286e-01
  2.5537148e-01
 -1.2063205e+00
  1.4004716e+00
 -3.1621179e-01
  5.9533441e-01
 -3.6721563e-01
 -3.2138485e-01
 -1.6160296e-01
 -9.0230927e-02
  1.3310268e+00
  6.3478220e-01
 -2.7275485e-01
 -3.0612106e+00
 -2.4501158e-02
  5.7180953e-01
  9.7269163e-02
  6.8154091e-01
 -5.6265082e-02
  1.3786203e-01
 -7.4951339e-01
  1.0232520e+00
 -2.5839096e-01
  1.9880671e-02
 -2.9366863e-01
 -1.4458042e-01
 -6.5408647e-04
 -1.2769316e-01
 -3.0461488e-02
  2.7683651e-01
  1.3139218e-01
  3.2164919e-01
 -1.4134040e-01
  3.6421493e-01
 -7.8531221e-02
 -1.8749194e-01
  8.1918791e-02
  2.6289719e-01
 -1.8544115e-02
  5.8382976e-01
 -1.8681140e-01
  3.1710860e-01
 -4.1721359e-01
 -6.3128747e-02
  6.8059957e-01
 -3.3587310e-01
  1.0194920e-01
  1.4497772e-01
  3.1973916e-01
  5.0447392e-01
 -2.4351224e-01
 -3.1529553e-02
 -1.9691333e-01
 -1.3489249e-01
  3.1368554e-01
 -3.0383334e-01
  2.3387576e-02
 -7.0918173e-02
 -1.1164732e-01
  3.9578374e-02
  4.3636288e-02
  4.4314850e-02
  4.3168417e-01
 -2.4478506e-01
 -2.9259732e-02
  5.7030255e-03
 -3.6664566e-01
  2.8276494e-01
  3.8081452e-01
 -3.9396840e-01
  1.2216050e-01
  5.7541186e-01
  7.8406483e-02
  4.0940386e-01
 -1.8288736e+00
 -3.4478241e-01
 -4.8089296e-01
  7.0736116e-01
 -1.7488766e+00
 -1.5796795e+00
  9.5559216e-01
 -6.6761911e-01
 -1.2020112e+00
 -1.6915789e-01
  1.1167659e+00
 -8.9152229e-01
 -1.7034027e-01
 -3.6683941e-01
  1.9462153e-02
 -8.1309088e-02
 -4.5426410e-01
  6.3008672e-01
 -6.9209665e-01
 -3.5083866e-01
 -1.4151587e-01
 -8.6240083e-01
  2.3242410e-01
 -2.2369041e-01
  9.2122149e-01
  4.3430063e-04
 -2.3892436e-02
 -6.7953235e-01
 -7.8612095e-01
 -3.4769583e-01
  2.8177765e-01
  1.1975147e+00
 -1.3133293e-01
  4.9943915e-01
 -1.8748242e-01
 -2.5814801e-01
  1.3077833e-02
  3.8439516e-02
 -1.5131477e-03
 -3.9243668e-01
  6.9849290e-02
 -4.4258304e-02
 -7.7153170e-01
 -7.1366501e-01
  3.3962509e-01
  3.9668083e-01
  1.9126084e-01
 -2.2055100e-01
  3.6794519e-01
 -1.0313427e-01
 -7.2547987e-02
 -1.6155852e+00
  2.3475797e-01
 -5.0020173e-02
  1.6944680e-01
  1.6609302e-01
 -1.4489146e-01
 -1.1762499e-01
 -1.6344169e-01
  4.5551392e-01
 -1.0192873e-01
  1.1400829e-01
  1.2685739e-01
  1.3519701e-01
 -7.9658218e-02
 -2.8046021e-01
  3.6479896e-01
  2.8129700e-01
  1.8576583e-01
 -2.3656943e-01
 -1.9273116e-01
 -2.1507353e-02
 -5.3874254e-02
 -2.6599902e-01
  1.4966252e-01
  3.3359993e-02
  2.0911541e-02
 -3.1748882e-01
 -4.5933969e-02
  2.3979351e-01
 -1.6601637e-01
  5.9442228e-01
 -1.1404487e+00
 -3.3678442e-01
 -2.0667955e-02
 -3.2415070e-02
  9.3518533e-03
  5.1997274e-02
 -8.7569290e-01
  2.7359256e-01
  1.9567911e-01
 -3.3214802e-01
  2.1218771e-01
  3.3176872e-01
 -2.0678118e-01
 -1.1324585e-01
  1.1572532e-01
  1.1071613e-01
 -4.7823367e-01
 -6.3761914e-01
  3.9727512e-01
 -1.2683628e-02
 -1.5587498e-02
  4.8389670e-01
  3.2734087e-01
 -5.3090081e-02
 -1.1134651e-01
  3.8183564e-01
 -3.2115042e-02
  2.1600786e-01
 -1.0491055e-01
  1.9646531e-01
  2.7162445e-01
 -4.2221195e-01
  8.7949103e-01
  3.0783240e-02
 -9.1467641e-02
  1.0384022e-01
 -3.2461319e-02
 -2.1346679e-01
  2.8338201e-02
  1.1323769e-01
 -3.1537858e-01
  9.7752310e-02
 -3.2604092e-01
 -4.5897597e-01
 -2.0730190e-01
 -1.8012375e-01
  2.0415342e-01
  4.7866243e-01
  1.9619682e-01
  1.6672808e+00
  1.2169407e-01
  4.4169572e-01
 -2.4706733e-01
 -6.3262767e-01
  1.6044755e-01
 -1.6051079e+00
  8.7857403e-02
  2.3202243e-01
 -1.0512582e+00
 -2.9570144e-01
  9.9737674e-02
 -4.7425508e-01
 -1.1503764e+00
 -3.9822951e-01
 -8.4581470e-01
 -5.0745821e-01
 -7.3555142e-02
 -2.6279196e-01
  7.6615936e-01
 -8.8704264e-01
  1.2464175e-01
 -7.2583002e-01
 -7.2594595e-01
 -5.5439717e-01
 -5.5937648e-01
  5.1599812e-02
 -1.7684804e-01
 -6.1747032e-01
  1.0423160e-01
  8.1649132e-02
 -1.0823689e-01
 -3.7192169e-01
  6.7215401e-01
 -5.5074561e-01
 -1.9228503e-02
 -2.0620899e-01
  1.8586865e-01
 -3.2128096e-01
  1.2327845e-01
  9.3021035e-02
  1.5076941e-01
  1.7367858e-02
  5.7928628e-01
 -4.1278582e-02
 -4.2126294e-02
  1.0964178e+00
 -1.2710051e-01
  1.2554694e+00
 -1.4603454e-01
 -7.6230511e-02
  1.4562139e-01
 -5.9183598e-02
  6.6936836e-02
  3.6247656e-01
  3.6635395e-02
 -1.1126293e-01
  2.4147712e-01
  2.6892376e-01
 -7.1059689e-02
 -2.6029521e-01
 -2.6326966e-01
 -3.2522716e-05
 -1.5702362e-01
 -1.5100136e-01
 -1.4444754e-01
 -6.5944028e-01
 -6.4611234e-02
  7.8429937e-02
 -5.1083469e-01
  1.0224344e-02
  2.9383647e-01
  4.3464252e-01
 -8.3048724e-02
  2.1089491e-01
 -1.4371926e-01
  4.7027636e-01
  6.0544568e-01
  4.5641863e-01
 -2.0194761e-01
 -1.1941122e+00
  7.6146640e-02
  8.5048852e-03
  1.5871459e-01
 -3.7305292e-02
 -1.7360593e-01
 -3.9455742e-02
 -1.7536099e-01
  1.8292372e-01
 -5.0189561e-01
  9.6731412e-01
  1.3445873e+00
 -8.4943749e-02
  1.6092704e-01
  4.2939091e-01
  3.6883411e-01
  1.1801514e-01
 -3.5541147e-01
 -4.3230206e-03
  7.2795522e-01
 -3.4849230e-02
  2.3252113e-02
  1.2565671e-02
  2.2236228e-02
 -8.0229855e-01
  1.4131625e-01
  1.5599839e-01
  3.0178973e-01
 -1.3504016e-01
 -4.2692280e-01
  1.0054380e-01
 -1.2509646e-02
 -1.2325303e-02
 -5.5148073e-02
  2.5473157e-01
  3.4876961e-01
 -5.0542873e-01
 -7.5737357e-02
  2.7174549e-02
  5.2059080e-02
 -1.4761685e-01
 -3.0427720e-02
  9.4046794e-02
 -6.7422256e-02
 -1.3456669e-01
 -1.3187920e-01
 -6.1263299e-01
 -5.3952771e-01
 -7.7343822e-01
  4.0381374e-03
 -2.0053354e-01
  1.6367301e-01
  1.0750754e-01
 -3.2552993e-01
  6.8876408e-02
 -1.9755264e-01
  1.2492411e-01
  1.0629196e-01
 -1.8672737e-01
 -2.3743069e-01
  1.6992137e-01
 -1.7187954e-01
 -4.7718069e-01
 -1.9933701e-01
  1.1866186e-01
  1.8097332e-01
 -1.5675642e-02
 -9.2116252e-02
  4.2548993e-01
  1.6713929e-01
  4.9443209e-01
  6.5881526e-01
  3.4651560e-01
 -2.8130448e-01
  1.0623156e-01
 -4.9547231e-01
  1.4526734e-01
 -5.8948338e-01
 -2.1655834e-01
 -6.7407832e-02
 -3.7391460e-01
 -1.4307234e-02
 -1.7822510e-01
  1.3997789e-01
 -3.0166991e-02
 -3.5089710e-01
  5.3595215e-02
 -5.7065374e-01
  5.8951348e-02
  1.4604908e-01
  2.3069298e-01
 -1.3764329e-01
 -2.7646294e-01
  4.2954466e-01
  1.1808676e-01
 -2.1185387e-02
  1.1795384e-01
  1.9342697e-01
  3.4835242e-02
 -2.0677057e-01
  2.7932101e-01
  1.3113391e-01
 -4.9287176e-01
 -2.3567913e-02
  1.4131952e-02
  1.6265281e-01
 -1.3924702e-02
  6.3809410e-02
 -3.7219483e-01
 -9.8500207e-02
  6.1462495e-02
 -9.9133015e-02
  9.1261968e-02
  1.1659257e-01
  4.0939268e-02
  4.2150775e-01
 -1.7510725e-02
 -2.9581690e-01
 -1.7060597e-01
 -2.0972070e-01
  2.6229665e-02
  2.0421310e-01
 -3.1847426e-01
  1.6412121e-01
 -3.0495711e-02
  3.4687351e-03
 -9.4724521e-02
  4.3197110e-02
  2.4876095e-01
 -3.4911364e-01
  4.2906883e-01
  1.6226140e-01
 -1.1142422e-01
 -1.9998744e-01
  1.2953408e-01
  8.7059215e-02
 -4.5271665e-01
 -1.2531351e-01
 -6.5842606e-02
 -5.3692818e-01
 -3.8269198e-01
  3.0439749e-01
  2.0810622e-01
  5.4967560e-02
 -4.8116750e-01
 -1.3020146e-01
 -1.0749158e-01
  1.7444181e-01
 -2.4466579e-01
  2.4557710e-01
 -4.2718169e-01
 -6.4704344e-02
 -1.5967238e-01
 -2.0914021e-01
  2.8989118e-01
  3.6397392e-01
 -7.9484865e-02
  3.2984635e-01
 -9.3668357e-02
 -6.7588957e-03
 -1.2659056e-01
 -4.3935806e-01
  4.2787179e-01
  2.8741953e-01
  8.8461585e-02
 -3.1837532e-01
 -3.3759207e-02
 -1.7509090e+00
 -4.5921441e-02
  2.3347637e-01
 -3.6965978e-01
  1.5467171e-01
 -3.3691525e-02
  3.8755456e-01
  1.5901540e-01
  6.0875807e-02
  5.8909722e-02
  3.4324571e-02
 -1.0870686e-01
 -6.5734215e-02
  4.4530079e-01
  3.2300732e-01
 -1.3550986e-01
  3.0316868e-01
  1.8806824e-01
 -5.4380518e-01
 -1.0897484e+00
 -3.2488752e-02
  4.2432591e-01
 -1.0341984e+00
 -4.7877908e-02
 -7.9238884e-02
 -1.4307666e+00
 -8.7828696e-01
 -4.0435484e-01
  6.0199833e-01
 -2.6170409e-01
 -6.3857037e-01
  9.1345674e-01
 -8.1488222e-01
  1.0297914e-01
  1.4974441e-02
  1.2891532e+00
 -1.0213960e+00
 -1.1610148e+00
 -2.4481311e-01
 -4.1593996e-01
 -2.1556268e+00
 -8.4522963e-02
  7.6781756e-01
  1.1019176e-02
  3.7102610e-01
  7.7795796e-02
 -6.6589408e-02
 -1.2458215e+00
  4.9395484e-01
 -4.4937912e-01
  4.3650931e-03
  2.4039346e-01
 -3.8717270e-02
  1.2956826e-01
 -2.7156878e-01
 -1.9653872e-01
 -2.6125398e-01
  3.0507714e-01
  5.5241451e-02
 -2.6446271e-01
  8.6990349e-02
 -8.3001703e-01
  7.9877800e-01
 -3.9156154e-01
  1.1635742e-01
 -6.7443585e-01
 -1.9729790e-01
 -1.3548492e-02
 -8.8329291e-01
  4.3155611e-01
  2.1798119e-01
  6.8603456e-01
  4.6317607e-01
 -3.7900695e-01
 -1.5070437e-01
  2.8940159e-01
  6.1149937e-01
 -2.1629289e-01
  3.5522878e-01
 -2.0389460e-01
 -1.5086614e-01
 -9.3556505e-01
 -9.1511464e-01
 -2.5835174e-01
 -1.6827303e-01
 -2.0906186e-02
 -2.7626488e-02
 -1.1062875e-01
  2.1577898e-01
  6.4375758e-02
 -8.4407926e-02
 -3.5075304e-01
 -1.9805865e-01
 -4.6464109e-01
 -8.6523071e-02
  1.1353695e-01
  2.4693757e-01
 -2.3923279e-01
 -2.5875673e-02
 -2.9672047e-01
 -1.6495572e-01
  5.7774943e-01
 -2.1748334e-01
  2.3738639e-01
  1.8660131e-01
  8.3406323e-01
 -4.5682378e-02
 -2.8406687e+00
 -9.2102081e-01
 -5.9398693e-01
  6.4418381e-01
  2.8828314e-01
  5.0461453e-01
 -3.6178187e-01
 -1.9099291e-01
 -1.0829321e+00
  1.6376567e-01
  1.3395330e-01
 -2.7440622e-01
 -2.9710507e-01
  3.0234939e-01
 -1.7091267e-02
  3.6065671e-01
 -3.2267281e-01
 -5.2929544e-01
 -2.3308477e-01
 -2.7806394e-02
  1.0389065e-01
 -3.2816696e-01
  1.1895766e-02
  2.1219669e-01
 -3.0475485e-01
  1.1170506e-03
 -2.9815789e-03
  2.5932243e-01
 -3.3405211e-02
 -5.2465671e-01
  4.3741947e-01
 -1.9634818e-01
  3.7132579e-01
  3.1476177e-02
  9.6199021e-02
  5.9812808e-01
 -4.6791248e-02
  4.7789091e-01
  1.3864052e-01
  3.3061281e-03
  1.0369019e-01
  1.0062144e+00
  2.1013813e-01
  9.8833042e-01
  8.1514674e-01
  8.7168463e-02
 -2.4489407e-01
  6.5026723e-02
 -1.5477782e-01
  8.6219507e-01
 -1.7619644e-01
  3.9474899e-03
  3.4952798e-01
  1.0020778e-01
 -4.9809316e-01
 -6.8725847e-02
 -2.8826609e-01
  7.3565751e-02
  1.0517669e-01
 -1.3855375e-01
 -1.1007063e-01
 -9.9013329e-02
 -1.4229628e-01
  7.4393779e-02
 -5.6473337e-02
  2.1854232e-01
  6.9489807e-01
 -3.4038177e-01
 -3.0962665e-02
 -4.7531843e-02
 -3.6360759e-01
  1.8517633e-01
 -1.8089284e-01
 -5.5765021e-01
  1.0796526e-01
  7.8457393e-02
  3.0132371e-01
 -2.0899400e-01
  1.8863274e-01
 -6.4503267e-02
 -3.9595878e-01
 -3.6308777e-01
 -3.6173761e-02
 -1.5776411e-01
  5.2687906e-02
  8.1001423e-02
 -5.1074782e-03
 -1.9655585e-01
  6.2914211e-01
  1.4124908e-01
  8.9545343e-03
  4.6385281e-02
  1.0440230e-01
 -5.4452363e-02
 -1.7417385e-01
  2.7634388e-01
  4.5695223e-02
  1.2109129e-01
  2.1903583e-01
 -3.3695531e-01
  1.1503401e-01
  9.8214179e-02
 -3.6447254e-01
  8.6602055e-02
  3.1973746e-02
  1.0599467e-01
  2.1745175e-02
  4.2127233e-02
  2.5890371e-01
  9.4450489e-02
 -7.5929105e-02
  2.2577147e-01
  1.8898432e-01
  1.5968259e-02
 -3.8035777e-01
  5.1371600e-02
 -1.0813311e-01
 -3.2326511e-01
  2.4823684e-01
 -2.8932360e-01
  1.2627470e-01
  4.9412423e-01
  5.6058899e-02
 -2.0107682e-01
  1.5468812e-01
  6.5778263e-02
 -1.0960400e-01
  1.8240464e-01
 -5.3368461e-01
  2.2105655e-01
  6.5083283e-01
 -4.4835210e-01
 -5.8032650e-01
 -6.1718309e-01
 -2.6955324e-01
 -4.7474287e-02
 -1.5471660e-01
 -1.1559552e+00
 -8.8908380e-01
 -6.4798295e-01
 -7.5065278e-02
  8.2285732e-01
  1.2376243e-03
 -3.6635846e-01
  1.9101673e-01
  1.0314676e-01
  1.2492940e-01
 -1.1514519e-01
  6.5527773e-03
 -2.0346123e-01
  3.9402303e-01
  1.4132875e-01
  4.6877524e-01
  2.6714088e-02
 -3.6339468e-01
  5.4161601e-02
 -3.2400692e-01
 -1.3597517e-01
  2.3785125e-02
  2.0154850e-01
  8.4840691e-01
  1.6761023e-01
 -2.2776552e-01
 -1.9928987e-01
  1.4177352e-01
  4.0149398e-02
  2.2422361e-01
  4.0058125e-02
 -7.4958587e-01
  1.2423959e-01
 -4.1179636e-01
 -2.8770038e-01
 -3.7886840e-01
  6.2200063e-01
 -5.4813528e-01
  7.1184441e-02
  1.1981790e-01
 -2.4349082e-01
 -4.7328851e-01
  5.6768155e-01
 -3.5918362e-02
  6.7406732e-01
 -2.5916436e-01
 -2.1328734e-01
 -6.3938662e-02
 -6.4055270e-01
 -1.6293454e-01
  3.8182563e-01
 -6.4966637e-01
 -3.3153641e-01
 -2.4044141e-03
  2.9570910e-01
  2.9516998e-01
  2.6705187e-02
  3.8808081e-02
 -4.2437986e-02
 -4.3758865e-02
 -5.4223459e-02
  3.8101983e-01
 -4.2278811e-02
  3.2692179e-01
  1.0102838e-03
 -2.4323580e-01
  2.9404718e-01
  1.6551110e-01
 -6.2736325e-02
 -7.5873680e-02
 -2.0649297e+00
  4.5545089e-01
 -8.0327012e-02
  1.1690325e-01
 -5.1853746e-01
 -1.7220598e-01
 -1.3389429e-01
 -5.1480967e-01
  1.6317166e-01
  5.4582044e-02
  1.4054286e-01
 -5.7430136e-01
 -1.8529028e-01
  1.2510273e+00
  2.1603400e-02
 -1.0063355e-01
 -8.8722833e-02
  2.8740773e-01
  1.3062796e-01
 -2.0427680e-01
 -3.6774683e-01
  2.5867051e-01
 -2.4755520e-01
  3.5204235e-01
 -3.0234128e-01
  2.5443798e-01
 -2.7222323e-01
  5.3151906e-02
 -9.8164812e-02
 -6.7705423e-02
  1.4344171e-01
 -5.4189134e-02
 -1.7077352e-01
 -2.1869855e-01
  1.8901356e-01
 -6.4918339e-01
 -1.4657933e-01
  2.1707164e-01
  2.7565503e-01
  2.2472063e-01
 -7.2953343e-01
  2.6365411e-01
  6.7964029e-01
 -1.5335503e-01
  2.1305479e-01
 -1.2268549e-01
 -4.7557976e-02
  5.7907599e-01
 -2.8873974e-01
 -2.9687449e-01
 -1.4861424e-01
  2.6667139e-01
 -2.0263765e-02
  4.2460027e-01
 -5.8918498e-02
 -2.3685577e-03
 -5.8750361e-01
 -6.2656409e-01
  3.6033812e-01
 -8.7432188e-01
 -4.8025334e-01
 -1.1182103e-01
  1.3142699e-01
 -2.3440820e-01
 -4.7003452e-02
  4.0917853e-01
 -6.9147414e-01
 -3.0065712e-01
 -1.8547326e-02
  4.6977118e-02
  1.7636479e-01
 -1.0512664e-01
 -1.5097234e-01
 -2.6578748e-01
 -1.4943855e-01
  4.1947603e-02
 -5.9238631e-02
 -2.5890422e-01
  1.1081190e-01
 -1.1135402e-01
  4.5262270e-02
  2.8192195e-01
  8.0669381e-02
  7.2818436e-02
 -4.0452355e-01
 -2.0669588e-01
 -4.1719487e-01
 -1.5715471e-02
  3.4444714e+00
 -7.7477396e-03
 -2.0053473e-01
 -3.1134591e-01
  2.6151776e-01
 -8.1728607e-01
 -4.2092136e-01
 -1.0074703e-01
  2.3389347e-01
  3.7457502e-01
 -2.0836803e-01
  3.6946532e-01
  1.3696770e-01
 -2.8297019e-01
  4.1294646e-01
 -6.3906193e-02
  6.1274268e-02
  8.2521245e-02
 -9.2523638e-03
 -2.4365756e-01
  4.5758975e-01
 -4.2006198e-02
 -1.2503088e-02
  1.7977594e-01
 -7.0260845e-02
 -7.9015352e-02
 -3.7224790e-01
  2.4816512e-01
 -3.9065084e-01
  3.4203592e-01
  2.2952835e-01
  2.7413601e-01
  2.1084532e-01
 -6.6383392e-02
  3.8004133e-01
 -9.0713173e-02
  2.9854739e-02
  2.6200071e-01
  1.3096027e-01
 -1.0818464e+00
 -3.6347264e-01
 -1.0180688e-01
 -4.0016238e-02
 -1.0662083e-01
  5.6861617e-02
  2.4193302e-02
 -2.8198807e-02
  1.8035056e-01
 -1.1837903e-01
  3.2275796e-01
 -5.4021120e-01
  1.9639708e-02
 -6.1630237e-01
 -2.5578395e-02
 -3.3796575e-02
 -1.7267428e-03
  8.4867615e-01
  1.7242241e+00
  1.6881885e-01
  1.5910368e+00
 -1.7264161e-01
  3.7610930e-01
  6.3065618e-01
  3.2227126e-01
  4.2916068e-01
 -2.7454293e-01
 -2.7109909e-01
 -2.6693368e-01
  1.6756043e-01
 -6.6348631e-03
  1.9708139e-01
 -3.1374848e-01
  2.5909394e-05
  1.7028862e-01
  9.8881978e-01
  1.9968945e-01
 -2.1545047e-01
 -2.3309578e-01
  1.8601380e-01
  1.0231879e+00
 -3.5622671e-01
  7.6259293e-02
 -3.1310827e-01
 -1.2409490e-01
  5.9574977e-02
  4.5934424e-01
  4.6179616e-01
 -3.6235470e-01
 -3.7231001e-01
  1.6002049e-01
 -8.3953962e-02
 -1.3484575e-01
  9.8102912e-03
  1.8699507e-01
 -1.2679255e-01
  3.1632122e-01
 -1.1700404e-01
 -1.6680488e-01
 -8.0094528e-01
 -1.4287131e-01
 -1.6310115e-01
 -1.7617440e+00
 -6.5379515e-02
  2.9521599e-01
  1.0500906e-01
  2.9833490e-01
  3.5620205e-02
 -2.1395153e-01
 -1.2069769e-01
 -2.2863042e-01
  1.5698037e-01
 -4.7986805e-01
  8.0927975e-02
 -2.0343117e-02
 -1.7550677e-02
  1.6641408e-01
 -1.2392981e-02
  5.0294213e-02
  4.0734243e-01
  5.1963997e-01
  1.4855702e-01
  7.4365042e-02
  5.8815315e-02
 -2.2037859e-01
 -3.5164639e-02
 -4.1264180e-02
  1.6876397e-01
  1.3906208e-02
 -4.8927775e-01
 -4.1346645e-01
  4.5009252e-01
  3.7648028e-01
  3.8077417e-01
 -2.5764033e-02
 -5.7496615e-03
 -1.7340431e-01
  4.7114503e-01
  2.8245336e-01
  1.8693805e-01
  6.1119783e-01
 -5.5661287e-02
 -4.4110453e-01
 -5.6272548e-01
 -4.3987638e-01
  3.6156413e-01
 -3.9376119e-01
  6.6673994e-02
  3.1598407e-01
  1.7257963e-01
  1.3177045e-01
 -6.4507049e-01
 -3.6312219e-02
 -4.4060413e-02
 -1.6063443e-01
 -2.3623717e-01
  6.8426281e-02
  4.1007832e-02
 -3.5112351e-02
  1.0006981e-01
 -9.7546257e-02
  5.3512849e-02
  1.9169435e-01
  2.4456391e-01
 -1.5123203e-02
 -2.3558779e-01
 -2.7045835e-02
  4.0248957e-01
 -3.6249787e-01
 -8.2918108e-02
 -8.6594760e-01
 -7.5148232e-02
 -2.5200360e-03
 -4.3105119e-01
  2.5403741e-01
  5.0072879e-01
  3.9152399e-01
 -2.3191097e-01
 -1.9025299e-01
 -2.0593396e-01
 -3.2189918e-01
 -3.7115180e-01
  2.1999779e-01
 -2.1250126e-01
 -1.7509751e-01
  2.4400806e-01
 -4.4680604e-01
  3.7059255e-02
  1.0781641e-01
  2.6701540e-01
  6.7793600e-02
  9.4710290e-01
 -1.0576019e-01
 -9.6781053e-02
  2.6600361e-01
 -4.3061838e-01
  9.0564296e-02
  6.0797047e-02
 -2.4885504e-01
 -1.7340475e-01
 -2.9386339e-01
  3.1535199e-01
 -1.9132820e-01
 -9.9334799e-02
 -6.7102760e-01
 -1.8824582e-01
 -1.1236879e-01
 -3.4360552e-01
 -9.7833075e-02
 -5.2688465e-02
  1.8704517e-01
  8.8195093e-02
 -5.2033868e-02
  3.9617443e-01
  1.8274260e-01
  9.9570505e-02
  1.6407188e-02
  7.1621007e-01
 -1.8881167e-01
 -6.8819217e-02
  2.1344993e-01
  1.6250010e-01
 -9.7142249e-02
  7.4807501e-01
  8.2715899e-02
 -1.6350925e-01
 -1.1717523e-01
 -9.8772295e-02
  5.4427624e-01
 -1.7562998e-02
 -2.3304291e-02
 -1.0231122e+00
  1.7137040e-01
  6.7688179e-01
 -8.3700687e-01
  7.7361274e-01
 -1.1753136e+00
  2.9714105e-01
 -2.8836545e-01
 -1.3127737e-01
 -2.0989678e+00
  1.4959024e+00
  3.1041634e-01
  1.0185571e-01
 -8.7646419e-01
 -6.8516657e-02
  1.7147986e-02
 -5.2311260e-02
  9.1245119e-03
  2.6477806e-02
 -7.5310868e-01
  6.0481417e-01
  2.5766349e-01
 -6.2232113e-01
  6.6640928e-02
  4.8555943e-01
 -1.7177090e-03
 -1.8358213e-01
 -2.4017687e-01
  1.0076519e-01
  8.6766607e-01
 -2.7046448e-01
 -2.4108024e-02
  4.3556511e-02
 -1.8895434e-01
  2.1046577e-01
  2.1813062e-01
  6.1468756e-01
  1.1405507e-03
 -9.0909755e-01
  2.5290352e-01
 -8.0541838e-03
  2.5033221e-01
  3.7883148e-02
 -8.8893212e-02
 -8.2845308e-02
  1.2158387e+00
 -1.4654319e-01
 -3.1233260e-01
 -7.9681814e-02
  2.3863211e-01
 -2.5581978e-03
 -1.0578056e-01
 -3.1886166e-01
 -1.6063482e-02
  9.0602346e-02
  2.4189025e-02
  1.7453396e-01
  2.5958401e-01
  4.8600382e-01
  7.0691772e-02
 -4.2915031e-01
  2.1341550e-01
 -3.1091225e-01
  3.9683664e-01
 -4.0777214e-02
 -1.4159885e-01
 -4.2448368e-02
 -6.7853622e-02
  8.8638321e-02
  5.5011773e-01
 -2.4971418e-01
  8.3670095e-03
  1.5963769e-01
 -3.0300612e-02
  2.4034174e-01
  2.5890526e-01
  4.6333581e-02
  2.9186469e-01
 -5.1630402e-01
  2.0631321e-01
  5.2013624e-02
 -8.6640544e-02
  2.2232798e-01
 -6.9510871e-01
  1.8541339e-01
  2.1321885e-01
 -7.7462323e-02
  1.9935643e-02
  6.9183767e-01
  3.1559306e-01
  9.3612388e-02
  1.5693790e-01
  5.2065719e-03
  8.7396555e-02
 -3.0393270e-01
  4.2288947e-01
 -9.7304963e-02
 -7.9436511e-01
  1.9023386e-01
  1.8442348e-01
 -1.7995397e-02
 -3.0890477e-01
  1.0561540e-01
 -1.3091174e-01
 -2.1076250e+00
  9.2718430e-02
 -2.0403656e-01
  2.4812654e-01
  2.3444127e-02
  4.4967726e-01
 -2.4836540e-01
 -1.2472861e-02
  2.1871403e-02
  5.0452334e-01
  2.3247804e-01
 -7.0724033e-02
 -4.1398910e-01
  3.7069991e-02
 -6.0257643e-01
  4.0422776e-01
  2.9390419e-01
 -2.2433445e-01
  2.1928343e-01
  1.2661964e-01
  7.2006905e-01
  1.6793355e-01
  3.6287472e-02
  1.0690948e-01
 -1.9862631e-01
  2.1605313e-01
 -1.6821533e-01
 -1.5103824e-02
 -6.9264078e-01
  1.4169671e-01
  4.2651322e-01
  8.1126732e-01
  2.6964447e-01
  1.1578051e-01
 -1.1798538e-02
 -5.2307501e-02
 -2.3249429e-02
  4.7618109e-01
  4.8925471e-01
  8.0644138e-02
  2.7979752e-01
 -7.1472242e-02
 -5.0731850e-01
 -2.2158206e-01
 -4.7959813e-01
 -5.2748214e-02
  2.0988461e-01
 -1.2747143e-01
  5.8616132e-01
 -1.9237107e-01
 -9.6404046e-02
  3.5728121e-01
  2.2721324e-02
 -2.4874844e-01
 -8.3092824e-02
  3.3277154e-01
 -2.7807459e-01
 -2.6300159e-01
 -2.2293048e-01
 -4.1469954e-02
 -1.3935894e-01
 -4.5349273e-01
 -2.2151226e-01
 -7.0460403e-01
 -2.9815412e-01
  7.0012100e-03
  4.9531704e-01
  2.6713166e-01
  3.8399775e-02
  7.3011476e-03
 -6.6614509e-02
  3.9849800e-01
  3.1987834e-01
  9.7299254e-01
 -7.4860059e-02
  2.0205727e-01
  7.7466100e-01
 -9.6603662e-02
  3.3797854e-01
 -1.6652538e-01
 -1.0301767e-01
 -8.3456554e-02
 -1.6933668e-01
  3.6003008e-01
  1.6791739e-01
  1.3460602e-01
  4.5157544e-02
 -1.4446250e-01
 -3.3108354e-02
 -4.4683099e-01
 -4.1249624e-01
 -1.7444664e-01
  1.2173976e-01
 -4.4778264e-01
 -4.7162682e-02
  6.2553287e-01
  3.1823683e-01
  3.0487546e-01
 -4.7563866e-01
  1.0495113e-01
 -1.3766703e-01
 -8.5539103e-02
 -1.1907236e-01
  1.2748754e-02
  7.2009265e-01
  7.8664720e-01
  1.0028193e-01
 -4.2144451e-01
  2.3008731e-01
 -1.3431424e-01
 -1.1318613e-01
 -1.6102467e-02
 -4.9527568e-01
  2.5657070e-01
  2.7811405e-01
 -1.5926059e-01
  4.6128994e-01
  2.3500647e-02
  2.2079916e-01
 -8.5355520e-01
 -1.5127261e-01
  1.5028684e-02
  8.6340800e-02
 -1.3723752e-01
  4.4657537e-01
  3.0016059e-01
 -4.5018953e-01
 -3.2166997e-01
 -1.1996261e-01
 -9.6888602e-01
  4.2541468e-01
 -5.0178164e-01
  3.1021342e-01
  5.9000891e-02
 -2.1385930e-01
 -3.4737457e-02
  6.0608713e-03
  6.1724216e-02
 -3.4914829e-02
  8.0464378e-02
 -1.7350399e-01
 -6.4065343e-01
 -2.4120727e-01
 -2.1208193e-02
 -4.3261737e-02
  3.1929958e-01
 -2.7468863e-01
 -6.9342792e-02
 -1.5192732e-01
 -2.7822873e-01
 -7.8007951e-02
 -2.1042632e-01
 -5.2141789e-03
 -4.4172573e-01
  6.8266261e-01
 -1.3741867e-01
 -1.2580091e-01
 -5.9937157e-02
 -2.9545757e-01
 -1.4800161e-01
 -9.2503417e-01
  5.0229257e-01
 -2.6537797e-01
 -1.7772764e-01
 -1.2387601e+00
  9.1174644e-01
 -1.9128361e-01
 -6.4133093e-02
 -3.6518121e-01
 -5.8401361e-02
  9.6481204e-01
  4.8446689e-02
 -4.1850159e-01
  4.5562851e-01
  5.4356098e-01
 -1.5055619e-01
 -1.1154981e-01
  1.7432778e-01
 -1.0009556e+00
  1.2501797e-01
 -2.3490663e-01
  1.6398035e-01
  1.5834638e+00
  4.7178701e-01
 -8.1251228e-01
 -5.2710438e-01
  1.3933790e-01
 -3.8918450e-01
 -8.0316913e-01
  3.9537409e-01
  7.0706934e-02
  5.1065999e-01
  1.6749780e-01
  7.3916513e-01
  2.5645304e-01
  1.2607439e-01
  2.1396554e+00
 -1.5146576e-01
  1.3042126e-02
 -2.6963574e-01
 -6.2571657e-01
  3.3583030e-01
  2.1629268e-01
  4.1161907e-01
 -6.8222433e-02
  1.4885361e+00
 -5.8852208e-01
  7.3868173e-01
 -2.0202829e-01
 -3.4827739e-04
 -6.6385537e-01
 -5.1622862e-01
 -6.6183352e-01
 -9.8818786e-02
  1.6090051e+00
  2.7005115e-01
 -5.9269369e-02
 -4.7356486e-01
 -1.6608372e-01
  2.8853100e-02
  1.3067824e-01
  1.2122843e-01
  5.8135293e-02
  3.1504381e-01
  5.4734749e-01
  1.2832730e-02
 -2.4270510e-02
 -6.3943885e-02
 -6.4147115e-02
 -5.9351403e-02
  5.0808835e-01
 -1.5263668e-02
  4.1541579e-01
  6.1131322e-01
  7.8303564e-01
 -5.8897579e-01
 -2.1137604e-03
 -3.7764728e-01
 -6.3235819e-02
  8.0333695e-02
  8.8618197e-02
 -1.8937052e+00
 -6.6785848e-01
 -6.5611279e-01
  1.3692009e+00
 -4.7879767e-02
  1.6771857e-01
 -1.6753800e-01
  2.5746902e-02
 -4.2432535e-01
  8.1044011e-02
  1.0113494e+00
  3.7779301e-02
 -2.1132909e-02
  1.1537360e+00
 -4.6599704e-01
 -4.1289020e-01
  3.8755246e-02
 -6.2203910e-02
  4.0055588e-01
  8.5106604e-02
  2.7255816e+00
 -7.1421367e-01
 -2.7749607e-01
  1.4772775e+00
  1.7003562e-01
 -1.1563277e+00
  1.5163863e-01
 -2.5344065e-01
 -1.2123821e+00
  8.3407626e-02
 -1.3871849e+00
  3.4361527e+00
  1.0380924e+00
 -8.1508225e-01
  2.1367660e-01
 -2.6883182e-01
 -1.3191009e-01
 -1.4500996e-01
 -8.4560418e-01
  1.6621901e+00
  4.2714722e-02
 -1.9711703e-01
  3.8151455e-01
  2.2809938e-01
  1.4979047e+00
 -3.1447220e-01
 -1.6091868e-01
  5.9388179e-01
 -1.1192862e+00
  2.2262242e+00
  7.4996954e-01
  8.5192305e-01
  6.9295907e-01
 -1.3703950e-01
  1.5387160e+00
 -3.6478374e-02
  6.1855102e-01
 -1.2135048e+00
  2.8972891e-01
  5.2593652e-02
 -1.0729260e+00
 -9.6916759e-01
 -7.4784786e-01
  1.6127296e-01
  9.8114833e-02
 -7.7770621e-01
  1.2036605e-01
  9.1465628e-01
  1.1253544e+00
 -2.5219136e-01
 -1.7990546e+00
  8.6935490e-01
  5.1866317e-01
  2.6408536e+00
  4.0236432e-02
  7.3166710e-01
 -1.7051277e+00
  8.6221254e-01
  4.4119886e-01
 -1.4163005e+00
 -8.4159845e-01
 -7.5531149e-01
 -1.0679927e+00
  2.3333793e+00
 -1.7512252e+00
  3.0613148e+00
  5.9463549e-04
 -3.8686809e-01
 -2.2359581e+00
  1.8145899e-01
  2.1605377e+00
 -2.1564462e+00
 -1.7702003e-01
 -2.6057956e+00
 -1.9783517e+00
 -8.8521945e-01
 -5.6740034e-02
  1.2899487e+00
 -9.5323104e-01
  1.1680257e+00
 -1.8554959e-01
  8.5873818e-01
  2.2544384e+00
 -1.6666206e+00
 -1.4376456e+00
  3.9260154e+00
  7.0864516e-01
  1.2413610e+00
 -1.0622499e+00
 -2.1001500e-01
  6.4173543e-01
 -2.9652705e+00
 -1.9607037e+00
 -1.6479030e-01
 -8.2946390e-01
 -3.6014244e-01
  1.1117829e-01
  2.5104919e-02
 -3.1032550e-01
 -1.7072693e+00
  4.2280880e-01
  7.7743781e-01
  1.5055740e+00
  4.1669935e-01
  2.3787053e+00
  1.3854623e+00
  1.5288223e+00
 -1.6174059e+00
 -1.9607375e+00
 -2.1043088e-01
  3.5816678e-01
 -5.4438081e+00
  4.6189350e-01
  4.9125168e-01
 -9.8315537e-01
  2.7002044e+00
 -8.2897300e-01
  1.3860236e+00
  2.2278190e+00
 -1.5845561e-01
  2.4870827e+00
 -3.7680823e-01
  3.8225695e-01
 -1.4764210e+00
 -3.8861531e-01
 -7.0124960e-01
 -3.9729080e-01
  1.0672240e-01
  1.1674701e-01
  4.1840550e-01
  2.1965821e-01
  1.2853564e+00
  2.0691770e-01
 -9.2575765e-01
 -1.6964671e-01
 -4.3882325e-01
  1.5033226e-01
 -2.4679409e-01
  1.2926285e-01
 -9.9172938e-01
 -4.9668366e-01
 -7.8798145e-01
  8.1346339e-01
  1.9406839e-01
 -1.2236881e+00
 -1.7476114e+00
 -3.1822282e-01
 -1.1513199e+00
 -3.6833936e-01
 -1.2048764e+00
  7.9088375e-02
 -2.7986637e-01
  1.3256568e+00
 -3.9869159e-02
 -3.2481802e-01
 -4.8430437e-01
  4.6505630e-01
  5.7510680e-01
 -2.7254370e-01
  6.4681816e-01
  4.1918179e-01
  1.2245278e-01
  1.8456928e-01
 -5.1412042e-02
  4.9193713e-01
 -1.1817448e+00
 -5.3628790e-01
 -4.6367812e-01
 -1.7135578e-01
 -2.1739321e+00
  1.1811839e+00
  1.1816084e+00
  1.0782892e-03
 -1.8673432e+00
  1.6610684e+00
  4.1225547e-01
 -1.2228762e-01
  1.2883440e+00
 -6.9751792e-02
  2.1427736e-01
  2.3638006e-01
  1.1076230e+00
  1.1640684e-01
  6.3464153e-01
 -2.5398741e-02
 -1.2048560e+00
  2.1870439e+00
  2.2118092e+00
  5.4020524e-01
 -1.8151574e+00
  5.3039476e-02
  6.8752843e-01
  6.0680556e-01
 -2.8154123e+00
 -2.6596183e-01
  5.9682339e-01
  1.7018661e+00
 -1.2502917e+00
  5.0857466e-01
  6.3940816e-02
 -1.5325305e-01
 -6.8977284e-01
 -3.2367355e-01
  1.1479789e+00
 -2.6865283e-01
  6.6327125e-01
  4.8847944e-02
  9.7285457e-02
 -1.7547630e-01
  1.4616792e-01
 -2.9293966e+00
  7.9520690e-01
  7.0486702e-02
 -5.9852415e-01
  1.6271222e-01
 -1.1541902e+00
  1.1248857e-02
  1.1688967e+00
  4.3527487e-01
 -1.7597345e-01
  5.6447178e-02
 -1.3633633e+00
  6.3308442e-01
  8.7444580e-01
 -5.0219345e-01
 -3.7027135e-01
  7.9515010e-01
  2.0262992e+00
 -1.8555505e+00
 -1.1648092e+00
  4.5321310e-01
 -2.7810502e-01
 -1.7044389e+00
 -1.9712010e-01
  4.1794023e-01
 -1.0125141e-01
  6.5512705e-01
  1.0667794e+00
 -1.0613296e+00
 -1.1217557e+00
 -6.8435058e-02
 -4.2230102e-01
  1.7023134e-01
  9.7902501e-01
  4.4993922e-01
 -2.8601038e+00
 -1.6947342e+00
 -2.1222394e+00
 -5.2881140e-01
 -1.6265736e+00
  2.6041964e-01
  1.5729278e-02
 -1.6471781e-01
 -4.9090970e-01
  1.0128450e+00
 -1.2448246e+00
  1.9058459e+00
  3.4958205e-01
 -5.7400870e-01
  1.5756229e-01
  6.6835737e-01
 -3.2487053e-02
 -1.4091923e+00
  1.3867755e+00
 -1.7664789e+00
  1.4951795e-02
 -7.1117002e-01
 -1.4998069e+00
  9.5297135e-03
  2.5361919e+00
 -5.9858638e-01
 -8.5331750e-01
  1.0481883e+00
  6.8836635e-01
  3.8613871e-01
 -2.2663616e-01
 -5.6138527e-01
 -1.0534535e-01
 -3.7933163e-02
 -1.7350150e+00
  9.1545917e-03
  1.0049269e-01
 -9.1339189e-01
 -2.1457398e+00
  3.2597476e-01
  2.4368451e+00
 -4.7954857e-02
  2.6983714e+00
  2.4955451e+00
 -1.0294918e+00
 -1.0100859e+00
  1.7435979e+00
 -6.2083113e-01
  2.3091111e+00
 -6.3765913e-01
 -1.1566896e+00
 -6.4529121e-01
  3.0547002e-01
  1.8648818e-01
 -1.5842760e+00
  7.4229056e-01
 -5.7961923e-01
 -8.8194501e-01
 -1.0836320e+00
 -1.2582492e+00
  1.2202796e-02
 -1.5890789e+00
 -4.6044001e-01
  7.4888778e-01
 -1.0416075e+00
 -3.5625586e-01
 -2.8083804e-01
  1.6181407e-02
  2.1192367e-01
  2.1971850e-01
  2.1622584e+00
  1.8608009e+00
  4.4828928e-01
  2.4426866e-01
  6.7399865e-01
  5.2836317e-01
  3.8810334e-01
  2.6795021e-01
  4.1983181e-01
 -6.7317927e-01
  6.5548801e-01
  2.2078250e-01
  5.7906181e-01
  3.1179781e+00
  1.6336640e+00
  1.7263018e+00
 -2.6597700e+00
  2.3031969e-01
  1.4922875e+00
  5.1793420e-01
  1.0992969e+00
 -1.0579036e+00
  3.5051546e-01
 -2.9971460e-01
  4.0783197e-01
  1.0192201e+00
  6.3238567e-01
 -1.8477418e-01
  4.6178517e-01
  3.2200712e-01
 -4.7849450e-01
 -6.9030571e-01
 -2.9512963e+00
  1.8153328e+00
  5.0788403e-01
 -2.6549888e-01
  7.1514034e-01
  8.5714269e-01
  4.7998038e-01
  9.5707774e-01
 -8.4284443e-01
  9.3054193e-01
  6.3147247e-01
  6.8011898e-01
 -1.6506368e-02
 -6.0939014e-02
 -1.9487190e-01
  6.6983521e-01
 -5.0681502e-01
 -3.5188702e-01
  5.7506919e-01
 -2.1969165e-01
  6.8989348e-01
 -1.2577799e-01
 -3.4551531e-01
 -2.2621932e-03
 -2.3316292e-01
 -7.0517272e-02
  1.0660148e-01
 -8.1140375e-01
  2.0135030e-01
 -9.1017216e-01
 -2.9427028e+00
 -2.6181133e+00
 -1.5360296e+00
  6.6805297e-01
 -4.9694830e-01
 -1.5050451e-01
  1.6382994e-01
 -2.7564198e-01
 -1.8564502e+00
 -1.2802477e-01
 -1.7255399e+00
 -1.4192926e+00
 -2.2901478e+00
 -2.5545259e+00
 -8.1354201e-02
 -1.1310884e+00
  1.9468195e+00
  4.7050115e-02
 -1.5018163e+00
  1.3203815e+00
  8.3272062e-02
  2.0340984e+00
  1.8928207e+00
 -1.4294083e+00
  1.9524548e+00
 -5.9900171e-01
  1.0927227e+00
  3.1826377e+00
  1.1166865e+00
 -4.6746162e-01
 -5.2899367e-01
  1.7125829e+00
  1.3197243e+00
 -5.8163965e-01
 -2.0040278e+00
  3.4237036e-03
 -5.2212197e-01
  2.0348294e-02
 -1.7380558e-02
  3.7447944e-01
 -1.0471343e-01
  1.1882120e+00
  1.1764582e+00
  2.4890625e+00
 -1.0054043e-01
  7.2912514e-02
 -7.8228217e-01
  1.1627419e-01
  1.0797311e+00
 -9.5847565e-01
  2.9070647e+00
  2.1242455e-01
 -1.2026142e-01
 -1.1377202e-02
  7.1100938e-01
 -9.0653855e-01
  9.5800442e-01
  1.1753852e+00
 -2.0219262e+00
 -2.2224925e-01
  4.4702113e-02
 -1.8512442e+00
  1.6144366e+00
  7.6197702e-01
 -1.3973476e-01
 -4.0627696e-02
 -1.2246242e+00
 -2.3988953e+00
  3.5298491e-01
 -8.4930587e-01
 -1.7088678e+00
  4.7542566e-01
  1.7470458e-01
 -9.4869012e-01
 -1.4198376e+00
  4.9406716e-01
 -1.4474146e-01
 -1.8037677e-01
  6.8201058e-02
  9.2878681e-01
  7.2183542e-02
  6.0574985e-01
  7.6791048e-01
 -1.7240137e-02
  7.7656820e-02
  3.8599750e-01
  4.2393520e-01
 -1.3816854e-02
  6.9591656e-02
 -6.9004369e-01
  5.0341392e-01
 -1.6398468e+00
  3.6619715e-02
  2.3161573e+00
 -7.9184487e-02
 -1.9241134e+00
 -1.0839076e-01
  1.7167187e-01
 -1.2851147e-01
 -2.1829303e-01
  9.4011712e-01
  4.0797710e-01
  2.3516482e-03
  3.9034623e-01
 -6.4230406e-01
  2.5707233e+00
 -4.0514168e-01
 -2.1914337e+00
 -2.2074006e+00
 -3.7049308e-01
 -5.0535548e-01
  1.0291801e-01
 -1.1137816e+00
  7.6441336e-03
 -2.1976762e+00
 -5.2362776e-01
  9.5347810e-01
 -1.7203087e+00
  7.0976686e-01
 -6.0289806e-01
  5.1999360e-01
 -2.0526857e+00
  2.1481011e+00
 -1.5875369e+00
  9.1932011e-01
 -5.9588939e-01
  1.8473239e+00
  1.2724993e-01
  1.3225907e+00
  7.0068574e-01
 -6.0162115e-01
 -4.4171330e-01
  1.1424700e+00
  7.7537626e-02
 -1.0988846e+00
 -2.2249293e+00
  8.6725868e-02
 -9.6165113e-02
 -1.1298181e+00
 -1.2139461e+00
 -2.1384487e-01
  6.2125538e-02
 -1.0297396e-01
  2.7183974e-01
  1.4042767e+00
 -1.1982261e+00
  7.4652374e-01
 -1.1116737e+00
  1.5566766e+00
 -1.4294344e+00
  2.5549698e-01
  2.8790689e-01
 -2.6458135e+00
  2.5712969e+00
 -1.3889551e+00
  2.8569695e-01
 -6.7490667e-01
 -9.9391747e-01
  9.2891020e-01
 -1.7861726e+00
  1.1583664e+00
 -2.9289742e+00
  5.0357425e-01
  1.5452179e+00
 -7.4017519e-01
  4.1419525e+00
 -7.4599171e-01
 -3.1113392e-01
 -7.2471714e-01
  4.1764912e-01
 -4.9561971e-01
  3.6158383e-01
  1.8471204e+00
 -3.2443044e+00
 -1.1137036e-01
 -2.7085546e-01
  1.3055283e+00
 -3.4167960e+00
 -2.9596573e-01
 -6.0645396e-01
 -4.5578113e-01
  1.8316441e+00
  8.7612611e-01
  8.2611936e-01
 -2.1596983e-01
  1.3404015e+00
 -1.8425811e-02
  1.4236701e-01
  5.4878467e-01
 -2.1111581e-01
 -2.4988921e-01
 -3.5573342e-01
  2.3806518e-01
 -1.3799230e+00
 -9.5414883e-01
 -1.1672823e-01
  4.0171206e-01
 -1.5695072e+00
 -2.6491353e-01
  4.9232718e-01
  9.8769295e-01
  2.4063189e+00
 -9.9765205e-01
  4.8586765e-01
 -1.8426220e+00
 -2.0556455e-04
  1.6339886e+00
  2.9921126e-01
  1.2556033e+00
  1.2199482e+00
  1.5822811e-01
  1.8888278e+00
  2.6779385e+00
 -2.1154361e+00
 -1.2720919e+00
 -1.4796060e-01
 -6.1506319e-01
  6.4347260e-02
  3.2619449e-01
  7.2356504e-01
  5.2371854e-03
  8.1590050e-01
  7.2727734e-01
  1.9206517e+00
  8.7045389e-01
  8.3034076e-02
 -2.4320548e+00
 -9.6009707e-01
  4.4464090e-01
 -2.1226256e+00
 -1.4675483e+00
  1.3112911e+00
  1.0652573e-01
  1.8969847e+00
  4.7175869e-01
  6.7868418e-01
  1.9750448e-01
  2.7997143e+00
  7.7356023e-01
 -7.3138887e-01
  5.7855614e-02
  1.3798069e+00
 -1.0805869e+00
  2.2059124e-02
 -2.4282774e-03
 -7.1733373e-01
 -8.3704984e-01
  1.7511553e-01
 -3.3922729e-01
  2.1338876e-01
 -3.0582056e+00
 -3.5615626e-01
 -7.7992626e-02
  6.0861949e-03
  4.1913113e-01
 -5.2328825e-01
  5.7970464e-01
 -3.2851639e-01
  8.8735175e-01
  1.0644654e+00
 -6.3843334e-01
  1.0941147e-01
 -2.4261885e+00
 -1.6438453e+00
  2.2313944e-01
  3.2212362e-01
  2.5738978e-01
  1.2976460e+00
 -9.3624240e-01
 -7.9669374e-01
 -2.2796164e-01
 -7.5657028e-01
  1.8953834e-01
  2.7675314e+00
  7.5908786e-01
 -5.1406306e-01
  3.3684334e-01
  6.8198884e-01
  1.2474009e+00
  7.6547660e-02
 -4.5922503e-01
 -1.9982541e+00
  5.7667911e-01
 -6.1808056e-01
  8.8214248e-02
 -1.8141612e+00
  6.0370618e-01
  2.1269874e-01
  7.2782409e-01
 -5.0963969e-03
  3.5170650e-01
  4.5974296e-01
  7.1718878e-01
  8.3459717e-01
  4.3364912e-02
 -7.3622242e-02
  1.3975909e-01
  4.3918189e-01
 -6.7697987e-02
 -9.2325114e-02
  5.7393279e-02
 -1.1190983e+00
  5.1343089e-01
  2.2391241e+00
 -5.7777262e-01
 -1.2465149e-02
  6.2621689e-01
  3.0462211e-01
 -8.4737349e-01
  6.0040027e-01
 -1.9178821e+00
 -4.3877881e-02
  2.1821864e+00
 -1.2918597e+00
 -4.2433098e-01
  2.2323685e+00
  3.8274604e-01
  1.3098849e+00
 -6.9446182e-01
  1.0605813e-01
  1.8825482e-01
  8.3623797e-01
 -1.0808085e+00
  2.0078696e-01
 -1.3789475e-01
  8.8874489e-01
 -4.0473750e-01
  4.8563325e-01
  1.4630869e-01
  2.1980948e+00
 -4.2321509e-01
 -6.9729459e-01
  1.7389360e-01
  2.5551348e+00
  6.9138288e-01
  2.5311658e-01
 -5.6738928e-03
  1.3428963e+00
  1.1485118e+00
  2.4679033e-02
 -5.6757834e-02
  2.9679763e-01
  1.6626226e+00
  4.7922724e-01
  5.3081316e-01
  1.8037636e-02
  1.3187035e+00
  2.9358292e-01
  3.5406268e-01
 -1.5989453e-01
  5.6415212e-01
  1.7517841e-01
  5.0150788e-01
 -9.8269653e-01
  2.2777151e-01
 -2.7029047e+00
 -1.1194912e+00
 -4.5275199e-01
 -1.5391235e+00
 -6.2271953e-02
 -3.7564330e-02
  9.9538785e-01
 -1.9214997e+00
 -2.5868642e+00
  3.9728138e-01
  1.2004937e+00
  2.3430943e+00
  5.8767718e-01
  1.9711325e-01
 -2.7875936e-01
  1.9019146e-01
  6.7010450e-01
  1.0580157e+00
 -1.1017408e+00
 -8.1386238e-01
 -1.2068608e+00
  1.4706348e+00
 -2.0028532e+00
  8.5669643e-01
 -9.2352331e-02
 -7.2905064e-01
  1.2817454e-01
  6.0948182e-02
 -1.7593065e-02
 -8.4173065e-01
 -1.3600408e-01
 -1.0554043e-01
  8.8546687e-01
 -2.7883419e-01
  1.7831508e+00
  9.2676207e-02
  6.9855237e-01
 -1.8057939e-01
  3.9064574e-01
  3.3010319e-01
 -3.7760594e-01
 -5.0407898e-01
 -1.0753778e+00
  4.7792144e-02
 -8.8104427e-01
 -3.3906105e-01
 -9.7203630e-01
 -1.1188682e-01
 -1.3559423e-01
 -4.8458448e-01
  1.1413145e-01
 -1.5913126e+00
 -7.4082726e-01
  1.5029697e+00
  2.2550973e-01
 -9.5759648e-01
  1.2763679e-01
  3.0314714e-01
 -1.2304072e+00
  3.3449396e-03
  5.4562277e-01
  1.5778081e+00
  2.4874995e+00
  2.4230286e-01
 -4.3766108e-01
  7.1837956e-01
 -2.1736655e+00
  3.6524314e-02
  1.1387822e-01
 -3.7301934e-01
 -1.2204304e+00
 -1.2706214e-01
 -4.1907030e-01
  6.6546571e-01
  2.2605097e+00
 -2.0223112e+00
 -4.8137599e-01
  1.1054974e+00
  1.9010253e+00
  8.8579178e-02
 -1.9855797e-02
  6.2009913e-01
 -1.1752905e+00
  1.5342290e+00
  7.9554647e-01
 -8.9548111e-02
 -4.5244053e-01
  7.7022070e-01
 -6.6777635e-01
 -6.5390956e-01
  6.0941738e-01
 -2.9573472e-02
  5.9976792e-01
 -7.1830803e-01
  5.5079806e-01
 -2.6956594e-02
 -4.7453612e-01
 -4.4389322e-01
 -4.3058746e-02
 -1.7511123e-01
 -2.5488794e-01
  2.3359172e-02
  2.3359172e-02
  2.3359172e-02
  2.3359172e-02
  2.3359172e-02
  2.3359172e-02
  2.3359172e-02
  2.3359172e-02
  2.3359172e-02
  3.7800722e-02
  3.7800722e-02
  3.7800722e-02
  3.7800722e-02
  3.7800722e-02
  3.7800722e-02
  3.7800722e-02
  2.9012233e-02
  2.9012233e-02
  2.9012233e-02
  2.9012233e-02
  2.9012233e-02
  2.9012233e-02
  2.9012233e-02
  1.3580502e-02
  1.3580502e-02
  1.3580502e-02
  1.3580502e-02
  1.3580502e-02
  1.3580502e-02
  1.3580502e-02
  5.7021868e-03
  5.7021868e-03
  5.7021868e-03
  5.7021868e-03
  5.7021868e-03
  5.7021868e-03
  5.7021868e-03
  1.2225810e-02
  1.2225810e-02
  1.2225810e-02
  1.2225810e-02
  1.2225810e-02
  1.2225810e-02
  1.2225810e-02
