nep4 2 Cu Se 
cutoff 7 5 100 44
n_max 8 6
basis_size 12 12
l_max 4 2 0
ANN 50 0
 -1.1950400e-01
 -2.9049104e-01
 -3.3091027e-02
 -2.9033124e-01
  1.6257949e-01
 -1.7179330e-01
 -2.9868502e-02
  1.1836021e-01
 -2.6380375e-01
 -6.1873466e-01
 -3.6639494e-01
  5.7333205e-03
 -3.0779362e-01
  2.9157583e-02
 -4.5355019e-01
 -8.7443545e-02
  2.0220248e-02
  1.1456031e+00
  1.7432943e-02
  2.3583703e-01
 -2.6545003e-02
  1.0316491e-01
 -1.5166235e-01
  1.2439605e-02
  3.0494601e-01
  5.6829226e-01
 -1.9016731e-01
  2.4077730e-01
 -2.2415885e-01
  6.0643250e-01
 -1.0936174e-01
  8.9994945e-02
  4.4848195e-01
  5.2839473e-02
  3.5962430e-01
  1.4612205e-01
 -8.8606589e-02
 -2.0383601e-01
 -2.1422729e-02
  2.8719357e-01
  4.1859407e-02
  8.0698895e-01
 -3.7134001e-01
 -1.5677568e-01
  4.1900688e-01
  1.1306919e+00
  1.0497522e-01
  1.0035335e-01
 -1.6796695e+00
 -1.4542551e-03
 -4.8892602e-01
 -1.4446662e-01
 -2.1238296e-01
 -2.6591837e-01
  5.2327570e-02
 -1.5242744e-02
  3.0573690e-01
  1.1242528e-01
 -2.4074149e-01
 -5.7163533e-02
  2.7249205e-01
 -1.2416643e-01
  1.8332219e-01
 -3.2898021e-01
 -1.3614066e-01
  1.6635138e-01
  2.0384184e-01
  1.0567333e-01
  1.6683076e-01
 -6.4529538e-01
 -8.9691716e-01
 -8.4789038e-02
 -3.7812993e-01
 -4.0440910e-02
  8.8930838e-02
 -1.5086919e-01
 -4.9767509e-01
 -1.3069609e-01
 -1.2874417e-03
  1.1450815e-01
 -7.1637407e-02
  2.2885555e-01
  2.3924932e-02
 -1.5638331e-01
 -2.1485184e-01
 -6.8715674e-01
 -3.3875942e-02
 -2.5893278e-02
 -5.0463457e-02
  9.5066708e-01
 -1.2228858e+00
  1.1807559e+00
 -4.7742572e-01
 -2.0841503e+00
 -1.9735085e+00
  3.3625811e-01
 -5.5876112e-01
 -6.1315370e-01
  9.9369651e-01
  1.5315944e+00
 -1.9757655e-01
 -2.0970386e-02
  1.3113674e+00
 -1.4221526e+00
 -2.9680035e-01
 -1.3498276e+00
  6.7416757e-02
 -2.6863515e-01
  3.5408175e-01
 -1.0343008e+00
  1.4654076e-01
 -4.9209344e-01
 -3.6596637e-02
  1.9741288e+00
 -1.4620420e-01
  1.1075976e-01
 -1.0848027e+00
  1.0781732e+00
 -4.1316131e-01
  6.3060254e-02
  9.8380840e-01
  4.8796976e-01
 -5.3439075e-01
 -8.6284322e-01
  9.0932721e-01
  9.2373711e-01
  6.0056591e-01
  3.9498486e-02
 -1.4233515e-03
 -6.1602462e-03
 -1.7353438e-01
 -2.1730271e-01
  6.4269674e-01
 -2.0889011e-01
  3.7514392e-01
 -1.6337505e-01
  2.8491580e-01
 -1.3432519e-01
  2.1999724e-01
 -8.6171590e-03
 -1.6755409e+00
 -2.2295287e-01
  1.6925761e-01
 -1.6012418e-01
  4.9396658e-01
 -5.9997529e-01
  5.5694765e-01
 -4.2021400e-01
 -6.2052082e-02
  6.1069900e-01
 -7.0216663e-02
  2.1096848e-01
 -8.6932018e-02
  2.6509041e-01
  3.1994903e-01
 -3.6689809e-01
 -2.2403206e-01
 -1.5153369e-01
 -1.8024184e-03
 -2.3474589e-01
  2.4052143e-02
 -2.5591522e-01
  3.3115244e-01
  4.0181446e-01
 -8.1041627e-02
 -6.3819379e-01
  9.5919140e-02
  7.6251343e-02
  2.8176513e-02
 -4.6974009e-01
 -5.1654363e-01
  2.4913533e-01
  2.1859091e-02
 -1.1544018e+00
 -2.9029107e-01
 -3.2934219e-01
 -2.6016545e-01
  3.4181774e-01
  2.7237698e-01
 -3.5652094e-02
  2.0084110e-01
  2.5118366e-01
 -5.9315115e-03
  3.5041638e-02
  4.5022253e-02
 -2.3724580e-01
  1.3487539e-01
  5.6522214e-01
 -9.2896491e-01
 -2.0320639e-02
  3.1785626e-02
 -1.6575104e-01
  5.2061461e-02
  1.2519278e-01
  1.2130718e+00
  3.3646885e-02
 -1.1878842e-01
 -1.7707771e-02
  2.5557530e-01
 -1.4408459e-01
  2.2254640e-01
 -7.3682052e-01
 -1.9530711e-01
  1.8044096e-01
  2.7608818e-01
  5.8405793e-01
  3.7742314e-01
  1.6374800e-01
 -1.4741072e-01
  2.4012911e-01
  3.5757732e-01
 -6.7174494e-02
  3.6040939e-02
  9.8170489e-02
 -6.1967874e-01
  6.7664236e-03
 -1.0856275e-01
 -3.0361968e-01
  1.9200890e-01
  1.7628276e-01
  1.0212857e-01
 -4.9654683e-01
  1.4291300e-02
  1.5288712e-01
 -4.0225381e-01
 -1.4414175e-01
  6.0476609e-02
 -1.9776030e-01
 -2.8798023e-01
 -2.5936487e-01
  6.3417673e-02
 -1.9111539e-01
  6.7628898e-02
 -5.3180158e-01
  1.5475366e-01
  1.4896946e-02
 -3.7193045e-02
 -2.1135049e-01
  1.0284149e-01
  5.1461987e-02
 -1.7339918e-01
 -4.6576720e-01
  1.0352009e-02
  2.0222233e-01
 -8.6503275e-02
  6.1224356e-02
  1.6183710e-01
 -3.6302507e-02
 -1.3146491e-01
  2.5465956e-01
  4.6764359e-01
  3.8001189e-01
 -5.9454888e-04
  5.4510251e-02
 -2.1933106e-01
 -8.4444165e-02
 -2.7478102e-01
  3.4961450e-01
 -6.0260501e-03
  6.1132684e-03
  2.7264148e-01
  8.5114762e-02
  4.7918552e-01
  1.6160583e-01
 -6.1491773e-02
  4.7688815e-01
  1.8271181e-01
 -5.9020621e-01
  5.8979612e-02
  1.8513717e-02
 -1.2529433e-01
 -4.2290419e-01
  2.4793275e-01
  1.9410118e-01
 -7.9364449e-01
  3.8471738e-01
 -5.1237166e-02
 -1.4024198e-01
  1.7625818e-01
 -2.5062388e-01
 -5.9573960e-02
 -7.4559219e-02
  6.4619690e-02
  2.3801687e-01
  6.3244537e-02
  2.6483238e-01
  1.1851226e-01
  1.5845723e-01
  1.8947384e-01
  5.7413068e-02
 -5.8230795e-02
  9.0118259e-02
 -3.4526296e-02
 -9.0791118e-01
 -2.7737585e-01
  4.8273623e-02
 -5.9639491e-02
 -3.2507978e-02
  5.3072315e-02
 -8.1128496e-01
  5.9842210e-02
 -2.1502595e-02
  1.5149795e-01
  1.9230393e-01
  4.2178158e-02
 -5.6387657e-01
  1.3447760e-01
  1.2962557e-01
  1.3322699e-01
 -8.3646870e-01
 -4.1890081e-02
  6.9239363e-04
 -2.3867860e-01
 -1.8829706e-01
 -6.1814994e-01
 -4.2411569e-01
  1.5019606e-01
  2.0717548e-01
  9.2899866e-02
  1.0463958e-01
  4.3680999e-01
  1.7589806e-02
 -7.9905158e-01
 -1.6365831e-01
  8.9220896e-02
 -5.7434356e-01
  4.2618209e-01
  5.2288327e-02
  6.3794687e-02
  2.1416561e-01
 -4.9839562e-01
 -5.4337955e-01
  3.2652389e-02
 -4.9600434e-01
 -2.1993838e-01
 -2.8176501e-02
  2.3162495e-01
  1.0057081e-01
 -1.7827673e-01
  3.6467203e-01
  2.3795396e-02
  7.9095945e-02
  3.1973734e-01
  6.7860700e-02
  1.0835484e-01
 -3.5670942e-01
  7.8840218e-02
  7.7387142e-01
 -3.7641153e-02
  2.6141986e-02
 -1.6525771e-02
 -4.1320732e-01
 -7.5435914e-02
 -4.2785057e-01
  4.3982711e-02
 -2.6874405e-01
  3.2860823e-02
  5.1401496e-01
 -2.4261338e-01
  2.9615271e-01
 -7.2392859e-03
 -6.9619946e-02
 -1.3237602e-01
  8.0666912e-01
  4.0428832e-02
 -4.0015794e-02
 -2.1738455e-01
 -1.7094493e-02
 -1.5014954e-01
  3.0672139e-02
  5.8195464e-02
  4.1014366e-02
  8.6789921e-02
 -1.1058086e-01
 -1.7078348e-02
  6.3736223e-02
  8.0016650e-02
  5.2661724e-02
 -2.4377501e-01
 -1.3910203e-02
  5.2484530e-01
 -7.4572057e-02
  9.7473994e-02
 -7.6325774e-02
  8.7504648e-02
  3.9118566e-02
 -2.9488093e-01
  9.3870208e-02
 -9.8907903e-02
 -5.7763147e-01
  6.3272052e-02
  4.1633660e-01
  4.2231280e-01
  7.8730330e-02
 -2.1816039e-01
 -2.7617387e-02
  3.6698025e-02
  1.2048963e+00
 -2.2802752e-01
 -8.1478119e-02
 -3.2885095e-01
 -1.1817554e-01
  2.2318420e-01
  3.9415741e-01
  3.0392760e-01
 -1.2428498e-01
  1.0972359e-01
  2.9710314e-01
  2.5563094e-01
  2.7140075e-01
 -1.1562525e-01
 -7.8229114e-02
  5.0745800e-02
 -5.1014757e-01
 -2.7172571e-01
 -6.7350751e-01
 -6.5812238e-02
 -2.6153263e-01
  3.4189306e-02
 -9.3570083e-02
 -8.5554793e-02
  1.8750370e-02
 -2.2426318e-01
  2.3813096e-01
 -2.5389642e-01
 -4.5941465e-02
 -2.3953533e-03
 -2.3442189e-01
  4.9270190e-02
  2.4857510e-02
  7.5167365e-02
 -1.7381467e-01
  2.3766194e-01
  3.8883471e-01
 -3.6380634e-01
 -5.4264158e-02
  1.8804249e-01
 -1.5832737e-01
 -2.7541009e-01
 -9.3541455e-01
 -6.4124882e-02
 -2.6771955e-02
 -3.2039320e-01
  2.7629736e-01
 -8.0787688e-02
  8.1388570e-02
  7.5520553e-02
  2.6203138e-01
  2.8238443e-01
 -4.0036047e-01
 -2.8113902e-01
 -6.9006078e-02
 -1.4364321e-02
 -5.9161103e-01
  4.0931010e-01
 -4.3248337e-02
  6.0451195e-02
  1.0198239e-01
  2.4476261e-01
 -6.9908619e-02
 -4.7110209e-01
 -2.7711281e-01
 -2.1700642e-01
 -4.0088999e-01
 -1.5487795e-01
 -2.1998541e-01
  1.4919637e-02
 -8.9001489e-01
 -3.7891377e-02
  4.3616883e-02
 -2.5924483e-01
 -1.6480412e-02
 -8.5174516e-02
 -1.1562409e-01
  2.1869436e-01
 -1.0561211e-02
 -2.3726160e-02
  2.2906764e-01
  2.8014500e-02
  9.3103170e-02
  2.4262711e-01
 -1.0415493e-01
 -7.8058630e-02
 -2.6530141e-01
  5.4965544e-01
 -5.2515912e-01
  3.4190634e-01
 -9.6413746e-02
  5.7802107e-02
 -1.4937909e-01
 -1.7426242e-01
 -1.0898139e+00
  4.6802574e-01
  1.3483800e-01
  1.9819313e-01
 -1.9701163e-01
 -7.8534621e-01
 -1.3783547e-01
 -1.8767956e-01
  9.2433438e-02
  2.4265852e-02
  1.2295939e-01
 -1.3802095e-01
 -2.6155660e-02
 -3.4378044e-02
  9.0696818e-01
 -3.9406875e-01
  7.9432234e-02
  3.1173319e-02
 -2.3778242e-01
  6.0937513e-02
 -1.8096887e-01
 -3.6148751e-01
  4.1184910e-02
 -7.7245897e-01
  1.2277958e-01
 -3.5633653e-01
  3.9259443e-01
  1.5410243e-01
  2.3410833e-01
 -7.4889138e-02
 -3.8400903e-01
  2.4919790e-01
 -1.3065636e-02
 -1.5043153e-02
 -9.0495616e-02
  3.8126677e-02
 -3.5897404e-02
 -7.1003067e-01
 -6.3618898e-02
 -2.5972840e-01
  1.2817536e-01
  2.7429691e-01
  2.2011803e-01
 -1.8792042e-01
  3.4592763e-02
  1.3436197e-01
 -2.8563076e-01
  2.4642715e-01
  1.3524029e-01
  1.2195675e-01
  5.7742029e-02
  1.2195354e-02
  1.9444388e-01
 -1.9131031e-02
 -1.5443926e-01
 -6.2899917e-02
 -1.7298236e-03
  4.0907517e-01
 -2.1829465e-01
 -3.6958945e-01
  1.0329352e-01
 -3.4168696e-01
 -2.0719807e-01
 -1.9260365e-01
 -6.0225946e-01
 -3.2478750e-01
  2.1343186e-01
  1.4434108e-01
 -7.4975781e-02
  5.5515337e-01
 -3.8161841e-01
  1.0427691e+00
  1.2424983e-01
 -5.5076915e-01
  1.4196138e-01
  2.6831090e-01
 -5.2570325e-01
 -4.4694357e-02
 -2.8350785e-01
  5.2830130e-01
  2.1829672e-02
 -3.6514081e-02
 -1.1587089e-01
 -1.2469484e-01
 -1.3473744e-02
 -3.8926446e-01
  2.3449747e-01
 -1.2808535e+00
  2.0133527e-02
 -5.2072781e-01
  2.4158858e-01
  1.2120123e-01
  2.8249875e-01
 -5.2136528e-01
 -7.8120388e-02
 -1.7011116e-01
 -1.1080136e-02
 -3.0904062e-02
 -4.1513768e-01
  1.6375812e+00
  1.1693385e-01
  1.9684033e-01
 -8.9200926e-01
  2.0127770e-01
 -1.4795400e-01
  1.9250153e-01
  1.4951442e-01
  8.1161708e-01
  6.4928547e-02
  1.2592900e-01
  1.4251614e-01
  4.0217463e-02
 -1.8691242e-02
  3.4923208e-01
 -1.9531776e-01
  7.2183982e-03
 -3.3994803e-01
  5.7224160e-01
  1.0752262e-01
 -1.1041551e-01
  1.6181566e-01
 -2.2445968e-01
 -6.6468328e-02
 -2.6209110e-01
 -2.8155017e-01
  1.3009452e+00
  4.6637096e-02
 -5.8429575e-01
 -1.1671837e-01
 -2.0996685e-01
  3.7239909e-02
 -2.4891168e-01
 -9.1534555e-01
 -9.6608979e-01
  1.5123814e-02
  1.6123989e+00
 -1.1271749e-02
 -6.1634604e-02
  1.3726860e+00
  1.5247477e+00
 -6.2276591e-02
 -4.1157529e-01
  1.6899860e+00
  4.0131721e-01
  5.3002542e-01
  3.5332191e-01
  3.2301188e-01
  2.8049573e-01
  1.2943069e+00
  4.3051547e-01
 -2.3529360e-01
  6.2669182e-01
  1.3200309e+00
 -1.0217614e+00
  3.9618042e-01
  9.4817364e-01
  1.0118860e+00
 -1.3397131e+00
  1.2613213e-01
  1.1296711e+00
 -1.4474435e+00
  1.8331482e-01
 -1.7562890e-02
 -1.2626455e+00
  3.1204104e-01
 -5.2981484e-01
  3.2384226e-01
  3.1959319e-01
 -2.1294479e-01
 -8.4370685e-01
  9.2087674e-01
 -2.4352856e-01
  2.9938428e-02
 -1.3850683e-01
 -3.0822977e-01
  1.2510620e-01
 -1.3123798e-01
  1.2844849e-01
 -3.1061351e-01
  5.0091010e-02
  1.8832076e-01
  3.8875547e-01
  2.4626048e-01
  1.9037619e-01
  3.9592087e-02
  3.1829366e-01
  2.1878421e-01
  8.5578829e-02
 -2.2717856e-01
  1.5509726e-01
 -6.5334141e-01
 -1.5641215e-01
  1.3747236e-01
 -3.3824295e-03
  1.6917753e-01
 -4.4690739e-02
 -1.4604589e-01
 -4.3293393e-01
 -4.1645363e-02
  3.8272974e-01
  5.1669691e-02
 -2.2714356e-01
 -8.6559638e-02
 -3.1315935e-01
  6.1352234e-02
  8.7616265e-02
 -2.9781610e-01
 -7.4506551e-02
  7.3082648e-02
  7.3701151e-02
 -6.6907573e-01
 -1.0994922e-01
  3.6065012e-02
 -6.5264308e-01
  6.0797787e-01
  2.0684507e-01
  2.2005466e-01
 -1.1633752e-01
 -2.2629380e-01
  1.0340627e-02
  1.7327216e-01
  9.5834993e-03
 -2.5133500e-01
  2.4584697e-01
 -1.7500094e-01
 -8.0159098e-02
  3.8242829e-01
  1.6795853e-01
 -2.7767360e-02
  4.8437324e-01
  2.0437351e-01
 -2.3982424e-01
 -3.0780816e-01
  6.9636926e-02
 -5.6213841e-02
  5.6793600e-01
 -4.2257510e-02
 -1.4421251e-03
  1.0412164e-02
  1.4977733e+00
  4.3000162e-02
 -1.0157081e-01
 -5.5646457e-02
 -1.8833160e-01
  2.5462526e-01
 -2.3156142e-01
 -5.9615117e-01
 -5.0382823e-02
 -8.1849210e-02
  1.1290661e-01
 -5.7363581e-02
  4.2617208e-01
 -1.1372596e-01
 -6.9792151e-02
  6.9740796e-03
 -3.0196714e-01
 -1.5099633e-01
 -7.1672797e-02
 -5.0455832e-01
  3.3619183e-01
 -2.0118989e-01
 -1.2166520e-01
 -1.6212144e-01
  7.3719740e-02
  2.4167192e-01
 -3.7789223e-01
  1.4217965e-01
  8.9256736e-03
 -1.9430903e-01
  2.4124101e-02
  5.5160683e-01
  5.0359244e+00
  1.6830163e-01
 -1.9742163e-01
  3.3535796e-01
  5.3150672e-01
  3.8419712e-01
 -2.8794533e-01
 -2.0836137e-02
  3.7352622e-02
  2.0097017e-01
 -2.1896103e-01
 -8.7273359e-02
 -6.6493940e-01
 -2.8154124e-02
 -2.6098132e-01
  1.4063108e-01
  1.0293525e-01
  4.8938997e-02
  8.8609211e-02
  7.8104995e-04
 -4.2105239e-02
 -3.8033023e-02
  6.9181412e-02
  3.4034875e-01
  9.2016295e-02
  3.5746765e-01
 -3.0877423e-01
 -2.3694798e-01
 -1.4444292e-03
 -1.4052054e-01
  2.3417461e-01
  6.6163138e-02
 -1.4389513e-02
  5.6895381e-01
 -3.6078513e-01
  2.4614376e-01
 -1.5891200e-02
 -5.0492745e-02
  1.4727488e-01
 -4.1885474e-01
 -2.5818439e-02
  1.3968727e-01
  2.0614290e-01
  2.5986713e-01
  5.0632834e-01
 -3.9912440e-02
  1.7402805e-01
  3.8066521e-01
  3.7075928e-01
  1.5609933e-01
  2.5739234e-02
  1.0258964e-01
  1.3940164e-01
 -7.9914324e-02
 -6.0922407e-02
  4.8680663e-01
  1.6840793e-01
  2.0011443e-01
  4.4949535e-01
  4.7962032e-02
  4.2772546e-02
  2.8368932e-01
  8.5554183e-02
  8.0803916e-02
 -1.2425169e-02
 -5.2300096e-01
  5.0635196e-02
 -2.1676531e-01
  2.3717058e-01
  4.2216262e-01
  3.3360964e-01
  1.2684232e-01
 -2.3404658e-03
 -5.3872854e-02
  2.7320454e-01
 -1.3492266e+00
 -7.9259712e-01
  1.4336348e-01
  5.4809541e-01
 -1.5414998e-01
  3.8169140e-01
 -7.1507651e-01
 -1.9852908e-01
  4.8449159e-02
  8.1699334e-02
  5.0043978e-02
  1.3864242e-02
  1.4725161e-01
  4.3217289e-01
  4.2093587e-01
  1.4241880e-01
 -1.4872868e-01
 -2.0573211e-01
  3.0227506e-01
  2.5142536e-01
 -6.3818350e-02
 -1.0068206e-01
 -1.1591244e-01
  5.2414909e-02
 -5.7883099e-02
  3.8986045e-01
 -1.2821350e-01
 -1.4422071e-01
  3.9075714e-02
  1.3073147e-02
 -4.2912170e-01
  2.1848013e-01
  5.4662284e-02
  4.2158287e-02
 -1.2566432e-01
 -2.5316298e-02
 -2.3214100e-01
 -2.1197245e-01
  6.3227825e-02
  1.4729097e-01
 -7.0280857e-02
  1.9274162e-01
 -8.8159293e-03
  7.4353170e-01
 -9.0162343e-01
 -5.4010803e-01
 -6.3253284e-01
  2.1196322e-01
 -6.0556945e-03
 -2.8525305e-01
 -3.2293950e-03
  2.0426280e+00
 -2.2071376e-01
  3.6990914e-02
 -6.9906044e-01
 -3.7466690e-01
 -1.5983066e-02
 -6.8665169e-02
  6.7698263e-02
  7.9849347e-02
 -2.5370115e-02
  1.3878313e-01
 -1.7010568e-01
  7.1766591e-01
 -4.4875720e-01
  5.7527330e-02
  1.6037098e-01
  2.7870178e-01
  2.1046076e+00
 -4.5999110e-02
 -3.9718845e-01
 -2.7926087e-01
  2.5194374e-01
  2.7712724e-01
 -2.9492316e-01
 -2.3511122e-01
 -3.0965057e-01
 -1.7523948e-02
 -1.1988200e-01
  4.3738417e-02
 -5.8757752e-01
 -1.3540432e-01
 -4.0674120e-01
 -1.9240069e-01
 -2.2950773e-01
 -1.1484254e-01
  5.0360460e-02
 -7.8530735e-01
 -4.1953701e-01
  7.8244644e-01
  1.0104750e+00
 -4.4725153e-01
 -1.4902973e-01
  1.9486926e+00
 -5.4451123e-02
  6.4609820e-01
 -5.5206586e-02
 -2.7966110e-02
 -2.9876819e-01
 -6.6440803e-01
 -1.4377457e-01
  1.4356450e+00
  2.8354622e-02
  1.0656199e+00
  7.7784479e-01
  1.1117576e+00
 -1.0353878e-01
  1.7063020e+00
 -2.2144516e+00
 -7.1128970e-04
 -5.3719366e-01
  1.2179103e+00
  6.1854057e-02
 -1.0713933e-01
 -9.2054665e-01
  4.0251222e-01
 -3.2961944e-01
  1.9782522e+00
  6.0215747e-01
 -3.0248365e-01
  7.4048007e-01
  3.2214186e-01
  1.4696470e-01
  1.2660253e+00
  1.2595403e-01
 -3.1256780e-01
  7.6386273e-02
 -2.4272990e-01
  7.1471989e-01
 -1.6973306e+00
  1.4499643e-02
 -1.1443879e-01
 -1.0341665e+00
 -1.9403234e-01
  1.5294537e-01
 -2.4260542e-01
  1.0818919e-02
 -1.9780625e-02
 -3.0162516e-01
 -2.9187953e-01
 -3.0039021e-01
  3.1715032e-01
  1.5509108e-01
  2.9412344e-02
 -2.9437516e-02
  5.2906513e-02
 -1.6518977e-01
  1.3912979e-01
 -2.1404505e-01
  9.2650935e-02
 -3.7686032e-01
 -2.5215590e-01
 -2.5230014e-01
 -1.3281569e-01
  3.2846596e-02
 -2.1294333e-02
  1.8518566e-01
 -3.1775974e-02
  1.4092761e-01
 -3.6191469e-01
  1.8530072e-01
 -2.6961505e-02
 -1.2737010e-01
  1.0550521e-01
 -3.7205815e-01
  5.7750810e-02
 -2.4181652e-01
  3.5099310e-01
 -9.1155551e-02
  2.3412392e-02
 -3.0380419e-01
  2.1256174e-01
  5.1549580e-02
 -5.6266010e-02
  3.7295267e-01
  4.2270720e-02
 -7.1098238e-01
  5.9628263e-02
  5.0732321e-01
  9.7472794e-02
  5.7360079e-02
  6.5746859e-02
 -1.4334371e-02
  6.6178843e-02
 -6.6060975e-02
 -1.8037640e-01
 -1.2446359e-02
  7.2185680e-02
  5.9620980e-03
 -1.5738800e-02
  3.9205620e-01
  2.3733370e-01
 -9.3885325e-02
  1.1517598e-01
  3.1574798e-01
  6.6749042e-01
 -4.9085081e-01
  1.4941373e-01
  1.2562260e-01
  2.0295347e-01
  3.5633850e-01
 -6.0455525e-01
 -1.4116947e-01
  4.0752205e-01
  7.3123491e-01
 -2.2190228e-02
 -1.5587439e-01
  1.9099635e-01
  5.5132300e-01
  5.2183419e-01
  7.7456191e-02
 -4.7644457e-01
 -8.5974885e-03
  5.4405294e-02
 -4.3705016e-01
 -1.5748517e-01
  1.8163007e-01
  2.2109957e-01
 -2.7869931e-01
  5.0514114e-01
 -6.7793705e-02
  2.2117139e-01
 -1.0968196e-01
 -2.4015644e-01
  7.5452453e-01
  1.7249955e-01
  1.1163656e+00
 -1.3062501e+00
  3.3447319e-01
  2.4995199e-01
  5.3012338e-02
  2.9370329e-01
  9.8738298e-02
  1.8086217e-02
 -1.2910233e-01
  6.0324721e-02
  4.4192830e-03
 -4.5548311e-01
  2.0439273e-01
 -3.7262026e-02
  1.5666780e-01
 -1.4442916e-01
  1.0298231e-01
  3.7313741e-01
  2.1875711e-02
  8.3302140e-02
 -9.6009083e-02
 -1.2035978e-01
  1.1117399e-01
  3.5649166e-01
 -1.8228184e-01
 -2.1070929e-01
  7.5051874e-02
 -3.7542468e-01
  9.6891016e-02
 -2.6095891e-01
 -3.5247799e-02
 -2.0433694e-01
  1.0899773e-02
 -2.1375377e-02
  5.4795349e-01
 -1.3679157e-01
 -6.8305068e-02
 -6.9717377e-02
 -1.2718807e-01
  1.3698779e-01
  2.0274721e-01
  1.3864718e-02
 -4.5393199e-01
 -6.2570699e-02
  6.3257742e-01
  2.2606292e-01
 -2.6202366e-01
 -9.9844500e-02
  1.2045749e-01
  1.4125770e+00
  5.6688398e-02
 -1.5845495e-01
 -9.5492631e-02
  1.4969081e-01
  1.8442018e-01
 -1.2915936e-01
  4.5760697e-01
 -4.7982118e-01
  1.6583215e-01
 -3.5074461e-01
 -1.7525014e-01
 -1.0943516e-01
 -1.6226016e-01
 -5.6409711e-01
  8.5233308e-02
  6.8436331e-01
  4.3116733e-01
 -2.1862400e-01
  6.9497979e-01
  4.9888486e-01
  7.0588335e-02
  1.4567566e-01
 -3.9760253e-01
 -1.4072087e-01
 -4.8466802e-02
 -1.3318934e-01
  8.4809884e-03
 -5.5583119e-01
  6.7096037e-01
  3.4849826e-02
  1.4670019e-01
 -5.2715454e-02
 -2.7805534e-01
 -1.6719347e-01
  2.2639486e-01
 -3.8698694e-01
  9.6936715e-01
  8.2152045e-01
  6.9348939e-02
  1.0292766e-01
  5.8245558e-02
 -1.0338380e-03
  2.0799004e-01
  3.0069751e-01
 -1.8188253e-01
  3.1189528e-01
 -4.8092699e-01
 -4.7956970e-02
  4.6564305e-01
  7.5442773e-01
  3.3626118e-01
  1.3366318e-01
  1.3003428e-01
  1.8694693e-01
 -5.9331167e-01
  6.8340912e-02
  5.2677500e-01
 -3.3748782e-01
  3.3968508e-01
  8.5523821e-02
 -4.9863767e-02
 -2.9062450e-01
  3.1510398e-01
 -5.7916284e-02
  2.4637139e-01
  2.6720843e-01
  1.6751500e-02
  1.8548742e-03
  2.2427852e-01
  2.1091616e-01
 -1.7668758e-01
 -3.5818297e-02
 -2.4390666e-01
 -7.8731678e-02
  1.8169400e-01
  1.9561354e+00
 -7.8432673e-01
 -2.1404970e-01
 -2.4482113e-01
  2.7181485e-01
  7.5871736e-02
 -3.6941734e-01
  4.2056242e-01
 -9.6547061e-01
 -2.5600450e-02
  2.2581720e-01
  2.1575156e-01
 -7.0134032e-01
  2.2267514e-01
  1.7500287e-02
  1.3237137e-01
 -3.2895300e-01
 -1.4194891e-02
 -1.4209627e-01
  5.9681094e-01
  1.1980850e-01
  5.0950903e-02
 -1.9921243e-01
  8.8232458e-02
 -2.1490541e-01
 -2.4967402e-02
  2.8399056e-01
 -1.0449196e-01
 -3.3133256e-01
  7.8710608e-02
 -1.1762804e-01
 -7.8999364e-01
 -7.2125661e-01
  5.4155299e-03
 -7.7099055e-02
 -9.8154001e-02
  3.2023236e-01
 -1.2313499e-01
  7.6874232e-01
 -1.1749641e-01
  4.3484008e-01
 -1.0015635e-01
  1.0608982e-01
 -1.0397851e-01
  2.4178366e-01
 -3.9935905e-01
 -1.5230928e-01
 -6.3667405e-01
 -7.2700828e-01
  2.9095334e-01
  2.2675376e-01
  1.1521142e-01
  1.9076463e+00
  1.6879462e-01
 -2.2431773e-01
  4.9939549e-01
  2.7299605e-02
 -7.6357126e-03
  8.9280739e-02
  6.3803732e-02
 -1.1328498e-01
 -9.9146289e-01
  1.0849340e-01
  5.3949598e-03
 -7.0249796e-02
 -1.0930852e+00
  4.6084544e-01
  4.4453979e-01
  1.0090847e-01
 -2.3004647e-01
  1.7843859e-01
 -8.5571893e-02
  1.2336382e+00
 -3.8234413e-02
  4.8326692e-01
 -3.7169689e-01
  3.9663404e-01
  1.5855010e-01
  7.0863523e-02
 -9.8678850e-02
  2.5792331e-01
  1.0194049e+00
 -1.0157064e-01
  8.7430105e-02
  4.0112403e-01
 -1.0117777e-01
 -2.6866760e-02
 -6.1767921e-02
 -1.3363661e-01
  8.7649703e-01
 -3.9685875e-01
  6.3705012e-02
  6.2614366e-02
 -1.3798130e-01
  1.0708890e+00
  1.6979523e-01
 -5.0048217e-02
 -4.2610668e-02
  1.4358173e-01
 -7.9274669e-02
  8.8726974e-01
 -9.6707148e-03
 -5.5013224e-02
  2.6369908e-01
  1.0923287e-01
 -1.6098525e-01
 -1.3834342e-02
  1.0388686e-01
  8.0051661e-02
 -2.1532986e-02
  1.3421948e-01
  3.4709659e-01
 -5.3481793e-01
 -3.7010849e-02
  3.2404464e-01
 -2.5592735e-01
  1.1052390e-01
  3.6979699e-01
  9.5595777e-02
 -3.8412082e-01
  5.7531518e-01
 -3.9055806e-01
 -1.1475582e-02
 -3.7669841e-02
 -1.1739109e-01
  1.1058225e-01
 -2.6296869e-01
 -5.0267845e-01
 -5.7199959e-02
 -8.9457166e-01
 -7.4437253e-02
  1.1907575e-01
  1.1255608e+00
 -4.8343676e-01
 -5.0804399e-02
 -2.5360228e-02
 -1.9277096e-01
 -1.3413427e+00
 -2.1836497e-01
  3.9323288e-01
 -2.8348407e-01
  6.2225527e-01
 -5.3093827e-01
  4.1418868e-01
 -4.1230205e-01
  1.1252172e-01
 -3.8799554e-01
 -1.2831059e+00
  9.6495426e-01
 -7.8077108e-01
 -6.5672719e-01
 -2.2979698e-01
 -2.4236706e-01
 -1.2150042e-01
 -4.8440069e-01
 -1.7580972e+00
 -2.1214869e+00
  4.2037472e-01
 -2.9802945e-01
 -5.7916605e-01
 -2.8126514e-01
  6.1653495e-01
  1.1502477e+00
 -8.5256445e-01
  3.8431114e-01
 -2.8624901e-01
 -1.8434428e-01
 -3.0004472e-01
 -1.9897103e-02
 -3.2524694e-02
 -2.7076370e-01
  1.4552851e-01
 -1.5594223e-01
 -5.4537255e-01
 -1.0172422e+00
  1.3805443e-02
 -3.3410780e-02
  2.0919445e-01
 -2.8423369e-01
 -3.0600930e-02
  7.1770453e-01
 -8.3495903e-01
 -5.3821206e-01
 -5.5665821e-01
  3.2722026e-01
  6.8570025e-02
 -5.9886992e-01
  1.8069004e-01
  1.8392077e-01
 -8.3387062e-02
 -3.9018360e-01
  1.6545713e-01
  4.6846038e-01
 -6.8345129e-01
 -5.5573368e-01
  2.2513816e-01
 -6.8308987e-02
  4.9373195e-02
  3.3201933e-02
  3.0512971e-01
 -2.1404010e-01
  5.2861415e-02
  8.0646896e-01
 -1.3949813e-01
 -2.7873304e-01
 -1.7628831e-01
 -4.1998041e-01
 -8.2993186e-01
 -1.6154613e-01
 -8.5944518e-02
 -8.3197010e-01
  5.2810717e-02
  2.5670531e-01
  4.9660988e-03
  2.3204912e-03
  1.0326290e+00
  4.9505535e-01
 -5.4216015e-01
  4.2928216e-01
 -3.8241550e-01
 -1.7415966e-01
 -1.0556706e+00
 -1.2509219e-01
 -2.3526016e-01
  4.3573372e-02
 -6.7136958e-03
  1.8125924e-01
 -2.9510951e-01
 -5.5794507e-02
 -6.5090887e-02
  4.9117032e-01
 -3.8969636e-02
 -1.4031386e-01
 -4.6465734e-01
 -6.5027840e-02
  1.3882320e-01
  2.2807482e-01
 -2.9431293e-02
 -6.9487059e-01
  1.0501443e-01
 -4.2465702e-02
  2.3216084e-01
  2.6786286e-02
  1.6383812e-01
  1.2000774e-01
 -2.1119386e-01
 -2.6675680e-01
  2.4189848e-01
  2.2982115e-01
 -1.4753819e-01
 -4.6829259e-01
  2.6206903e-02
 -1.4326653e-01
  2.7368501e-02
 -8.4008858e-02
  6.1326809e-03
 -1.8044178e-01
  1.5355121e-01
  4.1050740e-02
  4.7235805e-01
 -3.5710442e-01
  6.2180616e-02
  1.8780762e-01
  1.2017239e-02
  3.4325334e-01
  8.0440271e-01
 -1.9683298e-01
  1.2678906e-01
  9.9838443e-02
 -2.3168319e-01
  1.6710801e-02
  1.7244321e-01
  9.7893320e-02
  1.3583387e-01
 -1.5522432e-01
  2.4785915e-01
 -1.1616705e-01
 -2.4705490e-01
  1.9245563e-01
 -3.8182831e-01
  6.4029671e-02
 -7.1054466e-02
  1.6232389e-01
  2.1689488e-01
  2.0100623e-01
  6.2237155e-01
 -2.4978371e-01
 -1.8961029e-01
 -4.0206082e-02
 -1.7754525e-01
 -6.7780405e-02
  3.7036568e-01
  3.3349535e-01
  1.0577261e-01
  2.6938135e-02
 -1.0388872e-01
 -1.6148382e-01
  1.2889957e-02
 -3.8947970e-02
 -1.4593747e-01
  3.4035161e-02
 -1.6745286e-01
 -4.2508507e-01
 -3.2601174e-02
 -5.6766148e-04
 -1.1006409e-01
  1.4284642e-01
  4.2043307e-01
 -8.1160516e-01
  5.4207408e-01
  1.6587658e-01
 -2.6283905e-01
 -1.1397675e+00
 -1.0726218e-01
  1.2585444e+00
 -1.3553540e-01
  2.0356217e-01
 -9.0880412e-01
 -3.1890786e-01
 -2.7343702e-01
 -1.8377869e-01
  4.6506681e-02
  8.6371593e-02
 -1.8823892e-01
  9.6424937e-02
  8.7705135e-01
 -4.9347278e-01
 -2.4602133e-01
  3.2542083e-01
  1.5608034e-01
 -2.4287106e-01
 -2.2326581e-01
  5.3137815e-01
 -3.0926871e-01
  6.0665056e-02
 -1.6699889e+00
  1.7971538e+00
 -7.8487563e-01
 -1.8926106e-01
  3.2764396e-01
 -9.4850801e-02
  2.3018810e-01
 -3.3482435e-01
  5.2126801e-01
 -2.6102343e-01
  5.6395680e-01
 -6.2252238e-02
 -2.9449001e-02
 -2.0489231e-01
  2.0021057e-01
  1.8383582e-01
  4.3753684e-02
  3.6960310e-01
  3.5730883e-01
 -3.6455441e-01
  7.6693255e-01
 -3.5615569e-01
 -2.3316143e-01
 -7.6186430e-01
  1.7602864e-01
 -2.4548630e-01
  8.7973893e-02
  5.3735211e-02
 -9.6858479e-02
 -9.1086939e-02
 -9.3808538e-01
  6.0741376e-02
  5.0260866e-01
  4.3218961e-01
 -1.1789230e-01
 -1.9961452e-01
 -3.2392770e-02
 -1.1504862e+00
  9.2124885e-01
 -4.7716290e-01
  5.0125486e-01
 -2.9323992e-01
  1.0133752e-01
 -6.1967384e-02
 -1.4705818e+00
 -6.7229784e-01
 -7.3742859e-02
  3.6206102e-01
 -3.5550582e-01
 -3.4596884e-01
 -5.4611748e-01
 -3.2989159e-03
  2.6372156e-01
 -3.5176080e-02
 -3.2585913e-01
  2.5472927e-01
 -2.5435406e-01
  1.2074250e-01
  3.2207370e-01
 -1.1037062e-02
  5.4438394e-01
  8.8000908e-02
  4.3843868e-01
  1.2591928e-01
 -2.5191864e-01
 -1.0199346e-01
  1.3393366e-01
  7.7224229e-03
  6.9269828e-02
  9.4740249e-02
 -1.8107724e-01
 -1.6529478e-01
  7.1828091e-01
  6.7988843e-02
  1.4342120e-01
 -6.2242842e-01
  1.4497766e-01
 -5.7130694e-02
  2.9518715e-01
  1.2087714e-01
  4.1139054e-01
 -4.8839906e-01
 -6.3850090e-02
  5.4342967e-01
  3.4574732e-02
 -6.0861045e-01
 -9.9311598e-02
  9.6147633e-01
 -1.6285712e-01
 -3.6737088e-02
  1.7236777e-02
  6.1836550e-03
  3.4661364e-02
  4.1815820e-01
  1.3952535e-01
  4.2443067e-02
  8.3117671e-03
  5.7850309e-02
 -9.0169221e-02
 -1.2874228e-01
 -1.8492633e-01
  1.8549005e-02
  2.2074692e-01
  5.0585604e-01
 -1.3070591e-01
  6.7223541e-02
 -9.2490446e-03
  1.0815394e-01
 -8.6999625e-02
 -2.0105383e-01
 -1.1983955e-01
 -2.0833305e-01
 -3.0092299e-01
 -8.3016008e-01
  7.7253990e-02
  1.8455833e-04
 -3.5235882e-03
  3.1484082e-02
  1.0961659e-01
 -5.7002306e-01
  2.4294776e-01
 -1.0799836e-01
  1.9346115e-01
  1.0552248e-01
  1.5491287e-01
 -1.9297220e-01
  5.2508641e-02
  9.6578740e-02
  4.7783580e-01
 -4.5100489e-01
  8.2402177e-02
 -2.8084463e-02
 -7.2539598e-02
  6.7065197e-01
 -4.2870921e-01
  2.1475074e-01
  2.6551530e-01
 -1.8729400e-02
 -1.1818504e-01
  9.4238192e-01
 -1.8031994e-01
  2.6453692e-01
  2.2257546e-01
 -4.5842338e-01
  3.7831849e-01
 -5.3369507e-02
  3.4502923e-01
  1.0529026e-01
 -1.9079664e-01
 -3.1913925e-02
 -1.0497893e+00
 -3.1648678e-01
  1.6159233e-02
  2.5421593e-01
 -6.0481358e-01
 -5.0774023e-02
  3.7599030e-01
 -1.6903545e-01
  1.8560526e-01
  4.9841259e-02
 -1.2487957e-02
 -2.2478664e-01
  8.7229741e-01
 -1.3039806e-01
 -2.7720705e-01
  7.3903394e-03
 -7.2360963e-02
 -3.1472123e-01
 -5.7154279e-02
  1.7848253e-01
  3.6635906e-02
 -4.9030548e-01
  1.3878870e-01
 -1.6008416e-01
 -3.9138561e-01
 -1.2605377e-03
  3.6286376e-04
 -1.3990645e-02
 -8.5628442e-02
 -2.2971031e-01
 -1.7917119e-01
  5.7999149e-02
 -6.8089992e-02
  7.0449895e-01
 -2.8922790e-01
  2.7289617e-01
 -3.8027364e-01
 -7.1887565e-01
 -3.5513669e-01
 -1.2492083e-01
 -9.2743427e-02
  3.3936155e-01
  2.4552590e-01
 -4.8941385e-02
 -3.0322760e-01
  5.3121406e-01
 -2.5699362e-01
 -5.9382653e-01
  6.4096496e-02
  2.6094902e-01
 -8.0191964e-01
 -7.0106685e-02
  1.9745567e-01
  2.5666744e-01
 -3.3772212e-01
 -3.8986392e-02
 -3.5511896e-02
 -2.5600186e-01
 -2.2949801e-01
 -1.5751344e-01
 -2.3561782e-01
  1.8555707e-01
 -7.2269768e-01
  2.7953139e-01
 -6.8149552e-02
 -4.4516444e-02
  4.0559124e-02
  6.4618719e-01
  3.1422440e-02
 -9.7774379e-02
 -5.1949376e-01
 -1.3285796e-01
 -1.0885643e-01
 -3.9093778e-01
  3.4321573e-01
 -1.0772760e-01
  1.1869546e-02
  2.6762703e-02
  6.1654371e-01
  2.8119713e-01
 -1.7143769e-02
 -4.0762010e-01
 -1.4545010e-02
 -4.8473701e-02
  5.7493079e-01
 -2.0703521e-01
  1.4478728e-01
 -1.5760985e-01
 -2.9326782e-01
  2.7897283e-01
  3.6421344e-02
  3.4679517e-01
  1.8345642e-01
 -4.6789199e-02
 -2.8638563e-01
 -1.0566748e-01
 -1.8404782e-01
 -2.9685059e-01
 -1.2445681e-01
 -4.5945030e-01
 -4.9794355e-01
 -2.5041169e-01
 -8.0183491e-02
  4.9921192e-02
  9.2038894e-01
  3.1516308e-01
 -1.4021640e-01
 -5.5524271e-02
 -1.1382464e-01
 -1.2285388e-01
  1.6679874e-01
 -7.4772441e-01
  6.8799995e-02
 -3.8105690e-01
  1.6236857e-02
  1.0911263e-01
 -3.9197668e-01
  2.1268886e-01
  1.3698219e-01
  6.1539155e-01
  1.7904608e-01
 -3.8601153e-02
  4.1596100e-02
 -4.9090111e-01
 -6.6275567e-02
  1.0589646e-01
  1.3729444e-01
  1.8797523e-01
 -2.0600316e-01
  5.0909445e-02
  2.4163231e-01
 -4.1332930e-01
 -7.2836930e-01
 -2.5844193e-01
  3.7836409e-01
  6.4647990e-01
  5.0513539e-02
 -2.2509979e-01
  3.8767140e-02
 -1.7471622e-01
 -4.6941224e-01
  7.1884751e-02
  2.0848814e-01
 -3.2903555e-01
 -2.1271410e+00
  3.3746436e-01
 -3.3951417e-01
  8.2669351e-03
  2.2947909e-01
  5.9101683e-01
  3.1925580e-01
 -3.6776397e-02
 -1.5961608e-01
 -1.7432413e-01
 -4.9404770e-02
 -6.1240662e-02
  1.3340953e-01
 -2.7472326e-01
  4.5070454e-02
  2.1429889e-01
 -3.5349157e-02
  4.9286860e-01
  2.9453730e-02
  1.7637143e-01
  1.5468517e-01
  1.1266927e-01
  3.5336509e-01
 -5.9548092e-01
  1.0957053e-01
  9.4791934e-02
  1.3380660e-02
 -3.4883896e-01
 -5.0013922e-02
  3.5439990e-02
 -1.4644718e-01
 -2.5959410e-02
  9.6372020e-01
 -4.0069258e-01
 -1.5669325e-01
 -2.6946709e-01
 -1.4881493e-01
 -6.1083399e-03
  2.8554367e-02
  1.7583290e-01
 -2.0648025e-01
  2.1249473e-02
  1.3317744e-01
  2.1778853e-01
  4.3476242e-01
 -2.8727119e+00
 -7.8940466e-03
  4.6488196e-02
 -1.8248367e-01
  4.5007639e-02
  4.7133225e-01
  7.9603022e-01
 -4.2005023e-01
  1.5592594e-01
  8.3640873e-02
  3.3090845e-01
 -6.3899857e-01
 -1.3227095e-01
 -2.0012718e-01
  1.0677312e-02
 -3.3361161e-01
  5.3746890e-02
  2.6967838e-01
  1.7107819e-01
 -2.0822978e-01
 -1.9497794e-01
  3.3356944e-01
 -6.3867547e-02
 -4.7149897e-01
 -6.6985376e-02
  2.1814972e-02
 -5.5245805e-01
  6.2486134e-02
 -5.0522095e-01
 -8.2660459e-02
 -5.7082228e-02
  1.0573968e+00
 -2.1124803e-01
 -1.4374043e-01
 -5.2707758e-02
  2.6438728e-01
  2.8126410e-01
 -6.7897284e-01
  1.3889745e-01
 -4.3201212e-02
  1.1944482e-01
 -3.8045493e-01
 -1.1390835e-01
  4.0337530e-01
  1.2912329e-01
 -3.7150372e-02
  9.4403230e-02
  3.7519261e-04
 -6.8111938e-01
  2.6377549e-02
 -1.2962765e-01
 -2.9545873e-01
 -8.1264079e-03
 -2.7077565e-01
  2.3919080e-01
  3.8699529e-01
 -2.1569936e-01
  5.1047540e-01
 -1.3514401e-02
  1.5888733e-01
  5.1040792e-01
  7.7114418e-02
  6.2524301e-01
 -2.8053554e-02
  6.8490905e-01
  6.2761116e-01
 -7.7912755e-02
 -1.9723648e-01
  3.4763968e-01
  1.1061830e-01
 -3.0841067e-01
  4.2208481e-01
 -6.7144655e-02
  1.8348454e-01
  1.7509004e-01
  4.2266217e-01
  3.8883173e-01
 -2.9095732e-02
 -1.5647317e-01
 -1.5932563e-01
  7.4711430e-01
  1.8093731e-01
 -5.9415621e-01
 -2.8204453e-01
 -8.5412763e-02
 -1.4608017e-01
 -5.4946333e-02
  2.0598798e-01
 -1.4492141e-02
  3.3850882e-02
 -4.2096928e-02
  6.4673609e-01
  2.7055812e-01
 -2.5638217e-01
 -6.6286527e-02
  1.6001034e-01
  1.5374793e-01
 -5.6978673e-01
  4.0325004e-01
 -6.1699027e-01
 -4.4176899e-02
  1.7661101e-01
 -2.2483169e-01
  1.7064412e-01
 -1.0027587e-01
 -4.3636486e-02
  1.1831495e+00
  6.0438029e-03
 -2.6833985e-02
  1.6283035e-01
 -1.1941880e-01
 -5.1670903e-03
 -2.0467706e-01
  6.9787361e-02
  1.1344686e-01
  2.6471674e-01
 -1.2154499e-01
 -4.3960169e-01
  6.0020232e-01
  4.8528802e-01
  2.2144379e-01
  5.6167501e-01
 -7.9229212e-01
  4.6098334e-01
  5.2811092e-01
  8.9720845e-02
 -7.7022040e-01
  1.7724952e-01
 -1.7466906e-01
  5.0763798e-01
  5.7239942e-02
 -1.9818257e-01
 -3.9406252e-01
 -2.7291934e+00
 -8.5091805e-01
 -1.2869960e+00
 -1.9727509e-01
 -4.3509758e-01
 -9.5411435e-02
 -5.2770776e-01
 -5.7586563e-01
 -3.3450800e-01
 -1.9551421e+00
  2.7006459e+00
 -6.5745896e-01
 -4.2185822e-01
 -1.0045636e+00
 -1.6546741e+00
 -5.2812323e-02
 -1.4185696e+00
  1.4594571e-01
  6.5463953e-02
  1.6417697e-02
 -6.6451353e-01
 -5.8129722e-01
  1.1849734e+00
  6.0247552e-02
  8.6942099e-02
 -6.2611961e-01
 -1.6777599e-01
 -1.3806041e-01
 -1.4194214e-01
 -1.2348143e-01
  3.9815640e-01
 -2.4017325e-01
 -6.5911375e-04
 -8.0415979e-02
 -4.0051717e-02
 -1.0944118e+00
 -5.3824031e-01
  1.0090135e-01
  1.5676923e-01
 -4.8549231e-03
  2.6035750e-01
 -1.1132228e+00
 -1.0457566e-01
  6.2473033e-02
 -3.4487745e-01
  1.3816507e-01
  4.4300774e-01
  2.6540187e-01
  4.2001581e-01
  1.8442124e-01
 -3.5506749e-01
  4.2784539e-01
  6.9022530e-01
  6.8639034e-01
 -1.1111828e-01
  2.9624668e-01
  8.0073543e-02
  1.9447495e-01
 -8.5683875e-03
  8.0396630e-02
  9.7044662e-02
 -1.0382524e+00
  3.6117316e-03
  5.5927830e-03
 -6.8123870e-02
 -2.5121924e-01
  1.9458395e-01
 -6.1232150e-02
 -1.2971808e-01
  4.6526354e-02
  5.5196267e-01
 -6.8010134e-01
  2.9548686e-02
  4.0579551e-01
  4.1339824e-01
 -2.3755014e-01
  5.9308581e-02
  3.5415059e-01
  2.2205518e-01
 -4.6364263e-02
 -3.1573843e-02
 -3.7934631e-02
 -2.2213785e-01
 -1.9717166e-01
 -1.1363038e-01
 -3.9368242e-01
 -1.6742114e-02
  6.3626461e-02
  9.8336659e-02
  2.3327965e-01
  7.3612705e-02
 -7.9635829e-02
 -9.1827124e-02
 -5.9836417e-02
 -1.0614707e-01
  3.4889594e-01
  3.0382895e-01
 -3.5544366e-01
 -1.0129698e-01
 -1.7648703e-01
  5.2476987e-02
 -1.0712187e-01
 -5.7451874e-01
 -5.4611579e-02
  7.4771263e-02
  5.8942601e-02
  1.1246895e-02
 -2.9933503e-01
  1.0186547e-01
  1.7680092e-01
 -1.6684072e-01
 -2.6488414e-01
 -5.5336114e-03
  2.2688490e-01
 -3.6176950e-02
  2.3956542e-01
 -5.7641950e-02
 -4.0977731e-01
 -3.0604401e-01
  1.4421961e-01
 -4.1871336e-03
  1.6959967e-02
 -7.5480476e-02
 -4.0611717e-01
  1.0627811e-01
 -6.3208139e-01
  1.3547064e-01
 -2.6014630e-02
  1.8204309e-01
  4.9791213e-02
 -8.7003380e-01
 -1.7759165e-01
 -5.3464766e-03
  1.3788712e-01
 -1.5756676e-01
 -1.1568315e-01
  3.4286439e-01
  1.8737899e-02
 -3.1921622e-01
 -1.4400253e-02
 -1.3997984e-01
 -3.3397198e-01
 -1.7621122e-01
  1.3017067e-01
  4.3545419e-01
  2.1729812e-01
  3.5434270e-01
  4.4621351e-01
  4.3561745e-01
 -4.1745421e-01
 -6.4379275e-02
 -1.5488777e-02
  2.7059153e-01
  8.4128678e-02
  1.5961412e-01
  7.5286418e-02
 -9.7778343e-02
  8.1037536e-02
 -1.1017776e-01
 -7.7182263e-02
 -1.3348259e-01
  3.1564376e-01
 -7.4790680e-01
  9.5304930e-01
 -3.6354288e-01
 -3.0594239e-01
 -7.7549852e-02
  3.4834769e-02
 -2.1626398e-01
  1.3788374e-01
 -1.7151833e-01
 -1.8007226e-01
  3.7764096e-01
 -1.1914140e+00
 -1.2777893e-01
  4.5703966e-02
  2.9596802e-02
 -5.1436357e-02
 -1.6611847e-01
 -3.2840440e-01
  1.8771356e-01
  2.0973891e-02
 -6.1717227e-02
  1.0089975e-01
 -1.7720094e-01
 -2.0954730e-01
 -8.6548187e-02
  3.1698143e-01
  9.9410735e-02
  7.7431254e-02
  2.0949528e-01
 -7.9663508e-02
  2.1069451e-01
 -4.4608176e-01
  9.0419777e-02
  2.0389482e-02
 -3.0932032e-02
 -6.7778337e-01
  2.6103368e-01
 -2.8356040e-01
 -4.3864992e-01
  2.7005664e-01
  1.1215319e-01
 -2.1446691e+00
 -5.7469569e-02
 -1.0140170e-01
  9.9906087e-01
 -9.4982451e-01
 -1.5276776e-01
  6.7069781e-01
 -4.2365471e-01
 -3.1594223e-01
 -4.1390648e-03
 -2.3375735e-01
 -1.7734924e-01
 -2.2023540e-02
 -6.4517319e-01
 -1.9182780e-01
 -1.6938217e-01
  7.7698207e-01
  4.3843511e-01
  6.5585084e-02
 -3.0252641e-02
  8.1329918e-01
  2.0475423e-01
 -1.1200697e-01
  1.4528982e-01
  1.2592697e-01
 -4.0249565e-01
 -8.6897564e-01
 -4.0156636e-01
  2.1979512e-01
 -5.9533328e-01
  8.8148810e-02
  8.5399431e-01
 -4.5799693e-01
 -2.4675015e-01
  1.7189881e-01
 -2.0533679e-01
 -3.6247060e+00
  5.1618153e-01
  2.8024219e-02
 -1.0734220e+00
  8.9804068e-02
  5.4208118e-01
 -1.4616796e+00
 -1.4205575e-01
 -1.3499250e-01
 -6.6649926e-01
  8.5431683e-01
 -2.6023517e+00
  5.2109039e-01
  5.0430787e-01
 -2.8766695e-01
  1.4637308e-01
  5.4306011e-03
 -1.6810077e-01
  6.7673296e-01
 -3.3461204e-01
  6.6042691e-02
 -1.4824720e-01
 -3.5323672e-02
 -4.4306615e-01
 -8.8938950e-03
 -1.5879388e-01
  3.3673008e-03
 -5.1873487e-01
 -1.2443141e-03
 -9.0120226e-02
  4.9570724e-01
  4.3037865e-01
 -2.8010925e-02
  5.0175305e-02
  3.7184578e-01
  9.4511576e-02
 -8.7739013e-02
  2.8713030e-01
  1.4302939e-01
 -3.0384263e-01
 -2.3889862e-01
 -5.3181304e-03
  9.1029048e-02
  6.7264301e-01
 -1.8736021e-01
  6.3640404e-01
 -3.1922445e-01
 -5.9695806e-02
 -3.7413141e-01
 -1.7650583e-01
  1.4049888e+00
 -9.5326138e-01
  6.8747208e-02
 -2.5420499e-01
  7.2703153e-02
  1.2124541e-01
  1.0191952e+00
  9.8428518e-01
  2.2903486e-01
 -6.5099990e-01
  1.6254363e+00
 -2.7487144e-01
  9.2132501e-02
 -3.5156325e-02
  3.2078269e-01
  6.9052223e-03
 -1.3342138e-01
 -2.9579958e-01
  2.7406830e-01
  3.7314821e-02
  5.8400258e-02
 -5.6666398e-01
  4.4209938e-02
 -2.2754192e-01
  5.0256371e-01
  3.7225080e-01
  1.4475541e-01
  2.3034193e-01
 -1.7845392e-02
 -5.8743244e-01
  2.7008590e-01
  3.9811164e-01
  6.9741964e-01
  3.8666838e-01
  4.6239841e-01
 -1.3207537e-01
  1.0578039e-01
 -2.6558870e-01
 -2.0429321e-01
  2.4191308e-01
 -4.8381037e-01
 -3.4116840e-01
 -6.1261845e-01
 -1.2363221e-01
 -2.6070839e-01
 -1.1989107e+00
 -1.8683228e-01
 -2.3806521e-01
 -1.0100921e+00
  5.7576185e-01
 -1.0959415e-02
 -7.4429318e-02
 -7.4618435e-01
 -2.9608732e-01
 -7.1891993e-02
 -1.2390079e-01
 -3.0096665e-01
 -8.3566368e-02
 -2.3482847e-01
  2.5092992e-01
  2.5691904e-02
 -3.5282561e-01
 -1.3817582e-01
  1.1264458e-01
 -1.6584650e-02
  9.7634017e-02
  1.3081717e-01
 -1.3899219e-01
 -3.5412338e-02
  2.7828872e-01
  4.1385925e-01
 -7.5337410e-01
  1.3762344e-01
 -5.3618497e-01
  1.2206469e-01
  1.4696217e-01
 -1.2601033e-01
  5.6403911e-01
 -1.7158030e-01
 -4.3882374e-02
  9.7822815e-02
 -1.6838771e-01
 -3.8449189e-01
 -8.4497273e-02
  2.1099818e-01
 -2.2877471e-01
  3.7743026e-01
  3.0781817e-01
  8.3020315e-02
  5.4220684e-02
 -8.1821352e-02
  5.0001198e-01
  2.1118872e-01
 -4.6487921e-01
 -1.8155241e-01
  1.7103729e-01
  1.8030752e-01
  2.8607935e-01
  3.9046705e-02
  1.7689618e-01
 -2.2099714e-01
 -6.6178657e-02
 -1.8937275e+00
  2.7353135e-01
  1.0241666e-01
 -7.9785115e-01
 -1.0800664e+00
  3.5289478e-01
 -2.6259556e-01
  5.5433458e-01
 -7.9799509e-01
  1.1492733e+00
  6.8412942e-01
 -1.7597344e-02
  2.0231995e-01
  1.0932206e+00
  1.6039090e-01
 -1.4020149e-01
 -9.1117531e-02
 -8.5977137e-01
  1.9649513e-02
 -9.3151569e-01
 -2.4109606e-01
  1.9380718e-01
 -5.8163571e-01
  1.8492588e-01
  3.9046171e-01
  7.5712973e-01
 -6.1221975e-03
  2.4035469e-01
  1.1086992e-02
 -4.5851806e-01
 -2.4070027e-01
 -2.0272009e+00
  5.9733725e-01
 -1.8851975e-01
 -6.4063811e-01
  3.8625532e-01
 -6.5534896e-01
  5.1994100e-02
 -1.1330014e+00
  2.6437243e-02
  1.6724388e-01
  8.1446689e-01
  2.5829218e-02
 -3.5619993e-02
 -1.6235892e-01
  7.8779645e-02
  3.5326695e-01
 -1.0441028e+00
 -1.6451229e-01
 -9.3051505e-01
  3.6932856e-02
 -3.3106321e-01
 -1.9773817e-01
  1.4886413e+00
 -5.9109437e-01
 -4.0717602e-01
 -9.0513498e-02
 -5.7433385e-01
  7.4972278e-03
  1.4680409e+00
  3.7450293e-01
  2.4580733e-01
 -1.3314323e+00
 -5.2794501e-02
 -1.1191285e-01
  1.3010987e+00
  1.3658582e+00
  3.9523241e-01
  1.4820466e-02
 -2.8369355e-01
 -3.4177989e-01
 -1.9793697e-02
  7.3736876e-01
  8.2774855e-02
  5.6338710e-01
  2.6136419e-01
 -2.4138105e-01
 -6.7157492e-02
 -1.0943445e-01
 -2.9448587e-01
  1.6208088e-02
  7.7271670e-02
  1.2760609e-01
  4.5704618e-01
 -4.2191440e-01
 -6.7468315e-01
  1.7085046e-01
  5.5170602e-01
 -1.9574575e-02
 -3.8339353e-01
 -2.1121170e-01
  5.6153548e-01
  2.2994667e-01
 -4.5557526e-01
  2.3595805e-01
  8.5252708e-01
 -1.2794262e+00
 -2.2291472e+00
  1.0891091e+00
  2.1834926e-01
 -5.7330996e-02
  1.1943483e-01
 -1.8939503e+00
  2.8497878e-01
 -1.2082158e+00
  1.0042827e+00
 -8.3305079e-01
  8.8303423e-01
 -2.9242584e-01
 -2.0467088e-02
 -9.2907161e-01
 -2.2421358e-03
 -1.0649048e-01
 -9.3157047e-01
  8.3553553e-02
  4.0850639e-01
  3.0088115e-01
 -8.6581990e-02
 -5.6344187e-01
  6.9662906e-02
 -1.1270688e+00
  4.9679168e-02
  1.7499942e-01
 -6.3303746e-02
 -1.1810832e-01
  5.9459612e-02
  2.9957014e-01
 -1.5549177e-01
 -3.7269759e-01
 -3.0561560e-01
  6.0013309e-02
 -6.7333859e-01
 -1.2155347e-01
 -2.3694405e-01
  7.1685302e-01
 -9.6982844e-02
  5.0253940e-01
 -6.3132159e-02
 -2.8322345e-01
 -2.0002300e-01
 -3.8009283e-01
 -6.7848913e-02
 -2.3273025e-01
 -2.4041612e-01
 -4.7885094e-02
 -3.7151316e-01
  3.8360815e-02
  5.8743887e-02
  1.4235294e-01
 -9.3613148e-02
  2.8001739e-02
  3.5515183e-01
  2.7338350e-01
 -3.8403869e-02
 -3.1880188e-01
 -3.4702536e-02
  2.3148526e-01
 -3.8176543e-01
 -5.6315310e-02
 -3.9931335e-02
 -1.0349040e-01
 -1.0438314e-01
 -4.4763550e-02
  7.7653237e-02
 -4.0164357e-01
 -1.9011542e-01
  5.9327122e-02
  4.4594362e-01
 -4.4371799e-02
  2.1755397e-02
 -4.3598837e-01
 -4.8895028e-01
  6.7370310e-02
 -3.3952230e-01
 -1.0588408e-02
 -4.7001652e-02
 -6.5962091e-02
  1.7520374e-01
  1.1244451e-01
 -3.7901893e-01
  3.1573150e-01
  6.1936371e-02
  2.1928492e-01
  2.2174408e-01
  4.8186913e-02
  3.2723632e-01
  2.3843807e-01
 -6.4806992e-01
  4.3295258e-01
  2.4015486e-01
  4.4795197e-01
 -2.2180615e-01
  1.2083738e-01
  5.2478844e-01
 -1.3078156e-01
  7.7370599e-02
  1.2829311e-01
 -2.9019293e-01
 -4.1127078e-02
 -1.2732814e-01
  7.5035453e-01
 -1.4110352e-01
 -2.2306263e-02
 -3.7806761e-02
 -3.7958884e-01
  5.7858288e-02
 -3.1298536e-01
  4.7718012e-01
  7.1763724e-02
 -1.1552072e-01
  2.8675392e-01
  1.3847396e-01
 -1.6898024e-01
 -1.7364840e-01
 -2.3611370e-01
 -6.6454671e-02
 -2.2900719e-02
  1.0513471e-01
 -2.3096639e-01
  6.1113350e-02
  2.7540252e-03
 -1.3997312e-01
  5.6599561e-02
 -4.2411724e-01
  3.0396149e-01
  3.0591009e-02
  3.6756372e-01
 -2.6333433e-01
 -1.7024459e-01
 -2.7729952e-01
  1.7228019e-01
 -1.3835827e-01
 -1.6674902e-01
 -1.4710657e-02
 -3.0391392e-01
  4.0836203e-01
  1.3438025e-01
 -3.0176964e-02
  5.4155625e-03
  1.7207876e-01
  4.7439471e-02
  7.3854581e-02
 -3.7679440e-01
  2.8780502e-01
  4.1483796e-01
 -2.6410288e-01
 -3.8673177e-02
  1.0416246e-01
  4.9637848e-01
 -1.1085810e-01
 -1.8580064e-02
  9.6481986e-02
 -3.5227695e-01
 -1.6433397e-01
 -2.6241606e-01
 -1.0925899e-01
 -1.0965530e-01
  9.9377640e-02
  2.5018595e-02
 -3.2828626e-01
  5.3943202e-02
 -4.2542571e-01
  3.1681292e-02
  4.0480822e-02
 -7.3743559e-02
 -2.0771764e-02
  1.8869680e-01
  3.8758188e-01
  7.0341609e-02
  2.1847674e-01
  2.4249661e-01
  3.6481895e-02
 -2.6561835e-01
 -2.0947479e-01
  3.5961859e-02
 -1.1418589e-01
 -5.5874564e-02
  1.3835238e-01
  2.8272355e-01
  5.4289810e-02
  3.3998787e-03
 -1.2219770e-01
  7.0775524e-02
 -5.1045549e-01
 -2.9002473e-02
  6.8824761e-02
  1.5017135e-01
 -1.6334613e-01
 -2.2508621e-02
 -3.5805562e-01
 -1.8771362e-01
 -1.0895398e-01
 -1.5806098e-01
  1.8121409e-01
  1.7171174e-01
 -7.2310694e-02
 -9.9180460e-01
 -1.4924859e-01
 -4.2678156e-01
 -6.0972643e-01
  2.3614629e-01
 -2.7787012e-01
  2.6357821e-01
  2.1908849e-02
  2.6697518e-02
  3.3348855e-01
  3.7263894e-01
 -2.5432995e-01
  4.2704400e-01
  1.6786112e-01
 -2.0882162e-01
 -4.5503458e-01
  2.5125599e-01
  3.4888649e-01
 -4.5666227e-01
 -5.9200418e-01
  3.5752404e-02
 -2.2705784e-01
  5.1597197e-02
 -6.9121294e-02
 -2.7813837e-01
  2.9791254e-01
  3.9491508e-02
 -3.1800278e-02
  2.9215580e-01
 -1.3937344e-01
 -2.7297158e-02
 -5.9859651e-01
  1.2192152e-01
  2.6880571e-01
  3.6238596e-02
 -2.8232682e-01
  2.3385698e-01
  2.2984524e-01
 -6.4031655e-01
  1.3797826e-01
 -2.2372277e-01
 -4.0149173e-01
 -3.7082320e-01
  1.1611305e-01
 -9.0542339e-02
  1.3157675e-01
  4.5139663e-02
  4.4191396e-01
 -6.8253797e-01
 -1.2426411e-01
  2.1539953e-01
 -1.6542152e-01
  6.0664110e-02
  7.3485546e-02
 -7.3404081e-02
  1.7513689e-01
  1.1095501e-01
 -7.6137930e-02
  1.3737871e-01
 -5.8071828e-01
  9.8447964e-02
  1.8499069e-01
 -5.0580341e-01
  1.9237293e-01
 -3.1533083e-03
 -2.2710919e-01
  5.9846514e-01
 -6.4859599e-02
 -2.4676472e-01
 -5.2288994e-02
 -4.0006232e-01
 -8.0109909e-02
  2.4491322e-01
  1.8354788e-01
 -1.8268147e-01
  2.0289473e-01
 -1.9133084e-01
 -2.9218573e-02
  3.0260813e-01
  6.0769874e-01
 -9.6370347e-02
  2.2470012e-01
 -2.1577682e-01
 -2.5055715e-01
 -5.0961111e-02
  2.1725361e-01
  5.6633256e-02
 -1.3806339e-01
  6.4523607e-02
 -3.3390477e-01
 -2.5319317e-01
  4.3149751e-02
 -1.4979368e-01
 -2.4514754e-01
  1.6703084e-01
 -1.4888561e-01
 -9.0880558e-02
 -7.0958957e-02
  3.4642333e-01
 -4.2713559e-01
  2.7127445e-01
  1.0199502e-01
  3.1476644e-01
  3.0588073e-01
  2.3973203e-01
 -3.5576409e-01
  1.7882377e-01
  8.0888718e-01
  2.3622942e-01
  1.7252266e-01
  2.2413301e-01
  1.4880499e-01
  7.8275897e-02
 -5.6601003e-02
 -9.8865911e-02
  1.1144638e-01
 -9.9406630e-01
 -6.5234351e-01
  2.3609349e-01
 -2.5176790e-01
  7.2172260e-01
  8.8446379e-02
 -8.2094654e-02
  2.4202916e-01
  1.0438395e-01
 -3.6859211e-02
  1.0780616e-01
 -3.7979624e-01
  1.1040994e-01
 -1.7362624e-02
 -1.1624642e-01
 -1.1519992e-01
  2.4051356e-01
  1.6045626e-02
  1.6931612e-03
  2.9129067e-01
 -6.7225829e-02
 -5.1067140e-02
  2.7684426e-01
  1.7284355e-01
  1.1184353e-01
 -5.6793608e-02
  6.7098364e-02
 -4.9527562e-01
 -2.7284998e-01
 -3.5277030e-01
  2.4050133e-01
  4.7003579e-01
 -9.8366892e-01
 -4.1038275e-01
 -1.8205509e-01
  6.2857288e-01
  3.6599591e-02
  2.8673255e-01
 -4.0763077e-01
 -1.2803242e-01
  8.4023111e-02
 -2.6172322e-01
 -2.4976823e-01
  9.3894638e-02
 -2.5173491e-01
 -8.4275860e-01
 -5.9666131e-02
  1.0498578e-01
  1.1731569e-01
  2.3528422e-01
 -2.8826496e-01
  8.4466949e-02
  8.0660738e-02
 -2.5367212e-01
  1.8351854e-01
  5.5352759e-01
  1.6480196e-01
  1.6682049e-02
 -1.2452834e-01
  4.0935442e-02
 -9.4303161e-02
 -2.0256066e-01
 -2.0415948e-01
 -5.2076247e-02
 -3.1801142e-02
  9.0109289e-02
  4.5418397e-01
  1.0360295e-01
  1.9642185e-01
 -3.6499567e-02
  4.1172186e-01
  8.2100749e-02
 -1.4842637e-01
  1.2564120e-01
  8.0215573e-02
 -8.3184607e-02
 -1.0811174e+00
 -4.5750895e-01
  1.2660194e-02
  8.3680332e-02
  2.6686239e-01
 -5.8791548e-01
 -3.8639730e-01
  5.3566445e-02
 -4.9462152e-01
  2.9606715e-02
  1.0957708e-01
 -5.8004215e-02
  1.9901577e-02
  1.7110832e-01
 -2.8033588e-02
 -3.3156139e-01
  4.6958137e-01
  2.2625522e-01
 -3.7370461e-01
  1.0543817e-01
  1.7452453e-01
  1.0063680e-02
 -1.6558436e-01
 -2.1212617e-01
 -4.0812677e-01
  1.0349581e-01
  1.0544958e-02
 -9.6249580e-01
  5.9793234e-01
  3.0091357e-01
  2.5687081e-01
  2.2633554e-01
 -1.6675939e-01
 -9.5953964e-02
  4.1027382e-01
 -2.0890221e-02
 -2.3129835e+00
 -1.9956076e-01
  1.7187651e-01
  2.6744500e-01
 -3.3518291e-01
  3.7485257e-01
 -1.8177295e-01
  1.3466381e+00
 -1.0018348e+00
 -3.4578493e-01
 -1.1381061e-01
 -7.0428544e-01
  3.5408506e-01
 -8.3551222e-01
  2.0404270e+00
  1.2871197e+00
 -2.4721327e-01
 -9.9779956e-02
 -3.8579196e-02
 -3.8608488e-02
 -4.0373877e-01
  8.0729431e-01
  1.3999939e+00
 -7.7160484e-01
  8.8576324e-02
  5.3747803e-01
 -1.0510423e+00
  2.7015131e-02
 -3.0965003e-01
  1.2597779e+00
  2.0282352e-01
  2.2104026e-01
 -2.6187644e+00
  4.1615006e-01
 -1.4086154e-01
  1.2441801e-01
  9.9079251e-01
  4.8594677e-01
 -1.7267953e-01
  3.9617068e-01
 -7.4325043e-01
  8.8453519e-01
 -1.9332895e-01
  1.5297648e-01
  2.9014084e-02
  1.2415724e-01
 -2.3805526e-01
  1.9996595e-01
 -6.0688442e-01
  6.6877000e-02
  2.3678425e-01
 -2.0384231e-01
  5.6234039e-02
  7.3969263e-01
 -1.2653291e-01
  7.5699717e-02
  4.1418299e-01
  1.2371670e-02
 -1.8557078e+00
 -3.4781180e-02
  1.2645474e-01
 -2.4386278e-01
  4.7005415e-01
  3.9611742e-02
 -3.8606934e-02
 -1.4028710e-01
 -4.5939755e-02
 -3.5653955e-01
 -4.9203925e-02
 -1.8482190e-01
  1.8557496e-01
  4.4597608e-01
  3.7465355e-01
  1.4599715e-01
 -2.5387126e-01
 -2.7176169e-01
  2.3360330e-01
  1.6836396e-01
 -2.7230503e-02
 -8.9641407e-02
 -2.2332071e-01
  2.0398721e-01
 -9.3465962e-02
 -1.8019381e-01
 -1.2423816e-01
  5.4550264e-02
  3.3294205e-03
 -1.8091658e-03
  3.2423568e-01
  3.2788862e-02
  4.9952409e-01
 -3.0087730e-02
  6.2954560e-02
 -1.4826328e-02
  7.1171272e-01
 -4.9759716e-01
 -4.0207741e-01
  1.8439621e-01
  6.7656003e-02
  2.6808953e-01
 -1.0653321e+00
 -5.4530376e-01
 -2.3564516e-01
 -5.0315470e-01
 -1.7859040e-01
  2.8559586e-01
 -3.8243003e-02
 -3.7817192e-01
  1.8485013e-02
  1.3152368e-01
 -1.2448827e-01
 -4.2686054e-01
  1.9659418e-01
 -4.5418084e-02
  1.3655068e-01
  1.8086290e-02
  4.4216815e-01
  3.0757433e-01
  3.0005828e-01
  7.5455926e-02
  3.3351287e-01
 -2.9174697e-01
  1.1126977e-01
 -6.2675983e-01
  5.5678010e-01
  3.4366447e-01
 -6.3283369e-02
  4.2879248e-01
  1.6118424e-01
  9.1887675e-02
 -8.8571921e-02
  2.5709724e-02
  7.4456885e-02
  2.0464741e-02
 -2.2636518e-01
  1.1611089e-02
 -6.2679416e-01
  1.3938817e-01
  4.8811436e-01
  5.2552867e-01
  1.5513235e-01
  7.6482199e-02
  4.5051422e-02
 -4.7403181e-01
 -1.1125966e-01
  5.8915967e-01
  2.0581922e-01
  3.0906811e-01
  1.1168156e-02
 -3.2848608e-01
 -2.2487134e-01
  4.9668947e-01
  5.9828348e-02
  8.8302225e-01
 -3.8291160e-03
  1.4963746e-03
  6.5100729e-02
  1.5666601e-01
  1.6131198e-01
 -3.4949362e-02
 -2.6446253e-01
 -1.0998166e-01
  2.6345411e-01
  4.9582884e-01
 -5.5612147e-02
  2.2432205e-01
  6.9156997e-02
  5.5413926e-01
 -4.2322987e-01
 -2.7220771e-01
 -4.5485491e-01
 -8.3620831e-02
  1.3851938e-01
 -8.5203493e-01
 -1.0121132e-01
 -4.5563883e-01
 -3.4978396e-01
 -2.1464553e-01
 -8.4658757e-02
  3.0794160e-02
  1.1840139e-01
 -1.3942915e-01
  1.7973183e-01
  1.4042787e-01
 -2.0874200e+00
 -4.8299572e-01
 -1.4885375e-01
 -3.6052242e-01
 -2.2961973e-01
 -3.5806698e-01
  6.4110404e-01
  1.3740879e-02
 -1.1304582e-02
 -2.6880771e-01
  3.5181078e-01
 -7.1027797e-01
 -7.1243078e-02
  2.3878559e-02
  2.5340870e-01
  8.7442204e-02
 -7.5231984e-02
  4.0445906e-01
 -7.4063641e-01
 -9.0280250e-02
 -3.7668860e-01
  5.5890405e-01
  2.7584425e-01
  2.7181566e-01
 -6.4076073e-03
  3.0737624e-01
 -1.2113661e-01
 -9.4762422e-02
  4.0770268e-01
  7.6589264e-02
 -2.0080425e-02
  4.5570880e-01
  1.9776188e-02
 -2.9269469e-01
  1.5275218e-01
  8.5848019e-02
  5.7956591e-02
 -6.8502016e-02
 -3.0559178e-02
  8.1569552e-01
  8.4535934e-02
  3.4640086e-01
  9.6772254e-02
 -8.5820489e-02
 -5.0803363e-01
 -8.9381886e-01
 -1.7345852e-01
  1.8401425e-02
  2.4134250e-01
 -9.1899484e-02
 -1.2131949e-01
  4.7044992e-02
 -6.0424104e-02
 -4.3196929e-01
  5.7904571e-01
 -5.3034079e-01
  7.9696959e-01
  5.3339827e-01
  1.4226675e-02
 -7.3076249e-03
  7.8919761e-02
  5.6556249e-01
  8.5327290e-02
  4.6363896e-01
 -3.2309063e-02
  2.7786326e-02
  2.4964382e-01
 -1.5191138e-01
 -3.1527185e-01
  2.4251524e-01
  3.6704463e-01
  2.5524825e-01
 -6.5978891e-01
 -2.4541546e-01
  3.2111877e-01
  2.5343752e-01
 -9.8106033e-01
 -9.5260814e-02
  5.4101348e-01
  6.3419774e-02
 -2.9569742e-01
 -4.3611452e-03
  1.2971476e-01
 -3.9323384e-01
  5.0576174e-01
  3.2343736e-01
  2.6343802e-01
 -1.0849231e-01
 -2.3415974e-01
 -1.0880733e+00
 -2.9658920e-01
 -4.1687571e-02
 -1.3739906e-02
  3.2243617e-02
 -1.0774072e-01
 -3.2493711e-02
  4.7500145e-01
 -1.2913464e-01
  1.9855493e-01
 -9.0317905e-02
 -3.2750495e-02
 -2.4944346e-01
 -8.9637488e-02
  1.5024923e-01
 -3.2451633e-01
  3.1364581e-01
 -5.8593535e-01
 -1.4102772e-01
  1.9947039e-01
 -7.6820739e-02
 -7.8288596e-03
 -5.2491467e-02
 -1.4492837e-01
 -1.2314317e-01
  7.5174862e-01
 -1.9398196e-01
  9.0251081e-02
  4.6646845e-01
 -3.0234039e-01
 -1.3349976e-01
  1.5625155e-02
  1.3840610e-01
  2.8683406e-01
  4.4746229e-01
 -1.9965117e-01
 -5.6110155e-02
 -1.3255541e-01
 -1.4729643e-01
 -3.7647977e-02
 -1.3375968e-01
 -6.5551621e-01
 -8.9521635e-01
 -1.3326834e-01
  6.7744356e-01
 -5.7018194e-03
  4.1868755e-01
  2.5959522e-01
 -5.0387543e-01
 -1.8248396e+00
 -2.5372410e-01
 -3.5688266e-02
  1.8560109e-01
 -1.4615962e-01
  1.7140221e-02
  1.9716680e-01
  1.8166362e-01
  1.5433484e-01
 -5.8342761e-01
 -1.2918048e-01
  2.0219728e-01
 -6.7106657e-02
 -3.0898881e-01
  1.4464681e-01
  1.1569497e-01
  3.5201345e-02
  2.4476921e-02
  1.3145798e-01
 -4.7662827e-01
  2.7879953e-01
  1.5434448e-01
  4.4784579e-02
  6.3589311e-01
  6.3250077e-01
  9.6889943e-02
  9.8186094e-01
  7.0962019e-02
  1.5020585e+00
  2.6533815e-01
  2.8366441e-01
  1.4333181e-01
  1.0276154e-01
  1.8388923e-02
 -1.1050066e-01
 -2.0371361e-01
 -2.6319924e-01
  1.6488799e-01
  6.6745222e-02
 -9.9631816e-02
 -3.4875993e-02
  2.4447212e-02
  1.0874657e-01
 -6.1794043e-02
 -3.7850448e-01
  3.1853437e-01
  5.0810999e-01
  9.6684225e-02
  2.3261778e-01
  4.4500801e-01
 -7.8945406e-02
  3.4123060e-01
 -4.3790065e-02
  4.3816006e-01
  3.1587750e-01
 -1.2483577e-01
 -1.3569070e-01
  2.0191889e-02
  7.4063446e-03
 -2.4737190e-01
 -2.8358445e-01
 -3.7241629e-01
  4.3187030e-02
  4.4195876e-01
 -1.0286271e-02
  2.9945093e-01
  1.5583327e-01
  1.2493251e-01
  1.1230361e-01
  4.0406117e-01
 -1.3541618e-01
 -1.3549298e-01
  2.2181843e-01
  1.4477368e-02
 -1.0548244e-01
  9.4082840e-02
 -3.0749083e-02
  9.4965279e-02
  5.2052742e-01
 -2.5612703e-01
  1.9908442e-01
  1.1871465e-01
  7.9415351e-02
 -1.6865677e-01
  2.9514170e-01
  1.4476815e-02
 -6.0394430e-01
  7.4121368e-01
  1.9952938e-01
  3.4567317e-01
 -4.9622171e-02
 -1.3404469e-01
 -3.5366827e-01
 -8.8700533e-02
  3.1329849e-01
  1.3729432e-01
  1.4428785e-01
  2.6928228e-01
 -1.2946317e-01
  3.7083137e-01
  4.7669852e-01
 -6.0374641e-01
 -4.2408580e-01
 -6.7057890e-01
  2.8246328e-01
  5.2874740e-02
 -1.6895667e-01
 -2.5071949e-01
 -6.3969839e-01
 -3.9928076e-01
 -1.4012834e+00
 -1.3304918e-01
  3.0538511e-01
  1.1880252e-01
 -6.2113506e-01
  1.5579848e-01
  1.2905253e-01
 -1.4547750e-01
 -6.6679257e-01
  5.4806378e-02
 -2.7682948e-01
  1.6985375e-01
 -1.6251324e-01
  3.8105613e-01
 -3.9858195e-01
  2.8528380e-01
  1.1102033e-01
  6.8743593e-01
 -9.8912284e-02
 -2.4972031e-01
  8.6665094e-01
  4.1200966e-01
 -1.7789412e-01
  3.3999640e-03
 -1.1400063e-02
 -7.0588984e-02
  5.0644737e-01
 -9.6955687e-02
 -1.7023754e-01
 -7.3770553e-02
 -1.1976269e-01
 -2.0801350e-02
  6.6196084e-01
  1.8126336e-01
 -1.0208839e+00
  3.5946548e-01
  4.6028328e-01
 -7.8118458e-02
  4.2187232e-03
 -3.7400424e-01
  2.7831835e-01
  6.3281737e-02
 -7.5162244e-01
 -5.2767277e-02
 -1.6427699e-02
  9.9077106e-02
 -2.8062272e-01
 -2.9651839e-01
 -4.2550515e-02
  1.4634618e-01
  1.5111451e-01
  2.9570125e-02
 -3.1857010e-02
 -1.1313483e-01
 -7.9856008e-02
  3.5728678e-01
  3.7468679e-02
 -1.1315566e-01
 -1.5712094e-01
  4.1826069e-01
 -2.3784928e-01
 -8.7325007e-02
  2.4043743e-02
 -6.3888714e-02
  2.7782539e-01
  3.5146365e-01
  1.3725199e-01
 -6.7120850e-02
  3.0093226e+00
  2.5214818e-01
 -1.3389541e-01
  7.0477001e-02
 -3.5930887e-01
 -1.2279984e-01
 -8.0494367e-02
 -1.2994440e-01
 -1.9891104e-01
 -3.6679092e-01
 -6.0745142e-02
 -4.1554871e-01
 -1.3532752e-01
  2.4319690e-01
 -8.8518596e-01
  2.1119475e-01
 -6.4608800e-01
 -2.4967571e-01
  1.9141248e-01
  2.7215055e-01
 -1.5716009e-01
 -3.5233930e-01
  4.8885876e-03
  1.4588539e-02
  1.4684445e-01
  3.7206703e-01
 -3.9544404e-01
 -1.1700011e-01
 -1.5477143e-01
  4.3978000e-01
  2.6843589e-02
 -2.7380610e-01
  1.6878381e-01
  1.3237518e-01
  1.5173028e-01
  1.3196643e-02
  3.1921110e-01
  7.4471557e-01
 -1.2766448e-01
  8.8972874e-02
  3.1597368e-02
  5.5059753e-03
  1.3303347e-02
  3.4921259e-02
  1.1559091e+00
 -4.2833701e-02
 -1.8215397e-01
 -4.9637660e-01
 -1.6919281e-02
  2.0262019e-01
 -1.5488937e-02
 -5.1103998e-02
 -1.1307831e-01
 -5.4813844e-01
  5.4124540e-01
 -6.7017764e-02
  1.5447139e+00
  7.4661732e-02
 -2.1955329e-01
 -2.6484472e-01
 -4.6570241e-02
 -3.2478949e-01
 -2.6251495e-01
  1.5685383e+00
  2.6854405e-01
 -2.2459723e-01
 -4.1457927e-01
 -3.2634366e-01
 -5.2784181e-01
 -8.9264894e-01
  8.4287666e-02
 -1.5950632e-01
 -3.2001373e-01
  4.0434408e-01
 -1.8975116e-01
  4.3952549e-01
 -1.4658217e-01
  6.8879193e-01
 -1.4110574e-01
  2.3196456e-01
 -4.2214057e-01
  5.4477865e-01
 -7.4983843e-02
  2.1984498e-01
  6.6399187e-01
  1.7808315e-01
  3.9375746e-01
  6.1307542e-02
 -2.2415476e-02
 -5.6174660e-01
 -7.6598801e-02
 -1.4114445e-01
 -2.9318841e-02
  1.1069442e-01
 -3.3265927e-01
  7.7736363e-02
 -7.3030770e-01
  1.2507914e-01
 -5.4581016e-02
  2.6856557e-01
 -4.2944378e-01
 -1.5080364e-01
 -9.9028504e-01
 -1.9184920e-01
  5.2844107e-01
 -5.2017349e-01
  4.9149910e-01
  8.6145574e-01
 -8.3737451e-01
 -8.1894565e-01
 -5.2569509e-02
 -1.9085355e-01
  3.9934480e-01
  1.7566818e-01
 -2.6122883e-01
 -3.0535772e-01
 -5.5422515e-02
 -5.7986295e-01
 -8.5312307e-01
 -3.3355615e-01
 -1.2985152e-01
  1.0399659e-01
 -6.6417202e-02
 -1.3281229e-01
 -1.3103677e-02
  3.5529247e-01
 -1.4609841e-01
  3.0982014e-02
  8.1453346e-02
 -1.6794445e-01
 -1.3690337e+00
 -8.1556559e-02
 -4.2809028e-02
 -5.8800913e-02
 -8.5632596e-03
  8.1739746e-02
 -6.4512752e-02
 -3.8189399e-01
 -6.7207426e-01
  3.4407739e-02
  9.4352663e-02
 -8.7697566e-02
 -2.8001702e-01
 -1.4628084e-01
 -1.7423189e-01
 -1.5556899e-01
  3.5717544e-01
 -2.2141351e-01
  1.6732906e-01
 -1.7617169e-01
 -1.3040765e-03
 -5.3529587e-02
  8.6374059e-03
 -1.8376034e-01
  1.4195821e-01
 -5.4988615e-02
  2.3352474e-01
  8.8879108e-02
  1.8855466e-01
 -2.1220815e-01
 -5.6595884e-02
 -6.4389959e-02
  2.3862273e-02
  2.3339781e-01
 -2.6270962e-01
 -3.5316032e-01
 -5.9646778e-02
 -2.4542981e-01
  8.0985770e-02
 -2.5225100e-01
  8.8940866e-02
 -3.0279819e-02
 -1.7170435e-01
 -2.1476781e-01
  6.0141230e-01
  9.2710835e-01
  7.7146731e-02
  2.6031965e-01
 -5.0146859e-02
 -2.5598055e-01
 -6.8557419e-02
  2.9356992e-02
 -2.1685943e-01
  3.9494783e-01
  5.2109621e-02
  5.6505889e-02
 -2.5184857e-02
 -7.2421156e-02
  2.6656985e-01
  2.3863463e-01
 -1.1880379e-01
  4.9333099e-02
  4.6297014e-03
 -3.5086361e-01
 -3.7315318e-01
 -5.3871246e-03
 -1.8252987e-02
 -1.4350301e-01
  1.7071333e-02
 -1.9705246e-01
 -5.6530945e-02
  9.2001736e-02
  2.9553443e-01
  4.1872525e-01
 -1.1853039e-01
  3.7830278e-01
 -2.2919239e-01
 -2.6956722e-01
 -4.3533847e-02
 -3.5958174e-01
  4.0060617e-02
  6.8273753e-01
  2.8093314e-01
 -1.4032276e-01
 -6.7478293e-01
  6.1795443e-01
 -1.0969844e-01
 -5.5954075e-01
  3.1563461e-02
 -7.5198255e-02
  1.1660399e-01
 -8.3138667e-02
 -2.5700200e-01
  1.4242682e-01
  2.6430303e-01
  5.5336303e-01
 -2.0432629e-01
  2.8245586e-01
  3.2628775e-02
 -9.5890872e-02
  3.5306424e-01
  2.4396573e-01
  2.5100943e-01
  1.2259902e-01
  1.8903349e-01
  1.7761293e-01
 -3.4770048e-01
 -1.8755746e-01
  1.0855974e-01
 -7.7703938e-02
  1.7143346e-01
 -3.9757374e-01
 -3.9197448e-01
  1.8986627e-01
  9.8982409e-02
  3.2800713e-01
 -4.3063077e-01
  1.2074952e-01
  2.8923339e-01
 -2.1952556e-01
 -1.0086565e-01
  1.5825115e-01
 -1.6268632e-01
  3.0513549e-01
 -9.2896953e-02
 -1.5630119e-01
  3.7493432e-01
  7.9151797e-01
  1.7163958e-01
  5.2537274e-02
 -3.6775187e-01
 -3.5459738e-02
  1.1017924e-01
 -3.3615318e-01
 -4.0873861e-01
  4.7628801e-02
 -6.1388370e-03
  3.6284533e-01
  3.8685903e-01
  1.1045584e-01
  6.0970918e-03
 -2.2420682e-02
  5.1803291e-02
  1.6570990e-01
  7.6152608e-02
 -2.2249836e-02
 -6.6302523e-02
  4.8111744e-02
  5.3695124e-02
  9.1796257e-03
  4.9385202e-01
  7.5621791e-02
  1.7385969e-01
 -3.2336351e-01
 -6.6992438e-01
  1.0418301e-01
 -1.7591260e-02
  1.6330843e-01
 -1.4129235e-01
 -5.8888920e-02
 -1.6391654e-01
  3.0348200e-01
  1.2138850e-01
  1.7378446e+00
 -1.0810079e-01
  1.4647795e-01
 -3.7212637e-01
  3.5679433e-02
  5.2934833e-02
  1.6020028e-01
  4.0578268e-02
  6.4706147e-02
  1.5168323e-01
  5.5919623e-01
 -6.1213773e-01
  5.2838665e-01
 -1.3331373e-03
 -1.9229227e-01
  4.0344024e-01
 -2.9537910e-01
  4.2953512e-01
 -7.8830197e-02
 -6.9934303e-01
 -4.5663524e-02
  7.3219651e-01
  1.2781982e-01
  1.8097399e-01
  7.4630335e-02
 -2.4185435e-01
  1.7658079e-01
  5.4813132e-02
  3.6351759e-02
 -3.1134787e-01
  5.2037752e-01
  8.6575150e-02
 -6.4427264e-02
 -2.2341479e-01
  7.4917126e-01
 -2.9844537e-01
 -1.3049151e-01
 -2.1747158e-01
 -1.1001198e-02
  4.7480279e-01
  2.0715110e-01
 -1.3472709e-02
  5.7507300e-01
  1.0541892e-01
  1.0397108e-01
 -1.1612156e-01
  2.5146512e-02
 -8.5752025e-02
 -5.7208538e-01
 -1.2224821e+00
  6.0156417e-01
 -3.0062661e-01
  8.1507152e-01
  7.6134634e-01
  7.8408992e-01
  3.9108545e-01
 -1.5636556e-01
 -8.0385453e-01
  2.2942367e-01
 -4.6716535e-01
 -2.8790951e-01
  5.8586884e-01
  1.5675070e+00
 -8.6435862e-03
  9.8911071e-01
 -1.7694831e-01
  1.4816202e-01
  3.9204669e-01
  9.7397804e-02
 -4.4061682e-01
  4.0383682e-01
 -9.6780099e-02
 -2.0459156e-02
 -5.9929095e-02
  2.3430873e-02
 -8.4532864e-02
  3.2578161e-01
 -1.6690792e-01
  2.0873666e-01
  4.7761381e-02
 -1.0396129e-01
  5.0854519e-02
  2.6375830e-01
  1.4712983e+00
  2.2845703e-01
  1.0315874e-01
 -8.0773681e-02
 -1.0521907e-01
  3.9874080e-01
 -5.2810276e-01
 -4.4365415e-01
  2.2803061e-02
  1.7479667e-01
  6.4684594e-01
 -1.8053930e-01
 -1.8618597e-01
 -1.0277365e-02
  2.4872352e-01
 -4.5756237e-03
  7.4603453e-02
 -4.4270757e-01
 -4.4740552e-01
 -4.4134073e-03
  6.2558882e-02
 -3.8310814e-01
  4.2954355e-01
 -4.2467928e-04
 -8.0382265e-02
  3.1749219e-02
 -1.1022511e-01
  5.1039529e-01
  2.3001182e-01
 -4.6982387e-01
 -2.2799638e-01
 -4.1250235e-01
 -4.6261278e-01
 -1.3866803e-01
  1.5545984e-01
  3.3592024e-01
 -2.7436611e-01
  1.5602984e-01
  1.1571766e-01
  1.4561681e-01
 -8.8505410e-03
 -5.1681381e-01
 -8.0809802e-02
 -8.3140023e-02
 -4.3241793e-01
  1.8741825e-01
  2.6973045e-01
 -2.6915672e-01
 -3.4530427e-02
 -9.4991706e-02
 -6.2889695e-02
 -1.9646387e-01
 -2.4728963e-01
 -5.3406969e-02
 -1.0144600e-01
 -7.8179890e-01
  1.3662921e+00
  5.8516316e-02
  4.6674654e-02
 -1.2593608e-01
  1.1881714e-01
 -2.4716195e-01
  5.8040611e-02
  3.1798121e-01
  1.1495312e-01
 -1.2141317e-01
  4.5109391e-03
 -4.2801175e-02
 -3.2939398e-01
 -9.9605672e-02
  6.8236776e-03
  7.8466132e-02
 -1.5891540e-01
 -2.4570052e-02
 -7.4910510e-01
 -1.6146958e-01
  4.8606652e-01
 -1.4193797e-01
  1.4731680e-01
  5.1745761e-02
 -2.6114625e-01
  4.4666752e-02
  8.0329180e-02
  3.1520742e-01
  2.4607140e-01
  5.1658559e-01
 -8.6358711e-02
 -9.2983812e-02
  1.4393650e+00
  2.6007128e-01
  3.5496089e-01
  7.6592863e-02
  1.9706026e-01
  3.5386595e-01
  9.9958032e-01
 -2.5262552e-01
 -2.1989396e-01
 -9.5887981e-02
 -2.3322630e-01
  3.7429936e-02
  5.4779446e-01
 -1.4439046e-01
  2.2176865e-01
 -8.7461859e-02
 -6.3824254e-01
  1.0498812e-01
 -1.6407959e-02
 -2.6015046e-01
 -6.6303320e-02
 -5.5317849e-02
 -9.8171458e-02
  3.4833843e-01
  1.7041382e-01
 -2.7801064e-01
 -1.4918002e-01
 -5.9288228e-01
 -6.2144855e-03
 -3.1085724e-02
 -4.6919772e-01
  1.4512461e-01
  5.5063818e-02
 -8.1723243e-02
  2.3437378e-01
 -1.2200292e-02
  3.9238593e-01
  2.7479138e-02
  1.0844088e+00
  4.0952858e-02
  2.2618856e-01
  6.5770373e-03
  5.5799711e-01
  9.1151625e-02
 -1.4668193e-02
  4.8443848e-01
  3.1068034e-02
  2.9085109e-01
  8.1384778e-02
 -1.0886360e-02
  1.0377310e-01
 -2.3484042e-02
  6.6776432e-02
  1.4662038e-01
 -4.1466379e-01
 -4.9670690e-01
  1.8870661e-01
  7.2473966e-02
 -3.2624280e-01
  8.7725616e-01
 -4.7778767e-01
  3.8792390e-01
  6.9881457e-01
 -2.1849693e-01
 -1.4617819e-02
  2.1267393e-01
 -1.0119291e-01
 -1.9075276e-01
 -4.6053398e-02
 -2.4569030e-01
 -1.3285434e-02
 -5.3847928e-02
 -1.2581545e-01
  3.2903478e-03
  1.5470769e-01
  5.9797738e-02
 -2.7197953e-03
 -1.6298154e-01
  1.7427254e-01
  5.4393768e-01
  9.9265531e-02
  8.5910186e-02
 -1.6175145e-01
 -3.2013372e-01
  2.8196153e-01
  3.7390217e-01
 -1.0838661e-01
 -9.7994339e-03
  1.5049040e-01
  2.3993285e-01
  2.9059288e-01
 -2.0182621e-01
 -3.4777150e-01
  1.0944887e-01
 -1.5383106e-01
 -1.1486696e-01
  7.2910315e-01
  1.4119837e-01
  2.5525761e-01
  7.1188253e-03
 -5.0606585e-01
 -9.8840572e-02
  3.6845546e-02
  5.4109651e-01
  6.4648397e-02
 -6.2707260e-02
  1.1058520e+00
  2.5120535e-01
 -2.9637328e-01
  1.0230646e-01
 -3.7645450e-01
  1.8230936e-01
 -2.6923146e-02
  1.9444850e-01
 -9.6402675e-02
  1.4433295e-01
 -7.6713964e-02
 -3.0827230e-01
 -4.2610037e-01
  6.1321471e-02
  2.4554615e-01
 -1.1709960e-01
 -1.3031946e-01
  1.0786884e-01
  1.0528086e-01
 -6.3860312e-02
  4.0916661e-03
 -1.1387744e-01
  4.8068929e-02
  2.6599273e-02
  3.3160303e-02
 -2.8765929e-01
 -8.2299553e-02
 -3.2141501e-01
  6.4143911e-05
 -2.1973146e-02
  9.7974010e-02
  2.0965253e-01
 -3.7089878e-01
  4.8349562e-01
  4.8827741e-01
 -6.0062152e-01
  3.4874469e-01
  1.6567405e-01
  2.0923781e-01
  1.8507034e-01
 -2.4559598e-01
  3.0814528e-01
  3.9623919e-01
 -2.5191703e-01
  2.2765300e-01
  1.6124511e-01
  2.5295056e-03
  3.2248896e-01
 -3.7282068e-01
 -8.6828172e-02
  3.9160934e-01
  5.6292720e-02
 -3.4034976e-01
 -1.6152018e-01
  7.7309553e-03
  5.0474542e-01
 -2.1971554e-02
 -2.7053070e-01
  2.0487475e-01
 -1.2782966e-01
 -8.6510462e-01
 -2.6778281e-01
 -3.4912761e-02
  1.7893852e-01
  2.1633278e-01
 -5.3299665e-02
 -3.7178118e-02
  4.0480398e-02
 -7.0277488e-01
 -1.5867115e+00
  2.5977176e-01
 -3.3995125e-01
  3.2555945e-02
  1.7967220e-02
 -1.0196314e-01
  5.0868314e-02
  2.3534523e-01
  1.3058633e-01
 -1.4903210e-02
  1.0765312e-02
 -4.3700999e-01
  2.7556205e-02
  4.3203428e-01
 -7.8121036e-01
 -4.7822580e-01
 -1.7565967e-01
  5.0594468e-02
 -7.5292237e-02
 -3.0159714e-02
 -4.3437430e-01
  7.7615790e-03
  2.7452520e-01
  2.3208257e-02
  9.9455610e-02
  2.4914025e-01
 -3.5127409e-02
  3.7772864e-01
  1.2587604e-01
  9.5151746e-01
  9.8108754e-02
 -2.5546688e-01
  4.2165451e-02
  1.0459248e+00
 -2.6294443e-01
 -5.8571324e-02
 -2.1639086e-01
  1.2378509e-01
  6.0405970e-01
  1.6173534e-02
  3.0737317e-01
  6.9213194e-01
 -2.2706538e-01
 -8.7408352e-01
  2.1444680e-01
 -5.1808739e-01
  1.5917896e-01
 -6.9480673e-03
  2.8877333e-03
 -2.1960545e-02
 -1.0627402e-01
 -6.8902954e-02
  8.3534634e-01
  2.4684200e-01
  8.4157929e-02
 -1.4393964e-01
  1.7557770e-01
  1.8340079e-01
 -7.3264748e-01
 -3.9564440e-01
 -2.7471080e-01
  1.4627706e-01
 -6.1020114e-02
 -1.9699641e-01
  1.7193107e-01
 -6.0951926e-02
  1.2454756e-01
  7.8088753e-03
  6.0771614e-01
 -2.5409827e-01
 -2.1919581e-01
  1.6672271e-01
  3.6386880e-01
  2.8949847e-02
 -9.8550409e-02
  8.5521474e-02
 -2.9046792e-01
  1.8257610e-02
  2.0768310e-01
 -1.8811063e-01
 -2.9219866e-01
 -2.3401976e-03
 -1.4316644e-01
 -1.1093284e-01
 -7.8167953e-02
  2.3711999e-01
  8.8235095e-02
  1.3338092e-01
 -8.3197191e-02
  7.0424385e-02
  1.3103151e-01
  6.9868463e-01
 -3.0985823e-01
  4.8001546e-02
 -1.7154184e-01
 -3.5840261e-01
 -6.1598044e-02
 -3.6686301e-02
  7.6287404e-02
 -2.0274776e-01
 -1.6759482e-01
  2.0030107e-01
 -1.7628601e+00
  1.4525990e-01
 -9.3755400e-01
 -3.5898930e-01
  8.5490656e-01
  5.8569485e-01
  4.7921225e-01
 -1.3073028e+00
  2.2405076e-01
  1.3622152e+00
  1.3310225e+00
 -3.7032273e-01
 -2.0695782e+00
  1.2385293e+00
  1.1110825e-01
  2.3242606e-01
  3.9743450e-02
 -3.3353859e-01
 -6.7052019e-01
 -5.6147438e-01
  1.1411453e+00
  1.2758453e+00
 -2.2968647e-01
 -2.0754448e-01
  1.2687302e+00
  8.1793618e-01
 -2.6599274e+00
  1.3009332e+00
 -2.0551940e-02
 -8.2667357e-01
 -1.5682673e-01
  1.5334508e-01
  6.2571537e-01
 -5.3970987e-01
 -2.3770411e-01
  5.8505428e-01
 -1.6589002e-01
  2.7732030e-01
  5.0813770e-01
  5.3749764e-01
 -6.5355539e-02
  2.3687187e-01
 -8.9905225e-02
  3.0418554e-01
  1.5776367e-01
 -2.5881070e-01
 -1.1314914e-01
  1.2008124e-02
 -1.4292607e-01
  7.8596123e-02
 -4.3094099e-01
  4.9390882e-01
  8.3452964e-01
 -9.7216703e-02
  2.3304273e-01
 -6.3330248e-02
 -9.0422231e-01
  5.3818548e-01
  3.0911097e-01
  3.4888750e-01
  7.7911742e-02
 -3.3675236e-01
  1.0556619e-01
  1.2829851e-01
 -3.1966570e-01
  2.2672921e-01
  2.3691393e-01
  2.5274378e-01
  6.5295637e-02
  1.5277113e-02
  2.7716488e-01
 -3.5220331e-01
 -7.5339876e-02
  3.2010573e-01
  1.8112603e-01
  9.6227089e-03
  3.8086921e-01
  1.7614827e-02
  5.4282900e-02
  3.3372384e-01
 -1.2021351e-01
 -6.1495136e-02
 -6.0831591e-02
 -7.5390548e-02
 -4.3312216e-01
  4.5219737e-01
  1.9803499e-01
 -9.9662140e-02
 -2.1543916e-02
  1.2728433e-01
  5.7242173e-01
  1.3977435e-01
  2.9412264e-01
  1.1494754e-01
 -2.0588779e-01
 -9.5034696e-02
 -3.2551211e-01
  1.3898140e-01
  1.6310562e-01
 -2.6357390e-02
 -3.9832091e-01
 -8.6132489e-02
  1.9487579e-01
 -1.0945699e-01
  1.0709428e-01
 -3.3816305e-01
 -1.9823790e-02
 -1.9959120e-01
 -6.6893303e-01
 -4.9425969e-03
 -2.3144737e-02
  1.3148987e-01
 -5.6109384e-02
  9.8259196e-02
  1.0915463e-01
  1.9240350e-02
  1.1313483e-03
  7.9912491e-02
 -7.6561704e-02
 -3.4421116e-01
  1.9993734e-01
  4.3335281e-02
 -7.0562370e-02
 -4.9826130e-02
  7.2032267e-01
 -1.7761867e-01
 -2.4082433e-01
  2.4534270e-01
  4.1675702e-02
  4.2588702e-01
  7.8796215e-02
  3.1556523e-01
 -2.5293548e-03
 -3.3115330e-01
  2.2501511e-02
  4.3030012e-01
 -1.6472191e-01
  3.8094386e-01
 -2.9241350e-01
  1.8367475e-01
  1.2223019e-01
 -1.6037780e-01
 -1.0709648e-01
 -1.0980064e-01
 -1.4615043e-01
 -1.4515924e-01
  2.0708168e-01
  4.6514535e-01
  1.9520253e-01
  8.1116445e-03
 -2.6316220e-01
  1.2382569e-02
 -2.0099290e-02
  3.6114417e-02
  1.5673675e-02
 -7.2594248e-02
 -1.6410217e-01
 -7.8636110e-03
  1.6093926e-01
 -2.2704994e-02
 -1.2770768e-01
  5.7470925e-02
 -5.4883495e-02
 -9.5469809e-01
  1.2016071e-01
 -4.0124324e-01
 -2.0314646e-01
  3.4653908e-01
  5.0780934e-01
 -3.0638341e-02
 -2.8510794e-02
 -2.1475741e-01
  1.7731868e-01
  9.7111307e-02
  5.2698386e-01
 -2.1317516e-02
  4.2597556e-01
 -4.8357006e-02
  1.6976479e-01
  4.8250161e-02
 -2.1669906e-01
 -1.0065435e-01
  5.3481817e-01
  1.9528830e-01
  9.1725841e-02
 -4.1897887e-01
  1.2872522e-01
 -3.0343354e-01
  2.3637985e-01
 -8.4140919e-02
  1.1268590e-01
 -5.1072396e-02
  5.2005649e-01
  3.9377604e-03
  5.7876235e-01
  8.5633844e-02
 -7.6897407e-01
  5.6972271e-01
  3.1079948e-01
 -1.4610970e-01
 -8.1137851e-02
  7.0223317e-02
  2.6863086e-01
 -6.1959036e-02
 -2.3858479e-01
 -2.5764921e-01
  8.3702482e-02
 -3.7013698e-01
  4.7822469e-01
  2.6666278e-01
 -1.6443983e-01
  1.0040444e+00
 -9.3499124e-03
  1.5391082e-01
  2.0962474e-01
 -2.2149205e-01
 -2.1462843e-02
  2.5305837e-01
 -2.3524625e-02
  7.4140385e-02
 -3.9793298e-01
  2.8320915e-01
  2.7203095e-01
 -2.5251868e-01
 -4.1765265e-02
 -4.6759427e-01
 -6.2855408e-02
  2.8974411e-01
  1.0309876e+00
  8.5610941e-02
  5.8560163e-02
  1.4987957e-01
  5.2732896e-02
 -4.7486886e-02
  1.3261674e-01
 -1.4142822e-01
  2.8280014e-02
 -1.9502636e-02
  2.5879112e-01
 -8.3796762e-02
 -1.3760681e-01
  5.4931253e-01
  1.7492889e-01
  3.0612826e-01
  6.1262026e-03
  3.1493840e-01
  9.1390789e-02
  1.7914137e-01
 -5.3358281e-01
 -2.0623866e-01
  1.2513545e-01
  3.7405239e-03
 -2.0676592e-02
  2.3206025e-01
 -3.9954267e-02
  5.4406971e-01
  3.7745377e-01
  3.4354430e-02
  2.7962434e-01
 -4.9726763e-01
 -1.0216434e-01
 -1.1827344e-01
 -5.3303570e-01
 -3.4297609e-01
 -8.8155437e-01
 -5.5747503e-01
  3.9005883e-02
 -2.1645321e-01
 -7.7248782e-02
 -4.8818988e-01
  1.9124144e-01
 -8.4978208e-02
 -9.4633967e-02
  2.0391716e-01
  1.2545249e-01
 -4.2996180e-01
 -1.2951604e-01
  7.2930276e-01
  7.2706476e-02
 -3.2360160e-01
 -1.5884756e-01
 -7.4729607e-02
  9.2092045e-02
 -3.4203517e-01
  3.8109338e-01
  3.0826893e-02
  1.8167379e-01
 -1.7612794e-01
  8.3710378e-01
 -1.1983618e-02
  1.8468796e-01
  6.5349174e-01
 -2.4896124e-01
  2.1867122e-01
  4.3543771e-02
  2.4882008e-01
 -1.4170417e-01
  1.3223661e-01
 -5.0915238e-02
  2.4100666e-01
 -1.2137341e-01
  8.7750882e-02
 -1.6255344e-01
  1.5095656e-01
 -2.2518931e-01
  4.3456271e-02
 -6.9411136e-02
  1.2418863e-01
  5.9113421e-02
 -1.1467567e-01
  4.5886868e-01
  1.6597484e-01
  2.3184076e-01
 -2.2942650e-01
 -1.0646990e-01
  6.2432796e-01
 -1.9043554e-01
  1.7610617e-02
  8.9200489e-02
 -1.7238647e-01
  4.5920706e-01
  4.6836324e-02
 -4.3722990e-01
  1.3778728e-02
 -2.2443728e-01
 -3.2506723e-02
  2.7069795e-01
 -8.7871477e-02
 -2.1299230e-01
 -2.6769507e-01
 -1.0087510e-01
  8.4762663e-02
 -3.5129848e-01
  2.7103001e-01
 -9.9032633e-02
  1.4087065e-01
  1.8923780e-01
  2.0421760e-02
 -3.5039133e-01
  5.1210845e-01
  2.3228911e-01
  2.2249787e-01
  2.5521603e-01
  6.5302037e-02
  1.8025322e-02
 -1.1658589e-01
 -7.8490049e-02
  3.6437321e-01
 -1.8789802e-02
 -1.7990307e-03
 -3.4041891e-01
  5.4428273e-01
  2.5899172e-01
  1.0695792e+00
 -1.1145383e+00
 -2.5690416e-01
 -1.9947664e-01
 -1.7528436e-01
 -1.8130739e-01
 -2.6659578e-01
  2.7199768e-02
 -1.2348943e+00
  3.4641370e-01
  1.9428573e+00
  2.3241740e-02
  1.4157578e-01
 -2.4097836e-01
 -1.3352803e+00
 -5.8465600e-01
  1.9009644e-01
 -1.9389826e-01
 -3.1889427e-02
 -7.9184584e-02
  5.0603038e-01
 -6.0244852e-01
  3.9994702e-01
  8.1628829e-01
 -1.6075402e-01
  1.0636565e-01
  4.1059858e-01
 -6.7514200e-03
 -1.2255614e-01
  2.5892302e-01
  7.7546947e-02
 -2.1708018e-01
 -2.0719886e-01
 -6.6056788e-02
  8.2432777e-01
  3.4365156e-01
  1.6295318e-01
 -7.3412555e-01
  2.6011589e-01
 -2.4356508e-01
 -2.0042062e-01
  5.0700750e-02
 -7.8754866e-01
 -5.8171099e-01
 -1.3743040e-01
 -2.1283609e-01
  3.3697972e-01
 -3.2955624e-02
  2.7329594e-01
  2.0340400e+00
 -1.0638299e+00
 -5.1579821e-01
 -1.9951448e-01
  1.4406164e-02
 -4.1831888e-02
 -2.0711902e-01
 -3.8719255e-02
 -5.2426877e-03
  4.0459409e-02
 -5.0557548e-01
  3.6645964e-01
  4.8027688e-01
  1.3165261e-01
 -7.6645829e-02
  1.8504927e-01
  1.8311217e-01
 -2.8381685e-02
  8.1673330e-01
 -1.0973911e-01
 -5.0970618e-02
 -1.5331160e-01
 -5.9812650e-02
 -1.5146707e-02
 -5.3184414e-01
  2.6228681e-01
 -7.9030149e-02
 -1.8497477e-01
 -1.9899295e-01
  4.8109982e-02
 -1.3283300e+00
 -4.7294134e-01
  3.3792824e-02
  8.1981696e-02
 -4.4293511e-01
  5.5380579e-02
  2.3180280e-02
  7.1724936e-02
 -1.7342943e-03
  5.2224064e-01
  1.3771902e-01
 -2.1496648e-02
  1.6304430e-02
  1.2876357e-02
 -2.1360605e-04
 -1.9096609e-02
 -4.8850987e-02
  2.6481521e+00
  4.7432891e-01
 -6.0099089e-01
 -2.1893267e-01
  1.6493404e-01
 -2.2151563e-01
  1.9465886e-02
  9.4445124e-02
 -7.8723267e-02
 -6.4973694e-01
  5.3447223e-01
 -5.1443987e-02
  6.2851161e-02
 -4.6641695e-01
 -1.1375395e+00
  1.3045062e-01
  1.1044571e-01
 -1.6748457e+00
 -1.4868113e-01
 -4.0853226e-01
  5.2023149e-01
  7.5244898e-01
  2.9183237e-02
 -1.0389470e+00
  1.7354447e-01
  6.6835219e-01
 -1.1299728e-01
  2.7794033e-01
  1.8607435e+00
 -4.8967209e-02
 -2.3463423e+00
 -8.3885556e-01
 -2.6062378e-01
 -5.1009196e-01
 -2.9148373e-01
 -9.6007907e-01
 -7.8379456e-03
 -6.5675038e-01
  6.9602358e-01
  2.0849660e-02
  6.8725061e-01
  3.7123987e-01
 -1.4697489e-01
  1.8819404e-01
  5.6352504e-02
 -1.1687520e+00
 -6.3535750e-01
  4.3971971e-01
  3.3303621e-01
 -5.7400632e-01
 -6.0551614e-01
 -1.4413116e+00
  3.2639676e-01
 -1.7618412e+00
 -2.6505649e+00
 -2.6663346e+00
  4.7272381e-01
 -5.3171587e-01
 -3.6234415e-01
  3.1553748e-01
 -2.1385223e-02
  5.3007483e-01
  1.6742229e-02
 -8.9448428e-01
  2.1071902e-01
 -8.2262230e-01
 -1.4244717e+00
  2.9790711e-01
 -4.2390689e-01
  3.5204864e-01
 -6.6376358e-01
  3.3767298e-01
 -4.0898496e-01
 -2.7132721e+00
  1.4686644e-02
 -5.0353911e-02
 -1.0814840e+00
 -2.3583629e+00
 -7.5575787e-01
 -6.9871277e-01
  3.3150606e-03
 -2.2559407e+00
 -6.9859213e-01
 -2.1428475e-01
  7.8880318e-02
 -1.5548750e+00
 -4.9303657e-01
 -1.3302197e-01
  1.2661295e-02
 -1.1704073e-01
 -1.2072721e+00
 -1.2095762e-01
 -4.2318206e-02
 -6.4216262e-01
 -1.1512240e+00
 -4.7950226e-01
 -1.1536311e+00
 -1.1404618e+00
  5.1393807e-01
 -4.0717459e-01
  3.0984166e-01
 -1.6511246e+00
 -1.4324170e-01
 -1.0671929e+00
  1.0328170e-01
 -2.8054625e-01
 -1.9203706e-01
 -4.6092933e-01
 -1.0192597e-02
  3.6495691e-03
  1.3086835e-01
 -6.9259369e-01
 -6.6806018e-01
 -8.2930756e-01
 -1.3800530e+00
  2.9934350e-02
  1.4283894e+00
 -1.5425013e+00
 -2.1203326e-01
  2.9505873e+00
  1.7894505e-01
 -3.5400501e-01
 -4.7393745e-01
  3.7194681e-01
  6.8206489e-02
 -5.0023091e-01
  7.0275366e-02
  7.6516265e-01
  1.4197136e+00
  1.4783547e+00
  1.0766734e+00
  6.9992286e-01
 -9.7167367e-01
  2.2527556e-01
 -1.3848586e+00
  2.4678261e+00
 -2.6060021e-01
  3.3950245e-01
  1.1384520e-01
  4.4314542e-01
  2.8753462e-01
 -2.7434376e-01
 -3.4396353e-01
 -1.0953119e-01
  8.0577934e-01
  7.8243876e-01
  2.3678479e+00
  4.5218828e-01
 -7.6368190e-02
 -3.9958096e-01
 -1.1211512e+00
  5.7275027e-01
 -1.1783513e-01
  5.2884912e-01
  2.0227125e-01
  4.0521228e-01
 -1.1317249e-01
 -1.2233198e+00
 -3.7239400e-01
  8.2704926e-01
  4.2117603e-02
 -4.6795434e-01
 -1.3505011e+00
 -5.6969684e-01
 -4.9374077e-02
  7.7168280e-01
  9.1177389e-02
  1.5981893e-01
  2.8536618e-01
 -1.0348808e+00
 -1.6773689e-01
 -5.2710954e-02
 -1.9676580e+00
 -4.0496594e-01
 -1.7086949e+00
  6.0955518e-01
 -1.2599510e+00
 -7.2283119e-02
 -2.1359397e-01
  1.0358287e+00
  1.9710466e+00
  2.0037317e+00
  9.8255551e-01
  1.0538949e+00
 -4.0177330e-01
 -5.4212075e-01
 -1.9013227e+00
  2.5613027e+00
  5.8638704e-01
 -1.1079183e-01
  6.2260932e-01
  2.1434438e+00
 -2.1125586e-01
  6.6953802e-01
  4.4435254e-01
 -2.7244908e-01
 -1.2512791e+00
  2.7175429e+00
 -1.4222847e-01
 -1.0623538e-02
 -1.6120931e+00
  4.6333432e-01
 -2.6295435e+00
  7.1114421e-01
 -7.5874645e-01
  1.0071784e-01
  5.6900933e-02
  1.6533425e+00
 -4.5590594e-01
  1.8496662e+00
  1.7465353e-01
  9.8872505e-02
  4.7873631e-01
  3.4133804e-01
  3.3557367e-02
  1.5870109e-02
  1.1178042e-02
  5.2632149e-02
 -3.5509905e-01
 -1.6113499e+00
  2.3830700e-01
 -1.4422889e+00
 -5.7263690e-01
  3.5962662e-01
  1.5584818e-01
  1.0306238e+00
 -1.3423604e-01
  3.3409774e-02
  5.3036851e-01
 -7.8454089e-01
 -3.7446097e-01
  2.0145303e-01
  3.5580516e-01
  2.6953724e-01
 -8.6194456e-01
  3.5434482e-01
  1.0207187e-01
  4.9659163e-01
  9.3158376e-01
  5.1226032e-01
 -3.1363007e-02
 -1.7293942e+00
  1.2897774e+00
  1.0972659e-01
 -3.9341500e-01
 -1.8819942e+00
 -1.4872792e+00
 -1.1899918e-01
 -5.8148369e-02
  1.0844643e+00
 -1.2417041e+00
 -2.5923449e-01
  2.6370677e-01
  1.6096507e+00
 -1.6321145e-02
 -8.7339824e-01
  1.5398945e-01
  5.5202174e-01
  1.1923095e+00
  2.7954927e-01
 -3.6310467e-01
 -1.0210881e+00
  2.5800323e-01
 -4.6005044e+00
  5.7880908e-01
  4.5793441e-01
 -1.3649383e+00
  5.4987854e-01
  3.4378935e-02
  4.5846972e-01
  7.0170850e-02
  7.7905524e-01
  4.7847947e-01
 -5.9891117e-01
 -8.3310336e-01
  2.1688588e+00
 -7.0380133e-01
  1.6493070e+00
  2.3121989e+00
  1.0416515e+00
 -9.9409544e-01
 -3.4636307e+00
  6.3452132e-02
 -6.7752248e-01
 -2.5578979e-02
  4.3019316e-01
 -1.1788050e+00
  1.1301153e+00
 -4.4926111e-02
  4.4842753e-01
  1.2054642e+00
 -1.3763511e+00
 -1.8954873e-01
  6.2033957e-01
  5.2381601e-02
 -2.0349360e+00
 -1.7873070e-01
 -1.5844787e+00
 -3.0648774e-01
 -1.3232021e+00
 -6.2493075e-02
  3.4509608e-01
  4.4968364e-01
  1.0985253e+00
  2.2656915e+00
  1.0667174e-01
  1.6636071e+00
  5.8008617e-01
  1.3683159e+00
  1.0759618e+00
  1.3019607e+00
 -7.8179055e-01
  5.0543398e-01
 -1.3679309e-01
  3.0991096e+00
 -2.1396303e+00
  2.2606659e-01
 -5.5915155e-02
  4.3677315e-01
 -6.0178787e-01
 -2.5949040e-01
 -1.2950960e+00
 -1.7315114e+00
  4.5845561e-02
  1.6950405e-01
  6.9677764e-01
  1.3886454e+00
  8.2978791e-01
 -1.6722669e-01
  8.5236788e-01
 -2.1886353e-01
 -1.6001658e+00
  4.8629913e-02
  3.0888472e+00
 -2.6209600e+00
  2.1649469e-02
  8.0398059e-01
  6.8020925e-02
 -1.9912139e-01
 -1.4057468e+00
 -3.0105141e-01
 -1.2645402e+00
 -2.6005656e-01
 -4.7565246e-01
  1.1401424e-01
 -1.5676187e+00
 -1.1012066e-01
 -3.0261418e-01
  4.5563731e-01
  2.3374158e-01
 -2.5032654e-01
 -1.7849159e-01
  2.9717520e-01
 -9.0441144e-01
 -5.9987378e-01
  5.4402363e-01
 -3.2147047e-01
 -9.1192627e-01
 -8.8332033e-01
  3.6611521e-01
 -2.3988256e-01
 -1.5550705e+00
 -2.0664921e-01
 -3.8433063e-01
 -9.6436346e-01
 -1.6472225e+00
 -5.1451033e-01
 -1.9274549e+00
  4.0371412e-01
 -4.5996153e-01
 -5.7775646e-01
  5.4740820e-02
  1.2630273e+00
  7.7386516e-01
  3.1050837e-01
  2.2465963e+00
 -6.0316920e-01
  8.1501859e-01
 -7.4989170e-02
  2.8602977e+00
  2.0886761e-01
  1.9964397e-01
 -6.6773218e-01
 -3.0168993e+00
 -1.3543865e-01
 -2.1319222e+00
  1.7892396e-02
  3.7555531e-01
  2.7831945e-01
 -3.1760101e+00
 -3.9621674e-02
  1.6824048e+00
  8.2882118e-01
 -4.5749506e-01
  4.9844298e-01
  1.9046798e-01
  5.3937048e-01
 -5.4825589e-02
  2.2381963e-01
 -1.1732619e+00
 -3.6481342e-01
  1.2590476e+00
  3.6056852e-01
 -1.3782461e+00
  6.8950278e-01
  4.1441312e-01
  9.4020963e-01
 -8.3091074e-01
  9.1970168e-02
  1.0284227e+00
  2.2395503e-02
 -8.4161711e-01
  1.4001481e-01
 -8.3105111e-01
  2.2388530e-01
 -2.6422510e-01
 -3.7374741e-01
  2.9495162e-01
 -3.7739291e+00
  2.4227791e+00
 -1.5471013e-01
 -1.5255306e+00
  5.4996896e-01
  1.0728765e+00
  3.4902549e-01
  5.0151366e-01
 -3.1670755e-01
 -1.1948916e+00
  2.5959054e-01
  2.6211020e-01
 -2.1683161e+00
  1.4804591e+00
  1.8083638e+00
 -3.3392349e-01
  1.0078247e+00
  4.3982606e+00
  6.1014766e-01
 -1.4440908e+00
 -2.4380316e-01
 -1.3183810e-01
  5.5708033e-01
 -7.9134583e-01
  7.4503878e-03
 -1.1144400e-01
  1.5373689e+00
 -3.0040988e-01
 -1.9368228e+00
 -2.9069358e-02
  2.5190125e+00
  3.6047140e-01
  4.8416337e-01
  2.1844201e+00
 -1.1803631e+00
  1.6489524e-01
 -1.8741708e+00
 -4.9548167e-01
 -3.9598852e-01
  1.0429279e+00
 -1.4039637e+00
  3.2891354e-01
  2.0799813e+00
  2.2466734e-01
 -1.5155770e+00
 -7.3846853e-01
  9.5131540e-01
 -3.7121493e-01
 -6.4901058e-03
  7.7378398e-01
  9.9996664e-02
 -4.5139721e-01
 -1.0340254e-01
  1.4649515e-01
 -1.2298094e+00
 -7.1847433e-01
 -2.5802732e-01
  9.9797213e-01
 -1.2590503e+00
  1.9165355e+00
 -8.1168461e-01
 -1.2647511e+00
  2.2813134e+00
  1.8618670e+00
  2.3600590e+00
  4.2889804e-01
 -2.0630491e+00
 -1.0711008e-01
  1.9297497e+00
  4.1257977e+00
 -8.3214200e-01
 -7.2747749e-01
 -2.3240877e-02
 -1.1951100e+00
 -5.0907367e-01
 -1.0231235e+00
  6.8433332e-01
 -1.1004009e+00
 -2.3785501e+00
  1.3503546e-01
  3.2130558e-02
  1.3194170e+00
 -4.6925601e-01
 -9.0837055e-01
  5.8283097e-01
  1.7320199e+00
  3.0503303e-01
 -1.0708158e+00
 -3.9976630e-01
 -2.0957549e+00
 -8.4467106e-02
 -1.1586959e+00
 -5.5591065e-01
 -1.3477858e+00
 -1.1668003e+00
  5.4640610e-02
  4.3241307e-02
  1.1198794e+00
 -1.4312685e+00
 -1.0284244e-01
 -7.9305694e-02
  1.6512464e+00
 -2.8799355e-01
  1.0600255e+00
 -5.4957873e-01
  8.1695127e-01
 -2.8255948e-01
  2.9500265e+00
  3.3085397e-04
  1.0937353e+00
 -2.4417485e-03
  5.4209061e-02
  3.3530972e+00
 -6.0855940e-02
  3.4283143e-02
  4.9452880e-01
 -1.1035467e+00
  9.0279229e-02
 -3.7603873e-01
  5.5243802e-01
 -2.0463486e+00
  5.4783452e-01
 -1.1108062e-01
 -1.9413408e+00
 -3.2268086e-01
 -9.6082336e-01
 -8.8340694e-01
 -1.6804751e+00
 -1.4618629e+00
  1.4286566e+00
  1.9646086e-02
  4.0466681e-01
 -8.9309376e-01
  7.3287523e-01
  1.2790041e-01
  1.4757892e-01
  1.3876344e+00
  6.2410086e-02
 -7.4520819e-02
 -5.5630541e-01
  2.5314536e+00
 -1.2027013e+00
 -6.8269312e-02
  2.1240658e-01
 -3.7165958e-01
 -5.2347142e-01
 -5.8680329e-02
  7.3630017e-01
 -1.8562615e+00
 -6.1425811e-01
 -9.6266913e-01
  1.1990820e-01
 -9.6288437e-01
 -3.5192427e-01
 -2.6680064e-01
  1.0297993e+00
  7.4029589e-01
  2.0616262e-01
 -8.0045867e-01
 -1.5430531e-01
  1.4744203e-01
 -1.1217798e-01
  2.3735210e-01
 -8.8210404e-01
 -1.0569332e-02
 -6.1225951e-01
 -7.6517010e-01
  1.6111300e+00
 -2.0546149e-01
 -4.7737291e-01
  9.9543944e-02
 -1.1791298e-03
 -5.3335857e-01
 -2.5879329e-01
 -4.8249656e-01
 -3.8580924e-01
 -6.7858315e-01
 -9.6085119e-01
 -1.1537826e-01
 -7.8197998e-01
 -6.9016653e-01
 -6.9127405e-01
  7.0521221e-02
 -5.3518736e-01
 -1.2308891e+00
 -1.2105961e+00
 -3.4081107e-01
 -5.6037790e-01
  2.1277695e+00
  2.2189455e+00
  1.7103288e-01
 -4.2469990e-02
  3.4507771e+00
  1.3305938e+00
 -6.3491768e-01
  1.1658011e-01
  1.9108837e+00
  5.9094894e-01
 -4.2766762e-01
  5.2343130e-01
  5.0413311e-02
  4.5632619e-01
  1.8276340e-01
 -9.0132520e-02
 -8.4567636e-02
  7.6994479e-01
 -1.1562873e-01
 -9.2345260e-02
 -1.0779915e+00
 -3.0585313e-01
  9.9094528e-01
  2.9076580e-02
 -8.7920070e-01
  7.4571349e-02
  4.2456770e-01
  1.5156244e+00
 -4.9813323e-02
 -7.1679878e-01
  1.1942012e+00
 -4.5557010e-01
  5.0822183e-02
  1.0519018e+00
 -2.4990700e-01
 -5.4757583e-01
 -1.0068003e-01
  1.5618681e+00
 -2.9364610e-01
  9.0918976e-01
  1.5251604e-01
 -1.9628388e-01
  2.0285180e+00
  1.0633259e-01
  4.9519306e-01
  9.1629219e-01
  4.7221430e-02
  1.9286368e-02
 -9.7267157e-01
 -1.1799611e-01
 -8.2028908e-01
  5.8364636e-01
 -3.3184294e-02
 -1.2918292e-01
  1.7299159e+00
 -2.2729427e-02
  1.1036816e+00
 -4.5530930e-01
 -9.5767754e-01
 -6.6887814e-01
 -5.5978354e-02
  3.1531823e-01
 -2.1521423e+00
 -2.2351341e-01
 -7.8310752e-01
  1.5988065e-01
  4.1686705e-01
  1.4692774e-01
  3.5760063e-01
  1.9402762e-01
  1.2520566e+00
  2.6295140e-02
  1.9068167e-01
  1.3337668e+00
  9.6984869e-01
 -2.1092954e-01
 -1.0875802e+00
  1.1000985e+00
  4.3278229e-01
  6.3004172e-01
  6.9692332e-01
 -1.3241680e-02
 -1.7481425e-01
 -8.8467950e-01
  2.0974162e+00
  3.6513969e-01
  3.6306483e-01
 -1.7333367e+00
 -1.5324247e+00
 -2.5866740e+00
 -8.7166673e-01
 -1.6680243e+00
 -2.2006183e+00
  3.9531379e-03
  9.1269028e-01
 -5.6670463e-01
 -2.8120084e+00
  7.3991346e-01
  3.2305606e-02
  6.8303806e-01
 -9.3895727e-01
 -1.4322751e+00
 -8.4585190e-01
 -1.9981289e-01
 -3.9071509e-01
 -1.1479195e+00
  8.9498997e-01
 -1.2978849e+00
  2.2594501e-01
  1.7934189e+00
  1.7757017e-02
 -5.9128648e-01
 -1.5672698e+00
  1.9968040e+00
  1.2325812e-01
  1.0399154e+00
 -1.7278874e+00
  6.8428308e-01
 -2.1576774e-01
  9.6173602e-01
 -9.4659173e-01
 -5.6635475e-01
  4.1217890e-02
  9.2765820e-01
  1.4225066e+00
 -5.4424435e-01
  2.0316640e-02
 -5.9772432e-02
  2.5103586e+00
  7.7122879e-01
  2.9130036e-01
 -1.4890615e+00
 -2.5845220e+00
  3.5472229e-02
 -6.0779963e-02
  4.9728267e-02
  1.3309350e+00
  2.6665995e+00
 -6.1960346e-01
 -2.9797685e-01
  4.1629340e-02
  8.0815583e-02
 -7.7416472e-02
 -8.2160848e-01
 -1.0099689e+00
 -1.2141204e+00
 -2.4540138e+00
  5.1826119e-01
  1.5562974e+00
 -3.8384530e-01
 -2.3406945e-01
  6.6633618e-01
  8.2719225e-01
  3.4498945e-01
 -5.4561371e-01
  1.6612573e-01
 -8.2880437e-01
 -1.8746727e+00
 -1.4438741e+00
  1.4238621e-01
 -8.4260470e-01
  5.4842901e-01
 -5.4530971e-02
  5.3490043e-01
  5.5180472e-01
 -8.3852041e-01
 -1.5102886e+00
  6.1001164e-01
  8.1471866e-01
 -9.4455373e-01
 -4.8321590e-02
  1.5601270e-01
  4.5257315e-01
 -1.6067632e+00
 -3.1645820e-01
  1.7386926e+00
 -2.6593399e-01
  1.9499649e+00
 -2.3473046e+00
  3.7985065e+00
 -3.7119445e-01
 -1.5028304e+00
  1.9121832e-01
 -2.3563271e+00
  4.6486430e-02
 -2.7568529e+00
 -2.1018398e+00
 -5.4378640e-02
  7.2964765e-02
  7.6134372e-01
  2.3098383e+00
  2.6415706e+00
 -5.0089449e-01
 -1.7586125e+00
  5.2071059e-01
 -6.5319753e-01
  4.0855348e-01
 -1.1985145e+00
 -1.3645834e+00
  2.9905841e-02
  2.1677686e-01
  2.8445685e+00
  3.7600894e-02
  1.6779720e+00
  6.1033052e-01
  1.3130997e+00
  1.5023418e-01
  1.1341774e-01
  6.5150894e-02
 -2.6358825e-01
 -4.2831418e-01
 -1.6210191e+00
  2.7045488e+00
 -4.3467128e-01
 -1.1524664e+00
 -1.2717530e+00
  1.1312849e-01
  3.6707718e-02
 -9.1296995e-01
  5.6547046e-01
 -1.4077094e+00
 -1.0440651e-01
 -4.5940673e-01
  4.9799135e-01
 -2.2510016e+00
 -2.1368825e-01
 -9.0059666e-03
  2.3359172e-02
  2.3359172e-02
  2.3359172e-02
  2.3359172e-02
  2.3359172e-02
  2.3359172e-02
  2.3359172e-02
  2.3359172e-02
  2.3359172e-02
  3.7800722e-02
  3.7800722e-02
  3.7800722e-02
  3.7800722e-02
  3.7800722e-02
  3.7800722e-02
  3.7800722e-02
  2.9012233e-02
  2.9012233e-02
  2.9012233e-02
  2.9012233e-02
  2.9012233e-02
  2.9012233e-02
  2.9012233e-02
  1.3580502e-02
  1.3580502e-02
  1.3580502e-02
  1.3580502e-02
  1.3580502e-02
  1.3580502e-02
  1.3580502e-02
  5.7021868e-03
  5.7021868e-03
  5.7021868e-03
  5.7021868e-03
  5.7021868e-03
  5.7021868e-03
  5.7021868e-03
  1.2225810e-02
  1.2225810e-02
  1.2225810e-02
  1.2225810e-02
  1.2225810e-02
  1.2225810e-02
  1.2225810e-02
