nep4 2 Cu Se 
cutoff 7 4 101 21
n_max 4 4
basis_size 12 12
l_max 4 2 0
ANN 30 0
  1.7675109e-03
 -1.1527123e-03
 -4.5808828e-03
 -1.4614293e-03
  4.3313313e-04
  1.2687789e-03
 -2.8710244e-03
 -4.1227438e-05
  2.7993461e-03
  2.0819327e-03
 -5.6673987e-03
  7.8216046e-03
 -8.6770882e-04
  4.2417664e-03
 -7.5621315e-04
 -4.0713281e-04
  6.6477241e-04
  2.1860556e-05
  1.4960214e-03
 -5.3952902e-04
 -5.5012293e-04
  5.2828924e-04
  5.5229693e-04
 -2.8507099e-03
  4.5570021e-04
 -6.2087592e-04
 -2.9429202e-03
 -4.2900644e-04
 -3.9422656e-03
 -5.3937861e-04
  2.4502663e-04
 -1.6588996e-03
  1.2483060e-03
 -2.1102547e-03
  2.7929165e-04
 -3.7725980e-03
  6.9067685e-04
 -1.7429957e-03
  4.0066402e-04
 -4.8356308e-03
 -4.7711638e-04
 -5.7898196e-03
  1.5500098e-04
 -1.7701595e-03
 -1.1973660e-03
 -2.6626741e-03
  4.8933066e-03
 -1.8000453e-03
  3.5975799e-03
  1.6041338e-03
  4.2952020e-03
 -1.1822138e-03
 -3.9593163e-03
  1.6809151e-03
  1.8597837e-03
 -2.0842406e-04
 -1.9085745e-04
  1.9375773e-03
  3.7330440e-03
 -2.6933648e-04
  2.5316372e-03
  5.1180772e-03
 -3.5128598e-03
 -7.1417994e-04
 -4.0946631e-03
 -2.9288384e-03
 -3.0610111e-04
 -2.5473553e-04
  2.6858437e-03
 -2.0787483e-03
 -4.4691740e-03
  4.8019807e-04
 -4.9486086e-03
 -7.3467771e-04
  3.6832080e-03
 -4.1906885e-04
 -2.7991128e-03
 -1.3998165e-04
 -2.4055564e-03
  1.9036687e-03
  1.7358728e-03
  6.8974274e-04
  3.8338560e-03
 -6.9654512e-04
 -2.8856548e-03
  2.4436938e-03
  8.4336312e-04
 -1.7944181e-03
 -1.2296897e-04
 -1.2174230e-03
 -5.4925370e-01
 -2.7515110e-01
  4.3884358e-01
 -2.7053103e+00
  1.5978683e+00
  1.0708768e-03
 -2.6146606e-01
 -3.0129340e-03
  4.4665903e-01
 -2.6878461e-03
  6.0551810e-01
 -2.6038170e-02
  8.4546250e-01
 -4.0493611e-01
 -5.0601165e-04
  5.8176708e-01
 -6.2798631e-01
 -6.4271772e-01
  1.4168510e-01
  8.0916148e-01
 -1.1110741e-03
  8.5456343e-03
  1.3374058e-03
 -1.3125348e-01
  3.4891288e-03
  2.0004204e-02
 -1.3842422e-01
  5.0126570e-03
  6.5620251e-02
  1.3242783e-01
 -1.9436449e-02
 -5.7114702e-02
  1.6945769e-03
  3.8989133e-04
  4.1967383e-04
 -5.1639182e-04
 -3.2000053e-03
 -1.3356718e-01
  1.5916086e-03
 -1.1715079e-03
  3.7457421e-04
  2.3033242e-03
  4.6295994e-03
 -4.3242853e-03
 -4.9511185e-03
  1.2415363e-03
  1.0712476e-03
 -7.7560194e-02
 -1.2875837e-03
  3.6272191e-02
  2.5786215e-03
  1.6525852e-03
 -1.0222738e-03
 -8.3999918e-04
  2.9265269e-04
 -1.6593388e-03
 -5.9905634e-03
 -2.3868661e-03
 -1.1463807e-03
 -1.2815429e-03
  4.0781898e-03
 -2.1282572e-04
 -8.3711511e-04
 -7.1224861e-04
 -2.6273225e-03
 -1.3016895e-03
  2.0356448e-03
  1.8513938e-03
  2.8347697e-03
 -3.1962155e-03
 -3.7201252e-03
 -3.5137155e-03
 -7.7443372e-04
  3.6706105e-03
  1.9835655e-03
 -1.1296868e-03
  6.2478599e-03
 -6.0138677e-04
  1.2031914e-04
 -2.3985202e-03
  2.8481004e-03
 -1.4431938e-03
 -5.6664727e-04
  7.2240589e-05
  3.2564299e-03
 -1.6167562e-03
 -7.7041803e-04
 -1.7884779e-03
 -1.5148375e-03
  3.0420844e-03
  5.9776974e-01
 -1.1146583e-02
 -1.5018442e-01
 -3.6571723e-01
 -3.3765832e-01
  4.0647751e-03
 -1.2761974e-02
 -9.0023736e-03
 -6.8751245e-04
  4.1309922e-04
  1.2113045e-01
  2.7592327e-02
 -1.0175630e-03
 -1.6898449e-01
 -9.1946945e-03
  1.3948025e-03
  3.6817080e-01
 -8.5654758e-02
  1.3407227e-04
  4.3581285e-02
  6.5082835e-04
  2.1153945e-03
 -2.1533860e-02
 -8.5791294e-03
 -9.0136903e-04
  7.6971643e-02
 -2.2819471e-02
  5.6722970e-03
  6.7176961e-04
  1.0932535e-03
  1.5532253e+00
  1.4947276e+00
 -3.3388752e-02
 -5.9358948e-01
 -1.1954496e+00
  3.8344492e-03
 -7.5235697e-03
  1.3292575e+00
 -2.2452199e-03
 -1.1943052e-02
  3.2691319e-02
  1.0981628e+00
  1.0321422e-01
  5.1248586e-01
  2.8874886e-01
  6.6912747e-03
 -4.4072986e-01
  6.1300706e-02
 -7.4165745e-04
  3.8542089e-04
  1.1739112e-02
 -3.0648234e-01
 -8.0370624e-04
  4.9139559e-04
  1.3991575e-03
 -6.4131794e-03
  1.8059891e-03
 -2.9510236e-03
  2.5634198e-03
 -2.2119825e-04
 -1.3465497e+00
  1.9231513e-02
  4.6743769e-03
 -2.1337812e-01
 -3.7074426e-01
  8.7345596e-03
  9.6362259e-04
  2.2013918e-03
 -1.1572500e-03
  8.9379580e-04
 -9.5785619e-04
 -9.1041700e-04
  3.1087131e-03
  7.0451857e-03
  6.9627236e-03
  2.2094762e-02
  3.8582166e-03
  3.3290125e-03
  8.7935047e-04
  9.5454248e-04
  7.6209346e-04
 -8.3409481e-02
 -5.0542634e-03
  1.1161881e-03
 -4.4601429e-03
  2.4544147e-03
  9.6647730e-03
 -8.0361997e-04
  3.1604322e-03
  3.0794763e-07
 -1.9437081e-01
 -1.0182746e-02
  1.4333816e-03
 -5.3953641e-04
  1.9618508e-03
 -2.4249353e-03
 -4.6584953e-04
 -2.1751914e-03
 -4.6516433e-03
  3.3885974e-04
 -8.7585364e-04
  2.1076384e-03
 -2.3569074e-03
 -5.0331135e-03
  9.1866637e-04
 -2.2403232e-03
 -9.3056686e-04
 -1.8249296e-02
 -1.9815494e-03
  1.1976865e-02
 -8.4258994e-04
  1.6278618e-03
  3.9428892e-03
  3.4299697e-04
  6.7019631e-04
 -4.2283526e-03
 -8.8058300e-03
  2.6460721e-03
  4.0507847e-03
  3.7359232e-03
 -9.2819352e-03
 -9.9440606e-04
  6.9028465e-04
  1.5679653e-01
 -4.7657513e-03
 -5.7260488e-04
  8.7305502e-04
 -6.5582194e-03
  5.0749378e-03
 -4.0284721e-03
 -3.0519839e-03
 -4.1191859e-05
 -6.5850891e-04
  2.2185976e-03
 -1.1279210e-03
  2.1900509e-03
 -3.4964236e-05
 -3.3482090e-03
  1.6876165e-03
  4.7058468e-03
  8.7076239e-04
  7.3829544e-04
 -1.3151078e-02
 -1.0110966e-03
 -1.6049063e-04
  3.8507353e-03
 -6.8747520e-04
 -1.7382312e-03
 -6.0769278e-05
  8.0177765e-03
  1.4895399e+00
  2.1280144e-01
  3.6739111e-03
 -2.0361480e-01
  3.0216056e-01
  3.8812980e-03
 -2.4203391e-01
 -6.8537612e-04
  4.0755151e-03
  5.2413121e-02
  6.5528408e-02
  2.4600397e-01
  1.9434977e-02
 -2.9839945e-03
  1.3525595e-01
  6.4018182e-03
  4.8256755e-01
  1.4620916e-02
  4.1416209e-02
  1.6851260e-01
  2.2951212e-04
  1.1806633e-01
  6.1753253e-03
 -4.9491178e-02
  6.3475915e-03
  6.9460721e-04
 -1.1360538e-02
  9.1047427e-03
  1.2773481e-03
 -1.4493625e-02
  8.6761039e-01
 -5.4350194e-02
  7.8829545e-01
  2.4792691e-01
 -3.7152460e-01
  2.0002335e-02
  4.9009854e-01
  4.1853685e-02
  8.2294474e-04
 -4.6014138e-03
 -4.9975532e-01
  6.8990804e-02
 -9.2251606e-02
  2.8512059e-03
  1.7899947e-02
 -8.6395880e-03
 -4.0066546e-01
  3.9491732e-02
  7.7908479e-02
 -1.0663007e-03
  7.1011297e-03
 -4.4275507e-01
  1.2633412e-03
  2.8569371e-02
 -3.5943467e-02
  5.0368556e-03
  5.6296736e-03
 -8.4430680e-02
 -3.2412060e-02
 -2.4475877e-01
  2.4108555e+00
  1.9937842e+00
 -2.0391560e+00
 -5.6020218e-01
  1.2513213e-01
  6.1359227e-01
  3.3221298e-01
 -2.9436051e-05
 -1.1664208e+00
  1.9980111e-04
 -3.0514753e+00
 -8.5364318e-01
 -8.2927249e-02
  4.4174874e-03
 -1.1702095e+00
 -7.1613455e-01
 -1.7614343e+00
  1.4198436e+00
 -1.1288599e+00
 -8.7412387e-01
  3.2681529e-03
 -9.7361767e-01
 -3.1789371e-01
  1.5947055e-02
  6.5515691e-04
 -4.3778506e-05
  5.6004965e-01
 -4.7006544e-01
 -5.0710344e-01
 -1.1202333e+00
 -7.4124604e-01
 -2.5790941e-02
 -1.9521227e+00
 -7.9182345e-01
  1.3950361e+00
  5.5935186e-01
  1.3205732e-01
  4.1642460e-01
  2.8066078e-02
  4.1545719e-01
  3.2839764e-02
  1.2302699e+00
  6.0021013e-01
  6.2234801e-01
  2.0562823e-01
 -4.1023823e-03
 -1.4958466e+00
  5.4147029e-01
 -4.5969123e-03
 -1.0665522e-01
  3.5832644e-01
 -3.9405280e-04
  5.9298497e-01
  4.8842721e-02
  5.3316890e-03
 -1.7809671e-01
  2.5162351e-01
 -1.9528410e-01
 -9.0087336e-03
  6.1453023e-04
 -4.7637708e-03
  2.6878761e-04
 -4.4144769e-03
  2.0424977e-03
 -9.1276976e-04
  1.3694444e-04
 -1.5472745e-03
  6.6109851e-04
 -1.9404044e-03
 -3.8162181e-03
  1.6551549e-03
 -5.8197335e-04
  7.4543767e-03
 -3.5472611e-05
 -2.6404359e-03
 -1.2088786e-03
 -3.3410033e-06
  2.6330634e-04
 -1.1511007e-03
  2.8605689e-04
 -7.5459515e-04
  7.5452367e-04
  1.0031557e-02
  9.8547479e-04
  3.0447314e-03
 -8.3879521e-03
  1.9755115e-04
  2.5556487e-04
  1.5766299e-04
 -2.0544592e-04
 -1.0762423e+00
 -1.2197869e+00
 -1.3546605e+00
  3.0831781e-01
 -5.3802234e-01
  2.7819142e-01
  8.1963307e-01
  2.9439318e-01
  8.6044379e-02
  8.2167991e-02
 -1.1492527e+00
 -2.8795898e-01
  9.9971071e-02
 -1.4446533e-01
  1.4149654e-01
  1.3686811e+00
 -5.0169247e-01
  3.2697338e-01
  5.9895706e-01
  7.6148939e-01
  1.5100591e-02
 -7.0092864e-02
  9.5634013e-03
  8.7532276e-01
 -3.7050294e-03
 -5.2826344e-03
 -3.3059076e-04
 -1.3190086e-01
 -5.0538755e-03
 -1.8330477e-01
 -3.9897244e-03
  1.8874291e-01
 -1.5575662e-03
 -1.6974111e-04
  7.5059580e-03
  2.1345627e-03
  6.1114505e-04
 -1.1830922e-02
  4.6171481e-03
 -3.0315551e-03
  1.9210940e-03
  4.2593398e-05
 -3.0188006e-04
 -6.3811132e-04
  2.4829726e-03
 -4.2648106e-03
  3.6567058e-02
 -4.1994732e-03
 -1.5622063e-03
 -8.2496442e-03
  6.4441329e-04
  7.1989548e-01
  1.6349994e-03
  2.0594033e-04
 -1.4706656e-03
 -1.5722923e-03
  8.7585952e-04
  2.4542469e-03
 -1.2166714e-03
 -1.0626161e-04
  5.5922300e-01
 -9.0602738e-01
  6.8479741e-01
  6.6179550e-01
 -2.0808275e+00
 -3.3365097e-04
  1.8959936e-03
 -7.7568585e-01
  9.4207586e-05
  2.3972406e-03
 -9.9347079e-01
 -5.8335841e-01
 -7.1819973e-01
  3.3200122e-03
  4.4062298e-02
  2.6205352e-01
 -8.3807546e-01
  2.7220580e-01
 -2.3148985e-01
  5.0897986e-02
 -4.2902637e-02
 -3.0554539e-01
 -1.8967208e-01
 -7.6695252e-04
 -2.2497305e-01
  2.0702193e-03
  8.6637158e-03
  4.3013040e-04
 -8.8859908e-02
 -2.4969046e-01
 -6.9726998e-01
  6.0174257e-01
  3.5398898e-01
  1.2268052e+00
  7.7484655e-01
 -9.6409209e-03
 -5.2854586e-01
 -9.9673726e-02
 -9.2667115e-01
 -8.6381781e-01
 -2.8885484e-01
 -1.1491633e-01
  5.4056329e-01
 -2.5041208e-01
 -6.8219110e-02
 -1.7489599e-01
  1.2396589e-01
 -7.7936143e-02
 -1.4996547e-01
 -3.9567107e-01
 -4.1215211e-01
  4.6476614e-01
 -4.4502744e-01
 -2.9452029e-01
  3.4612539e-01
  6.7961442e-01
 -3.5031146e-01
  4.8838202e-02
  6.3982662e-03
 -2.0103119e-02
  5.2456957e-01
  5.8987492e-01
  1.2653798e+00
 -3.4194368e-01
 -3.2244799e-01
  3.2017844e+00
 -2.9907656e+00
 -1.3744347e+00
 -2.0182618e-01
 -7.7049154e-01
 -5.9787947e-01
  2.5322967e+00
 -1.0963553e+00
 -2.9648472e-02
  6.2092986e-02
  9.0361834e-01
  7.5760704e-01
 -7.4494582e-01
 -1.5423557e+00
 -1.9238405e+00
 -4.3930414e-01
  2.5878450e-01
 -2.5446090e-01
 -7.5584090e-01
  2.5306754e-03
  5.6878299e-01
 -4.1395694e-01
  2.0501735e-03
 -4.3044440e-03
  3.1018193e-05
 -4.0618339e-01
  2.8746983e-01
 -1.7112781e-01
  2.5815694e+00
 -4.9414754e-01
  2.4219407e-01
  3.0529499e-01
 -1.5581062e-04
 -1.5036163e+00
 -4.5959069e-03
 -5.3021443e-01
  5.7012245e-02
 -2.8154689e-01
  4.7860770e-03
 -3.4962171e-01
 -5.9065003e-02
 -2.2499922e-01
  8.9447293e-03
 -5.3200781e-01
 -9.2139371e-02
  1.0148645e-04
 -3.2602897e-01
 -2.4929311e-04
  3.1742433e-03
  4.0002194e-01
  2.3363943e-03
  3.4747321e-02
 -1.4334729e-02
 -9.1366000e-02
 -5.3845298e-01
  7.8822523e-02
  3.5639554e-01
  3.6747295e-02
  2.3200342e-01
  8.5291825e-02
  1.9559479e-01
  2.0184185e-02
  3.9969769e-01
  3.0127458e-02
  1.7908633e-02
 -8.0493152e-02
 -5.8732444e-04
  4.1163573e-03
  1.3744036e-02
  5.3267246e-01
 -7.0037395e-03
 -7.5224943e-02
  2.9715082e-01
  2.4100256e-03
 -8.1408449e-02
  2.1128570e-01
  9.8821858e-04
  1.1238033e-01
  8.7240316e-02
 -1.1686554e-02
 -1.1123183e-01
  4.4848672e-03
 -1.2845313e-03
 -1.6579264e-01
  5.8513726e-03
  9.9496180e-01
 -1.4809665e-01
  4.2010137e-01
  5.1429164e-01
 -9.0154237e-01
 -3.3568288e-04
 -4.5749419e-03
 -5.9679157e-01
 -1.6873641e-01
 -9.6670911e-02
 -2.6651445e-01
 -8.1597358e-01
 -1.1614004e+00
  6.3265580e-01
 -9.7718962e-02
 -2.6931709e-01
 -6.7235392e-01
 -1.3180550e+00
 -3.6705983e-01
  1.3058605e+00
 -1.8893906e-01
 -5.8508940e-02
 -4.0677229e-01
 -5.7912614e-02
 -2.2917571e-03
  4.5391199e-01
  3.0913472e-04
 -1.5255538e-03
 -2.7624357e-03
 -5.2443523e-02
  7.2709040e-04
  3.0260984e-02
  6.5051951e-05
  2.1552327e-03
  7.3628017e-04
 -2.5734359e-03
 -1.7300404e-03
 -8.8487938e-04
  1.7807425e-03
  2.1955823e-03
  3.2729844e-03
  8.2584796e-05
 -6.8372525e-03
  7.7271502e-04
 -2.2668852e-03
  5.4010865e-03
 -4.8729470e-03
  1.7187989e-04
  4.4013592e-03
  5.7165575e-04
  1.8654766e-03
 -2.1786003e-03
  5.0003659e-03
  1.7544450e-03
  2.6100338e-04
  1.3354141e-02
 -1.2336363e-04
 -1.6540245e-03
 -2.3023672e-03
 -1.9532947e-03
  7.7974633e-04
 -2.3365618e-01
 -1.1967312e-02
  1.7089236e-03
 -2.9885597e-03
 -3.1081606e-03
 -1.3310598e-03
 -1.1456689e-03
  4.8533513e-04
 -4.9669377e-04
 -7.4980203e-03
  3.3067804e-04
 -1.8946439e-03
 -6.2902062e-04
 -2.4281088e-03
 -3.7186053e-03
 -2.5633248e-03
  6.8560112e-03
  2.8341496e-03
 -1.6916334e-03
 -2.1211707e-03
 -3.2205886e-04
  3.9661536e-06
  1.0377236e-03
  1.7308173e-03
  1.1233209e-03
  4.6329587e-03
 -1.9493545e-03
 -8.1687380e-04
 -5.5436189e-03
  1.0023227e+00
  6.0968626e-01
  5.2897632e-01
  1.0727266e+00
  6.9388747e-01
 -7.7110277e-03
  4.3737520e-02
  1.1694641e+00
 -1.9129014e-03
 -8.7051149e-03
 -1.2980345e-01
  2.9272249e-04
  8.5644644e-01
 -5.8280170e-01
 -1.7445189e+00
  1.0400954e-01
  1.8325865e+00
 -2.5826743e-02
  6.0434330e-02
  7.8955479e-02
  1.9923836e-02
  1.3527684e-03
  7.6978095e-03
  2.3106724e-01
  3.5550946e-01
 -1.5547529e-03
  2.9391861e-03
 -5.5417023e-03
  3.4947676e-04
 -3.3419426e-03
  5.3076610e-02
 -4.5176771e-02
  7.2541887e-01
 -6.6414112e-01
  1.1811730e-01
  3.1353202e-01
 -1.6927736e-01
  5.7880002e-01
  7.8223288e-01
 -1.5716907e+00
 -3.6869866e-01
  2.9970998e-01
  5.9836620e-01
  1.1711189e+00
 -6.9579476e-01
  3.1398373e+00
 -2.5741401e+00
  1.3033199e+00
  4.6768930e-02
  1.3416064e-01
  3.4165362e-01
 -7.2788185e-01
  8.9770579e-01
  8.3386086e-02
  6.4376360e-01
 -7.4069965e-01
 -9.9360961e-01
 -6.3974112e-01
  7.3031217e-02
  1.6310312e-02
  1.5671019e-01
  3.6696214e-03
  3.3759568e-03
 -1.1998994e-04
 -3.7432616e-04
 -9.8289887e-04
 -1.9651894e-03
 -1.0724295e-02
  3.2002018e-03
  1.8519838e-04
 -6.1568678e-03
 -4.4814515e-06
 -2.3409631e-03
 -1.3535745e-03
 -3.9380570e-03
  4.3634418e-03
 -1.5416522e-02
 -3.9140163e-03
  7.4807834e-03
  5.4699164e-03
  9.8669284e-04
 -4.3444237e-04
 -1.7637177e-04
 -4.4227187e-03
 -1.9592000e-03
 -2.7239299e-04
  7.6302723e-04
  2.1740124e-03
  1.4101600e-04
 -1.4621830e-03
  6.5582488e-03
 -1.9133964e-03
 -5.8610588e-03
 -6.7457400e-04
  3.5928704e-03
 -3.2038060e-03
  1.4600999e-03
  9.7668672e-04
  1.5366084e-03
 -1.7848935e-03
 -8.7679108e-04
 -5.6913877e-03
 -6.9301968e-05
 -3.6347032e-04
 -3.0662981e-04
  1.8215212e-03
 -3.7635779e-03
  5.9969714e-03
  2.4070116e-03
 -2.3525434e-03
 -9.8417018e-05
 -9.3304919e-04
  1.4889035e-03
 -2.7922280e-03
  2.9428948e-03
 -1.5148723e-03
  1.1847075e-03
 -3.8029957e-03
 -1.2035755e-04
 -1.5109142e-03
 -5.6195566e-03
  1.2223155e-04
 -5.3407256e-03
  1.0888693e+00
 -8.7774370e-04
  5.7128724e-04
  5.5970031e-01
 -4.1499138e-01
  1.3126514e+00
 -8.0420281e-04
 -2.2934168e-05
 -1.3150984e-01
  2.1382217e-01
 -1.3854657e+00
 -2.5584510e-01
  3.6179682e-04
 -6.2233984e-01
  5.8662513e-04
 -2.0034409e+00
 -3.4231079e-01
  1.6165693e-01
  8.1647468e-01
 -1.1646603e-01
 -1.7645996e+00
  4.6411655e-03
  1.3377925e+00
  6.6477484e-01
  1.5017676e+00
  5.3118973e-04
  1.1397017e-01
 -1.6200059e-03
  2.9075223e-03
 -1.0978148e-02
 -2.0189041e-01
 -9.7265325e-02
 -1.2146760e-02
 -3.1316847e-01
  1.9086500e-01
  9.3084499e-02
 -9.4327591e-02
 -3.1516608e-02
 -4.5666859e-01
  5.4821980e-01
  2.6703668e-01
  2.5012586e-01
  7.5002499e-03
  4.1338336e-01
 -6.1674409e-02
 -3.9524770e-01
 -4.6937442e-01
 -3.7831405e-01
  9.4046098e-01
  2.6871586e-01
 -3.1012288e-01
  1.1287211e-04
  4.8304806e-03
  1.1532750e+00
  1.8175824e+00
 -9.2217833e-02
  4.9609900e-02
 -4.3044775e-03
 -2.0671492e-03
  2.8543961e-03
  3.9313603e-03
 -2.1591011e-02
 -1.6691703e-03
 -2.4333394e-03
  3.2227738e-03
  7.2726347e-03
  1.4757426e-03
  8.2893763e-04
  6.0461025e-05
 -1.6679111e-03
 -1.0737330e-04
 -8.8436604e-03
 -4.3231770e-03
  2.4959212e-03
  6.0044369e-04
 -3.0056224e-05
  1.3175171e-03
  1.4212565e-04
  2.1071944e-03
  1.0024869e-03
  1.8704261e-03
  1.2967353e-03
  6.0499329e-03
 -1.5888176e-03
  2.8327615e-03
  1.1203728e-03
  2.7544331e-04
  8.5254181e-03
 -5.0841947e-04
 -3.7551976e-03
  2.5608510e-02
  3.8291605e-03
 -8.2555029e-04
  3.8616208e-04
 -7.2591202e-03
 -1.1438157e-03
  5.6931318e-04
  4.9185008e-04
 -5.1169627e-04
 -2.0862469e-03
 -1.7876122e-03
  2.1792091e-03
 -2.3058129e-03
  5.2523526e-04
  2.5828071e-03
  5.3386996e-04
 -5.4727664e-04
 -4.0957220e-03
  1.9888239e-04
 -3.0186289e-04
  8.5795799e-04
 -1.1194358e-03
  1.3117888e-04
 -6.8938936e-04
 -1.9163359e-03
  9.6979941e-04
  2.4865107e-03
  7.8715429e-02
 -2.3863168e-02
  2.6465285e-01
  1.5413745e-01
 -2.0791988e-01
 -1.3507143e-04
  1.9525671e-01
  5.9267443e-02
 -5.8949767e-03
  1.3408747e-01
 -8.0789261e-02
 -6.4736158e-02
 -1.0786881e+00
 -3.3736671e-03
 -1.3633919e-01
 -3.7671900e-03
 -2.3129139e-02
  4.5823386e-01
 -2.7255472e-02
 -2.4257677e-02
 -4.1207738e-02
  3.6856220e-03
 -4.3171555e-01
 -3.2446657e-03
  1.9682941e-03
 -2.6560591e-03
  1.2639883e-03
  2.7460172e-03
 -5.7581789e-04
  4.6273870e-03
  3.7633262e-03
 -2.2908501e-04
 -1.1839470e-03
 -2.3468095e-03
 -1.7461467e-03
 -2.3024078e-03
  8.0868363e-04
 -1.2429115e-02
  3.3135586e-03
 -2.3167329e-03
  3.5433797e-04
  1.6604816e-03
 -1.7288432e-04
 -3.9787167e-03
  5.9850904e-04
  2.7626548e-03
  7.7378540e-04
  4.5333491e-04
 -5.8023806e-04
 -1.4426260e-03
  1.4517857e-03
  1.8816747e-03
 -2.2920391e-03
  1.6083695e-04
  3.2956528e-03
 -1.2340377e-03
  2.1439984e-03
  3.2002446e-03
 -3.2167276e-04
 -3.0763233e-03
  5.1947203e-02
 -8.9390215e-04
 -3.1598203e-04
  1.4239763e-01
  1.8411826e-02
  1.5676497e-03
  2.9831287e-04
 -2.4014604e-03
  1.1318591e-03
 -3.3662065e-03
 -2.9968836e-03
 -1.3995764e-03
  1.7852936e-03
  1.4028073e-03
  4.4020382e-03
  2.3942164e-03
 -3.8054018e-04
 -5.9197616e-04
  2.7355802e-04
  2.7113603e-03
 -2.9465163e-03
  1.7463445e-03
 -5.1872549e-03
  2.8181721e-03
  3.8260391e-03
 -3.4548065e-03
  4.0383707e-03
  7.5234757e-03
  1.7569669e-03
  3.3644694e-03
 -1.0185374e-01
 -1.0871913e+00
 -4.1563806e-01
 -1.3550937e+00
 -1.4399433e+00
 -6.2929713e-03
 -3.7522352e-01
  1.5231957e-01
  2.0286487e-01
  6.7983434e-02
  2.8154004e-01
 -3.0234566e-01
  1.0031179e+00
  1.7345054e-01
 -1.1739551e+00
 -6.8228890e-04
  6.3848561e-01
 -5.2232820e-01
  5.9194658e-03
  4.2626768e-02
  6.4542040e-02
  1.7873210e-01
  5.7421293e-02
 -2.6236679e-03
 -1.4467861e-01
  1.4230429e-02
  7.1463222e-03
 -3.2353386e-02
 -5.4470357e-04
 -1.5004966e-03
  3.6722714e-01
 -1.0627916e+00
 -1.4771332e+00
  2.5358504e-01
 -1.5500191e+00
 -1.4139677e+00
  5.3133839e-01
  2.0260647e-01
  9.4837201e-01
 -8.2352078e-01
 -3.4845540e-01
  2.7711996e-01
 -1.1956058e+00
  8.6196470e-01
 -2.7681026e-01
 -1.8167263e-03
  7.2937500e-01
  7.2786704e-02
  1.5179841e-02
 -8.6310101e-01
 -2.9724711e-03
  8.7387288e-01
 -2.5553504e-01
 -1.5178690e-02
  8.7325536e-02
  7.3159073e-04
 -1.4333683e-01
  8.3601178e-04
 -5.0302693e-03
  2.1019898e-01
  3.0456297e-03
  9.4603650e-02
  2.1457509e-04
  2.9383129e-03
 -1.3723305e-02
 -3.6063418e-04
 -9.5369411e-05
 -1.3743214e-03
 -4.4306810e-04
  2.4340013e-03
 -3.5761308e-03
 -2.7612944e-03
 -6.9681425e-03
  1.3635694e-03
  6.8136062e-03
 -5.3027197e-04
 -1.2916476e-03
  1.3395881e-03
  4.7199591e-03
 -5.9016031e-05
  1.7669330e-03
 -4.1299561e-04
  3.1591672e-04
  7.2831586e-03
  5.2853528e-04
  2.0099299e-03
 -2.6332098e-03
  8.6062925e-04
  1.7503034e-03
  5.2528235e-04
 -2.1286891e-03
 -7.2133929e-01
  4.0198483e-02
  1.2308114e+00
 -7.6590395e-01
  3.6481011e-04
 -5.4463651e-02
  3.6517455e-04
 -2.6574058e-03
 -8.5397228e-04
  1.5878826e-03
 -1.7450778e-03
 -2.4366716e-03
  2.5712338e-03
 -3.8489979e-04
  3.4352960e-03
 -4.3115146e-03
 -4.1758886e-04
 -6.9198140e-05
 -7.1424507e-03
  5.9161773e-03
  1.6985309e+00
  4.3348260e-03
  6.6713244e-04
  2.7405802e-02
 -2.1957709e-03
 -2.1256362e-03
 -4.0116697e-04
  4.0713465e-03
 -1.3206942e-03
 -1.3117159e-03
  8.1677060e-04
 -1.7723555e-04
 -3.6747730e-04
 -1.8280238e-04
  1.7986491e-03
  3.4186835e-03
  1.7302150e-03
  4.4297804e-03
  2.8315897e-04
 -9.0638432e-04
 -4.9541832e-04
  1.2343867e-03
 -4.5715590e-04
 -7.7355548e-04
 -1.4751591e-03
 -1.6425014e-03
  1.0322256e-03
 -1.1216381e-03
  7.9504224e-03
 -1.2398779e-04
 -3.3953255e-03
 -8.7916595e-04
 -1.8333331e-03
  1.4572532e-03
  2.3527208e-03
  3.2890792e-04
 -3.4030247e-04
  7.8567641e-04
  8.9688110e-04
 -6.6080166e-04
 -3.4773743e-03
  9.6548715e-04
 -7.8693982e-03
  7.0090446e-04
 -1.0749074e-02
 -4.6528692e-04
 -7.1503990e-03
  2.9829512e-03
  1.7635960e-03
  6.0125696e-03
 -2.1379092e-03
 -3.9147288e-03
  9.9199056e-04
  5.0170668e-03
 -4.8138998e-03
 -6.7786477e-04
 -1.9157679e-03
 -4.0616316e-04
 -2.9737768e-03
 -4.2410148e-03
 -1.2662812e-03
  3.5565444e-03
  1.4597373e-03
 -5.6376965e-03
 -2.1001147e-03
  3.3321494e-04
  2.3511128e-04
 -1.6676597e-03
  3.1168805e-04
  1.4751439e-03
  5.2108122e-03
 -1.2526106e-03
  4.2213486e-03
 -2.0183279e-04
 -4.0130448e-03
 -1.4737933e-03
  3.5562497e-03
  2.6522656e-03
  7.8116189e-04
  1.6180184e-03
  2.4180906e-03
 -2.9903729e-03
 -4.5785722e-03
 -6.1804075e-03
  7.6115611e-03
 -3.1285798e-03
 -2.2431109e-03
 -7.7906847e-03
  2.2869236e-03
  1.4208654e-03
 -6.6508446e-03
  4.5054842e-04
 -9.5706908e-03
  4.8476039e-03
 -2.2740918e-05
 -4.2658634e-03
 -9.7691012e-04
  1.4926484e-03
  1.8526420e-03
  2.3937039e-03
  1.6689161e-03
  9.4349933e-05
  2.0885859e-03
 -3.8355174e-03
 -6.7281951e-03
 -1.1397731e-02
 -1.3098291e-03
 -3.3427479e-03
 -1.0314541e+00
  2.0008325e-03
 -1.1060268e-03
  2.1920872e-03
 -1.3615522e-03
 -1.6116656e-03
  1.3983032e-03
 -5.2235289e-03
 -3.1821094e-03
 -1.4888600e-04
 -9.6833855e-03
  1.1317113e-03
  3.4388569e-03
  2.7266503e-03
  2.3025903e-05
 -2.2210376e-03
  2.9548374e-03
 -5.2988296e-03
 -1.2808021e-03
 -1.0325052e-03
 -4.8988257e-03
 -4.8217840e-02
 -5.2969068e-01
  2.2461167e-01
  9.9160261e-02
 -5.2310812e-01
 -8.7349957e-01
 -1.8514279e-01
  2.4858322e+00
 -1.1761848e-01
  2.4283966e-03
 -1.0923920e-01
  2.9198256e-01
  4.4876915e-01
 -3.9458498e-01
  8.4394187e-02
 -3.8985917e-01
  1.5800099e-03
  1.6189088e+00
 -8.2849956e-01
 -1.4163335e-01
 -6.1366683e-01
 -1.4998068e-03
 -2.8445948e-02
 -2.5167215e-01
 -1.2079162e-02
 -1.0390281e-03
  9.4469939e-04
  1.0896689e-02
 -4.6772614e-02
  8.6370041e-04
 -3.6800781e-04
  5.1147800e-02
  1.2633817e-02
 -6.8117720e-01
 -2.9126620e-01
  1.6649425e-03
  9.5981127e-04
  9.0243702e-04
 -1.9451159e-03
  4.7899042e-03
  7.3071598e-04
  1.2681836e-03
  4.6079652e-03
  2.2714824e-04
 -5.3273584e-04
  2.7015450e-04
 -7.3888833e-03
  1.8578771e-03
  1.3299112e-05
  1.5163934e-03
 -4.7610719e-03
  1.4852716e-03
 -3.6926332e-03
 -3.6364014e-04
  1.9175123e-03
  8.6337421e-04
 -2.6639882e-03
 -4.7273876e-05
  3.7396534e-03
 -1.7163798e-03
 -7.0779222e-01
  1.1870680e+00
  1.7033834e+00
 -4.1089916e-01
  6.6673368e-01
  2.8767986e-02
  6.8247615e-04
 -4.3697160e-02
 -9.2483139e-01
 -6.4535491e-02
 -4.2418581e-03
 -5.0743002e-02
  6.7634040e-01
 -9.9247867e-01
  8.6358941e-01
  2.6226244e-03
 -6.0094975e-02
  2.7148628e-03
 -6.3172415e-02
  7.6238834e-04
  1.5774817e-03
  6.6111010e-04
  1.5070435e-01
 -2.0075920e-03
 -2.7202878e-03
 -2.0858236e-03
  3.3508107e-02
  3.7307639e-03
 -1.8050973e-03
 -1.0121975e-02
  1.4194129e+00
 -1.1717428e+00
  4.9391054e-02
 -6.8449003e-01
  1.7484307e+00
  3.2544017e-01
 -1.1824596e-02
  5.9970893e-02
  9.6004832e-01
  1.1679704e+00
  7.2533602e-01
  3.8399495e-02
  5.9269794e-04
  4.3435669e-01
 -9.9668992e-01
  5.0043869e-01
  3.2257367e-02
 -1.2553231e-01
  4.1279590e-01
  9.7057438e-01
  5.8333224e-01
 -1.8369054e-02
 -2.2546934e-01
  6.6829371e-01
 -1.0597837e-01
  9.8862294e-03
  4.2936212e-04
 -3.1156139e-03
  1.0880560e-02
  6.5675261e-03
  5.2187990e-02
  1.3212478e-02
 -8.0207907e-02
 -3.6762059e-02
 -3.6133423e-03
 -2.1696035e-03
 -2.1195533e-02
 -2.3013605e-01
  8.3818624e-04
 -1.6870891e-03
  3.9024121e-04
 -2.8445993e-03
  1.6441324e-01
  9.7726821e-04
 -8.8678098e-01
 -2.8524228e-04
  6.7069354e-03
 -3.4762481e-03
  2.3086821e-03
  2.6835543e-03
  1.6382068e-02
 -4.4250105e-02
  8.1814546e-03
  4.7766715e-03
 -3.1564567e-02
  1.1673397e-03
  9.2827938e-03
 -1.6149044e-03
  8.2883509e-03
 -1.4397067e-03
 -3.9178240e-03
 -3.9251200e-03
  2.5912642e+00
  2.4733162e-03
  1.4665718e-03
  4.9840207e-03
  3.2839330e-04
  4.3385616e-03
  1.3077038e-04
  6.3989502e-03
 -1.1599214e-03
  5.1450217e-03
  2.5990378e-04
  6.4818715e-03
 -1.3695948e-03
  3.7146395e-03
  1.6420317e-03
  2.4387180e-03
 -1.1454116e-03
  2.1226043e-03
  1.1668022e-03
 -3.0277269e-03
 -4.0401798e-03
  1.2435445e-04
  1.3472742e-03
  3.5666302e-03
  6.0555292e-04
  7.5557181e-03
  1.3735060e-01
  1.8592160e-03
  1.5568986e-03
 -2.3215695e-01
 -1.7907724e-02
  1.2748510e-01
 -4.1741725e-02
 -8.4218878e-04
  1.1913120e-03
 -4.4559510e-03
  3.0714993e-03
  2.1560350e-03
 -3.2428163e-03
  4.3114703e-03
  2.5322849e-03
  5.4283690e-02
 -4.4491608e-03
  1.1381529e-03
  3.8036430e-04
 -2.1922567e-03
  5.5614626e-04
 -8.0228420e-03
 -3.3685062e-03
 -8.4328414e-05
  4.7960007e-03
 -3.7435815e-04
 -2.4267808e-03
 -2.8595501e-03
  3.2360214e-03
 -4.3422142e-03
  2.8462415e-03
  3.2062616e-02
  1.0182945e-02
 -1.4358404e-01
  2.8653824e-01
 -1.6865294e-01
 -1.1492693e-01
 -6.3646650e-03
 -2.4191061e-01
 -1.7925611e-01
 -6.2871224e-01
  2.2032237e-02
 -7.9548317e-01
  7.4197814e-02
  1.4990592e-02
 -1.5706152e-01
  1.9639735e-01
 -5.5326675e-03
 -8.7732315e-02
 -4.8068587e-02
 -4.2440903e-01
 -3.2981664e-01
 -1.0592719e+00
  1.3154973e-01
 -5.7126828e-02
 -1.0273001e+00
  9.3639368e-04
 -1.6990441e-03
 -2.2176687e-01
  7.4981651e-03
 -7.3541468e-01
  1.9660126e-01
 -4.3613133e-01
  9.8055512e-02
  1.6054414e-01
  6.7218751e-01
 -1.5773581e-01
  1.0049988e-03
  8.7543622e-02
 -1.6567069e+00
 -2.6096834e-04
 -3.6039239e-01
 -1.3080545e-01
 -9.0536219e-04
 -2.4224177e-01
  3.4776563e-04
  2.1772734e-03
  3.1074167e-03
  8.3602685e-04
  5.0947851e-01
 -4.6215338e-01
 -4.5742799e-02
 -2.9443112e-01
  4.5208418e-01
 -8.7271780e-01
 -3.4326193e-01
  1.5745766e-02
  1.5600392e-03
 -1.1248008e-02
  2.4227169e-03
  1.0190672e-03
  1.6957294e-03
 -1.1192644e-01
 -7.9150176e-01
 -5.6734324e-01
 -2.3876038e+00
 -3.1514142e-02
  2.2438665e-01
  5.6187344e-01
 -1.6735929e+00
 -2.0288190e-01
  4.5987162e-01
  1.2417741e-01
 -6.6348046e-01
  4.6821579e-01
  1.3175758e+00
  3.7985504e-02
  1.8017671e+00
 -6.4813775e-01
 -1.6888496e+00
  1.2424035e-01
  7.5668201e-02
  2.8907925e-01
 -6.8653263e-02
 -6.5444571e-01
  8.0751881e-02
 -1.4205723e+00
  2.3722721e-03
  1.5641445e-01
 -7.5591239e-04
  2.2445589e-01
 -2.1511237e-01
 -5.0571922e-05
  5.5535182e-02
 -1.6914617e-01
 -5.0771639e-02
 -2.0298015e-02
 -8.3705671e-02
  9.2901878e-02
 -1.9262567e-03
  2.5751802e-01
 -3.1744760e-01
 -4.6018785e-01
  6.6947159e-03
 -3.6437860e-01
  3.7088555e-01
  1.7015202e-02
 -5.0711883e-03
  4.6712331e-02
  9.5789535e-03
 -9.7776473e-02
 -8.9297760e-03
 -5.2301240e-01
  3.4263741e-02
 -2.8633520e-01
 -4.2208824e-02
  1.3246264e-01
 -7.4316487e-03
 -1.1521726e-01
  9.7155645e-03
 -3.6618254e-01
  2.1703678e-01
 -5.2950287e-04
 -4.5012805e-04
 -5.4353913e-03
  4.6008721e-04
 -3.1534154e-03
 -6.5757851e-03
 -2.5339294e-03
  1.7399085e-04
  3.8923314e-04
  3.9834395e-04
  2.5467095e-03
 -2.6677514e-04
 -9.5858872e-03
  1.9725400e-03
  4.0521026e-03
 -2.0810086e-03
  1.0239669e-03
 -6.4936676e-04
  2.6804393e-03
 -2.0392386e-03
 -2.6566607e-03
 -2.4195539e-04
  6.7917956e-03
 -3.4382092e-03
 -4.5007502e-05
  3.0344576e-03
  2.8369485e-03
  2.0313826e-03
  7.2999706e-04
  1.7947222e-03
 -3.0910475e-03
  3.9884271e-03
  2.7177762e-04
  1.4765393e-03
  3.9613163e-03
 -5.4021407e-04
  4.0835090e-05
  2.1976931e-03
 -5.7296746e-04
  2.3033519e-03
  1.0452929e-03
 -4.1457510e-04
 -1.5079842e-03
  5.6942580e-03
  9.6111256e-04
  7.3517166e-04
 -1.3377907e-03
  5.8272720e-04
 -1.0168819e-03
 -6.9035850e-03
  2.6151249e-03
  5.1460466e-03
  1.3279280e-03
 -6.7967502e-04
 -1.2026065e-03
  2.8541440e-03
  4.1341567e-03
  1.6143009e-03
  7.5382396e-04
 -2.5318626e-03
  1.3486987e-03
  8.1438996e-04
  2.9576631e-04
 -2.2187792e-03
  1.9140491e-03
 -9.1053132e-04
  2.2750178e-03
 -3.1795539e-03
  1.8584409e-03
 -4.7912477e-03
  4.1764425e-03
 -2.3787003e-03
 -1.9571262e-03
  1.3054776e-03
 -1.8715365e-03
  1.4304336e-03
  3.3363898e-04
 -1.1444950e-02
 -2.1764054e-03
 -9.9533843e-04
  4.1700765e-03
  1.2539949e-03
 -2.8632043e-04
  2.2323476e-03
  2.6771589e-04
 -5.4213527e-04
 -1.0300574e-03
 -9.9081369e-03
  1.3402402e-03
  2.3757643e-03
  3.1167426e-04
  2.6255043e-02
  1.9588186e-03
  2.9632526e-03
 -1.1269054e-03
  2.5994300e-03
  3.6545179e-04
 -3.1334537e-03
  5.1226239e-03
 -5.0588246e-03
  4.1139097e-04
 -3.9534038e-04
  9.1858447e-04
 -9.4109988e-03
  7.8997359e-04
 -1.2567993e-03
  1.8640497e-04
  1.1430627e+00
 -4.7374805e-03
 -9.4028166e-04
  7.9496211e-04
  1.4979017e-03
 -2.5954992e-03
 -1.1484489e-03
  7.2555728e-03
  7.3985863e-03
  3.9611303e-05
  2.5150208e-03
  1.6637172e-03
  6.9130954e-05
  7.0424133e-04
 -4.0803710e-01
 -4.3984994e-02
 -3.8922310e-01
  1.3188133e+00
  2.9172364e-03
  2.1878009e-01
  4.1087475e-01
  1.2294202e-03
  3.5958749e-01
  4.4132449e-04
  2.6474991e-03
 -7.9230464e-04
  1.1409551e-03
 -4.9746251e-03
  1.2443279e-04
  1.6974271e-04
  1.6576137e-02
 -4.3649487e-03
 -4.9722986e-04
 -3.3564907e-03
 -3.9606529e-01
 -6.6923820e-03
 -1.1078621e-03
  7.3800771e-03
  2.7280406e-03
  5.4229505e-04
 -3.0814162e-03
  1.7551902e-03
 -2.8082016e-03
 -3.8713240e-03
  1.0474257e-01
  1.2279608e-03
  1.9503002e-03
  1.8292561e-03
 -5.4439047e-04
  2.8649373e-03
 -9.3619172e-05
 -1.9049724e-03
 -2.4025625e-04
  4.4313987e-05
 -2.6717479e-03
  3.2913859e-04
  6.1274273e-03
  3.9306944e-03
 -1.8196084e-03
  3.8885905e-03
  1.2648322e-03
 -9.6582691e-05
  3.8652252e-03
  1.1782565e-03
  1.3164066e-02
  1.8457270e-03
 -1.3836371e-03
  1.8932787e-04
 -9.3436586e-03
 -1.6492202e-03
  1.8827481e-03
  3.5995839e-03
  2.3348797e-03
  8.1323413e-03
 -2.1380943e-03
  3.3673450e-01
  1.2782774e-03
 -1.3484169e-03
  1.1787072e+00
  6.8449879e-01
  2.5730834e-03
  2.0127072e+00
 -9.1811013e-04
 -8.3841942e-03
 -2.0535279e-03
  1.0005280e-03
 -1.2936719e-01
  7.1669281e-02
 -1.1272062e+00
  3.6407173e+00
  6.5644656e-04
 -3.2778045e-03
  5.6091622e-02
 -7.3524207e-01
 -2.6257235e-01
 -4.4295982e-01
 -4.7926342e-01
  2.5235233e-03
 -1.1613829e-03
 -4.8979968e-03
  8.1069190e-03
 -4.3112695e-02
 -2.4510720e-03
  2.3754807e-03
 -8.8411234e-02
 -3.7726322e-01
 -2.5605089e-03
 -1.1630177e-01
  1.1273006e+00
 -6.9639111e-01
 -1.0067226e-01
  1.0436444e-01
  2.9361239e-02
 -2.3103421e-05
  2.1872227e-03
 -1.1477536e-02
 -5.2825028e-01
 -2.0283034e-01
  6.9493079e-01
  4.1351056e-01
  3.0919987e-01
 -3.7240279e-03
 -2.8584683e-01
 -8.7969780e-01
 -4.0866959e-01
  6.6579133e-01
 -9.1160107e-01
 -2.3792794e-03
  5.4276455e-04
 -3.9601284e-03
 -5.8055509e-02
 -5.0594121e-01
 -8.9538962e-02
 -1.7856026e-01
 -9.5397055e-01
 -3.7652326e+00
 -1.2463273e+00
  3.3429182e-01
  2.2501279e-01
 -1.8359087e-02
 -6.3979462e-02
  1.5190737e-03
 -1.8980168e+00
  1.3780200e+00
  1.7207821e-01
  2.6576358e-03
 -4.1059646e-01
  1.3684203e-03
  5.0038368e-01
 -8.8565910e-01
 -1.1745741e+00
 -4.2676477e+00
  3.0819495e+00
  1.3048281e-03
 -1.1670730e-01
  3.9022918e+00
 -5.3006387e-01
  1.0607965e-02
 -6.0831940e-01
  7.9094402e-02
  1.9775545e-02
  1.3436168e+00
  6.1358368e-01
 -1.0260127e+00
 -1.0846457e+00
 -3.0645174e-01
 -4.6073842e-01
 -1.0108428e+00
 -6.3728315e-01
  3.3927593e-01
 -5.5099946e-01
  1.1134960e-01
  7.8019775e-03
 -7.6808031e-03
  8.5091197e-01
 -9.5368814e-01
  1.2320999e+00
  3.4677306e-01
  1.5940413e+00
 -2.0024115e-01
  3.1304187e-01
 -2.4958497e-01
  2.6230982e-01
 -1.0737247e+00
 -5.3202879e-01
 -2.8634048e-01
 -6.0333830e-01
  2.1508427e+00
 -1.5044492e+00
  4.7966969e-01
 -7.3501801e-01
  1.3012569e-03
 -1.5131613e+00
  1.5136454e-03
 -1.3894124e+00
  1.0426891e+00
  6.0681678e-02
 -2.7398533e-01
  2.8154066e+00
  1.6618752e+00
 -1.9635525e+00
 -4.1584733e-01
 -5.0656980e-01
  1.1952806e+00
 -3.5316999e+00
  3.4741989e-01
  2.2363178e-03
  2.4909520e-01
  6.3375900e-03
 -5.2329808e-01
  2.0928893e-02
  3.5499507e-01
  9.7715187e-01
  6.5171132e+00
 -1.1015326e+00
  1.2091310e+00
 -2.2875433e+00
  1.2772794e+00
 -1.4752063e-01
 -6.5977812e-02
 -3.8032463e+00
  2.4863398e-01
  1.4033577e+00
  7.2990620e-01
 -5.5919999e-01
  4.3419185e-01
 -8.9413871e-04
  1.2068192e+00
  1.0900491e-01
 -2.0978424e-01
 -1.1485976e+00
 -5.6874865e-01
  3.1858227e-01
 -1.5026059e+00
 -1.8470944e-01
 -1.8078198e-01
  6.0116446e-01
 -1.9796203e+00
 -1.0184810e+00
 -2.0029886e+00
  2.6933801e-01
 -5.3354299e-01
  1.6244903e-01
 -1.4514717e-02
 -2.1411409e+00
  7.9592859e-04
  2.3630567e-01
  1.3615835e+00
  2.0896611e-01
  6.9227181e-02
  2.1780174e+00
 -8.0938846e-02
  1.5130532e+00
  1.7093992e-01
  1.8800527e+00
 -2.2426784e-01
 -3.6829162e+00
 -1.1930875e-03
 -1.2905672e+00
 -1.9637517e+00
 -2.0149575e-01
 -1.3095860e+00
 -7.2693723e-01
 -7.6305038e-01
  6.2021053e-01
  4.7097355e-02
  6.9912893e-01
  2.2067420e+00
  4.7485831e-01
  2.9806618e-02
  4.3390065e-01
  1.4490017e+00
  2.3827274e+00
 -1.2090296e-02
 -4.2856339e-01
 -4.4007238e-02
  1.5597980e+00
 -1.3077575e+00
  3.1990883e-01
  5.6610531e-01
 -1.5464206e-01
 -2.7582815e+00
  5.1511544e-01
 -9.1334301e-01
 -9.5888692e-01
 -1.1064220e-01
  3.4221482e-01
 -1.0388102e-01
 -1.9495912e+00
 -8.6234790e-01
 -5.7607019e-01
  3.0570817e-01
  6.7676216e-01
  9.5332170e-01
 -3.7766123e+00
 -2.0123310e+00
 -1.4330946e+00
 -1.6385893e-03
  4.5907106e+00
 -3.0028924e-02
  2.3515944e+00
  6.2631351e-01
 -8.8096464e-01
  2.8590741e-02
 -6.9021088e-01
 -1.4280040e+00
 -2.4417210e-02
 -2.3661683e+00
 -4.6612766e-01
 -1.3346359e+00
 -5.8092809e-01
  6.8160152e-01
 -2.3913747e-01
  1.3740655e+00
  9.8324966e-01
 -3.2328734e-01
  1.0693967e+00
  2.6075725e-02
  4.2707527e-01
 -2.1454334e+00
  7.1124387e-01
 -5.6730092e-01
  1.4044026e-01
 -2.6703923e+00
  2.2171551e-01
  8.5735601e-01
 -1.3530578e-01
 -1.5780607e-01
 -8.5975087e-01
 -2.1184972e-01
  4.4743636e-01
  1.7553464e-01
  2.1359438e-01
 -3.5117587e-01
  1.1370119e-01
 -7.2065032e-01
  1.2315892e+00
 -1.0876906e-01
 -5.0518388e-01
 -6.2677604e-01
  5.7002580e-01
  7.2451472e-01
  9.9258167e-01
  3.3299410e-01
  3.9669585e-01
  2.0196419e+00
 -7.4345809e-01
  4.4809595e-01
  1.4488389e-01
  2.4533996e-01
 -1.2395844e+00
  1.5695381e-01
  9.8273039e-01
 -4.7750473e-02
  2.0011431e-02
 -4.6255779e-01
 -1.1992989e-01
  1.2678952e+00
 -1.9913036e+00
  3.5169255e-02
 -5.1761490e-01
  8.8407034e-01
 -1.2279390e+00
 -2.0899622e+00
  1.1716444e+00
  5.8083349e-01
 -1.0832212e+00
 -1.5326701e+00
  3.8274680e-05
  2.3122098e+00
  3.2721221e+00
  1.5970640e+00
 -4.3758628e-01
  3.8529623e-01
 -1.0377340e+00
 -2.3316576e-03
 -5.3293252e-01
 -1.4483784e-01
 -1.0063583e+00
 -2.2010455e+00
  1.0928636e+00
 -1.2101371e+00
 -9.7374058e-01
 -8.4575850e-01
  9.3268067e-01
 -2.2708903e-01
  3.4815863e-01
  5.9101468e-01
 -4.2155680e-01
 -1.3769228e+00
 -6.2501985e-01
  1.1131294e+00
 -8.8087998e-02
  8.1528217e-01
  2.8874019e-01
  5.0588477e-01
 -1.9898794e+00
 -2.0074246e+00
  4.8125064e-01
 -4.8080456e-01
 -7.0872414e-01
 -1.2326072e-03
  8.2351065e-01
  1.5996028e+00
  8.0637902e-01
 -8.1831086e-01
  1.4485445e+00
  3.1323190e+00
 -8.0880010e-01
 -1.1904318e+00
 -1.5643385e-01
 -1.7660960e+00
 -3.6609426e-01
 -1.5054259e+00
 -1.0123143e+00
 -6.1269486e-01
  1.0325181e-01
 -7.1274221e-02
 -2.5870387e-02
 -5.8379162e-02
 -2.1147590e-02
 -1.1887887e+00
  9.5851654e-01
 -1.2118731e+00
 -7.2928190e-01
 -4.2810616e-01
  1.9308124e-02
  6.0470986e-01
  8.7903798e-02
  5.4264897e-01
 -2.4100819e+00
  1.4963900e+00
 -7.1353549e-01
 -1.2692012e+00
 -1.4484626e+00
 -2.1700563e-02
 -5.0348621e-02
 -1.4881918e+00
  5.1850545e-01
 -1.1608728e+00
  1.6445218e+00
 -2.6238002e-02
  7.5591147e-01
 -6.0120791e-01
  1.1635547e+00
 -1.9451484e-01
 -5.7153118e-01
 -8.8205856e-01
  5.6959754e-01
 -3.7171659e-03
 -2.6051889e-04
 -7.8654015e-01
  1.6526537e-03
  3.9835367e-03
 -8.9722282e-01
  9.1685611e-01
  4.7116548e-02
 -2.5693183e-03
  4.6850674e-02
 -2.0900886e+00
  1.8153057e+00
 -7.1443319e-03
  2.2699888e-01
 -2.2780676e+00
  6.0368679e-03
  2.6702983e-03
 -1.3079263e-01
 -9.8013049e-03
  2.5658529e-02
 -2.0061883e-01
  6.9504672e-01
 -1.2681435e-01
  1.0755949e+00
  2.8166320e-02
  5.4115874e-01
 -1.2992171e+00
  8.4718606e-03
 -3.7386575e-01
 -4.7424537e-01
 -5.8478868e-01
  2.4716957e-02
 -2.0933338e-03
 -5.4547352e-01
  1.2995147e+00
  1.7691751e-01
 -3.1420648e-01
  9.9137641e-02
  8.2834344e-03
  7.3087454e-01
  3.5302866e-02
  1.7833199e-01
 -1.4313139e+00
  2.0148799e-02
 -1.8912952e-01
 -2.8295303e-02
 -1.0224364e+00
  2.1530403e-01
  8.2678103e-04
  2.0454930e-01
 -3.5123673e-01
  1.2981858e+00
 -7.8200734e-01
  4.7010705e-01
  2.5727563e+00
  7.9037249e-03
  1.1897375e-03
 -2.0203495e+00
 -1.3895379e-01
 -1.2656374e+00
 -1.2772272e+00
  1.2603836e+00
  3.8391837e-01
 -2.1999530e-01
  1.6642510e+00
  7.4946088e-01
  6.4112318e-01
  4.5591772e-02
 -8.3079189e-01
  4.1608606e-03
  4.5462674e-01
  1.1110799e+00
  1.9349383e+00
  1.5086000e+00
  2.2079556e+00
  6.1960572e-01
 -6.8700361e-01
  1.7847573e+00
 -1.1755079e+00
  3.0376658e-01
  5.0879550e-01
  1.6052055e-01
 -6.5208197e-01
 -2.4181384e-01
 -3.2418588e-01
 -2.1580316e-01
  1.7337377e+00
  2.2632094e-01
 -1.9508922e-01
  1.2628962e-02
  2.2705173e+00
  1.4120166e+00
 -3.9425448e-01
  3.2077190e-02
  2.5984892e-01
  1.2186412e+00
  3.7091259e-02
 -6.6925526e-02
 -2.5368780e-01
  4.0935248e-01
 -3.3154586e-01
  9.9094778e-01
 -9.2356151e-01
 -3.8773283e-01
  1.8338722e+00
  3.5996994e-01
 -1.6150362e-03
 -3.2908526e-01
 -9.4663654e-04
 -9.5223325e-01
 -4.3158555e-01
  6.6916883e-01
  9.8713392e-01
  7.2338933e-01
 -1.0261986e-01
  1.1787884e+00
  8.5814333e-01
 -6.4126599e-01
  1.5425560e-01
 -4.5514628e-01
  6.1370504e-01
  2.4789271e-01
  1.3098540e+00
  8.9590234e-01
  3.1693378e-01
  2.8798635e+00
 -4.1731483e-01
 -5.2092395e+00
  1.5622504e+00
  1.1980277e+00
 -3.2641587e-01
 -1.8075647e+00
  1.2262297e-02
  6.1731333e-01
 -1.6141075e-01
  1.5327576e+00
  1.0917830e+00
  7.8961045e-01
  7.9684120e-01
  1.0147479e+00
  4.0093411e-02
 -1.3472221e+00
 -5.1115209e-01
 -2.0190439e+00
  6.7136025e-01
 -2.1590068e+00
 -1.4439785e+00
 -7.8276724e-01
  5.4556668e-01
 -1.2812924e+00
 -1.6441565e+00
 -3.7484590e-03
  8.9297229e-01
  6.6600645e-01
  1.1478376e-01
  1.1155102e+00
 -4.0502402e-01
  5.6451568e-03
 -6.4693052e-01
 -1.8094026e-03
  3.3032526e-03
 -4.6919161e-01
  9.6419984e-01
 -4.1603251e+00
 -8.3243948e-01
 -3.8635561e-01
 -1.2088380e+00
 -3.3361143e-01
 -3.5455234e-03
  7.5364971e-01
  3.8049033e-01
  3.4077615e-03
 -5.5581811e-03
  4.3526480e-01
 -2.5914681e+00
 -1.3598422e+00
 -1.1957896e+00
  3.3682264e-02
 -1.3428575e+00
 -2.4189055e+00
  2.2257236e-01
 -1.1513687e+00
 -1.2748037e-02
 -1.0403345e+00
 -1.4249120e+00
  7.7528936e-01
 -1.5922917e-01
  1.0990806e+00
  3.4526389e-03
  5.2805632e-01
 -4.6221107e-01
  6.3168514e-01
 -2.9500270e-01
 -5.8787501e-01
  3.3156884e-01
 -5.9532923e-01
 -7.5029716e-02
 -5.1472151e-01
 -9.4272450e-02
 -2.1690801e-01
  2.7360572e-03
 -9.2604741e-02
 -8.9741945e-01
  1.9776069e-01
 -8.7506276e-01
  2.3359172e-02
  2.3359172e-02
  2.3359172e-02
  2.3359172e-02
  2.3359172e-02
  1.0008992e-01
  1.0008992e-01
  1.0008992e-01
  1.0008992e-01
  1.0008992e-01
  7.6365598e-02
  7.6365598e-02
  7.6365598e-02
  7.6365598e-02
  7.6365598e-02
  3.3227548e-02
  3.3227548e-02
  3.3227548e-02
  3.3227548e-02
  3.3227548e-02
  1.5595984e-02
  1.5595984e-02
  1.5595984e-02
  1.5595984e-02
  1.5595984e-02
  5.0654486e-02
  5.0654486e-02
  5.0654486e-02
  5.0654486e-02
  5.0654486e-02
