nep4 2 Cu Se 
cutoff 7 5 100 44
n_max 8 6
basis_size 12 12
l_max 4 2 0
ANN 50 0
 -1.2696935e-01
 -5.6225367e-02
  1.3024222e+00
  3.7522990e-01
  6.7815590e-01
 -3.2571140e-01
  2.7767223e-01
 -1.7292783e-01
 -1.1757958e+00
  7.0174662e-03
  2.7170347e-02
  1.7040196e-01
  4.4116583e-01
  3.9183106e-03
 -1.8570469e-01
  1.0451084e-01
  6.1405618e-03
 -9.1775380e-02
 -3.5946971e-01
 -5.1443672e-01
 -2.4591193e-02
 -1.0229341e-02
  2.3225317e-02
  4.1952055e-02
  3.4791723e-01
  7.1363205e-01
  5.8930176e-01
  1.5392786e-01
  5.9724567e-03
  6.3735265e-01
  5.3682355e-03
  1.2247644e-01
  5.7292446e-03
 -1.5849346e-05
  1.1544832e-01
  3.7727249e-04
  5.1058736e-03
 -5.2178027e-03
 -6.3910484e-02
 -2.3381907e-04
 -6.0125533e-04
  1.4494287e-02
 -4.4918940e-03
 -3.0663875e-03
  1.6756111e-01
 -6.5653712e-02
  6.0686539e-04
  1.2156270e-02
 -2.4048960e-01
  3.5431753e-03
  1.5588903e-01
  3.8212549e-03
  5.0077285e-03
 -2.2786169e-03
  9.0571557e-05
  2.2471952e-03
 -1.0499591e-02
  2.5617245e-03
 -1.4558352e-02
  6.0262874e-04
 -1.1973928e-02
 -1.8699246e-04
  1.8803875e-03
 -2.6285341e-02
  4.5960429e-01
 -1.8461669e-04
 -2.0102210e-02
 -4.6082673e-04
 -7.6409308e-03
 -1.5935135e-03
  5.9298635e-04
  1.0819699e-01
 -1.6130937e-02
 -9.6716834e-03
 -9.9437954e-03
 -4.9563050e-03
  2.0311293e-03
 -1.9956434e-03
  3.5182238e-01
  3.6023086e-04
  1.8086454e-03
  2.7722735e-03
  4.5791850e-03
 -2.0420849e-03
  9.9905487e-04
  5.9961816e-03
 -9.7699556e-04
  3.6871743e-03
  5.2822763e-03
 -1.5170081e-01
 -6.7338055e-01
 -5.3080272e-02
 -1.9398244e-01
  1.3356460e+00
 -1.0718510e-01
  5.8123398e-01
  7.3594511e-01
  8.8013830e-03
 -1.2027740e-03
  2.8163032e-03
 -1.1392951e-04
  5.2604441e-02
 -2.0955144e-03
  6.1290152e-03
 -8.7777472e-01
 -4.1019972e-03
 -6.1023897e-01
 -6.7250080e-02
  1.7064563e-03
 -1.7182016e-01
 -1.2908292e-01
  1.0028667e-02
 -5.9463762e-02
 -4.2105338e-04
  4.7035560e-01
 -1.2184326e-01
 -4.4792137e-04
 -7.6812498e-02
 -3.6933966e-04
 -3.4849269e-03
  1.9157340e-01
  3.2858038e-01
 -4.3455601e-01
 -7.1881013e-04
 -8.9404505e-04
  1.9975314e-01
  6.2093750e-04
 -3.3463857e-03
  3.9088759e-03
  4.9791037e-05
  5.2295276e-04
  1.1280444e-01
  5.8218947e-04
  2.3357123e-03
  2.6889103e-03
 -8.8436715e-04
  1.8837742e-04
 -6.7849801e-04
 -1.3558451e-03
 -2.3541790e-03
  2.3463136e-03
 -1.8739293e-03
 -5.3089991e-04
  5.3166895e-04
  1.3074949e-03
 -1.0579316e-03
 -4.5436018e-04
 -1.4869267e-03
 -2.8911151e-03
  1.1625403e-04
  1.7623098e-03
 -6.0676259e-04
  6.9099693e-03
  7.7674928e-04
  1.3107462e-03
 -3.9603990e-03
 -1.4005317e-03
  3.5553416e-03
 -4.5814090e-03
 -5.8940533e-03
 -9.3588600e-04
 -4.9944827e-03
  1.1887893e-04
  2.9087802e-03
 -1.5185840e-03
  2.2528679e-03
 -4.6379948e-03
 -2.2009101e-03
  1.2707924e-04
  4.2817723e-03
  1.1026124e-03
  1.6966055e-03
 -1.5218784e-03
  1.7379428e-03
 -1.4810001e-03
 -3.9255864e-04
  6.9754386e-01
  4.5043504e-05
  1.8457901e+00
  6.3055468e-01
 -6.8666357e-01
  1.7263377e+00
  1.2635092e+00
  1.7175510e+00
  2.0548208e-01
  3.1209838e-01
 -9.2358804e-01
 -7.0912980e-02
 -2.3276591e-01
 -2.5295112e-03
 -7.2087443e-01
  2.0061128e-03
 -8.7434389e-02
 -3.8300440e-01
  2.0622374e-01
 -8.0605608e-01
  2.6726815e-01
 -1.5963081e-01
 -3.2249026e-02
  1.9586167e-01
 -1.0829738e+00
 -6.6828668e-01
 -4.1035667e-01
 -8.2355601e-01
  2.0869684e-03
 -2.6809609e-01
  3.1291628e-01
 -4.6481371e-01
 -4.7706137e-03
 -4.0964996e-03
  6.3593790e-02
 -2.6991591e-01
 -6.8417519e-01
  1.0560185e-02
 -8.3428593e-03
  1.0455406e-02
 -4.1038118e-02
  4.8987690e-01
  1.1183379e-03
 -4.8567698e-04
 -1.9883551e-01
 -8.0091608e-01
  1.7446287e-01
 -2.8236192e-02
  4.1698586e-02
  5.0617224e-03
  5.4340333e-01
  2.3408276e-01
 -2.8949605e-02
  2.1657194e-03
 -6.1082864e-01
 -2.3986481e-01
 -2.7855200e-01
 -1.0455681e-02
 -1.7135535e-01
 -5.9419712e-03
 -3.3845115e-02
  2.0133574e-02
  1.8574744e-02
  1.5746896e-01
 -2.7547833e-01
 -1.4100601e-01
  2.8217023e-02
  1.1816144e-01
 -6.0893333e-01
 -6.9917545e-02
  6.3420939e-01
  5.7149801e-02
 -1.4231920e-01
 -1.9558599e-02
  3.4848014e-03
 -3.2985172e-01
  4.7835827e-04
 -1.3764976e-02
  2.7742025e-01
 -1.3796782e-01
 -1.7039503e-01
  4.5558665e-02
  6.1152494e-01
  8.0248399e-04
  6.1660819e-04
 -1.6609827e-04
  3.1388851e-03
  4.7991918e-03
 -3.9896885e-01
 -1.0325917e+00
  1.5489515e+00
  6.1963928e-01
  1.5738271e+00
 -9.4840521e-01
 -1.1890916e+00
 -1.5072240e-01
 -4.4193918e-01
 -1.3535732e+00
  5.5469923e-02
 -3.1931501e-02
 -1.9222138e+00
 -1.2469871e-01
  1.7912778e+00
 -2.5997326e-01
 -5.0253046e-01
  2.1678968e-01
  1.2339759e+00
  5.0075442e-01
  1.8590356e-01
  1.5396293e-01
 -3.8450432e-01
 -1.2987989e+00
  8.1363074e-02
  1.0061774e+00
 -8.9618534e-01
  1.1909464e-01
  5.5588269e-01
  7.9653174e-01
 -3.0571708e-01
 -1.2710674e-01
  7.6325226e-01
  2.0832729e-02
  5.6417312e-02
  2.7390534e-01
  2.6808906e-02
  2.0007439e-01
  1.9891562e-03
 -2.9894030e-01
  3.1105226e-01
 -2.3050584e-01
  2.3953604e-02
  6.4340704e-03
  3.9478979e-01
 -2.5795957e-01
  4.6538271e-02
 -4.4964018e-01
 -9.6978498e-01
 -3.4786659e-01
 -1.4751881e-01
 -3.8563532e-01
  1.9198930e-01
 -5.4088607e-03
 -2.6423782e-01
  1.0492734e-03
  1.3045011e-01
  2.3143203e-03
 -3.0558689e-03
  7.9375954e-04
  5.8733549e-02
 -3.4922611e-02
 -8.3982572e-04
  1.1314063e-01
 -3.1365058e-01
  1.8686829e-02
  3.8622913e-01
  3.7026752e-02
  1.7674403e-02
  9.5475405e-02
 -4.8452918e-03
  6.5596932e-01
 -7.5043455e-02
  9.5929652e-02
 -3.5317566e-02
  2.1949114e-02
 -1.2858573e-03
  4.4400217e-03
 -2.3568211e-01
  3.7186905e-03
  7.5512685e-02
 -8.3540063e-03
  8.1113040e-02
 -1.6070098e-03
  5.4902858e-03
 -2.0810468e-03
 -1.5408820e-01
 -9.0656362e-02
  3.2280723e-04
 -7.3416241e-02
  5.7622888e-03
  1.0715485e-01
 -2.7114126e-01
  3.4626848e-03
  9.5939048e-02
 -6.0202825e-01
  1.2967113e-02
  4.3500797e-03
 -4.5108944e-03
 -4.6254657e-02
 -3.0287016e-02
 -5.6647421e-03
  3.8853008e-03
 -5.0126087e-06
 -1.9071881e-03
  4.8838677e-03
  5.0924155e-03
  2.5344139e-03
  2.3580239e-04
 -3.9412375e-03
  1.3450136e-02
  7.1499322e-05
 -8.7539636e-05
 -8.8836383e-03
 -1.2780805e-01
  6.0389466e-03
 -1.1491407e-02
 -1.6009323e-01
  1.3236422e-03
 -1.8814543e-03
  6.6116410e-03
  7.5387351e-02
  2.9714862e-03
 -2.5864011e-03
  3.3324822e-03
  2.9096971e-03
 -3.5283980e-03
  3.2163667e-03
 -8.8839221e-04
 -3.3092577e-04
 -4.4542432e-04
 -1.8035731e-03
  2.2275088e-02
 -3.2975583e-03
  3.5226000e-03
  5.9248850e-02
  2.0444798e-03
  4.4932747e-03
  8.1274109e-03
 -3.1178089e-02
  4.5988881e-03
 -6.7096986e-03
  1.4046584e-03
 -1.8745576e-03
 -6.0296468e-03
 -9.1093266e-04
  3.2453827e-04
  9.9188159e-04
  1.4934700e-03
  3.9922795e-04
  6.6340682e-03
 -4.9358667e-03
 -6.4001943e-06
 -2.4729390e-03
 -1.2476249e-03
 -6.9467875e-05
 -3.9898106e-03
 -5.7299854e-04
  8.1744662e-04
  6.0541146e-03
 -1.6987035e-03
  5.2985153e-04
 -1.2163735e-03
 -3.4448821e-03
 -1.9336932e-03
  1.9593111e-03
  2.4659172e-04
  5.6081619e-02
  3.5401544e-04
  3.0208586e-03
 -1.5431200e-05
  2.3203506e-04
  9.4292889e-04
  6.1591872e-04
 -5.6126057e-03
  3.6463351e-04
 -3.5419467e-01
 -1.9023959e-03
  6.4809262e-03
 -1.0893203e-01
  2.3780181e-01
  4.1812122e-02
  2.2651578e-01
  1.0749748e+00
 -5.0501990e-01
  1.1831995e-03
 -4.1836646e-04
  1.2669431e-02
  2.9812950e-01
  1.0870816e-03
  6.0342235e-04
  7.2016381e-03
  3.4624981e-03
 -9.2945332e-03
  5.9464088e-05
 -7.3420401e-03
  6.9967315e-02
 -3.9624933e-02
 -2.5700235e-01
  4.9827615e-04
  7.4338629e-03
  6.0148515e-02
  8.6962273e-03
 -5.5681462e-03
  7.1750381e-03
  6.4168043e-02
 -6.2055867e-03
  6.6234018e-03
 -1.0155994e-03
 -5.5263605e-02
 -1.1505930e-01
 -4.1623809e-03
 -2.1937822e-03
 -5.4620123e-03
 -1.0052815e-03
  1.0373688e-03
  2.5436634e-03
  2.2221566e-03
 -7.1909081e-04
  1.5585702e-03
  6.0066992e-01
 -6.9585531e-03
  8.3892904e-03
  1.0836601e-01
  3.9179460e-04
  8.2357059e-05
  2.9128741e-02
 -1.1015360e-01
  9.5700182e-02
  3.9647985e-03
 -1.9840226e-03
  4.7586957e-04
 -7.2910935e-03
  3.2813989e-03
 -2.6234118e-03
 -7.3201652e-04
 -1.6359529e-02
  3.8442975e-03
  1.0031071e-03
 -1.4345353e-02
 -1.3012917e-01
 -2.0924509e-03
  5.3280301e-02
  5.1041216e-02
 -5.6833816e-03
  2.8518491e-04
  1.4488900e-03
  2.9768739e-02
  1.0950227e+00
 -2.3094041e-03
  2.9011104e-02
 -9.2324875e-03
  1.2953437e-03
 -1.9885818e-03
  5.2050360e-02
 -4.1033733e-03
 -8.7929622e-04
 -1.0820734e-03
 -3.1517441e-03
  3.9275805e-03
 -1.3484433e-03
 -1.8425871e-04
 -1.1728377e-02
  3.1966087e-03
 -1.3407479e-01
  2.4479197e-04
  6.3145609e-04
 -4.0609222e-03
  2.1888367e-03
  2.8562192e-03
  1.8172619e-03
  1.5523106e-01
  1.8925207e-02
 -1.0813584e-03
 -3.6981271e-04
 -2.9832367e-03
 -7.8792740e-03
  4.6737883e-03
 -3.9143097e-03
 -1.2602292e-01
 -3.2125430e-03
  5.4326269e-04
 -5.3703948e-03
 -2.3815492e-03
  5.6148767e-03
 -1.0195901e-02
  2.1477800e-03
  1.5195143e-01
 -2.4640873e-02
 -2.2838524e-04
  3.1629115e-04
  2.2388492e-02
 -4.1181531e-02
 -4.1036244e-02
  5.5254059e-04
 -9.1692423e-03
 -2.0469248e-03
  4.1323755e-04
  7.5507276e-03
 -1.8895478e-03
  6.1667794e-03
 -4.3176464e-05
  1.0600160e-03
  2.0677457e-03
 -2.9471828e-04
  3.4321635e-03
  1.7433964e-03
  1.7006218e-03
  1.7441589e-01
 -5.4675512e-02
 -7.9259314e-02
 -7.7850312e-02
  1.5423197e-01
  5.6714382e-02
 -7.9732764e-01
 -5.9061015e-01
 -1.6064647e-01
 -4.7466303e-03
  4.7556788e-02
  1.1678021e-01
  1.2204466e-01
 -6.2626926e-04
  1.7179431e-01
  5.4298374e-03
  5.5296728e-03
  8.2940105e-03
 -3.9963004e-01
 -9.6461950e-03
  2.1610983e-01
  3.5315491e-03
  6.2352628e-04
 -6.1852031e-04
  4.2380903e-02
  1.0208850e-02
 -3.1972554e-01
 -1.7541830e-01
  1.2035798e-01
  5.8320343e-01
 -8.4597513e-04
  8.7606534e-02
 -2.5123795e-03
  6.9345202e-05
 -3.7095372e-03
  2.4785409e-02
  1.1467616e-02
 -3.3344184e-03
 -3.8524589e-03
 -1.4815992e-04
  1.3653004e-03
  4.1396786e-03
 -9.3584992e-03
  1.0488875e-04
 -2.0854753e-03
  1.7701357e-04
  1.6938234e-03
 -4.2478737e-04
 -1.7476568e-03
 -7.4343383e-03
 -1.0072051e-03
 -1.6134337e-03
 -3.2308311e-03
  7.2315801e-03
 -1.9225067e-03
  7.6900120e-05
  4.2459383e-03
  2.1922332e-04
  2.0222941e-03
 -6.0393626e-04
 -3.7320841e-03
  2.9596153e-03
 -2.0791295e-03
  2.3399626e-03
  1.2637679e-03
 -8.4920484e-04
 -2.8197935e-03
  7.0077600e-05
  1.7153878e-03
 -3.7034086e-04
  2.3606741e-03
 -1.0535183e-03
  2.1710784e-04
  2.8074539e-04
  4.1676830e-03
 -1.1859323e-03
  4.4863374e-04
  7.2224153e-04
 -1.2725627e-04
 -5.3972623e-04
 -4.5416886e-03
 -1.5948457e-04
  9.0666796e-04
  1.9584488e-02
 -1.8611515e-03
  6.2286854e-04
  1.0169123e-03
  4.8753101e-04
 -1.3868765e+00
  1.3362284e-01
 -6.3374388e-01
  5.9328878e-01
  3.1806663e-01
 -7.2960824e-01
  5.8922593e-02
 -3.1556252e-01
  9.4655408e-03
  2.4582660e+00
  3.6234167e-01
 -2.6673614e-03
 -3.3662282e-04
  1.3615708e-04
 -7.3114675e-03
 -8.6587230e-03
  3.7058099e-04
  4.9906231e-02
 -1.9521438e-04
 -7.9154991e-02
  3.6437649e-01
  2.2955664e-02
  2.4176731e-03
 -1.0021047e-01
 -1.9785387e-02
  5.4859184e-03
  1.8577436e-02
 -1.1685942e-01
  4.1232668e-02
 -4.0491939e-02
 -8.3479128e-04
  1.7640044e-03
  3.5814280e-03
  8.4935445e-03
 -1.1619416e-01
  8.5414320e-02
 -1.4737411e-04
 -6.0178398e-04
 -1.9431454e-03
  5.1656255e-04
  2.1234681e-03
 -1.0416925e-01
 -1.4953235e-04
  5.5661253e-03
 -9.7913679e-04
  4.8158630e-03
  1.8754775e-03
 -2.9101138e-04
  9.9861184e-03
 -2.2207543e-03
 -9.1885187e-04
 -4.4210786e-03
 -1.4312544e-03
  3.8070183e-03
  7.9369760e-04
  3.1560860e-03
  2.5365944e-03
 -5.7906145e-05
 -2.2261334e-03
 -6.9654975e-03
 -2.4102258e-03
 -4.3136079e-04
  3.1663857e-03
  7.1558950e-04
 -2.3524135e-03
  5.2157819e-05
 -3.3563040e-03
 -2.5616812e-03
  2.1111583e-03
  1.6452512e-05
 -2.3243248e-03
  7.3874084e-04
 -4.8094178e-03
 -1.0197689e-03
 -1.4764223e-03
  3.8220957e-03
 -2.2365071e-04
  6.9437909e-04
  4.7301836e-03
  2.5380071e-04
  8.9486170e-04
  1.8150975e-03
  1.0851568e-03
 -3.6898465e-04
  9.5811079e-04
  2.3718805e-03
 -1.0972563e-04
  1.8236402e-03
 -8.5954769e-03
 -2.7763736e-03
 -4.2707328e-04
 -3.2968533e-03
  1.5268805e-02
 -2.0950234e-03
 -7.9272604e-03
  2.4122722e-03
  8.3321368e-04
  3.2727676e-04
  8.1780434e-02
  3.0138688e-02
  1.0090470e-03
  1.0797230e-03
  7.3738088e-04
 -2.1095467e-03
 -3.0496747e-03
  3.0316720e-03
 -3.9634989e-03
  7.0197182e-03
 -1.3150153e-03
  5.0685561e-04
  2.1539174e-03
  2.4578767e-03
  2.5083259e-04
  1.7307767e-03
 -2.1855603e-04
 -5.4234825e-04
  1.7336879e-03
  1.0876157e-02
 -5.7430686e-03
  9.1575622e-04
  1.2157290e-04
 -4.6005626e-03
 -1.4570709e-03
 -8.1469625e-04
 -8.9186034e-04
 -3.2033538e-05
  8.5579313e-04
 -2.3193695e-03
 -9.8218978e-04
 -1.3355390e-04
 -5.2692140e-03
 -8.0475211e-04
 -5.8018439e-04
  2.9119599e-04
  1.0711419e-02
  6.8474654e-04
  4.3191027e-02
 -1.4496967e-01
 -1.8904035e-01
  1.0361914e-01
 -2.6749160e-02
 -2.7987859e-03
  4.2548156e-03
 -1.9110838e-04
  1.4214590e-02
 -5.6263753e-03
  4.1646990e-03
  1.3950843e-03
  1.1988762e-02
  6.9868052e-04
 -2.0812971e-03
  1.8843070e-01
 -8.3652204e-03
  1.5726336e-03
 -2.0955408e-03
 -1.2889225e-03
  7.7674505e-03
 -1.6562458e-03
 -1.0980197e-03
 -2.9828442e-02
  1.9699910e-03
  1.5055056e-02
 -2.1360911e-04
  1.2866112e-02
 -3.4920773e-03
 -4.7866403e-04
 -6.8658865e-03
 -7.8381924e-04
  1.0551664e-02
 -1.0131937e-02
  1.6929017e-03
  2.9060565e-04
  2.0268045e-03
 -3.5324260e-03
  5.1447301e-04
  4.9550796e-04
 -5.6571567e-01
 -2.0307556e-03
  2.4579662e-01
  3.1416380e-01
 -6.8464381e-01
  4.6086150e-01
  2.3366036e-01
  9.9157810e-01
  1.9103743e-01
 -3.4727000e-03
  9.6683800e-01
  4.4631162e-03
  1.2154362e+00
 -1.0519722e-02
  1.5988015e-02
  3.3405141e-03
  1.0258520e-02
  1.3712163e-01
  8.4541604e-04
  7.0332712e-01
  1.5759724e-01
  2.3944886e-02
 -1.0615438e-03
 -6.2346846e-01
  8.6874884e-01
  1.3114953e-01
  6.5642071e-01
 -1.5194759e-01
 -1.5056112e-01
  7.2060682e-02
  2.5332502e-01
  2.1117817e-01
  2.0835218e-03
  2.3553350e-03
  7.0303684e-01
  1.1449629e-02
  7.6294672e-03
 -4.1475371e-03
  2.0722824e-01
  4.9641249e-03
 -4.8996201e-03
 -4.8279739e-03
 -1.7556869e-03
 -1.5896875e-03
 -4.9843604e-04
 -1.2042467e-03
  8.9446586e-03
  1.8088353e-03
 -1.1906991e+00
 -1.5799707e-02
 -8.9874648e-04
 -7.6804054e-03
  1.2017839e-02
 -3.0017879e-03
  5.4303999e-03
  4.7646236e-04
 -1.4244304e-03
  1.7636435e-01
 -2.9041106e-03
 -1.7642533e+00
 -4.1688089e-03
  7.9668703e-04
 -3.1344262e-01
 -6.7181216e-04
 -4.6543907e-03
 -2.7847779e-04
  3.9429609e-03
  6.7123407e-03
 -1.4566069e-03
 -1.1445419e-03
 -1.5215932e-03
  7.3251256e-05
 -8.6404639e-04
 -4.5656650e-03
  5.0481257e-04
  1.4720036e-04
 -1.0523440e-03
 -4.9551870e-03
  6.4668496e-04
 -5.5415197e-03
 -3.4196966e-04
  1.2274020e-03
 -2.9217391e-04
 -9.9039089e-04
 -3.0842230e-03
  1.7181641e-03
 -1.7114258e-03
 -4.1459268e-03
 -3.2511076e-03
 -3.0403258e-04
 -3.2943462e-03
 -5.3396757e-04
 -2.2449084e-03
  2.5222199e-03
  5.3939503e-03
 -1.8422321e-03
  2.0646048e-03
 -2.8572995e-03
  2.5777082e-04
  5.5398617e-04
 -6.1015494e-04
 -2.5728685e-03
 -1.9820135e-03
  3.5838995e-03
  2.8288071e-03
  3.8406514e-03
 -4.7672179e-04
 -6.0883961e-03
  1.9532708e-03
  1.6301563e-03
 -7.0773587e-03
  1.7206271e-03
 -6.0367020e-04
 -5.9762294e-04
  4.8842171e-04
 -2.7082199e-03
 -7.4578560e-04
  3.6152170e-04
  1.5493172e-03
  3.6062333e-03
  1.7812790e-04
 -2.3082053e-04
  1.2174103e-03
 -5.1960046e-04
 -1.5091811e-03
 -3.8632078e-03
 -3.2127800e-03
  1.6210297e-03
  1.9538174e-03
  1.1869213e-03
 -4.5995335e-03
 -1.8520051e-03
 -2.2008421e-03
 -3.8167376e-03
 -1.7405319e-03
  2.8801449e-02
 -3.4426704e-02
  2.8224004e-02
  2.5779598e-03
 -2.2584110e-01
  4.1203365e-02
  4.0409486e-03
  2.4663561e-03
  1.0696235e-03
 -1.3014325e-01
  5.1382300e-03
  1.3244185e-03
 -1.3409819e-02
 -3.9981931e-02
 -1.9465886e-04
  4.1831951e-03
  3.6377454e-01
  7.8068733e-02
 -8.1383269e-03
 -3.9916430e-03
 -3.8387263e-04
 -4.6249084e-02
  6.0576241e-04
 -3.6881908e-04
  1.1531768e-02
 -7.7873677e-02
 -1.9876041e-02
 -1.3895677e-03
 -7.7747977e-03
  2.2404944e-03
  9.9433316e-03
  3.3923299e-03
 -2.7490722e-04
  9.8378363e-04
  9.0126311e-03
 -1.4426184e-04
 -1.5168892e-03
  7.1025384e-03
 -6.7442022e-03
  1.2390614e-02
  6.3903048e-03
  1.0375471e+00
  7.1056300e-01
 -2.3724529e-01
 -5.7510835e-01
 -6.5579039e-01
 -4.0971708e-02
 -5.7856536e-01
  9.3423712e-01
 -9.9226308e-01
 -1.1090440e-01
  4.6528332e-02
  2.0568792e-03
  1.4961918e-01
 -3.2362498e-03
  2.8140077e-02
  1.9843495e-03
 -1.3504653e-03
  9.3983568e-02
  9.1164596e-03
  2.1169577e-03
 -9.8734617e-04
  5.7031289e-02
  2.1134390e-01
 -1.6762821e-01
  6.7232177e-02
  1.2191366e+00
 -2.2511618e+00
 -3.5151017e-01
  5.1910210e-01
  6.4101869e-01
  3.4821173e-04
  1.9268445e+00
  9.7193447e-04
 -3.5737173e-03
 -4.1466124e-02
  2.3230426e-03
  1.9677417e-02
 -4.0458601e-02
 -2.8338642e-03
 -6.4513122e-04
 -2.8269223e-03
  4.1227220e-03
  2.1663829e-04
 -1.6197476e-03
 -2.2905902e-03
  9.8054344e-03
  2.5237720e-03
  1.5559648e-03
 -7.4882474e-04
  1.2177393e-03
 -1.0001201e-03
  3.1083908e-03
 -3.5358538e-04
  3.5378255e-03
  4.8218234e-04
  2.8677802e-03
  2.8690118e-03
  1.2452563e-04
  1.6517508e-01
 -5.4388173e-04
 -7.6989795e-04
 -1.3375324e-03
 -4.0356857e-03
 -1.0336601e-03
 -6.9991332e-03
  9.0978778e-04
 -3.0475722e-03
  2.1587024e-03
 -1.8161780e-03
 -2.1430284e-03
  1.5634669e-03
 -3.0252081e-04
  3.3503449e-05
  6.4124237e-05
  2.1627920e-03
 -1.9920277e-03
  4.7352519e-03
  2.2005464e-03
  2.6312366e-03
 -9.6126110e-04
  5.6898789e-03
  4.2832300e-01
  4.6311175e-03
 -3.1460589e-03
 -8.4009283e-04
 -3.6524115e-03
 -1.1657265e-03
 -6.1687198e-03
  6.5961154e-03
 -2.8691571e-03
  1.5818236e-03
 -1.8168300e-03
 -7.4509541e-03
 -4.5124814e-03
 -5.2497652e-04
 -4.1835615e-03
 -4.5224786e-02
 -1.1695584e-03
 -2.9098999e-03
  1.7780139e-03
  7.1116728e-03
  5.7820434e-04
 -1.3632266e-04
  3.3897201e-03
  1.7772675e-04
 -1.7046439e-03
  2.3317726e-03
  1.4407246e-03
 -9.5132354e-04
  1.3516759e-03
  9.0007350e-04
 -3.0164944e-03
  2.4986176e-03
  6.6099281e-04
 -1.8246400e-03
  9.6205389e-04
  1.1431731e-03
 -4.7656137e-04
 -2.0953789e-03
 -7.2243792e-04
 -9.5329282e-04
 -5.3399312e-04
 -1.5913194e-02
 -3.1009768e-03
  1.4771514e-03
 -3.0747463e-04
 -2.3211946e-03
 -8.8275992e-06
 -1.6605849e-03
  3.2331087e-03
 -8.0893311e-04
  1.7682576e-03
  1.5264340e-03
  3.3928227e-05
 -8.7378323e-03
  3.4365077e-03
  1.9516842e-04
 -1.2251532e-03
 -5.6412042e-04
 -2.7776915e-01
 -8.2906242e-04
 -1.7729151e-03
  6.2441691e-03
 -3.4909812e-03
  9.1277779e-04
 -2.1102023e-05
  2.9616286e-03
 -1.4043419e-04
 -1.5526783e-02
 -7.0667076e-03
  4.6804920e-03
 -2.3747878e-03
 -7.5833336e-04
  1.7186776e-03
  2.6608701e-03
  9.8689971e-04
 -6.8158684e-03
 -1.8244421e-03
 -1.4443295e-03
  6.6699237e-03
 -2.9765982e-03
 -1.5742360e-03
 -8.4608699e-05
 -1.6056978e-03
 -1.3730970e-03
  1.5067123e-03
  4.4615252e-04
 -2.4949373e-03
  2.2752467e-03
 -1.6901057e-03
 -1.0911209e-03
  1.3492886e-03
 -3.7248811e-04
 -9.6541573e-04
 -2.9139658e-03
  2.2523277e-03
 -6.5005913e-02
  1.8610526e-04
  2.1326318e-03
  1.9520002e-03
 -3.3685905e-01
 -1.1659017e-02
  4.4275969e-03
  1.4017013e-01
  2.7672902e-01
  1.8908289e-04
 -1.3335713e-03
  3.1537056e-04
 -4.0310533e-03
  7.0172972e-03
  5.9416343e-04
  1.6164227e-03
 -2.5744906e-02
  7.3749147e-02
  6.1677676e-03
 -5.3964034e-03
 -2.8799940e-04
 -8.7872124e-04
  4.3982477e-04
 -1.0898586e-04
 -1.0065587e-02
 -6.4514279e-02
  5.6727510e-04
  2.8320156e-02
 -3.8172810e-03
 -3.0952434e-03
  3.9098323e-03
 -2.6255511e-02
  2.1586881e-04
  2.3650089e-03
  6.2786788e-03
  4.6988120e-03
 -4.4932376e-04
  1.2128311e-03
  6.1221205e-02
 -1.0228967e-03
 -5.7103205e-04
  6.8614655e-04
  4.1890279e-03
  1.8107870e-03
  1.2638387e-03
  7.9253525e-04
 -1.6212919e-03
  1.0988264e-03
  2.4250906e-03
 -1.0687126e-04
  1.5707625e-03
  5.8352423e-04
  6.7905011e-03
 -4.6016357e-04
  2.6695181e-03
  6.6845068e-03
  5.7552825e-03
  4.0730070e-03
  2.7193117e-03
  2.9189698e-04
 -1.6411496e-02
  5.3783809e-03
  6.9088428e-03
  4.0425992e-04
 -2.0118607e-03
 -3.6218599e-03
  2.3855078e-03
  1.8061972e-03
  1.5370500e-01
 -1.5976907e-04
 -4.8523510e-04
 -1.0367495e-03
  2.3357999e-03
 -3.1487245e-04
  8.2317332e-04
 -2.7833614e-03
  8.0579042e-02
 -6.2626940e-03
 -2.0891677e-03
 -4.1673568e-04
 -1.1558188e-03
  4.0990085e-04
 -2.1365823e-03
 -1.4050486e-03
 -1.9388846e-03
  1.5161330e-03
  3.1986567e-03
  3.8776712e-03
 -1.4399105e-01
  2.9695013e-01
 -8.8286972e-01
  4.2916667e-01
 -5.0940263e-01
 -2.7868688e-01
  2.6812506e-01
 -4.9989805e-01
  2.3874652e-02
  4.4226319e-02
 -9.2362922e-01
 -1.0216167e-01
 -4.2156735e-01
 -1.1937393e-01
 -4.0466230e-02
 -8.4315920e-01
 -8.6344928e-01
 -1.1211405e+00
  4.7252635e-03
  5.8624941e-01
  9.1738151e-03
 -3.6726188e-02
 -9.1849279e-01
 -6.6095427e-02
 -6.3338441e-01
 -1.7949507e-02
  5.1974481e-01
  2.2903590e-01
 -1.0001902e-01
 -1.2277941e+00
  2.4746839e-02
 -4.3935749e-01
  4.5867056e-02
 -1.7942132e-01
 -3.5831034e-03
 -1.7076154e-01
 -3.0149984e-01
  9.3405619e-02
  2.6054971e-03
  1.3475410e-02
 -1.7267911e-02
  1.2045413e-01
  2.4976856e-03
  3.3073686e-02
 -2.3735457e-03
  1.9330336e-02
 -3.3938081e-03
 -4.3312655e-04
  1.4422354e-04
  2.5037916e-02
 -4.1742170e-01
  1.7737830e-01
 -1.2516259e-03
  2.1566774e-03
  7.1477063e-04
  5.7142461e-04
 -8.8330795e-05
  1.6699533e-04
  8.0010243e-05
 -3.2376642e-03
  9.6178567e-03
 -6.2768962e-03
  3.8778118e-03
  3.4817748e-02
 -2.3165630e-04
  1.6817382e-02
 -2.7265202e-03
 -6.8576977e-02
  9.8085694e-04
  8.4686885e-04
  6.2459777e-04
 -7.9220179e-03
  4.1984296e-03
  2.3344113e-03
 -3.7893644e-03
  1.0235460e-02
  3.1619095e-03
 -1.9403545e-02
 -9.0340406e-02
 -7.4017572e-04
  7.8874116e-04
 -1.5906036e-03
 -1.7455340e-03
 -3.3859047e-03
  2.4544997e-03
  9.5532794e-04
 -2.2894459e-02
  4.0860791e-03
  3.4133798e-01
  5.1031401e-03
 -3.8716093e-01
  1.3520458e-03
  2.6447156e-01
 -3.8155470e-02
 -1.9605015e-01
 -6.0004318e-01
  1.8707052e-01
  4.8656771e-03
 -9.4931480e-03
 -5.0889030e-03
 -2.7067447e-01
  9.3678804e-03
 -1.5292205e-01
 -8.6023455e-04
 -1.9569053e-01
 -1.5574285e-01
  4.6925963e-04
 -2.2204726e-03
 -3.4461981e-01
  3.8287106e-03
  3.4448982e-04
  2.5158266e-03
 -3.3804458e-02
 -2.4921116e-03
  1.4636952e-03
  8.8058915e-03
 -1.1034017e-02
 -3.7491741e-03
  6.7292727e-03
 -5.8850769e-02
  1.8825332e-03
 -1.3555697e-03
  1.3457629e-01
 -6.1161653e-04
 -4.6142559e-02
  3.0820539e-02
 -2.0635317e-03
 -3.0091903e-03
  2.8507060e-03
  1.9869427e-03
 -6.6120531e-03
  4.6186591e-03
 -1.8758203e-01
  4.1879267e-03
 -7.4757435e-03
  9.0023567e-04
 -2.0253444e-03
  9.0067915e-04
  8.7487948e-05
 -2.7132835e-03
 -4.0393681e-03
 -2.6576938e-03
 -4.0965464e-02
 -2.9953793e-04
  1.9918808e-03
 -1.0105076e-03
 -2.0922155e-03
  1.9058372e-03
  6.1361189e-03
 -3.1940064e-03
 -2.5048184e-03
  9.5702754e-03
  9.7735226e-04
  1.0892565e-02
  3.5715387e-03
 -3.8003209e-03
 -1.4442396e-03
  5.3378870e-05
 -1.4903080e-03
  5.7624338e-06
  1.1365997e-01
  1.7476012e-03
  7.5350236e-03
 -5.0102314e-04
 -1.9197707e-03
 -1.7435433e-02
 -4.0937252e-03
  1.6483344e-03
  6.6591799e-03
  2.4243916e-04
  3.2069259e-03
 -9.9382433e-04
  2.3612669e-03
  1.1507632e-03
 -1.4185593e-03
  5.2760215e-04
  5.9683025e-03
  5.2089797e-04
  4.0335059e-02
 -7.2400423e-04
 -3.4111734e-02
  9.7433811e-05
  3.6102213e-02
 -9.2857180e-04
 -4.4284749e-04
  4.4152230e-01
  2.4850164e-03
  5.6029176e-03
 -1.0091794e-02
 -4.2223529e-04
 -1.7076739e-03
  3.5891478e-04
 -6.8095243e-03
  6.0442388e-03
  2.9154003e-04
 -7.1277926e-03
  2.7491413e-03
 -8.6037256e-04
  3.4931222e-01
  7.8140544e-03
 -5.6193019e-03
 -1.9415203e-04
  1.2350334e-03
  2.3057929e-03
  1.4299641e-03
 -7.6906267e-04
  4.4672186e-03
 -2.9425707e-03
 -4.1803126e-03
  3.4467175e-04
 -1.3753497e-03
 -6.9464487e-03
 -6.0156332e-03
 -3.4845991e-03
 -2.6122057e-03
 -1.0202569e-04
  6.7042117e-03
 -8.9484802e-04
 -2.7752441e-04
  1.2385530e-03
 -3.0392769e-03
 -5.8092438e-03
  7.4180616e-03
  3.7948149e-03
 -1.1961074e-03
  5.0626742e-03
  5.5381510e-04
 -2.2889040e-03
 -4.6275029e-01
  2.6452451e-03
  4.7026887e-03
  5.0681178e-05
  2.1371503e-04
 -2.5103643e-04
 -1.0820210e-03
  2.2166725e-03
 -2.7871551e-04
 -1.0455678e-03
 -5.1234709e-04
 -2.2475901e-03
 -7.0661219e-04
 -1.1666516e-02
  1.3220927e-03
  2.7401880e-03
  3.8898799e-03
  3.6050996e-03
 -8.7740907e-04
  4.5491178e-02
 -1.2236957e-03
  3.2183135e-04
 -5.3933560e-04
 -5.7276757e-04
 -3.6997132e-03
 -2.4589454e-03
 -8.1978028e-04
  1.1152747e-03
 -1.0384703e-03
 -3.1371180e-03
  2.8235519e-03
 -1.9002538e-03
 -1.0334568e-02
 -6.7588902e-04
 -1.0478543e-05
  1.3675055e-03
  3.9152126e-03
 -1.7980712e-03
  2.2621586e-03
 -3.3293925e-03
 -2.4684852e-03
 -5.3422973e-03
  6.3912412e-03
 -7.3789252e-04
  2.2105826e-04
  1.8193171e-04
  5.2335607e-03
  1.9417105e-03
 -1.4919112e-03
 -9.5455599e-04
 -3.7495233e-03
  3.0924694e-04
  4.5519439e-03
  3.4610271e-01
  6.1906793e-04
 -3.6928863e-03
  2.2339961e-03
 -1.2425100e-03
  2.8387259e-03
  7.8939162e-03
  2.0890527e-03
  4.2152987e-04
 -2.4983766e-03
 -2.4420584e-03
 -4.1546631e-03
  1.8696759e-03
  1.3790056e-03
 -2.8864145e-03
  3.1692614e-03
  3.6825478e-04
  1.8139917e-03
  3.9701965e-03
  2.8453292e-03
  3.9956160e-03
  5.4706511e-04
  2.2644359e-03
  4.6618045e-03
 -7.2593754e-04
 -2.2221226e-03
 -1.1597010e-03
  9.2299364e-04
  6.2803216e-03
 -3.8901344e-04
  5.3284522e-03
 -5.5346265e-04
 -6.0520566e-04
  4.4690785e-03
  4.2272564e-03
 -2.2548082e-01
  1.2191621e-03
  4.5372290e-04
  3.5554210e-03
 -2.1575522e-03
  3.4035824e-04
  5.6912750e-04
  1.3547497e-03
  9.0967100e-03
  4.9933844e-04
 -2.0166759e-03
 -2.3413543e-01
 -4.4149840e-03
 -1.8643909e-03
  2.7847008e-03
  5.9703528e-03
  2.8318891e-03
  7.0297034e-03
 -1.5492780e-03
 -7.5710802e-03
  2.7123457e-04
 -1.6704839e-01
  2.3725631e-03
 -1.1710147e-03
 -6.6364428e-04
  3.3895739e-03
  1.4288467e-02
  6.2606316e-03
 -4.9111219e-03
  1.7205018e-03
 -3.6803505e-03
 -3.2733555e-04
  3.1646928e-03
 -1.6643176e-03
 -1.7946643e-04
 -1.5039062e-03
  1.5437493e-01
 -3.2504706e-03
  1.0782150e-03
  1.4486135e-02
  4.0511908e-03
  1.7435512e-01
 -2.4177557e-02
  2.5536984e-01
  6.1073087e-02
  3.3385113e-03
 -2.6691412e-03
  1.9662798e-04
 -3.9425537e-02
  1.0102983e-02
  1.8988653e-03
 -2.0736379e-03
 -1.2415609e-02
 -5.5119719e-02
  4.8551883e-04
 -1.5586773e-01
 -5.8271330e-02
 -9.9487766e-04
 -6.9318362e-02
  1.4849333e-01
 -7.7154348e-03
 -2.0915903e-02
 -1.5919775e-01
  9.0869553e-02
 -7.2312407e-02
  1.1244857e-03
 -3.2660973e-03
 -2.4083389e-02
 -2.1571340e-04
 -3.9431113e-03
  1.4149606e-02
  1.0408071e-04
 -1.2411192e-03
  1.1350112e-03
 -7.4537302e-04
 -3.7159529e-04
 -1.4759612e-03
  3.6438694e-04
 -6.3069258e-03
 -1.4149426e-03
 -8.4364461e-03
  2.1853109e-04
  1.1970838e+00
  1.4648004e-03
 -1.3977272e-03
  2.2820607e-03
  2.0868387e-03
 -2.8327756e-04
 -4.2528834e-04
  5.9509901e-03
  1.0984929e-03
 -5.8950100e-04
  4.6532662e-03
 -4.8278170e-03
  8.2676653e-03
  5.3522373e-03
 -5.7396304e-04
 -3.8812989e-03
  7.3146093e-01
 -5.0066807e-04
 -5.4530462e-04
  5.6814128e-03
 -1.5560044e-03
  6.0644589e-04
 -2.3837322e-03
  1.6064479e-03
 -6.1904691e-04
 -4.9366197e-05
  4.6296027e-03
  3.9118633e-04
 -9.9308905e-04
  4.3269401e-04
  6.4993957e-03
 -3.1863311e-03
 -1.2677873e-03
 -2.2103104e-03
 -1.2412905e-03
  7.4402820e-03
  1.0266940e-03
 -4.5290231e-03
  1.6073710e-03
  2.7478081e-03
 -8.4048812e-04
 -3.4561619e-04
  7.6662296e-01
 -7.4575402e-02
 -2.9483502e-04
  3.9201327e-02
  5.0864303e-01
 -2.3969115e-01
 -8.5050657e-02
  7.8047924e-02
 -2.1836029e-01
  1.4139898e-02
  3.6325958e-04
 -2.5161523e-03
 -1.3726481e-02
  2.5637075e-04
 -6.7404853e-03
  2.7543285e-03
 -1.5573282e-02
 -3.1946626e-01
 -6.0095415e-03
  3.8714730e-03
  3.9556976e-03
 -1.0543513e-03
  3.6925037e-04
 -6.1898986e-03
 -4.3732538e-03
 -8.1457654e-03
 -4.1716108e-03
  1.7826910e-01
 -8.0196254e-02
 -8.6565867e-02
  3.1421385e-03
 -1.1352266e-01
 -2.7062607e-03
  3.6748080e-03
  1.3334969e-02
 -1.1328888e-03
  2.2656252e-04
  3.3150853e-03
  1.4161007e-03
 -7.9144113e-02
  3.2207434e-04
  2.4557554e-03
  2.3347286e-03
  5.0370302e-03
  3.7570123e-04
  4.2225868e-03
 -2.7812091e-03
 -1.6810694e-03
  3.9892588e-03
 -3.4499879e-04
 -7.0566009e-04
  1.8823222e-05
 -7.3247571e-03
 -1.5231981e-03
 -4.2132335e-05
  7.2318886e-04
 -2.4999233e-03
 -9.9247629e-03
 -2.8028357e-04
 -1.5254088e-03
 -5.4643053e-04
  4.6814526e-03
  2.0290664e-03
 -1.9706278e-03
 -9.4743737e-04
 -3.9444566e-03
  1.3243135e-03
 -3.0920422e-03
 -8.5341680e-04
  9.4023481e-04
  6.9796927e-03
  2.1536192e-03
  2.3969478e-05
  1.9065890e-03
  8.0183381e-04
 -9.5833151e-05
  4.9259467e-03
  2.8402393e-03
 -3.5096742e-03
  5.9097353e-03
  2.7388600e-03
  8.3820894e-04
  2.0245137e-03
  6.7511585e-04
  2.0206808e-03
  1.9199750e-04
  9.7787147e-04
  1.7169188e-03
  2.8859364e-04
  2.7996316e-04
  9.3795295e-04
  2.5982396e-03
  2.0950040e-02
  4.6315012e-03
 -1.9038716e-04
  5.4776820e-04
  8.5322262e-04
  3.0776600e-03
 -9.7708777e-04
  3.4684027e-03
  7.0577429e-04
 -3.4564550e-03
  2.9946470e-03
  2.7661687e-03
 -6.6625897e-04
 -4.5830053e-03
 -1.5132029e-03
  7.1155356e-04
 -3.5894103e-05
  7.5438002e-04
 -4.6705930e-03
 -3.3764141e-03
  7.8341113e-03
  2.0474321e-03
  6.2753813e-04
 -8.5829652e-04
  1.4827822e-03
 -3.8479024e-03
  2.0439655e-04
 -1.6855268e-04
 -3.1356998e-03
 -2.7335903e-03
 -2.3812877e-03
  1.0740055e-02
 -6.2173890e-04
 -3.5931966e-03
 -1.9282752e-04
  4.5452071e-03
  3.8012012e-03
 -3.7623583e-03
 -3.0983787e-03
 -3.3733342e-03
  7.2826090e-04
 -9.0490503e-04
 -1.3707473e-03
  1.3687453e-03
  1.5723463e-03
  6.6084636e-04
  1.3968846e-03
 -1.2986592e-03
  5.0732191e-04
  4.0748464e-03
  9.4674528e-04
  3.9694761e-04
 -3.0592026e-04
  5.9077318e-04
  9.3444024e-04
 -3.0738837e-04
  8.2224421e-04
 -1.1735593e-03
 -3.0069773e-03
 -8.8448205e-04
  9.9982601e-05
  2.7717534e-04
  1.1296533e-03
  3.4737540e-04
  4.4544402e-04
  7.7687670e-04
 -8.1693595e-03
  5.5729668e-03
 -3.7931214e-04
  1.0764938e-03
  5.0962914e-04
 -2.2497568e-03
 -4.2606384e-04
  1.2797915e-05
 -1.8684801e-03
  8.4170294e-01
  2.1147400e-03
  3.3269054e-04
  1.0919878e-03
  1.1681415e-03
  1.4182501e-03
  1.1575278e-03
  2.7610969e-03
  1.5596019e-03
 -5.4613398e-03
  2.9331629e-04
  5.3989125e-04
 -4.1239322e-03
  5.0946632e-03
 -1.5157041e-02
 -1.1093486e-02
 -4.4717891e-03
 -2.5375312e-02
 -1.8374929e-03
  2.1806578e-03
  2.0421310e-03
  2.5447984e-03
 -1.3601063e-02
  6.8900526e-01
 -7.2954153e-04
  5.0370008e-02
  1.1484475e-03
  5.5373530e-04
 -2.4359586e-04
 -4.0833961e-04
 -1.5740456e-03
 -1.5212083e-03
  8.8579534e-04
  3.4713466e-02
  5.0180601e-03
 -5.4922304e-03
 -1.8698668e-02
  1.0876100e-02
  2.6368720e-02
 -3.2930907e-03
 -1.8098508e-04
 -6.8627583e-04
  1.0877433e-03
 -1.3868629e-02
  2.9043478e-03
  6.6090457e-04
 -5.8868881e-03
  8.5801072e-04
  6.6356454e-03
 -2.8378016e-04
  3.4415099e-04
  4.3184818e-03
 -1.7869839e-03
  3.6937571e-01
  6.7675889e-01
  6.0066666e-02
 -1.1183774e-01
  1.2186095e+00
 -1.0249291e-01
 -7.8287017e-01
  2.9241562e-01
 -6.6351122e-01
  3.2295054e-04
 -2.2286491e-03
  5.4535666e-04
 -8.7490433e-04
  8.6998491e-04
 -6.7968838e-02
 -5.0797884e-04
  3.8911033e-04
 -3.6273766e-01
 -8.0049239e-02
 -3.6842838e-02
 -4.9659115e-01
 -1.8762634e-03
 -6.4747028e-02
  1.1175099e-02
 -9.7122934e-04
  3.0543733e-01
  6.3664049e-02
  7.5714476e-04
 -6.8187661e-04
  4.0727407e-02
 -2.0182547e-03
 -9.5088605e-04
  2.0587961e-03
 -1.7547607e-01
  2.2618573e-03
  4.9372960e-04
 -8.7803319e-02
 -1.7764383e-03
  2.9891646e-03
  1.2691875e-03
  1.0494956e-02
  2.3773555e-03
 -9.2453032e-05
 -9.3696255e-04
  1.2673590e-03
 -1.2377272e-03
 -2.6317363e-04
 -2.8293764e-03
 -7.4553629e-03
 -2.4800743e-03
  4.5785180e-04
 -1.7800856e-03
 -5.6817633e-04
  1.0170883e-03
  3.0163177e-03
  7.2708577e-03
 -3.7923496e-04
  1.8370040e-02
 -2.0095874e-03
  2.3324249e-04
 -1.2934615e-06
  2.0844035e-04
 -7.0402038e-04
  1.6802021e-03
 -1.6738153e-03
 -4.9718784e-04
 -1.6158279e-03
 -5.3210917e-04
  1.2372569e-03
 -9.8837976e-05
  1.8322371e-03
  1.9372265e-03
 -2.7887991e-03
  3.4187234e-04
  7.6010288e-04
 -1.9554864e-05
 -9.4118575e-04
  5.9533888e-04
 -2.3343915e-03
 -4.9906108e-03
 -5.1901829e-03
 -9.6787378e-05
  3.5836769e-05
  3.4942545e-03
  7.6848606e-04
  5.1767030e-04
 -7.9640141e-04
  1.5331950e-03
  6.0380206e-02
 -9.1360666e-02
 -3.4423259e-01
 -2.2945246e-03
 -2.8044623e-01
 -6.5780813e-01
  2.1957587e-03
  1.3498421e+00
 -4.5726456e-02
  1.4276234e-03
 -1.1246311e-03
  4.5361305e-03
  7.1952818e-04
 -1.0052861e-01
  3.0952477e-04
 -1.2703214e-02
  8.6238813e-03
 -4.4352940e-04
  1.3288606e-03
  1.3716534e-01
 -8.8222907e-05
 -5.9679605e-04
  1.8743395e-03
 -5.1066943e-02
  3.3519688e-04
 -3.7223718e-04
  4.1684913e-04
 -2.1672909e-04
  5.7151011e-04
  9.2649484e-01
  1.0578138e-02
  1.3255288e-03
  8.9281719e-05
  4.3680496e-04
  1.8846521e-02
  3.4467403e-03
  1.5584094e-02
  2.3413722e-03
  1.7803850e-03
 -4.1192872e-04
  1.4010228e-03
  3.8896338e-03
  4.1624863e-04
  3.7938922e-03
  3.3599091e-01
  2.6763216e-01
  1.3519192e-01
  1.9964613e-01
 -2.2619085e-02
 -5.9628136e-02
  4.5798227e-02
  1.0175297e-01
 -2.4013745e-03
 -1.9274731e-01
  6.4717211e-02
  3.6715803e-01
  2.7323624e-01
 -3.1401426e-01
  4.8516375e-01
  1.8890032e-01
  5.5587817e-02
  2.4514554e-02
 -9.3996963e-03
  4.5965162e-01
 -2.5787247e-02
  1.9772030e-02
 -1.1141229e-01
 -5.4388404e-02
  4.7317746e-01
  3.9128095e-01
 -3.5393015e-01
 -2.0824128e-01
  5.5364519e-01
  1.6177249e-01
 -1.7887695e-01
  4.1750234e-01
 -3.1894335e-01
 -1.2330218e-01
  1.8010076e-02
  3.8150758e-01
  9.1261283e-02
 -7.1204883e-01
 -1.6092594e-01
 -2.7364066e-01
 -6.4663671e-02
 -3.2020573e-02
 -3.0625304e-02
 -2.3586163e-01
 -1.0694514e-03
  2.3655179e-03
 -1.1422727e-03
  6.9291837e-04
  1.5053002e-04
 -2.1164024e-03
 -6.9305429e-04
  2.1519605e-03
 -6.5243302e-04
 -1.0992778e-02
  2.1935365e-01
 -2.6968382e-03
  1.0996128e-03
  9.5599837e-04
  8.9814054e-04
  2.3489324e-03
 -1.8481431e-03
  1.2369577e-03
  5.0892396e-04
  5.2196728e-03
 -8.2385942e-04
  3.2703816e-03
  1.5630792e-03
 -5.7834070e-03
  1.1514910e-03
 -7.4951979e-04
 -7.8710006e-04
  5.4648197e-03
 -6.0724997e-04
 -7.2346348e-04
  8.9459482e-04
  1.1107461e-02
  6.6581502e-04
 -2.6641977e-03
  1.1003670e-02
 -1.9662725e-03
  1.0077680e-03
 -1.9193932e-03
 -6.6872989e-04
 -2.0368705e-03
  2.1665611e-03
  2.2787480e-03
 -2.7551129e-03
  3.2698743e-05
  3.0538222e-01
 -1.9434990e-01
  9.1705155e-01
 -2.8002098e-02
  5.9453005e-01
 -2.1213041e-01
  4.4064876e-01
  2.1477044e-01
 -4.8566234e-01
 -5.8215268e-02
  1.0263792e-01
 -7.0136534e-03
  1.3040981e+00
 -5.1138089e-03
  3.0173817e-01
  7.2997059e-03
  3.9783791e-01
  1.6864976e+00
 -6.3376021e-01
  1.0894785e+00
  4.8731662e-02
  1.3230637e-02
 -1.5267447e-02
 -1.1151029e+00
  2.8540394e-01
 -4.6472540e-01
  7.2826642e-01
  2.3457025e-01
  4.4569546e-01
  3.7689674e-01
  7.7587669e-05
  2.7616084e-01
 -5.4353107e-02
  1.9278461e-02
  6.6602737e-02
  4.0188959e-01
  9.6348435e-02
 -5.1407013e-03
 -4.2530619e-02
  1.4407136e-03
 -4.6594464e-03
  3.9913957e-03
 -4.1833282e-03
 -1.3313942e-03
 -3.5707256e-01
  2.0357810e-03
 -5.9445512e-01
 -1.1321774e-03
 -1.9871024e+00
 -3.9281288e-01
  2.7095947e-01
 -1.5362540e-01
  4.6991283e-01
 -3.5994933e-03
  5.1140999e-03
  4.2287675e-01
  1.5759316e-01
  3.9443395e-01
  6.6798559e-05
 -2.8714618e-01
  3.6153693e-03
 -1.0725473e-02
 -1.0657366e-01
  2.0349400e-01
  1.7090363e-03
 -2.9095978e-04
  4.3327877e-01
  4.9207085e-01
 -4.6228146e-04
 -2.6116131e-03
 -2.9762478e-03
  5.1722000e-03
  1.8228024e-03
 -1.7347516e+00
 -7.6212507e-01
  7.2366875e-01
 -1.6543837e-03
  5.9836558e-03
  1.4494831e-03
  5.2731892e-04
 -2.3408020e-01
  5.7540191e-03
 -3.0783275e-03
  1.0282788e-03
 -2.5893492e-03
 -1.2285173e-03
  4.7784033e-03
  2.9077167e-03
  2.7024785e-01
  5.8295340e-03
  1.8770726e+00
 -7.0152146e-01
  1.0408531e-04
  5.4140035e-02
  3.2009318e-01
 -2.2170089e-01
 -5.9967345e-01
 -2.9888846e-02
 -2.9248658e-01
 -4.8751536e-01
 -1.7298152e+00
  4.5378718e-01
 -7.4325675e-01
 -1.0966603e-01
  9.0545011e-01
 -4.6143949e-01
 -1.8135585e-01
  3.1694210e-01
 -4.7303364e-03
 -9.7680682e-01
 -1.6723564e-02
  9.1335222e-02
  2.4862802e-01
  3.0041364e-01
 -3.7389848e-02
  3.0427116e-03
 -3.6189297e-01
  2.9871818e-01
 -4.3492285e-03
  3.7147496e-02
 -1.1767602e-01
 -1.8810397e-01
  1.5686557e-02
 -1.4954950e+00
  5.0998360e-01
 -9.7766095e-01
  1.0668468e-01
 -1.1927334e-01
  4.4737395e-02
 -1.1294663e-04
  3.1123443e-02
 -2.5970778e-01
 -1.1348388e-04
 -2.3768505e-01
  3.8256922e-03
  8.9475326e-04
  1.7769946e-02
  2.3734938e-01
  3.2220772e-01
 -1.2700000e-02
  1.6921984e-01
  1.2674626e+00
  6.1140852e-03
  3.9665547e-01
  5.5312902e-01
  1.0711249e+00
 -4.4360995e-02
 -1.8626027e-01
 -2.1727922e+00
 -1.8852995e-01
 -2.0821646e-01
  1.2236841e-01
  1.0617738e+00
  1.4093730e-01
  7.3180312e-01
  7.7111161e-01
 -7.3965751e-02
  1.1752790e+00
 -9.6565318e-01
 -1.3837850e+00
 -3.4216400e-03
 -3.8020574e-02
  1.0891304e+00
 -4.0857604e-01
 -5.3960860e-01
 -1.0390538e-01
 -7.1485955e-01
 -1.9781536e-01
  1.5025747e-01
  2.6638916e-01
  3.7941745e-01
  1.8442316e-01
 -1.4505150e+00
 -8.2944538e-03
 -1.6167642e-01
  6.7027111e-04
  8.4388204e-02
  1.2777321e-01
  2.5984573e-01
 -2.9764661e-01
 -4.8977830e-03
 -1.1811834e-02
 -2.2259032e-02
 -4.0997369e-03
  5.4784197e-01
 -9.4805740e-02
 -2.2141947e-03
 -2.4150584e-03
 -1.4625102e-03
  2.0732332e-03
 -6.0941547e-04
 -2.0389258e-05
 -2.2493144e-03
 -3.9169118e-03
  1.4158557e-03
 -1.3929713e-03
 -5.6200352e-04
 -7.2252384e-04
 -5.3127287e-03
 -6.5092201e-05
 -1.6590056e-03
  2.6226752e-03
  1.9413754e-03
 -1.2984164e-01
 -1.2365519e-05
 -1.2623967e-03
 -7.2215989e-06
 -5.3430913e-04
  5.4845301e-04
  1.1640787e-03
  2.6429147e-03
 -1.1397932e-03
 -9.0945710e-04
 -2.0677443e-03
  4.1864780e-03
  1.7736071e-03
 -3.1608741e-03
 -4.4782683e-03
 -7.3256367e-04
  5.6868407e-04
  2.2412282e-03
 -2.4644670e-03
 -3.0453219e-03
  2.1198243e-03
  1.0961932e-04
  5.2079931e-04
  6.5199272e-03
  2.9037965e-03
  2.7301250e-04
 -4.2827675e-04
 -3.8518461e-03
 -9.0467650e-04
 -2.3537418e-03
  2.7140756e-03
 -3.4975142e-03
  2.0915139e-03
  1.7182361e-03
  1.4449315e-03
 -3.3898114e-03
  1.4228933e-03
  3.3733365e-03
 -2.2818767e-03
 -1.7407732e-03
 -5.2264268e-03
 -6.3964394e-03
  3.2118404e-01
  2.0933934e-03
 -5.6316811e-03
 -5.1203547e-03
  1.5851757e-03
 -4.8893397e-03
  4.9847900e-04
 -9.2912966e-04
  1.8348567e-01
 -1.5638657e-03
  9.7535190e-04
  2.8765744e-03
 -4.0627765e-03
  1.0783548e-03
  1.0010771e-02
 -2.0270417e-03
 -9.2619739e-06
 -1.6962172e-03
 -2.3169429e-03
 -1.3882711e-03
  3.9098798e-03
 -4.7450913e-03
  3.8781501e-03
  1.4079034e-03
 -1.7254082e-03
  8.7270251e-05
 -1.5975399e-03
  7.3571135e-03
  5.0954837e-03
  8.6082863e-03
  4.3113434e-04
 -1.1962303e+00
 -2.4363853e-01
 -1.2871435e-01
 -1.9057851e-01
 -2.5296152e-01
 -4.2894715e-01
  8.7730455e-01
 -5.3097481e-01
  6.7575611e-02
 -9.3871158e-01
 -9.8023778e-03
 -3.3800617e-01
  1.7826784e-01
 -7.7359095e-02
 -5.5430228e-01
  6.5516964e-02
  2.0768848e-01
  7.4639156e-02
  6.8124391e-02
 -1.6703065e-01
 -8.0532447e-02
 -2.2141045e-01
 -4.0675130e-01
  1.4693259e-01
 -1.2695730e-01
  1.8549411e-01
 -1.0339230e-03
 -2.2344488e-01
 -1.3306707e-01
  6.7539230e-02
 -5.8465060e-03
  8.8871121e-03
  6.6635594e-02
 -1.1516544e-01
 -6.9914567e-03
 -7.7182539e-02
  6.6935681e-02
  6.8098240e-02
  1.5089709e-01
  1.6261567e-04
  5.9331360e-04
  3.1733595e-02
 -2.1620160e-03
 -1.1426177e-01
  5.6618871e-04
  1.5270537e-01
 -1.4824218e-03
 -1.3426032e+00
  4.4843298e-04
 -1.2482677e-02
  5.8500785e-03
 -8.6319270e-03
 -1.5559520e-01
 -3.7226051e-03
 -2.3418397e-04
 -1.7197216e-02
 -1.1335110e-01
 -1.0887233e-03
 -8.2792272e-04
  1.6598250e-01
 -4.2762905e-03
 -8.0944384e-03
  2.2470849e-02
  6.6595976e-03
  1.1752592e-01
  8.8776387e-03
  5.3953426e-03
 -4.9232470e-04
  3.3062610e-03
 -8.6646834e-03
  6.6547515e-03
 -7.5109843e-03
 -8.5551041e-04
  1.1571251e-03
 -1.1276314e-02
 -1.4369564e-02
 -2.8931448e-04
 -8.0353290e-02
 -4.0844437e-03
 -7.0007183e-03
 -1.3754255e-01
 -1.0656699e-04
 -1.2837347e-04
  2.7866066e-03
  7.1184977e-04
  6.1630029e-03
 -9.8331738e-04
 -3.9467700e-03
 -4.4682179e-02
 -5.6847328e-01
 -2.1224323e-01
  9.2867903e-02
  1.8542226e-01
  1.9379783e-02
  6.0986990e-01
  3.7882287e-02
 -1.4208910e+00
 -7.3625845e-01
  2.3854692e-01
  5.5471236e-01
  5.7754081e-01
  2.1089921e+00
  8.2216001e-01
 -9.8737484e-01
 -1.9462261e-01
 -1.9379935e-01
  5.7819774e-03
  6.2605506e-01
  5.5138671e-01
  3.9990616e-01
  1.4483237e-01
 -2.3556904e-01
  4.9862999e-02
 -4.5306742e-04
  5.2350450e-01
  2.2198794e+00
  2.8122982e-01
 -8.6968166e-01
 -4.1760821e-03
  3.2583311e-01
 -9.0037364e-01
 -1.0422740e+00
  1.1998112e+00
 -1.7917733e-01
  1.1585779e+00
 -7.4509755e-03
 -7.6927831e-03
 -8.6851045e-03
 -1.6183505e-03
 -2.6792968e-03
  2.2929769e-03
 -1.3564485e-03
 -3.9544113e-02
 -1.5462644e-03
  5.2373204e-02
 -2.9027777e-02
  3.2198418e-02
 -6.1701488e-01
 -1.3072999e-01
 -1.3303274e-02
 -1.2016544e-01
 -1.9153745e-01
  4.1134596e-02
 -4.2316137e-04
 -2.6802262e-03
  5.6803876e-01
 -5.4441088e-01
 -5.4740463e-04
 -7.2937533e-02
 -5.7706609e-02
  1.2430565e-03
  6.0298797e-05
  1.4083562e-03
  7.6528095e-02
  1.0946011e-03
 -8.3626240e-02
  1.1599312e-02
 -2.5884712e-01
 -1.6468626e-01
  3.0532543e-02
  6.2349192e-03
 -5.7088822e-01
 -5.9568796e-02
  3.3177489e-03
 -3.5331510e-02
  1.7464349e-01
  2.0676877e-02
 -3.1568307e-02
  3.1140776e-02
 -2.1412922e-03
 -8.1627145e-03
 -9.1113691e-04
 -1.5052654e-03
 -6.1642583e-03
  9.6817419e-04
 -8.4488094e-04
 -1.5917895e-02
 -4.2807130e-04
  1.9649861e-02
 -3.4563267e-01
  1.1282227e-02
 -3.2040149e-01
 -1.3005411e-03
 -1.1703647e-02
  7.0042282e-02
 -2.1588819e-03
 -8.7796431e-03
 -4.9619502e-03
 -7.4047875e-03
  5.6443620e-05
  2.0258282e-03
 -5.0974223e-03
 -2.1719836e-02
  1.6343921e-03
 -9.4466173e-04
  2.0304399e-03
  5.1422283e-02
 -1.5437731e-03
  3.0149464e-04
  3.2092014e-04
  2.2578320e-02
 -7.6653659e-02
 -2.3281625e-03
  3.9147306e-03
  1.6394797e-04
 -2.2264614e-03
 -1.2839132e-02
  6.6073611e-05
  4.4883648e-04
 -4.2988475e-02
 -2.2425214e-03
 -1.2706005e-03
 -3.2027150e-03
 -4.8323325e-04
 -4.7888327e-03
 -1.7975685e-03
  1.3429698e-02
  4.4447876e-04
  2.3695359e-03
  1.9393166e-03
  3.1658246e-03
  5.2943494e-04
 -1.6877664e-03
  1.9674371e-03
 -2.9483063e-03
  1.1259743e-03
  2.6026362e-04
  3.9049226e-03
  5.9424792e-03
  4.7582289e-04
 -3.3790329e-03
 -3.1176806e-04
 -4.8171952e-03
 -4.6201656e-03
  4.5651104e-03
  6.6139014e-03
  4.2297654e-03
 -8.1845617e-05
 -3.3271196e-03
  4.5545411e-04
 -6.5779402e-03
  3.2201449e-03
  2.5640242e-03
 -1.0966614e-03
  1.1727590e-03
  2.9589594e-03
  3.2309352e-03
  7.2189085e-03
 -3.8400406e-03
 -3.1949040e-03
  6.1551982e-04
  7.1744765e-03
  7.4861310e-03
 -1.6468642e-02
 -1.4473714e-03
 -4.4553843e-03
 -1.2328011e-03
  1.2702466e-04
 -8.3056148e-03
  2.7561481e-03
  2.7735508e-04
 -4.5272353e-04
  6.9687022e-03
  5.0333532e-05
  5.2218068e-01
  6.5129288e-02
  5.9954983e-01
  4.3756884e-02
 -4.9103633e-02
 -6.2249158e-02
 -1.4893091e-01
  1.6668709e-01
  3.9940355e-03
  1.7438686e-01
  1.0930864e-03
  1.3028006e-03
  9.8154573e-03
 -1.8250436e-02
 -6.8408705e-02
  2.5632352e-01
  4.1924268e-03
 -8.6877719e-03
 -8.5844425e-03
  3.4205411e-03
  3.5953958e-04
  5.9586635e-04
 -1.5257375e-02
 -3.1287654e-04
 -4.1668038e-03
  1.9177620e-05
 -1.6430162e-03
 -2.4611068e-01
 -7.1907556e-03
  8.3737392e-03
  1.1168129e-03
  1.3665910e-03
  1.1241611e-03
 -1.0321046e-01
 -9.2204466e-02
  1.8036885e-03
 -5.1860581e-03
 -1.5645549e-03
  4.8109773e-03
 -1.7769196e-03
  1.2321713e-03
 -1.1352531e-03
  3.8837709e-03
 -8.5779969e-03
  1.0529611e-02
  4.8640613e-03
  5.1784806e-04
 -1.5474224e-04
 -1.6564215e-03
  1.3228685e-03
 -1.1526817e-03
  4.3397499e-03
  1.3627205e-03
 -5.4545474e-04
 -2.1019366e-03
  7.4341870e-04
  2.2639157e-03
 -4.4225776e-03
 -3.2995674e-03
 -3.3179866e-04
  1.8747145e-04
 -2.8092540e-03
 -6.0310453e-04
  7.8374837e-03
 -2.3973442e-04
  3.3663297e-03
  1.2329865e-03
  1.4696253e-04
  1.4958993e-04
  1.1385997e-03
 -3.9851258e-04
 -1.5657817e-03
  1.9201456e-03
 -7.4567727e-04
 -2.5342859e-04
 -2.6421710e-03
 -3.3434792e-03
 -3.0291476e-03
 -2.8297072e-05
 -3.0696843e-04
  7.0887065e-05
  4.9558437e-01
 -2.1570281e-03
 -3.0730783e-03
  2.2715167e-03
  3.1009302e-04
 -1.2561114e-03
  1.4193542e-03
 -7.3220539e-03
  3.7525520e-03
 -1.2823110e-03
 -1.8250472e-03
 -1.4536071e-03
  3.4211617e-02
 -1.4103960e-03
 -4.4940523e-04
 -1.6752163e-04
 -2.4108568e-03
  4.8898867e-01
  2.1830658e-04
 -2.3982411e-03
  7.4921414e-04
  1.8486356e-03
 -6.4634020e-05
 -2.8311273e-03
  1.8408657e-03
 -3.8100984e-03
  2.2817082e-03
  1.7214496e-01
 -3.6498173e-03
 -9.8260585e-05
 -2.1669602e-03
  4.9097082e-03
 -3.8815744e-03
  2.1855179e-03
  7.8510260e-03
  1.6606183e-03
 -2.2095754e-03
 -4.0320763e-03
  2.2097866e-03
  1.6491129e-03
  2.8555663e-03
 -5.9411232e-04
  4.7477422e-04
  2.7909917e-03
  2.2559888e-03
 -5.3044707e-03
  2.6769674e-04
 -8.9780311e-04
  7.8223289e-05
  2.9316946e-04
 -5.0305687e-03
 -1.8065721e+00
 -7.8760339e-03
  1.5410351e+00
  1.5401313e+00
  5.4450114e-03
 -8.9238256e-02
 -2.1106355e-01
  1.1125473e+00
  2.0786871e-01
  7.1001118e-01
 -1.0453111e-03
  2.2429498e-01
  7.8662969e-02
  9.1794841e-03
  1.3035309e-01
 -3.0110350e-01
  3.9579588e-01
 -1.8157807e-01
 -7.3059976e-02
  2.8864962e-01
 -7.6679036e-02
  4.9871594e-01
 -4.3253648e-01
  8.8481617e-01
  1.1542211e-02
  2.9251042e-01
 -3.4299403e-02
 -2.3857027e-01
  1.6204755e-01
  2.3453113e-02
  8.5246938e-01
 -3.0001064e-03
  1.3712969e-01
  1.0084951e-01
  2.2363279e-04
  4.0965241e-01
  1.0187010e-02
  1.8679421e-02
  2.4495414e-05
  3.3133163e-04
 -9.5272418e-03
 -1.0983495e-03
  7.7589008e-04
 -7.7825587e-04
 -3.8286517e-03
 -1.2785619e-03
  1.8291203e-03
 -2.9867860e-03
 -7.4164080e-03
  6.1527855e-05
  1.0531931e-04
  2.5829847e-04
 -3.3854244e-03
 -8.7611179e-04
  1.7137898e-03
 -7.8011537e-04
  1.3705939e-03
  3.3008426e-03
  4.7329286e-04
  8.3565917e-03
  5.1032752e-04
  1.0212787e-03
 -1.2444709e-03
  1.9197469e-05
  7.2370388e-04
 -4.4001359e-04
  2.2080797e-04
  4.0979655e-03
 -6.2749907e-04
  9.4364937e-03
 -2.0176894e-03
 -2.1710284e-03
  2.3202058e-03
  2.3129277e-03
 -3.4742567e-03
  1.7329449e-03
 -1.5125312e-03
  1.8613208e-03
 -4.1682395e-04
  1.4996387e-03
 -9.6980535e-04
 -3.6687642e-02
 -4.7532236e-03
 -8.4676285e-06
  3.7459249e-05
 -4.9597071e-03
  8.4629962e-03
 -2.1944463e-03
 -1.4974439e-01
  2.8305870e-01
  1.5829393e-01
  8.1458974e-01
 -3.9792871e-01
 -1.6487023e-02
  8.7669790e-03
  2.7171814e-01
  5.9924978e-01
  9.4326872e-01
  1.4255333e-02
  5.3243291e-01
  1.9875069e-01
  1.8787517e-01
 -1.4032716e-02
  3.8685057e-01
  3.7930730e-01
 -1.6774301e-03
  1.9238729e-02
 -5.8220704e-03
 -8.8747792e-02
 -2.8540250e-03
 -9.2155665e-02
  5.1897991e-01
  3.2853819e-03
  7.2298652e-01
 -3.4595135e-01
  1.3987979e-01
  1.7849114e-03
  6.3329154e-01
  1.3267304e-01
  8.8161684e-04
  3.5043374e-01
 -1.0438419e-01
 -2.7191425e-03
 -1.4539389e-03
  4.2321552e-03
  2.6068324e-02
  1.8991154e-02
 -5.9360165e-05
 -8.3324686e-03
  1.1965343e-03
  1.6776291e-03
 -2.6499933e-02
  4.3466944e-02
 -5.6550864e-02
  1.9339961e-01
  2.5733531e-01
 -3.9725495e-03
 -5.7440961e-04
  6.9316366e-04
 -1.5536444e-03
  1.1810950e-01
  8.7544201e-03
  5.8615342e-04
  1.0730731e-03
  1.1739269e-02
 -1.0517987e-03
 -7.7945869e-03
 -1.8828403e-03
  1.5057670e-03
 -1.2283236e-03
  2.2135198e-03
 -1.1587475e-04
 -6.8286341e-03
  1.1424185e-03
  1.8432772e-03
  6.8786838e-03
 -1.2649065e-03
  1.2578159e-02
 -5.7979561e-03
 -1.4648377e-02
 -1.2438159e-04
  5.4219004e-04
  1.9147402e-03
 -1.0752302e-04
  1.3716570e-02
  1.8199333e-03
 -3.4234300e-04
  3.8835788e-03
  1.6413108e-03
  7.3238241e-04
  1.5977379e-03
 -2.1827512e-04
  1.7869788e-03
  5.5084686e-04
  2.6515410e-03
 -3.6592861e-03
  1.2508066e-01
  2.7782746e-04
 -2.1488464e-01
  3.8581523e-03
  1.1624423e-01
 -2.2584179e-02
 -9.2118323e-02
 -1.8327831e-01
 -1.0481966e-01
  6.3507413e-03
  5.7822084e-03
 -5.6432944e-04
  1.1322991e-02
 -1.5829761e-01
 -1.7491345e-01
  2.8212303e-01
  5.9760519e-04
 -2.2887103e-03
 -3.0232337e-01
  7.7262424e-02
  4.3592160e-04
 -2.4967673e-03
  2.4364849e-03
  2.3798915e-03
 -3.5902162e-04
 -1.5318996e-03
  1.7604691e-03
 -7.3134758e-02
 -3.4922825e-03
 -1.2561743e-03
  3.0399894e-03
 -3.2235147e-04
  3.3362084e-03
 -8.2058378e-02
 -8.2624052e-03
 -3.9140857e-03
 -6.9124983e-03
 -3.1788617e-03
  2.5728785e-03
  7.3866727e-04
  2.6298782e-03
  3.6380896e-03
 -6.1787019e-04
 -3.1710279e-03
 -2.4471101e-03
 -1.0611975e-02
 -1.7301799e-03
  1.6953254e-03
 -4.5169410e-03
  2.5273236e-03
 -2.1775360e-03
 -2.8043916e-03
  1.9610859e-05
  1.5340047e-03
 -3.9823409e-03
  7.2448718e-04
 -2.6724188e-04
 -2.2969791e-03
  2.7255202e-03
 -3.1486454e-03
  9.5867307e-04
  4.0322039e-03
 -3.3610771e-04
 -3.1419555e-04
  1.4195725e-04
  1.0603276e-02
 -1.0866271e-03
 -1.9918114e-03
  3.3649472e-03
 -4.3816963e-04
 -1.3299871e-03
  2.3574103e-07
  1.1584674e-03
 -7.6622574e-04
  4.2423894e-04
 -1.1238847e-03
 -4.7209230e-03
 -6.4348853e-03
 -6.3330540e-03
  1.5141972e-03
  2.9701702e-03
 -5.6034367e-04
  4.6668532e-03
  6.2305676e-03
  2.3244168e-03
  6.6886889e-05
  3.9884411e-03
  7.7290707e-03
  5.0859726e-03
 -2.8402400e-03
 -7.8731473e-04
 -1.8634226e-03
 -4.3510408e-03
  4.9151853e-04
 -6.2294735e-04
 -4.5695845e-03
 -3.3398517e-04
  3.0635900e-03
  4.1632527e-03
  6.4750330e-04
  3.3643893e-03
  3.5408745e-03
  7.0103523e-03
 -7.1101927e-04
  2.1749260e-03
 -6.1780715e-04
 -9.3198165e-02
  8.4549614e-04
  8.0277687e-03
 -1.5371970e-03
  1.1697146e-03
 -3.6194659e-04
 -1.6966253e-03
  1.8590301e-03
 -2.7658814e-04
  1.0439442e-03
  5.1095121e-05
 -1.9622212e-03
  5.8376044e-04
 -1.2386995e-03
 -2.5068577e-03
 -2.8497190e-04
 -2.5466874e-03
  9.2693284e-04
  1.9363428e-03
  5.1389444e-03
  3.5430465e-03
  6.0704923e-03
  5.1527638e-03
 -3.1138945e-04
 -3.4387705e-03
  6.4925081e-04
 -1.6236494e-03
  8.2772151e-03
 -5.2316803e-03
 -1.9762272e-03
  1.3841246e-04
 -5.2668829e-04
  4.7745393e-03
 -6.5236347e-04
  1.9083571e-02
  8.2440441e-03
  9.3834096e-04
  3.9290861e-04
 -6.7566964e-04
 -2.4421990e-04
  1.0108792e-02
 -6.0235797e-03
  1.9718881e-04
  2.6070229e-03
  4.0196232e-04
  1.0560167e-03
 -8.9129998e-04
  1.7452372e+00
 -1.2787405e-03
  3.8352766e-04
  1.7989166e-03
  1.9347976e-04
  4.1283318e-03
  9.2330633e-04
 -1.3427660e-03
  4.9194216e-04
  1.5020581e-03
 -9.7412278e-04
  3.2714609e-04
  4.0308754e-03
 -1.1285131e-03
 -4.0590409e-03
 -1.1077207e-03
 -4.3515982e-03
 -7.1232608e-03
 -1.2841194e-03
  3.4748664e-04
  1.7368860e-03
  1.5233876e-05
  4.9536116e-03
  4.8036128e-04
 -7.8758725e-04
 -9.7269134e-05
 -3.4159084e-04
 -2.4856483e-03
  9.1699569e-04
  1.9582175e-03
 -3.3804507e-03
  2.5506569e-03
  7.9386670e-04
 -1.3783412e-03
  4.5122951e-03
  1.1371130e-03
 -3.4826309e-03
 -3.6165869e-04
 -2.8493849e-04
 -1.0857597e-03
 -6.4859190e-04
  5.0165819e-04
  3.3446876e-03
  2.9320039e-03
 -1.6770202e-03
  1.0399276e-04
 -8.3988393e-04
 -1.1080079e-03
 -1.9176695e-03
 -3.7464534e-03
  5.1542087e-03
 -3.3235457e-03
  4.8634950e-03
  1.2554007e-04
 -9.9080999e-04
 -1.8313005e-04
 -1.6314430e-03
 -6.2474387e-04
 -3.4257025e-03
 -3.6063993e-03
 -8.5930334e-04
 -1.2255472e-03
 -3.6597898e-04
  2.0573396e-04
  2.3213052e-03
 -1.2699876e-03
  2.1001250e-03
  7.6888166e-02
  1.6500160e-01
  2.7335813e-02
  3.0272549e-01
 -1.6217746e-01
 -2.1217719e-01
 -3.1226086e-03
 -8.3284087e-02
  1.5581337e-01
  1.6954929e-01
  5.2357707e-02
 -1.2104850e-01
 -2.5648579e-02
 -1.2592475e-01
 -2.9101299e-02
  8.0416806e-02
  1.5165988e-01
  6.6232234e-02
 -1.1428220e-03
  1.2243339e-01
 -1.1946132e-01
 -6.3937023e-02
 -7.2008139e-03
  3.3025560e-01
 -4.5715617e-03
  3.2878380e-02
  5.9506979e-02
 -1.6552931e-01
 -8.0262516e-03
  1.4008254e-01
  4.1788816e-01
 -3.2752296e-03
  5.6144167e-02
  6.6349339e-03
 -1.2427456e-02
  3.5763558e-02
 -3.6613453e-02
  1.0235859e-02
  1.2672794e-01
  1.2711016e-03
 -8.9606305e-04
 -9.3215087e-04
  8.8689127e-04
 -1.8727075e-04
  8.8329202e-01
  1.5811856e-01
  1.2846177e+00
  7.8843689e-01
 -1.6722182e+00
 -2.2845952e-01
 -1.1140095e+00
  4.4579279e-01
  2.2767866e-01
  4.8934734e-01
  5.2819094e-03
 -2.6693723e-01
 -7.6519631e-02
  3.5566790e-04
 -9.3946181e-02
  2.3409121e-02
  6.7286536e-02
  1.0183590e-03
 -2.9188123e-01
 -1.2678084e-03
 -3.1962089e-04
  3.1003449e-03
 -4.9844356e-03
  7.1669213e-02
 -2.3553988e-03
  9.2800532e-04
 -3.0460313e-02
 -1.4082397e+00
 -7.6126901e-04
  9.0673304e-04
  2.6438765e-02
  3.4642450e-03
  1.3920466e-03
 -1.5735061e-01
 -4.5931679e-03
  3.6550816e-03
 -4.5230128e-03
  2.8709928e-04
  6.6232518e-05
 -2.4794140e-03
 -5.3032214e-04
  6.5442093e-04
  2.4047296e-03
 -6.5807696e-03
 -4.3417430e-03
 -3.0566377e-03
 -6.0690410e-04
 -3.2169425e-01
  1.7784073e-03
 -4.7456066e-05
  2.7328962e-04
  1.3014757e-03
  4.4367230e-03
 -1.4281264e-04
  1.1152778e-03
 -5.8172119e-04
 -9.8543847e-04
  1.0627712e-03
  1.5787926e-03
  8.4483414e-04
  2.4138154e-03
 -7.4328538e-03
 -5.4284837e-04
  1.1888841e-03
  7.3754415e-04
 -1.3948220e-03
  2.0703490e-01
 -3.6194525e-03
  9.0600958e-04
  2.4118412e-03
 -2.0441953e-03
  3.0617942e-03
 -2.3281518e-03
  1.4489435e-04
  6.3481129e-05
 -9.7690232e-04
 -4.3966880e-04
  1.6770412e-03
 -2.9214087e-03
  9.3435001e-04
 -1.8109907e-03
  5.4600681e-03
  2.0103080e-03
 -7.6184911e-04
 -2.4741418e-03
  1.0843648e-03
 -2.8012493e-03
 -4.3459798e-04
 -2.0708600e-02
  3.2423758e-03
  1.5946109e-03
 -3.6180136e-06
  2.7873756e-03
 -2.6929411e-03
  6.2541403e-02
 -2.7371552e-03
  4.9441662e-03
  2.4444710e-03
 -2.4090402e-02
 -4.0277308e-03
  9.2479662e-05
  1.0956162e-02
  5.1264474e-03
 -1.7944184e-03
  3.6170012e-03
 -1.3842639e-03
 -3.9374018e-03
 -2.9097009e-03
  3.5816066e-03
  2.2149468e-03
  2.2126031e-03
 -3.5786531e-03
  7.0317107e-04
 -4.6746852e-03
  1.7612134e-03
  1.0028835e-03
  3.7266494e-04
 -4.6811363e-04
  1.5344349e-03
  2.7790188e-04
 -7.3816371e-03
  5.8710796e-04
  4.0758364e-03
 -8.8417262e-04
  3.0614575e-03
 -5.1173698e-03
 -3.9494867e-04
  3.8828070e-03
  1.7339956e-03
 -2.1630942e-03
  1.3658713e-03
  6.4700874e-03
 -6.4265070e-05
 -1.1306579e-03
 -3.0668194e-03
 -2.7069384e-03
 -1.4294416e-03
  2.0967890e-04
  5.2321469e-04
 -3.0400287e-03
  1.8451533e-04
  4.0927874e-03
  1.1682149e-03
  1.4498960e-03
  8.0364640e-04
  5.9107374e-03
 -2.3424989e-03
  1.0523219e-03
  1.6014713e-03
  2.3795781e-03
  3.5700790e-04
  2.4221856e-03
 -1.0342253e-03
  3.7705593e-03
 -1.7149037e-03
 -9.2053437e-04
  5.0279341e-04
 -7.5771264e-04
  7.8184414e-04
 -2.7645919e-03
 -1.3133641e-03
  1.1001320e-03
  2.0301188e-03
 -4.5230668e-03
  2.6553336e-03
 -4.9854305e-05
  3.1436752e-03
 -1.1888599e-03
 -2.8980772e-03
 -3.7581711e-03
  1.9005325e-04
 -1.0978052e-02
 -3.6994833e-04
 -3.2940595e-03
  1.3037588e-03
  1.5053968e-03
  1.1555775e-01
 -1.5626960e-01
 -1.4821735e-01
  8.5964240e-02
 -2.5107035e-02
 -6.7456651e-01
  7.4787354e-03
 -1.6570065e-02
 -3.7131361e-03
 -3.4163609e-01
 -7.7887878e-02
 -3.2046009e-05
 -3.0191476e-02
 -1.1169132e-02
  9.1839163e-03
 -1.2767968e-01
 -5.1205836e-02
 -4.9122015e-04
 -4.0268619e-03
 -1.2267539e-01
  5.5137777e-01
  1.4191127e-02
  1.5467895e-02
 -3.5031252e-02
 -3.1059878e-03
 -1.1165730e-01
 -9.6956186e-04
  9.3122885e-02
  3.0733286e-03
 -1.4778194e-01
 -2.5707441e-03
  7.6786452e-03
 -5.0725834e-03
 -3.2470087e-03
  2.9196948e-02
 -7.7345152e-03
  1.9027789e-03
 -3.3461268e-04
 -1.1206346e-03
 -5.8371219e-04
  3.6618803e-04
 -1.0558009e-02
 -3.7084537e-06
 -5.4329634e-03
  1.1481789e-03
 -2.1680789e-04
  1.7923310e-03
 -4.3165209e-03
 -2.7656258e-04
  2.5972466e-03
  5.1103206e-03
  2.4192804e-03
  3.0195545e-03
 -1.0138381e-03
 -8.0663548e-04
 -4.7757910e-03
 -2.4215744e-03
  2.8071830e-03
 -4.9214526e-05
  5.7724747e-04
 -1.9913418e-03
 -7.5735571e-04
  2.0025722e-03
  4.9693132e-04
 -5.8183987e-03
 -6.0560796e-03
  1.2092654e-03
  3.7145568e-03
 -1.9305703e-04
  3.2518659e-04
  1.4112933e-03
 -7.0842623e-04
  1.0350109e-03
 -2.9662338e-03
 -2.7844456e-03
 -2.3983829e-03
  3.0018571e-03
  2.9473223e-03
  6.5140048e-05
  1.3027654e-03
 -1.1726478e-03
 -3.7014764e-04
 -5.2352864e-03
  9.5275324e-04
  1.8947310e-03
  6.8857393e-04
 -4.5917532e-04
  2.3878007e-03
 -3.8051995e-04
 -1.7189099e-01
  2.2569245e-01
 -7.0000196e-01
 -2.2815906e-02
  3.5824433e-01
 -9.7452062e-01
  6.2331927e-01
 -5.4642004e-01
  1.5919265e-01
 -2.1285689e-02
 -7.4256049e-03
 -6.9384164e-01
 -3.6434263e-01
  1.0099177e-03
 -4.9397301e-02
  2.2066060e-01
  1.8841392e-01
 -1.6153178e-01
  1.1207730e-01
  3.0041185e-01
 -1.8484886e-01
 -3.2230301e-03
  1.4227543e-03
 -7.8872353e-02
  4.2740446e-01
 -4.1964155e-01
  1.5894674e-01
  1.0532063e-02
 -2.0690818e-01
  5.1985599e-02
  1.8872251e-01
  1.8938924e-01
 -2.0877771e-02
  2.0669822e-01
 -2.1221922e-01
 -7.0698954e-02
  1.2453793e-02
  2.2626277e-03
  1.4746905e-02
 -2.7414715e-01
  1.0056047e-03
  2.3427561e-03
 -3.8880978e-02
 -1.0537291e-02
 -5.0294753e-03
  4.5135845e-03
 -4.6037574e-04
 -3.3679025e-03
 -2.9375613e-01
  4.1610523e-04
 -1.1064587e+00
  5.1549706e-04
 -9.0780472e-03
  4.0329560e-03
  2.9912645e-03
  2.9830304e-01
 -1.6932087e-03
  7.3676128e-03
  1.2449882e-03
  2.8262683e-04
 -1.0706836e-02
 -8.2119070e-03
  1.3783651e-03
 -7.4935360e-03
  1.8987157e-03
 -2.2947020e-04
  2.0423855e-04
 -6.3325558e-04
 -1.2423632e-03
  5.8109742e-03
  3.4764279e-03
  5.0265198e-03
  8.0227247e-04
  1.4186746e-03
  1.4624691e-03
 -6.4935461e-03
  9.3838014e-03
 -1.3039995e-04
 -4.4037192e-03
  6.5498374e-04
  5.0833649e-03
 -2.0751478e-03
 -3.5593240e-04
  4.8222899e-04
  2.8989953e-03
  2.1709090e-03
  2.3484814e-03
 -1.3564834e-04
  3.2936493e-01
  8.8326341e-01
  1.1561289e+00
 -6.5733540e-01
 -5.7425641e-02
 -5.6797566e-05
  4.4125411e-01
  2.1153401e-01
  6.3303220e-03
  2.2385281e-04
  1.2676886e-01
 -2.8262723e-03
  3.2260590e-03
 -5.9863192e-04
 -3.7113943e-03
  8.4783608e-04
  5.3800214e-03
  8.6301629e-04
 -3.8053203e-01
 -1.6172659e-03
  3.6447344e-04
 -1.1261156e-02
  5.4066563e-03
 -1.0457783e-03
  1.6999173e+00
  5.1025301e-04
 -2.7958727e-03
 -4.9217558e-04
  8.8044927e-02
  1.3909962e-03
  6.9910064e-03
  2.2781644e-02
  2.6982855e-03
  1.4617498e-03
  2.1921135e-03
  1.0098942e-03
  1.0713430e-03
  4.7378112e-03
 -2.5895161e-03
 -3.3407975e-03
  4.9270773e-03
  7.1283337e-04
  1.2267169e-03
  1.5682350e-03
 -9.9844940e-04
  4.4998131e-03
 -3.4264818e-01
  4.0138834e-03
  1.9414192e-03
  3.8819457e-03
 -2.3740240e-04
 -5.1588489e-04
 -2.2218272e-05
  4.9532121e-03
 -1.5905186e-03
 -7.9428876e-04
 -1.0632756e-03
 -1.5836336e-03
  2.4319694e-03
  2.4584457e-03
  1.3262092e-05
  1.0892752e-03
 -6.8141334e-04
  2.7901451e-03
 -2.0635289e-03
  8.8601129e-04
  6.0385454e-04
 -2.0917056e-03
  3.9827828e-03
  7.8874901e-03
  8.2203140e-04
  1.6040615e-03
  1.1116504e-03
  6.6284058e-03
 -2.3144665e-03
 -6.0485711e-04
  2.5559040e-03
  5.9024949e-04
 -9.7675389e-04
  1.9069910e-03
 -5.9641916e-03
 -2.6127740e-03
 -2.3537898e-03
 -8.9007346e-03
  4.3989830e-03
  2.4805206e-03
  1.5792893e-03
 -3.7456765e-03
  8.2424213e-04
 -2.0204827e-03
  7.0467412e-02
  6.1700153e-03
  1.8957085e-03
 -1.1342387e-03
  1.2364372e-01
 -8.2839385e-04
 -7.2758022e-04
  3.1097606e-04
  2.4220520e-03
 -1.4383056e-04
  8.6749578e-04
  4.9828360e-04
 -1.4714074e-03
 -1.9496557e-03
  5.8410852e-04
 -1.6303586e-03
 -6.9236769e-03
 -3.5865698e-03
 -1.0696909e-03
  7.1459799e-03
 -1.3053071e-03
  2.4059759e-03
 -1.6518474e-03
  5.5606402e-03
 -6.9860596e-04
  7.4265565e-04
 -8.9581916e-04
 -1.9523685e-03
  4.0719910e-03
 -3.5303296e-03
  5.4567214e-04
  2.3724190e-03
 -5.8041345e-03
  1.9889211e-03
 -6.6195978e-05
  1.2371687e-03
 -2.4642343e-02
 -2.3695254e-03
  2.3321742e-03
 -6.6300546e-04
 -1.7513842e-03
 -1.9273317e-01
 -8.6381607e-02
 -3.7454012e-01
 -3.9549910e-02
  1.0850891e-01
  1.1193187e-01
  7.0721492e-02
 -4.0071155e-04
 -4.1029137e-03
 -1.0914975e-01
 -8.9949727e-02
  1.0023039e-01
 -1.3555659e-01
 -2.3520698e-01
  4.1519833e-01
 -8.0846405e-01
 -1.4541982e-02
  4.2170128e-03
  9.2795072e-04
 -2.3234960e-02
  1.5888971e-03
  7.6258592e-03
  2.7321653e-02
 -1.0338809e-03
  2.2043753e-02
 -4.8736725e-02
  2.4448472e-01
  1.1174721e-01
  4.9792282e-02
 -6.5390363e-02
 -7.9457453e-03
  6.0938235e-02
 -4.3167085e-03
  2.1668191e-01
  4.4637185e-01
 -3.7601055e-04
  1.0650023e-01
  1.8105707e-03
  3.2212418e-03
 -1.4062331e-03
  4.2682877e-03
 -8.1043504e-03
 -1.8291103e-06
  4.2844802e-04
 -1.2941913e-02
 -3.9660389e-04
 -2.6158488e-03
  3.4540656e-01
  6.2026743e-02
  2.9481557e-01
  1.3843927e-02
 -7.5445292e-03
 -5.4078307e-03
 -7.5562117e-03
  5.1357625e-03
  2.2194383e-03
  2.1022791e-04
  1.3630721e-04
 -9.6847652e-04
  6.6257212e-03
  3.7928219e-03
 -4.6091503e-05
 -1.8446111e-03
 -5.6367222e-02
 -1.2526152e-03
  2.6957337e-03
  3.5137394e-03
 -4.4474252e-03
  1.1553568e-03
 -8.4829060e-03
 -3.7958040e-03
  1.0315676e-03
  6.3629349e-04
 -1.2519690e-02
 -5.4561481e-04
  1.7355214e-03
  5.9662160e-04
 -3.1501122e-02
  2.2731426e-03
 -4.3760147e-03
 -4.1707475e-03
  5.5281525e-03
 -6.2314938e-03
  2.3698523e-03
  4.9471355e-04
 -1.1881735e-04
 -1.4724177e-03
 -4.2710984e-03
 -3.3986655e-01
  4.3107409e-02
 -5.6078695e-02
 -1.0675035e-01
  5.3495290e-03
  7.1245527e-01
  2.1153292e-01
 -1.8299167e-01
  2.5245736e-04
 -2.8446108e-01
 -1.3964301e-01
  1.0556272e-01
  2.5637796e-02
  1.9140331e-01
  2.8971606e-01
 -1.3799572e-01
 -7.3069438e-02
 -2.5081036e-03
  1.0785010e-01
 -1.8597841e-02
  1.5517099e-02
  1.9301830e-02
  2.9550606e-02
 -5.4014560e-02
  6.8110940e-03
 -5.0266612e-02
 -4.5768265e-04
  1.0528868e-01
  4.8967544e-02
 -5.5923164e-02
 -3.3103880e-03
  4.1372541e-02
 -1.8677516e-01
  1.7116806e-02
  1.9839592e-02
 -5.3676134e-03
  7.1412519e-02
 -1.2215264e-02
 -2.2123247e-01
  1.8743263e-03
  2.0262168e-03
 -3.4944706e-02
  1.4599853e-03
  3.4651704e-02
  2.6260032e-03
  1.9085284e-03
  4.3834788e-03
  3.4714874e-02
  1.3414145e-01
  1.4787900e+00
  4.4283088e-02
  3.1215528e-01
  5.6110155e-03
  3.0513562e-04
  3.6460091e-04
  6.8438775e-03
  3.8443964e-03
  8.0618149e-01
 -4.3696044e-03
 -2.0579020e-03
 -6.1881205e-05
  4.3329992e-04
 -3.2626136e-04
  2.4269894e-03
 -2.0560310e-03
  7.3653623e-04
 -8.2843914e-04
 -2.2793072e-03
 -1.0830888e-03
  4.5774464e-04
 -3.8197222e-03
 -7.1279751e-04
 -3.4960986e-03
 -2.2455105e-03
 -9.5979898e-04
  1.3437944e-03
  3.8969319e-03
 -3.4386155e-04
 -5.3565423e-03
 -2.2661930e-03
 -1.9556631e-03
  2.3021232e-04
 -3.4803993e-03
  1.2915758e-03
 -6.2963093e-04
 -7.6452823e-05
  1.1118791e-04
 -4.2231432e-03
  3.0295411e-01
  8.0995195e-02
  3.6275327e-02
 -3.1247768e-01
 -4.0173090e-01
 -4.3310393e-03
 -5.3682708e-04
  2.4062024e-02
 -3.9636406e-01
  5.6273159e-02
  1.0965917e-03
  1.9049444e-03
  2.6028559e-01
 -3.9540511e-02
 -3.7534640e-04
  7.5279141e-04
  1.6945140e-01
  6.4032018e-02
 -1.2415496e-01
  3.1584758e-02
  1.8541114e-01
 -5.0369850e-03
 -4.8716678e-03
  4.1942112e-02
  1.9264818e-04
  7.1779318e-02
 -1.4356332e-01
 -3.2970846e-01
  1.4348654e-03
 -6.6886109e-04
  6.0897373e-02
  3.3901303e-04
  2.0251191e-01
  8.8489994e-02
 -2.6967030e-03
  6.7797897e-04
 -5.9690070e-04
  2.8747865e-03
  4.9793511e-05
  1.0404728e-03
 -2.9321114e-02
  1.6798463e-02
 -6.2061567e-03
 -2.0290895e-03
  1.0491570e-03
 -6.0928706e-04
 -9.4965310e-04
  3.2037131e-03
  3.3966007e-03
 -3.2284113e-03
  9.7143359e-04
  1.3162447e-03
 -7.4804493e-04
  1.2911020e-03
  3.1400914e-03
  5.5012414e-03
  4.6061591e-04
 -8.5233757e-03
 -1.6566059e-06
 -4.2113103e-03
 -3.0886193e-03
  2.0256032e-04
 -2.2710948e-03
 -5.4633210e-04
 -3.7807906e-03
 -1.9284030e-03
  2.0721497e-03
 -1.2411077e-03
  4.4570980e-03
 -2.5978228e-01
 -8.7801367e-05
 -4.6689471e-05
  1.1550821e-04
 -7.9839653e-04
  1.1504658e-03
 -4.4456956e-01
  6.7512738e-04
  1.7085121e-03
 -6.6256034e-04
 -4.2659417e-03
  2.4066365e-03
 -1.1468341e-03
 -2.9853764e-03
  3.1930131e-03
  4.4169310e-03
  2.1991324e-01
 -1.2043372e-04
 -1.8157501e-04
  7.2986241e-03
  6.7897812e-03
 -3.3954617e-03
  4.4291472e-01
 -3.9207662e-04
  2.3821294e-03
 -1.3653861e-03
  4.6994456e-04
 -1.1819464e-03
 -7.0645654e-04
 -9.0269772e-03
  2.0828350e-03
 -1.3249693e+00
 -1.9620650e-04
  8.0571312e-04
 -7.2733406e-04
  3.4196582e-03
  4.5870058e-04
  5.2565668e-02
  6.0241474e-03
 -8.5499225e-04
  7.9178280e-04
 -6.5836095e-04
  4.9885930e-03
  1.8012595e-03
  3.5283584e-03
 -1.1518259e-03
 -2.5484052e-03
 -2.2277159e-04
  2.1427404e-03
  5.2330783e-03
 -2.0140950e-03
 -1.2377258e-03
  1.4706134e-03
 -1.5155985e-03
 -4.9296659e-01
  3.2183251e-03
  3.7347279e-03
  2.6112597e-04
  2.2955625e-03
  4.9019204e-03
  1.0590587e-03
  1.2977057e-03
 -6.1803730e-05
 -3.3195086e-03
 -7.7570705e-03
 -8.6660773e-02
 -2.4068271e-01
  2.1656388e-03
  3.9923767e-04
 -4.7944766e-03
  1.4498995e-03
 -7.1123429e-04
 -1.1065041e-03
 -3.7378588e-04
 -9.2110463e-04
 -1.5774179e-02
  1.9841352e-03
  8.3026160e-03
 -2.7053987e-03
 -2.0451117e-03
  1.3576087e-03
 -2.6125829e-03
  2.8184755e-03
 -2.2383926e-03
 -1.1564554e-03
  4.6372056e-04
 -2.4095231e-03
 -3.9482478e-04
 -3.6730638e-01
  1.0279872e-04
 -1.6995165e-03
  2.8963755e-03
 -1.2127843e-03
  1.5783844e-03
 -2.2198281e-03
  4.3927133e-04
  2.5736853e-03
  3.4106406e-03
 -2.8512548e-03
 -3.4955984e-03
  4.4631845e-04
  1.0266041e-03
  4.9560884e-05
 -9.3531836e-04
 -5.0438577e-03
 -6.6896400e-04
  1.8658681e-03
 -6.9704585e-02
 -2.4824028e-01
 -3.4332611e-02
 -6.4989120e-01
 -2.8037173e-01
 -4.2563000e-01
 -1.5363118e-01
  1.0983018e-01
 -3.8270499e-03
  4.8539001e-02
  8.1448920e-02
  5.2548921e-01
 -1.7705923e-01
 -3.2188799e-02
  4.5136670e-03
 -1.8854117e-01
  2.9282764e-01
  4.7073019e-01
  1.5568748e-02
  2.4845680e-02
  7.0251387e-01
 -1.6863315e-01
  1.9674002e-01
  2.3054522e-02
 -1.2538426e-01
  2.1618687e-02
 -2.8536741e-02
 -2.0549424e-01
  2.3239208e-03
  8.3974027e-04
  5.6079268e-02
  1.9571260e-01
  3.1608233e-01
 -2.7126953e-01
  4.9856515e-04
  9.0345722e-03
  6.7038655e-02
  8.2932971e-03
  5.0664647e-03
 -8.0042519e-04
 -1.8961951e-01
  4.7562709e-03
  3.7123302e-03
 -7.5597160e-02
  8.0553712e-03
  2.5623571e-03
 -5.3419471e-03
 -6.7372993e-04
  6.8367241e-05
 -6.7227773e-02
  5.3647151e-03
 -4.5417750e-04
  1.0458730e-03
 -5.1076333e-03
 -1.2309974e-03
  1.6908561e-03
 -1.1212123e-03
  5.8466371e-04
 -3.7576334e-04
  9.9060428e-04
  3.1029194e-05
  1.9553858e-03
 -3.1932946e-03
  2.6724203e-03
  1.6472960e-04
 -5.7869829e-04
  3.7564293e-03
  2.1780848e-03
 -4.9430691e-03
 -4.2005262e-04
  3.6572171e-03
  7.1621023e-04
 -1.9398028e-03
  9.3153212e-04
  1.6631085e-03
 -1.6239315e-03
 -2.0342977e-03
  2.0546257e-03
 -5.1260046e-03
 -1.0130985e-03
  3.2615862e-03
 -4.1288664e-04
 -3.0007146e-02
 -2.5768576e-03
 -1.4594439e-03
  9.9805905e-04
 -4.3424874e-04
  2.4886301e-03
  1.3068548e-04
 -2.9922524e-03
 -1.0863587e-03
 -8.4576616e-03
 -3.4047500e-03
 -8.6944224e-04
 -2.3896516e-04
  2.3596040e-03
  1.2919487e-03
 -1.4778972e-03
 -3.5680630e-03
 -4.4108965e-03
  3.4773763e-04
  5.5909436e-04
 -1.0406110e-03
 -3.3125706e-04
 -3.2142960e-03
 -4.9049576e-04
 -1.2361235e-03
 -9.7909467e-03
 -2.1089502e-03
  5.5881287e-04
  7.9012169e-03
 -2.7236333e-01
 -4.0154648e-03
  1.4650354e-03
 -1.5697149e-03
  4.2208098e-04
 -2.5977549e-04
 -1.2575948e-03
  2.4013880e-03
  3.3418764e-03
  4.6062819e-03
  6.1216019e-04
  3.9776172e-03
 -1.6419438e-03
 -2.2014350e-04
 -3.1948900e-03
  4.4697090e-03
 -2.0905947e-03
  3.6454850e-03
  3.9251987e-04
  4.4746227e-03
 -5.4781308e-04
 -6.9433689e-02
 -2.4585794e-01
 -7.8855865e-02
 -3.5131770e-01
  2.7893759e-02
  3.6352292e-02
  2.0756429e-02
 -4.1973934e-01
 -1.8098149e-01
 -1.3185330e-02
  1.1711154e-04
 -1.1288417e-01
 -7.5173355e-03
 -1.5715421e-03
  1.3701788e-01
  5.9819606e-04
 -1.8414136e-03
 -5.9077650e-04
  6.5099669e-04
  7.6312041e-03
  5.9410702e-02
  5.4053161e-03
  2.9500144e-02
 -5.8862679e-03
 -4.3842633e-04
 -7.4428678e-02
  8.3394477e-04
 -4.2127986e-02
  6.0711503e-03
 -1.4328673e-02
 -5.3375252e-03
 -8.7025919e-04
 -7.7972203e-03
 -4.1737645e-03
  5.9210602e-03
  2.9852145e-04
 -6.1924674e-04
 -4.6039745e-03
 -1.2474374e-02
 -6.4484528e-03
  1.0309925e-03
 -4.6347475e-04
 -2.1932540e-03
  3.4014049e-03
 -4.6371475e-01
 -1.7160766e-02
  2.2636836e-02
  3.3682325e-01
 -3.5847303e-01
 -2.8507057e-01
  9.0697044e-01
 -8.3667241e-02
  1.1615474e-02
 -2.9852945e-01
 -1.0301970e-01
 -1.6501406e-01
 -5.2453957e-02
  1.9148121e-02
  6.1097305e-02
 -1.3471507e-04
 -1.9410889e-01
 -2.5463870e-01
 -5.9946466e-02
  3.0160299e-01
 -9.3963362e-02
 -7.9667283e-04
  1.5088255e-02
 -1.4290337e-01
 -1.2053628e-03
  1.1889748e-01
  3.6791660e-02
  9.5253557e-01
 -1.9161353e-03
 -2.3994401e-01
 -2.0015487e-01
 -1.3247244e-03
 -1.7679280e-01
 -7.1020983e-03
  1.8203193e-01
 -6.8588303e-03
  1.3242655e-01
 -1.9577499e-03
 -1.2206737e-02
 -5.8034584e-03
  7.5232936e-03
 -2.3214982e-04
 -5.9917858e-03
 -5.5277855e-03
 -3.0154530e-03
 -1.8810517e-03
  1.4113632e-03
  6.6263480e-03
  3.7327809e-03
 -5.0030940e-05
  4.9187971e-04
 -5.7268358e-04
 -3.9066863e-03
  1.3962144e-03
 -1.0317907e-04
 -1.8294408e-03
  2.2901297e-03
 -9.3011977e-04
  5.4158794e-04
 -9.4361446e-04
  1.5595943e-03
 -3.1001389e-04
 -5.8201891e-03
  1.5573208e-03
 -2.0493413e-03
  1.1030746e-03
  2.5834674e-03
  1.0819887e-03
 -4.9362518e-04
  4.2936904e-04
  3.1453245e-03
 -6.1966227e-03
 -1.0618288e-03
  1.0710240e-03
 -1.5228773e-03
 -1.7856498e-03
  1.4319926e-03
  1.3917484e-03
  1.9851062e-03
  1.8773874e-03
 -2.2127508e-04
 -6.9849950e-04
  5.6900893e-04
 -2.2585702e-04
  3.2697888e-03
 -2.3702711e-03
 -8.9180667e-04
 -4.8003728e-03
 -2.4576674e-01
 -7.5221367e-02
 -2.2710128e-02
 -4.2855603e-01
  4.6956841e-02
  1.7139243e-01
  9.0652987e-02
 -3.7065881e-01
 -6.4055264e-01
 -5.6813866e-02
 -4.1540712e-02
 -4.6172892e-03
 -2.6374104e-02
  1.6717678e-02
  2.7599970e-01
 -2.5058371e-01
 -1.9053872e-01
  2.2075283e-03
 -3.4382731e-02
 -1.1959434e-02
 -1.6869469e-01
  1.7390384e-03
  2.9145016e-03
 -1.2598321e-01
  3.4042561e-05
 -1.0557436e-02
 -1.9686776e-01
  7.8289890e-01
  1.3995086e-01
 -1.0342727e-01
 -2.3152646e-02
  2.1646479e-03
 -5.1029725e-03
  1.0676869e-01
  2.6856375e-01
 -4.5588892e-03
  1.7633639e-01
 -2.0382782e-03
 -1.5344729e-02
  3.0799856e-04
  8.3377939e-03
 -7.2395834e-03
 -1.2085806e-03
  1.8485332e-03
  9.9620433e-04
 -5.3652977e-03
  8.6858049e-02
  3.8186401e-01
  1.8007444e-03
  1.2820049e-03
  1.2028695e-04
  4.6714893e-04
  6.0134131e-04
  1.0903535e-02
  3.8821970e-03
 -2.3431629e-03
  4.0416513e-03
 -1.2203417e-04
  8.8716108e-01
  7.1262568e-04
  1.4429903e-03
 -1.5590196e-03
  3.2020167e-03
  2.4564485e-03
 -1.0150706e-03
 -1.3445504e-05
 -2.9460231e-03
  1.4795177e-03
  1.0988667e-03
  4.4112969e-03
 -1.6823594e-04
 -9.3199220e-03
  3.7210659e-04
  2.2138408e-03
  4.6651973e-03
  4.5769443e-03
 -3.0995080e-02
 -2.6556763e-03
 -3.1091063e-04
  6.8419613e-05
 -3.5576729e-04
  2.0549910e-03
  1.1541553e-02
 -1.5438301e-05
 -1.6611876e-04
 -1.8702326e-03
  1.2916969e-03
 -1.6620642e-02
 -1.6503508e+00
 -9.6501702e-01
 -1.2027135e-02
  9.0403646e-01
  9.6567869e-01
 -7.2228342e-01
  1.8572900e+00
 -4.7133875e-01
 -7.8974748e-01
 -4.1416568e-01
 -4.1137055e-01
  2.8972321e-03
  5.2706212e-01
 -1.4109349e-01
  9.0690094e-01
 -4.7954774e-01
 -8.4867978e-01
 -1.6124429e-01
 -7.8787136e-01
  7.7245528e-01
 -1.8469045e-01
  2.3007514e-01
  4.5330510e-01
 -6.0029435e-01
 -1.0952035e-01
 -9.9615723e-02
  1.4502028e-03
 -8.4801931e-03
  4.7693515e-01
  5.3952370e-02
 -2.7210242e-03
  1.3386207e-02
 -5.4372553e-02
 -9.0782806e-02
 -1.0173188e-01
  1.9649976e-01
  2.2531095e-01
 -1.0537175e-03
  7.3368098e-03
 -2.1603960e-03
 -1.8555721e-02
  3.3546906e-02
  3.0353868e-03
  2.7961731e-03
  1.1983204e+00
 -1.8402615e-03
 -3.2185346e-03
 -2.1809605e-01
 -3.3365500e-01
 -1.0972399e+00
 -1.4185077e-01
 -1.1509170e-01
 -8.9033891e-04
  1.3695818e-01
  5.4360565e-04
  1.1983470e-03
 -5.5892193e-01
 -3.4934911e-03
  2.2964741e-01
  3.3485595e-02
  6.4758375e-02
 -1.2970983e-02
 -1.9994145e-03
 -1.7975060e-03
  1.5519951e-03
  3.3097240e-01
  3.0541220e-01
  2.2352875e-04
  1.1607886e-03
 -5.5852183e-04
 -6.8157363e-01
  9.9800958e-04
 -7.1267223e-01
 -9.2325835e-03
  1.8862149e-01
  6.5251626e-04
 -4.5910124e-03
 -6.1713886e-01
  2.6570773e-01
  8.2169794e-02
 -9.0539910e-02
  8.2594372e-02
  2.6246496e-03
  8.9975941e-01
 -1.7379684e-03
  2.2970343e-01
  4.6481988e-03
 -6.3700303e-03
 -1.6713698e-01
  6.4609718e-01
 -3.7150728e-04
  3.1143403e-01
  6.2375832e-01
  3.8083583e-02
 -9.8470134e-01
 -6.5377075e-03
 -9.4594941e-02
  1.2879196e+00
 -1.4092082e+00
 -7.1662450e-01
 -5.7270974e-01
 -5.2361751e-01
 -1.0336847e-03
  3.7114140e-01
  1.0045103e-03
 -9.6466154e-02
  4.2125970e-01
  1.0841844e-03
  8.1644642e-01
  3.1389505e-01
  2.9770502e-01
  8.6750202e-03
 -5.6709033e-02
 -8.6446002e-02
 -4.5892037e-04
  9.3755573e-01
  3.5669282e-01
 -1.4358691e-03
 -1.8489686e-01
  9.4407005e-04
 -7.9741549e-01
  4.3777283e-03
  1.8376031e+00
 -9.4044469e-02
  2.3999418e-01
 -3.8622305e-02
 -6.9816865e-02
 -7.7588642e-01
 -5.3161973e-01
 -9.8305911e-01
  1.0816675e-01
  6.2166023e-01
  1.9047363e-03
  3.5951886e-01
 -1.4550000e-01
  1.1478162e+00
 -6.6321520e-03
 -5.9963107e-02
 -5.2888256e-01
 -7.7180111e-01
  3.0814664e-04
 -4.4782466e-01
  6.2579507e-01
  2.8516073e+00
  1.9359701e+00
 -1.8828605e+00
 -5.3028339e-01
  1.1177741e+00
 -4.3913987e-01
  3.9191102e-05
  4.4877892e-03
 -2.4672601e-01
 -1.2745748e-01
 -3.6723253e-03
  2.7396919e-03
 -2.9226069e+00
 -3.5550207e-01
 -3.1220803e-01
  2.8824278e-03
 -2.0306771e-01
  3.0704832e-02
  7.5470343e-02
 -3.0845112e-01
  2.3779407e+00
 -1.0447833e-01
 -3.7588990e-01
 -2.0118682e-02
 -5.7329142e-01
  8.5169999e-03
 -7.3145968e-03
  4.1082487e-03
  1.1145331e+00
 -2.8674378e+00
 -4.7591552e-01
  6.5621167e-01
  9.9279082e-01
  1.3064711e-01
 -1.3124939e-02
 -4.4477114e-01
  6.1367536e-01
 -5.1142478e-01
 -2.4068868e-01
  2.4378760e-01
 -1.6362894e-01
 -8.2352895e-01
 -3.1558625e-02
  1.0956774e+00
 -1.1442479e+00
  2.7003515e-01
 -3.3774741e-02
 -7.2003871e-02
 -4.9872586e-01
 -4.7363549e-01
 -6.6565025e-01
  3.3495009e-01
 -2.1098780e-02
 -4.3770805e-02
  1.4523615e+00
 -3.1381932e-01
 -7.3740011e-01
  1.7566468e-01
  3.8762037e-02
 -2.1947507e-02
  1.2849505e-01
 -1.5981494e-03
  2.9310712e-01
 -3.6769199e-01
 -2.8066659e-01
  1.6647251e-01
 -1.0119885e+00
 -2.6517925e-01
 -3.8037694e-01
  3.8463700e-01
  3.7351429e-02
 -1.7557847e-01
  1.9343127e+00
 -5.1578740e-04
  2.1132071e+00
 -2.3679503e-03
  5.2232909e-01
  6.6949749e-01
  1.0501763e+00
  6.5570122e-01
 -1.5997730e+00
  6.9540367e-04
  3.9021503e-02
 -7.1933711e-01
  7.7237117e-01
  2.5355032e-01
  1.3944663e-01
 -1.0507674e+00
 -1.1426013e-01
 -2.6728952e-01
 -4.2934912e-01
  5.8226516e-03
 -4.5259848e-01
  8.5988184e-03
 -1.3659035e+00
 -1.0822198e-01
  1.0611352e+00
  3.4961388e-02
 -2.4720667e-01
 -2.0478211e-01
  1.2276530e+00
  3.4437221e-01
  1.9977082e-02
  1.7059977e-01
  1.4376153e-01
 -2.2522335e-01
  1.5138710e+00
  5.9129012e-01
 -5.7479143e-01
  5.8285367e-02
  2.6117423e-01
  5.8617312e-01
 -2.0254031e-02
  1.8053067e-01
 -4.4662565e-01
 -9.7688884e-01
 -2.8305452e-02
 -5.0703460e-01
 -1.7363812e+00
  1.5633747e-01
  1.5428512e+00
  1.6226714e+00
 -2.2737160e+00
  1.4372975e+00
  3.0794775e-01
  2.3648348e-01
  4.1376138e-01
 -3.3745566e-01
 -1.1348401e+00
 -6.0962129e-01
 -2.6940271e-01
  2.8383583e-01
 -1.6234449e+00
  1.7892541e+00
 -5.3282106e-01
 -2.3224157e-01
 -1.0199574e-01
  6.6332096e-01
 -4.6964568e-01
 -9.0521917e-02
  7.6802626e-02
 -1.0729290e+00
 -3.5128930e-01
 -1.7160079e-02
  2.9982593e+00
  6.2721573e-02
 -5.4625982e-01
  6.2303084e-01
  3.0625030e-01
  5.3231001e-01
 -1.4429432e-01
 -2.9973073e-02
 -2.3679444e-01
  8.0165011e-01
  1.9250603e-02
 -4.6902135e-02
  4.4980454e-01
  1.9792691e-03
 -3.4663484e-01
 -4.7570627e-02
 -1.7593307e+00
 -7.5798231e-01
 -3.2276150e-02
 -4.2904972e-04
  2.7721263e-03
  2.1208702e-01
 -4.0636960e-02
 -5.2089780e-04
  2.4746245e-04
 -9.7241819e-01
 -9.5867300e-03
 -2.8441611e-01
 -1.7599146e-01
  9.1471952e-01
 -2.0772222e-01
  2.5775819e-04
 -1.3029257e-02
  1.3507579e-01
 -6.1110610e-01
 -6.8321937e-01
 -1.4902734e+00
 -1.1574725e-01
 -7.6688573e-02
 -2.1743415e-01
  5.9353840e-01
  3.2617539e-01
 -5.3490299e-01
 -2.3759436e-04
 -1.4498402e+00
  2.6508600e-01
  1.2126435e+00
 -2.4755222e-01
  1.1465377e+00
  1.9821401e-01
  8.6142004e-01
 -3.0212110e-01
 -5.5366844e-01
  1.3083795e+00
  4.3674514e-01
 -1.1851054e-01
 -1.2126218e+00
  1.0773926e+00
 -4.1736653e-01
 -4.6213099e-01
 -1.5054793e+00
 -2.0890615e+00
 -1.0850630e+00
  4.0240549e-03
 -1.7802315e+00
 -2.2010586e+00
  2.2339857e+00
  5.8795613e-01
 -9.1833371e-01
  1.2696911e+00
  2.0194847e-02
  4.1920826e-01
  5.2002716e-01
 -1.7073125e-02
  2.9128361e+00
 -8.3387804e-01
  8.1464010e-01
 -2.5768247e-01
 -1.1948960e+00
  1.8232378e-01
 -3.0406114e-01
 -1.6135828e-01
  7.0940489e-01
  2.4637899e+00
 -1.9445004e+00
 -7.9284325e-02
  3.3026522e-01
 -8.8677961e-01
  9.4577730e-01
 -2.1912181e-01
  1.2216059e+00
 -1.0917485e+00
  5.0919995e-02
 -1.2148629e+00
  5.1580840e-01
 -1.6359093e+00
 -1.3085606e+00
 -7.4637336e-01
  9.8910183e-02
 -2.4489905e-01
 -1.1122055e+00
 -1.7690524e+00
 -1.1698118e+00
 -2.9078114e-01
  9.9869907e-01
 -5.4771602e-01
 -1.4226171e-01
 -5.8922869e-01
  9.3450260e-01
 -1.8305654e-02
  1.6322735e-01
 -6.1226112e-01
 -1.6231701e-01
 -1.9291894e-01
  7.0670795e-01
 -5.3407520e-02
 -2.9150754e-01
  4.9459121e-01
  2.2044566e-01
 -5.9684354e-01
 -3.0273429e-01
 -8.2774222e-02
  3.6573607e-01
 -4.2480100e-02
 -4.0941022e-04
 -5.4088300e-03
  2.2324493e+00
  4.1845202e-01
 -4.2619510e-03
  2.3755627e-03
  5.6201750e-01
  2.4587542e-01
 -4.3752664e-01
 -2.3467308e-01
 -2.6272466e+00
 -3.6143570e+00
  1.4943364e-03
  1.0839307e-03
  8.9444980e-02
 -6.6999876e-01
 -4.2650733e-02
 -3.3631327e-03
 -3.4125724e-01
  7.4501030e-02
 -3.8673207e-02
 -5.8467906e-02
  3.2861683e-01
 -2.2827277e+00
  9.8764815e-04
  6.3469536e-03
 -4.7465962e-01
 -7.8225261e-01
  1.2028821e-01
 -1.4663094e-02
  6.0707033e-02
  2.8298825e-01
 -2.6461856e-02
  8.4957026e-04
 -5.6172043e-01
 -2.6257077e-04
 -2.9797897e-01
 -1.3056780e-03
  1.3682649e+00
  3.4062445e-02
 -4.5346773e-01
 -3.8511138e-02
 -2.4945444e-01
 -1.3186214e+00
 -3.9915437e-01
  6.3909665e-03
 -9.2288321e-01
  1.5470277e+00
 -2.1470919e+00
 -4.2128187e-01
 -2.0019946e-01
 -2.7275926e-01
  3.5273468e-01
 -3.1527381e-03
  2.3163410e-01
  1.3741060e-01
  3.6829579e-01
  7.7354103e-02
 -2.6323111e+00
 -1.2671933e+00
  1.0674120e+00
 -8.3221778e-02
 -1.2185009e+00
 -8.6025906e-01
 -2.3740513e+00
 -1.2094888e-01
  2.2561598e+00
 -4.1387943e-04
  2.4905622e+00
  1.0267789e+00
 -3.5408649e-01
  1.0124316e+00
  1.3269094e-01
  6.4294273e-01
 -1.2235699e+00
 -1.4154334e+00
 -5.3819204e-03
 -4.8267829e-01
  1.1441005e-01
 -1.0102714e+00
 -2.3250629e-01
  4.6994162e-01
  2.8628623e+00
  4.1435666e-02
  4.8848885e-01
 -4.6764243e-01
  1.9671339e+00
  1.6587403e-02
  5.2346605e-01
  9.1179304e-02
 -1.2382720e-01
 -3.1492850e-01
  4.0933818e-01
  5.8805764e-01
 -2.5421213e-03
 -4.9366023e-02
  2.0958149e+00
 -4.0184951e-01
  2.6985279e-01
 -1.0575499e-01
 -1.7524828e-01
  1.9705574e-01
 -1.5166073e-04
  2.8358382e-01
  2.1442346e-02
  2.6476709e-02
 -2.4286170e-02
  8.1292639e-04
 -6.2514263e-01
 -4.5376137e-01
  1.8677669e-02
  1.6252471e+00
 -1.0319730e-01
  1.0031821e-01
 -4.0069560e-04
  2.2213126e-02
  8.5070310e-03
  1.5994014e-01
  1.7896987e-01
 -1.5790906e-02
 -9.7305059e-02
 -3.0498126e-01
  1.0825276e+00
  9.4711137e-01
 -3.0088800e-01
  5.8521515e-01
  1.1085132e-02
  1.0897295e+00
 -4.2194884e-02
  5.0493956e-02
  7.5622720e-01
 -1.2779900e-01
  1.9139814e+00
 -7.5795096e-01
  6.6175908e-01
  2.4346177e-01
  4.7081950e-01
  1.7923787e-01
  1.9665794e+00
  6.9658756e-01
 -6.3991278e-02
 -3.8387455e-02
 -5.8505064e-01
  3.7672243e-01
 -1.1973683e+00
 -1.7047035e-02
  1.5020272e-01
  3.1016454e-01
  5.8005810e-01
  1.2490565e+00
  5.8413763e-02
 -9.4686776e-01
  1.4180381e+00
  4.2139527e-01
 -8.6148512e-01
 -3.0980417e-01
  7.1738996e-02
  3.4647223e-03
  5.7904080e-02
  6.4201677e-01
 -2.3076050e+00
  9.1512417e-03
  1.5095441e+00
 -1.6183478e+00
  2.7812532e-01
  1.3316772e+00
 -1.3655498e+00
 -1.7693223e-01
  1.2835387e+00
  1.1156423e-02
 -1.6180073e+00
  1.1330587e+00
  1.6392936e+00
  1.1570187e-02
  2.1929203e-01
  8.7485753e-02
 -5.9439778e-01
 -2.2124639e-01
  1.9612616e+00
 -4.6735373e-01
 -1.6021959e+00
  3.2263815e-01
  1.5478134e-01
  7.7123761e-01
  1.7958694e+00
  2.6235691e-01
 -1.7557156e+00
  3.4347698e-01
  1.7168273e+00
 -7.4418247e-01
 -5.2073395e-01
 -5.5683933e-02
  5.1962197e-01
  4.7416933e-04
 -1.3033043e-02
 -1.5465066e+00
 -1.8207771e+00
 -1.5368893e+00
  7.9641992e-01
  4.2537057e-01
  3.8190812e-01
 -1.3081689e-01
 -4.4602301e-02
 -1.0495473e+00
 -5.2591062e-01
 -5.9400264e-02
  1.4894329e-02
  1.3016351e-01
 -4.5110058e-02
 -6.6890258e-01
 -4.2141894e-01
  3.4118417e-01
  3.6637196e-01
  6.2923604e-01
 -1.4501901e-01
  9.9214244e-01
 -2.5809430e-02
 -2.4625881e+00
 -2.9872248e-01
 -2.7762151e-01
 -3.5288575e-01
 -2.4334830e-03
 -1.0707238e-01
  1.1795198e+00
  8.0241656e-01
  1.2346318e+00
  2.0552891e-01
  2.3925805e+00
  1.2253667e+00
 -2.2473698e+00
 -5.1177049e-01
  2.2160980e-01
 -1.0583255e-03
 -1.1392100e+00
  2.7535942e-01
  3.8111642e-01
 -2.0353658e-02
 -1.4822872e+00
  1.3662057e+00
  1.7752203e-01
  1.9564025e-01
 -8.4947205e-01
  1.2442164e+00
  3.8079637e-01
 -7.6781452e-01
 -2.4750919e+00
  1.9325854e-01
  5.5026378e-02
 -9.5119828e-01
 -1.8561155e+00
 -2.0243721e-01
  2.3042914e-01
 -7.9286689e-01
 -6.1151016e-01
 -1.4047424e+00
  5.2197117e-01
 -9.9794924e-01
  9.3648416e-01
  6.9768792e-01
 -1.2444674e+00
 -1.0310960e-02
 -2.1915978e-03
 -1.5825816e+00
  2.4796600e+00
 -5.7571054e-01
  3.2919592e-01
 -2.2519184e-03
 -2.1152358e-01
 -1.2954313e-01
  6.1438304e-01
  2.3445961e+00
 -2.0559411e+00
 -4.3714994e-01
  1.8386338e-02
  6.8202145e-02
  2.5634265e+00
 -2.5775183e-02
  4.7847569e-01
  9.9983990e-01
 -3.9461505e-01
 -4.6749964e-01
  5.7449681e-01
  2.2491608e+00
 -2.5160959e+00
 -1.5807766e-01
  2.1505013e-02
  4.4388491e-01
 -2.2230256e+00
 -2.6904076e-01
  2.7867556e-01
 -1.2792324e+00
  1.0236073e+00
 -4.9269330e-02
  4.0412205e-01
  3.4670916e-01
 -1.8566599e-02
 -2.4380313e-01
  3.3833507e-02
  1.7275239e+00
 -7.6201022e-01
 -3.9793316e-01
  3.7004194e-01
  9.9736643e-01
 -1.0239155e+00
 -7.3665881e-04
  2.6682678e-01
 -9.8192233e-01
 -1.7651837e+00
  3.0470201e-01
 -5.1265174e-01
 -7.2001845e-01
 -8.7373728e-01
  9.7398949e-01
 -6.9710193e-03
 -3.7865960e-03
  2.7710457e+00
 -1.4805061e+00
  1.6610506e-03
 -4.6565544e-02
 -5.0418591e-01
  1.7523032e-01
 -1.3376249e+00
 -3.4641191e-02
 -1.5736926e+00
 -4.3059465e-01
  9.7750641e-02
  5.5931580e-01
  5.5466646e-01
 -1.0583558e+00
 -6.8232042e-01
 -5.5270702e-01
 -5.1186764e-01
  1.7179526e+00
 -9.7056133e-01
 -5.0487351e-01
  4.9391326e-01
  1.8383113e+00
 -1.4158350e-03
 -1.5056118e-01
 -1.7165187e-01
  3.8390702e-01
 -3.8053486e-01
  4.5642853e-01
 -3.5357329e-01
 -8.3049792e-01
 -4.8131591e-01
  7.2115982e-01
  1.0883769e-01
  7.2735338e-03
 -1.0502027e-01
  6.6290939e-01
  5.5915618e-01
  6.3019854e-01
 -5.2869487e-01
  2.5220925e-01
  1.4438538e-01
  3.2339135e-01
 -5.0306952e-01
 -7.1694694e-02
  2.0779159e+00
 -2.3926560e-02
 -9.0538281e-01
 -1.4291238e-03
  1.6353128e+00
 -2.4235842e-01
 -1.6727215e-03
 -5.2510208e-01
 -2.7512860e+00
  2.5574310e-04
 -2.0537388e-01
  1.7450562e+00
  4.6328247e-01
 -2.2265816e+00
 -6.6120535e-01
  1.3286861e+00
 -7.6497203e-01
 -6.4136535e-01
  7.7901129e-04
 -5.0949929e-03
 -1.1093245e+00
  2.4384102e-01
 -4.0740129e-01
  5.6367022e-01
 -1.2403482e-01
 -1.3783618e+00
 -3.6242914e-01
  2.0665663e-01
  9.4981231e-03
 -1.8208911e-01
 -6.2794862e-03
 -2.9924321e-01
  7.3192827e-02
 -1.2227891e-02
 -4.7756040e-01
 -7.9121935e-01
  9.6003658e-01
  8.5891622e-01
 -9.0265773e-02
 -2.4434577e-01
  1.3908659e+00
 -2.9988214e-01
 -1.2887384e-01
 -5.3322496e-05
  6.0712349e-01
 -6.8393368e-01
 -2.0068403e-01
  8.1575014e-02
  4.1447725e-02
 -6.6814679e-01
 -1.9450386e-01
  2.1149644e-01
 -1.9663915e-02
 -8.7043828e-01
  7.3982310e-01
  8.8180741e-04
  2.0861648e-01
 -3.7076175e-01
 -4.5127226e-03
  5.8993045e-03
  7.8295000e-02
  1.2158548e+00
  1.7202834e+00
 -9.4520277e-01
  1.5916611e+00
 -2.4650722e+00
 -1.8302239e+00
  2.5137135e-01
  2.8407115e-01
  1.1125678e+00
  1.1908050e+00
  5.1407528e-01
  2.6064527e-01
  3.2125068e+00
  2.0104427e+00
 -2.5513652e-01
  1.9831020e+00
  8.7797815e-01
 -5.6936957e-02
 -6.0952464e-03
  6.5493667e-01
 -2.9954287e-01
  7.9797864e-02
 -2.7690673e-01
  2.3423754e-01
 -9.5903176e-01
  5.0897934e-03
 -6.6631399e-02
  4.2878661e-01
 -7.8797972e-01
 -1.8562363e-01
 -2.2778493e-01
  3.7628480e-03
 -2.8553638e-01
  1.1754917e+00
  9.7176522e-02
  4.9394393e-01
 -3.0069062e-02
  1.9269249e+00
 -2.3344104e-01
  9.1123059e-02
  6.3776992e-02
  7.8148866e-01
  1.4337905e-01
  4.2138967e-01
  4.2741522e-02
  1.4310715e+00
  1.5386140e-01
  4.5803223e-02
 -1.2604665e-03
  1.3815854e-01
 -6.5149271e-01
 -4.8735043e-01
  7.2264993e-01
  4.9232176e-01
  1.1955739e+00
  4.4767064e-01
  2.2200562e-02
  1.4101146e+00
  8.6903375e-01
  5.0869405e-01
 -5.3126329e-01
 -9.5007472e-02
 -7.6255870e-01
 -7.3721462e-01
  1.4329575e+00
  1.8067752e+00
  1.1785364e+00
  4.6162412e-01
  9.3535874e-03
 -5.4530572e-04
  8.4110480e-03
  4.1436180e-01
  5.8657704e-03
  7.0992672e-01
 -3.8649100e-01
 -3.5316148e-01
  4.6824309e-01
  6.8552822e-01
  6.2789045e-02
  7.3780129e-03
  5.5787984e-02
  5.1220611e-02
  4.9026290e-01
  9.1324753e-01
  4.5764181e-01
  6.3363081e-01
 -2.5332773e-01
  1.8493590e-03
  4.7786751e-01
  6.9317079e-01
 -2.1337180e-01
 -2.9260385e-01
  4.8234567e-01
  2.6972917e-01
 -8.1159782e-01
  4.2589885e-01
 -1.3327276e+00
  1.1688525e-02
 -8.1964225e-02
  1.5861720e+00
 -6.9603163e-01
 -2.9298570e-02
  7.1087554e-02
 -7.8023010e-01
  1.2295136e+00
  4.4834307e-01
  3.1487221e-01
  1.9523953e+00
  2.1603033e-01
 -1.1890427e+00
  3.0746779e-01
  2.1853175e+00
  1.1161972e+00
  1.2591760e+00
 -1.2934835e-01
 -1.0148600e+00
 -5.8050716e-01
 -1.1271546e+00
 -2.2237468e-01
  1.0895126e-01
 -1.2559655e+00
 -6.8836927e-02
  6.2570781e-03
  2.6811786e+00
 -3.1526056e-01
  1.7861478e+00
  1.4004570e-02
  1.0709202e-01
 -5.4254228e-01
 -2.5579110e-01
  2.0369580e+00
 -1.7155553e+00
 -4.7877389e-01
 -2.4474168e-01
  1.2759371e+00
 -1.2764069e+00
 -2.5465906e-01
  5.8259934e-01
  2.0557512e-01
  8.6317712e-01
 -2.3939025e-01
  2.1049059e-03
 -4.8692727e-01
  6.8821400e-01
  3.0252406e-02
 -3.9564079e-01
  1.7928956e-02
  1.7928956e-02
  1.7928956e-02
  1.7928956e-02
  1.7928956e-02
  1.7928956e-02
  1.7928956e-02
  1.7928956e-02
  1.7928956e-02
  3.4313183e-02
  3.4313183e-02
  3.4313183e-02
  3.4313183e-02
  3.4313183e-02
  3.4313183e-02
  3.4313183e-02
  2.7671870e-02
  2.7671870e-02
  2.7671870e-02
  2.7671870e-02
  2.7671870e-02
  2.7671870e-02
  2.7671870e-02
  1.3580502e-02
  1.3580502e-02
  1.3580502e-02
  1.3580502e-02
  1.3580502e-02
  1.3580502e-02
  1.3580502e-02
  5.7021868e-03
  5.7021868e-03
  5.7021868e-03
  5.7021868e-03
  5.7021868e-03
  5.7021868e-03
  5.7021868e-03
  1.1793899e-02
  1.1793899e-02
  1.1793899e-02
  1.1793899e-02
  1.1793899e-02
  1.1793899e-02
  1.1793899e-02
