nep4 2 Cu Se 
cutoff 7 5 100 44
n_max 8 6
basis_size 12 12
l_max 4 2 0
ANN 50 0
 -2.0541520e-01
  5.1035639e-02
 -1.0004413e+00
  1.7225596e-01
 -3.7151280e-01
  1.3303444e-01
  4.9625912e-01
  2.2969984e-01
  5.6954622e-02
  1.1194471e-01
 -2.1092303e-02
 -2.2725818e-01
  1.6563323e-01
 -3.3447614e-01
  1.8608300e-01
 -2.3070796e-01
  3.7384082e-02
 -2.7181235e-01
  2.9270881e-01
 -3.7625608e-01
 -2.8960010e-01
 -1.1149211e-02
  2.0738351e-01
 -2.8231764e-01
 -5.1705204e-02
  1.7653252e-01
  7.5254776e-02
 -2.1973872e-01
 -1.5110540e-01
 -5.8842339e-02
 -6.6806346e-01
  3.5525244e-01
  5.2430537e-02
 -1.5267633e-01
 -2.0939431e-01
  1.8090053e-01
 -3.0312264e-01
 -2.7221665e-01
  4.2614180e-01
 -2.8307188e-01
 -2.0484355e-01
  1.2739835e-02
  2.8297964e-01
  2.7676061e-02
 -2.8945577e-01
  1.0353786e-01
 -9.3821801e-02
 -1.0615197e+00
  1.2554207e-01
  8.3003509e-01
 -6.7363435e-01
 -1.6608727e-01
  4.3646805e-02
  1.9110772e-01
  3.2478076e-01
  1.0075852e-01
 -6.1332904e-02
 -1.7057380e-01
 -1.0813741e-01
 -8.1004174e-03
  4.3046376e-01
 -1.6753668e-02
  2.6556414e-01
  1.2873431e-01
 -4.1376866e-02
  1.8867057e-02
 -4.3749031e-01
  2.3658349e-01
  5.0367475e-03
  7.2543301e-02
  4.2859718e-01
  3.3662446e-02
 -9.9134028e-02
  9.5831335e-02
 -3.4726736e-01
  4.8502713e-01
  1.3291268e-01
  1.8743800e-01
 -3.5420635e-01
 -3.3240336e-01
 -2.3249133e-01
  6.0858488e-02
 -1.2535608e-01
  1.9952912e-02
  9.6614286e-02
 -4.8723549e-02
 -2.2135445e-01
  5.1373178e-01
 -1.8991920e-01
  1.4275086e-01
  1.0733260e+00
  1.6954269e-02
 -1.8617034e-01
  1.0992771e-01
 -9.6788001e-01
  6.5868385e-02
  1.6234788e-01
 -1.1341569e-01
  1.7559707e-02
  6.4543031e-02
 -1.3621616e-01
 -2.8494757e-01
 -2.6760781e-01
  6.9650814e-02
  1.3940364e-01
  3.1345090e-01
 -2.0829293e-01
  1.3348895e-01
  1.0771160e-01
  1.0909486e+00
 -1.0085757e-01
 -5.4352373e-02
  3.5703190e-02
  9.4215706e-02
  7.4774593e-02
  4.7946729e-02
  1.5807256e-01
  1.5285292e-01
  4.8634805e-02
  2.6051706e-01
  5.0505149e-01
 -2.0336317e-01
 -4.6020073e-01
  3.7400231e-01
  1.2120107e-02
  7.3863447e-02
  1.4293793e-01
  2.7188759e-02
  1.9440252e-01
 -2.2601086e-01
  2.5316212e-01
 -6.3953161e-01
  1.7085563e-01
 -5.2320969e-01
 -3.1492767e-01
 -1.4722353e-01
  1.0044025e+00
 -2.6871878e-01
 -1.0054541e+00
 -1.6326725e-01
 -6.1160672e-01
  1.8340470e-01
  1.6843396e-01
  7.7333795e-03
  6.8725906e-02
  2.5215054e-01
 -2.0094104e-02
  9.9542871e-02
 -1.0980222e-01
  5.1083390e-02
  1.1744485e-02
  7.2827805e-03
 -3.1686306e-02
 -1.6329026e-01
 -1.0986661e+00
 -1.2837771e-01
  6.1797261e-02
  2.1261488e-01
 -8.9186692e-01
 -5.1640642e-01
 -5.4754883e-02
  1.5393341e-01
 -2.5445282e-01
  4.3575145e-02
  2.1583200e-01
  2.0418255e-01
  1.0337317e-01
 -7.6581337e-02
  3.2267058e-01
 -4.7328062e-02
  6.8689972e-02
  1.0429624e-02
  5.4012652e-02
  3.7288997e-02
  2.0025051e-01
 -3.2088906e-02
 -4.5070118e-01
 -3.2908342e+00
 -3.0564558e-02
 -1.7844942e-01
 -5.4254480e-02
 -1.0982209e-01
  6.9211310e-01
 -1.9140765e-03
 -5.1300198e-02
 -2.5089309e-01
  2.8140831e-01
  8.6416990e-02
 -3.9452328e-03
 -2.1442873e-03
 -5.8598655e-01
  2.0198019e+00
  1.1777092e-02
 -1.2047930e-01
  1.4221070e-02
 -9.0047687e-01
  1.5836130e-01
  5.3767715e-02
  2.9811659e-01
 -3.1218642e-02
  9.1284925e-01
 -4.8150292e-01
  9.3113050e-02
  7.0620693e-02
 -6.1037838e-02
  2.0632152e-01
 -6.9088258e-02
 -7.3639512e-01
 -4.3883166e-01
 -1.3160440e-01
  7.4606454e-03
 -2.0909329e-01
  9.2079185e-02
  2.1047233e-01
  6.5604270e-02
  1.1076084e-02
  1.2415503e-01
  1.8708873e-01
  1.2331834e-01
 -2.3989624e-01
 -7.7781163e-02
  1.9590728e-01
  1.7045307e-01
 -1.5841110e-01
  7.6035745e-02
 -6.0200557e-02
 -1.0621846e-01
  8.5466035e-02
 -8.8936863e-03
 -1.3002841e-01
 -3.2065473e-02
 -2.0792858e-01
  1.1644217e-01
  6.3061374e-01
 -2.2232117e-01
  2.0372477e-01
 -3.3899307e-01
 -1.7497684e-01
  2.6254576e-02
  1.7189144e-01
  1.8403355e-02
 -7.1841854e-01
  4.8649803e-01
  3.0890927e-02
  5.9773486e-02
 -3.4414448e-02
 -6.9341779e-02
  1.0783129e-01
  1.0546587e-01
  4.0120516e-02
  5.1031917e-01
  2.0620804e-01
  1.6714172e-01
 -1.2220632e-01
 -4.5859106e-02
 -3.5138685e-01
 -3.7080607e-01
  3.2391214e-01
 -2.1260568e-01
  6.3162118e-02
 -1.0486564e-02
 -6.5587431e-02
 -4.2352125e-02
 -2.6872525e-01
 -4.8034165e-02
  2.7309669e-02
  1.6089094e-01
  1.0145056e-01
  2.4683410e-01
  3.8061729e-01
  6.7537075e-01
 -8.0511504e-01
 -7.0907110e-01
  1.3186672e-01
 -3.6910087e-01
 -2.9672123e-02
  6.3038230e-01
  3.7832355e-01
  5.5501640e-02
 -5.8792844e-02
 -1.7505905e-01
 -4.0603486e-01
 -2.8400669e-01
 -1.2342449e-01
 -2.2395352e-01
 -3.6496490e-01
 -1.4935519e-01
 -1.1707003e-01
  3.5997850e-01
 -2.7899331e-01
 -4.6931201e-01
  5.5361271e-01
  1.4688097e-01
 -2.7678013e-01
 -5.4482067e-01
 -4.4920661e-02
  6.1933547e-02
  2.8555244e-01
  6.0004517e-03
  8.1390113e-02
 -7.0976436e-02
  2.4801616e-01
 -8.8932328e-02
 -2.7597044e-02
  7.2263852e-02
 -9.3998812e-02
  6.6296339e-02
 -2.6280671e-01
 -1.4737466e-01
 -1.9561090e-01
  7.1119440e-01
  1.9691704e-01
 -1.5309408e-01
 -2.2894567e-01
 -4.9982670e-01
  1.1680029e-01
 -8.5702792e-02
 -4.0231824e-02
 -3.8302130e-01
  6.9733195e-02
 -1.9376573e-01
 -2.0345184e-01
  5.6071913e-01
 -1.3663720e-01
  9.8200701e-03
 -1.9492275e-01
 -8.6515747e-02
 -1.9941960e-02
 -1.1835220e-01
 -2.1165419e-01
  5.5347115e-02
  4.4268994e-03
  1.2989530e-01
 -3.9319405e-01
  3.3373195e-01
  2.2079392e-01
  1.2539560e-01
 -2.3037080e-01
 -7.5141922e-02
  6.0376368e-02
  5.3714716e-01
  6.7882963e-02
  5.6615895e-01
  3.0401200e-03
  1.6379242e-01
  1.0195930e-01
  1.5100670e-01
  3.9541736e-02
 -4.2992389e-01
  1.2013627e-01
 -2.5828794e-01
  2.2895072e-02
  2.3280911e-02
 -5.8536693e-02
 -3.1690592e-01
 -1.4519563e-01
 -4.8975591e-02
 -3.9008227e-03
  2.9850863e-02
 -4.0074530e-01
  1.5769510e-01
 -3.6661831e-01
  9.8534763e-02
 -2.1668102e-01
  4.2341631e-02
  3.2978237e-01
 -2.4855529e-01
 -2.1369080e-01
 -5.1016033e-01
  6.3294488e-01
  2.5703959e-02
 -3.5948920e-01
  2.2130415e-01
 -7.8288436e-01
 -7.9960063e-02
 -1.4911196e-01
  1.5013534e-01
  1.9637984e-01
 -2.8457092e-02
 -6.2097564e-02
 -3.1224439e-01
 -1.6768278e-01
 -1.5069032e-01
  1.1536159e-01
  2.6914636e-02
  2.4937932e-01
 -7.8903355e-02
  9.2871012e-03
 -2.3959371e-01
  1.5746862e-01
 -3.3232597e-01
 -3.1455362e-01
  1.0590063e-01
 -3.7618911e-01
 -7.2385162e-02
  5.0479579e-01
 -4.4900283e-01
 -5.9591224e-03
 -4.4540420e-02
  1.3248749e-01
  4.4061282e-01
 -8.8683784e-02
 -3.6203104e-01
 -4.9012899e-01
  3.1167120e-01
 -6.3554084e-01
  6.7701854e-02
  6.7192130e-02
  1.6217557e-01
  7.1909763e-03
 -2.4524109e-01
 -1.1055103e-01
 -9.6001968e-02
  2.0586050e-01
  3.5548983e-03
  5.2731216e-02
  3.6287278e-01
 -1.5108477e-01
  4.4908819e-01
 -6.9150120e-02
  2.0971352e-01
  1.5940477e-01
  3.0324343e-01
  3.8021240e-01
 -2.7951199e-01
  3.9164454e-02
  3.7488043e-01
 -1.2268220e-01
  6.2350772e-02
  7.2466098e-02
  3.5339393e-02
 -4.2791538e-02
  1.6926077e-01
  1.6647317e-01
  7.4828714e-02
  1.0233076e-01
 -2.6486367e-03
  8.7963894e-02
  1.1518243e-02
 -2.8856266e+00
 -2.7683684e-01
 -2.3674254e+00
 -5.0221014e-01
 -5.4877330e-02
  1.1496958e-01
  5.7932603e-01
  2.1728112e-01
 -2.1578373e-01
 -6.3772643e-01
 -1.3752563e-02
 -3.4688294e-01
 -5.8246814e-02
 -3.0150807e-01
 -7.4658871e-02
  1.5806903e-01
  2.6400976e-02
  1.1938005e-01
 -2.1399459e-01
 -1.0764240e-01
  6.4777657e-02
  4.4252515e-01
  4.9152923e-01
  3.0302435e-02
  2.4769592e-01
 -1.4283407e-02
 -2.4485707e-01
 -2.0640393e-01
 -3.2142860e-01
 -2.9704729e-01
  7.0114657e-02
  1.8055126e-01
 -3.5545506e-02
  2.7912375e-01
  7.8956090e-02
 -1.5908012e-01
 -1.2552130e-01
  1.5085848e-01
  1.1864466e-01
 -1.0392037e-01
 -2.8817272e-01
  2.7509868e-01
 -3.6193085e-01
  7.6884069e-02
 -1.9636066e-01
  4.0089343e-02
  9.6042398e-03
 -1.4999776e-01
 -8.0930643e-02
  1.5917655e-02
  6.0322411e-02
 -6.4783677e-02
  1.2432960e+00
 -1.1621660e-01
 -8.0552894e-01
 -2.3740418e-02
 -4.3285552e-01
  8.0174245e-02
  1.5380271e-01
 -6.2633097e-02
 -1.9559194e-01
  3.0604714e-01
  2.6085261e-01
 -1.2400747e-01
 -5.0452322e-01
  3.2067183e-02
  2.2772353e-02
 -4.4412740e-02
  3.0499840e-01
 -1.7152607e-01
 -1.9020373e-01
  2.1096748e-01
 -7.7322185e-02
  1.2073907e-01
 -3.5616720e-01
 -2.0844710e-01
 -2.0402415e-01
 -9.7469576e-02
  2.2149792e-01
 -3.3041757e-01
 -7.0730582e-02
 -4.8773581e-01
 -8.8250395e-03
 -4.6779874e-01
 -3.2881659e-02
  6.9803149e-03
 -1.1949196e-01
 -1.5490714e-02
 -3.4026998e-01
  5.4448646e-01
  9.2024302e-01
  2.6380764e-02
  4.6605015e-01
  1.7024203e-01
  5.7348794e-01
 -5.8550566e-01
  9.4727939e-01
 -8.3866552e-02
 -7.5790215e-01
 -1.1430822e-01
  1.9896381e-01
  1.5412925e-01
  4.8134273e-01
 -4.6934176e-02
 -4.9770904e-01
  1.7238736e-01
  9.9679202e-02
 -2.8261012e-01
  1.1227457e-01
  3.8651869e-01
  1.4002961e-01
 -5.4264188e-01
  4.4075299e-02
  5.9015244e-02
 -1.4948015e-01
  1.2129281e-01
  1.7010070e-01
  3.1721719e-02
 -1.3994358e-01
 -3.1352617e-02
 -2.9998416e-01
  1.1763213e-02
 -1.2308636e-01
  6.8049818e-01
 -9.9811658e-02
 -2.2532323e-01
 -1.1333221e-01
  1.3241790e-01
 -3.7240064e-01
  1.9681539e-01
  3.5704806e-02
 -9.0844899e-02
 -2.9380657e-02
 -1.0966156e-01
  1.7000480e-01
 -6.3572012e-02
 -4.0290385e-02
  1.9005431e-01
  5.5732556e-02
 -1.5349537e-01
 -8.2752533e-02
 -7.8532316e-02
 -1.1591621e-01
 -2.0922211e-01
 -4.3216586e-02
 -4.6798202e-01
  3.8478188e-02
 -9.7708598e-02
 -5.3929752e-01
  1.9645651e-01
 -1.8515077e-01
 -6.8139565e-01
 -8.9289606e-01
  2.8223708e-01
  2.3179498e-01
 -9.5789507e-02
 -1.6182108e-01
  1.9437341e-01
  2.0143145e-01
  2.7832571e-02
 -4.5006610e-02
 -1.4485997e-01
 -9.9394970e-02
 -1.2268335e-01
 -5.2114731e-01
  2.3106348e-02
  4.9025077e-01
 -4.5796722e-02
  2.3059119e-01
  6.2169135e-01
  3.3223158e-01
  4.0968746e-01
 -2.8854030e-01
  2.3218104e-01
 -4.9758101e-01
 -1.0189025e+00
  4.5604658e-01
  7.4189380e-02
  8.6509097e-01
  5.5784261e-01
 -1.3511521e-01
 -8.9442022e-02
 -9.1182458e-01
  7.1519423e-01
 -8.8187075e-01
 -1.0457235e-01
 -1.4022675e-01
  1.8643335e-01
  9.3294799e-02
  1.2193966e-01
 -5.8633488e-01
  6.7638382e-02
  1.4326210e-01
 -1.4772552e-02
 -5.6997832e-02
  1.5105444e-02
  5.2254713e-01
  4.6465591e-02
  7.9249674e-01
  2.3361728e-01
  5.1205492e-01
 -6.6083080e-01
 -3.8621041e-01
  6.4858198e-01
  6.0486960e-01
  2.3075867e+00
  2.4673577e-01
  1.4453976e-01
 -1.9136276e-02
  1.1542108e-01
 -2.6918188e-01
 -6.7390764e-01
  8.8700032e-01
  4.7373244e-01
 -6.7061700e-02
  7.1128309e-01
  5.9053883e-02
 -2.1759754e-01
  1.4718601e-02
 -3.3330239e-02
  1.2618904e-01
  4.1360813e-01
 -1.1148214e+00
 -3.1312159e-01
  2.0148579e-02
 -7.0084357e-01
 -2.3669863e-02
 -1.3276221e-01
 -1.0009834e-02
 -2.9013872e-01
  9.6266061e-02
 -6.3325107e-02
  5.4447520e-01
  2.7774817e-01
 -1.1627849e-01
  2.9730159e-01
 -1.3114974e-01
  1.2243050e-01
  2.4431750e-01
 -1.4540365e-01
  3.8917419e-02
 -1.6264825e-01
  2.3743240e-02
  1.1730675e-01
  9.7720787e-02
  1.0253312e-01
 -2.0162430e-01
  2.2796616e-01
  2.5378492e-01
  2.2722032e-02
 -7.4234329e-02
 -7.2046898e-02
  2.9694119e-01
 -1.1079199e-01
 -2.5151309e-01
  1.3538990e+00
 -1.3129532e-01
 -5.1065165e-01
 -7.3376670e-02
  3.0471134e-01
 -9.9351031e-01
 -9.7051412e-03
  2.6211026e-01
 -1.4942265e-02
  2.5409660e-01
 -1.7542498e-01
 -4.2523277e-01
 -9.6324778e-01
 -2.5620896e-01
 -5.6865416e-02
  1.5903591e-01
  1.2678204e+00
 -9.6454844e-03
 -4.3629640e-01
 -8.6176321e-02
  2.7104452e-01
 -5.3166538e-01
  3.0266002e-01
  4.3581452e-02
 -2.8796729e-01
  2.2531746e-01
 -3.4297636e-01
 -4.1806348e-02
  1.0565380e-01
 -2.8912932e-02
 -3.7976485e-02
  1.4222281e-01
 -1.4026809e-01
 -1.8173344e-02
  1.6035043e-01
  6.7890473e-02
  8.7926650e-01
  4.4387210e-02
 -2.8813988e-01
  7.0006251e-02
  5.1648229e-02
  1.6980740e-01
 -2.5155345e-01
  3.2237279e-01
  1.0899063e-01
 -3.0379817e-01
 -5.1460478e-02
  2.3547877e-02
  1.3684267e-01
 -5.2915478e-01
  8.8433576e-01
  3.7447587e-02
  2.2565299e-01
 -1.4195122e-01
  2.2310457e+00
  1.1106433e+00
  1.6759698e+00
  1.9974232e+00
  4.3233171e-01
 -8.4400475e-01
  5.9000212e-01
 -1.7767687e+00
  1.0566796e+00
  1.1704807e+00
 -1.0175892e+00
  1.0677360e+00
 -2.9597363e-02
 -2.6776302e-01
 -4.5561567e-03
 -2.3137619e+00
  1.3542335e-01
  2.8474479e+00
 -5.3406703e-01
 -4.2471692e-01
 -1.4791381e-01
  7.8749555e-01
 -6.7039423e-02
  1.8783757e-01
  1.4669605e+00
  8.7695099e-02
 -2.3858741e-01
 -3.3182734e-01
 -2.1005146e-01
 -1.3499236e+00
  3.4277670e-02
  4.1801006e-01
  3.7782884e-01
  1.3316703e-01
  6.5155977e-01
  4.1674450e-04
  1.8498883e-02
 -1.0387276e-01
 -5.2358043e-01
  7.0240967e-02
  5.0524598e-01
 -1.7886990e-01
  1.6077167e+00
  5.3570592e-01
 -1.3003047e-01
  6.1075681e-01
  3.9625064e-01
  2.6353449e-01
 -7.1899056e-01
  6.3988812e-02
 -7.3847389e-01
 -5.0901926e-01
 -2.3837493e-01
  2.3821628e-01
 -1.7393526e-01
 -3.0391347e-01
 -2.3564329e-02
  5.4615531e-02
 -6.6099697e-01
  2.3044010e-01
  6.7802981e-02
  1.1898097e-01
 -4.8479065e-02
  9.9487662e-02
  6.0994193e-02
  3.3388686e-01
  1.0913267e-01
 -8.2278103e-02
 -7.1024582e-02
 -2.1297282e-03
 -1.7686905e-01
 -6.9986844e-01
 -1.6717436e-02
  2.6343733e-01
 -6.0863078e-02
  2.1977547e-01
 -2.6658723e-01
  3.8696086e-01
  1.4725885e-01
 -2.4330617e-01
 -4.5296469e-01
 -1.2465038e-01
 -3.4828278e-01
  2.8147888e-01
  1.4569804e-02
  1.3881811e+00
  3.6905003e-01
 -1.5926279e-02
 -5.9066989e-02
  1.4667031e+00
  2.0899579e-01
  2.0423079e-01
  8.7271273e-02
  2.7016154e-01
 -6.8203300e-01
 -1.2033284e-03
 -3.1454164e-01
  6.2478983e-01
  3.4210175e-01
 -1.9719610e-01
 -4.5716576e-02
  2.9193860e-01
 -1.8323157e-02
 -1.4442807e-02
  1.2299125e-01
 -1.5541142e-01
 -1.5849043e-01
 -1.1617343e-01
 -4.5685935e-01
  6.4944005e-01
  5.4645579e-02
  7.4805252e-02
  1.6611901e-01
 -6.8292841e-02
  5.9690440e-01
 -2.4591964e-01
 -2.1861938e-01
  3.1268430e-01
  2.3166295e-02
  2.3471272e-02
  3.7899289e-01
 -5.0901318e-01
 -8.7201558e-03
 -1.1368315e+00
 -7.7053666e-02
 -1.6460618e-01
 -1.6151881e-01
  9.3201466e-02
  2.0902422e-01
 -1.4272855e-01
  2.1841049e-01
  5.8253609e-02
 -8.7684326e-02
  3.8900572e-01
  3.8658065e-01
  7.2311677e-02
 -1.5667707e-01
  3.5376501e-01
  1.4900817e-01
 -3.5263517e-01
  1.1407807e-01
  1.5658070e-01
  5.2473533e-01
  2.5276980e-01
  1.7657164e-01
  3.6564112e-01
  8.3747298e-02
  2.2744708e-02
 -4.1135013e-02
  2.8266734e-02
 -5.7901591e-01
  2.1155115e-02
 -1.0508415e-01
  4.5931898e-02
  1.2962120e-02
  3.0916147e-02
 -2.0818053e-01
 -6.0523137e-02
 -2.5747746e-01
  7.6395974e-02
  1.3376717e-01
 -3.4962475e-01
 -8.5021578e-02
  2.3494400e-01
  4.9625337e-01
  1.2960687e-01
 -8.4673680e-02
  4.8556823e-01
  4.6214748e-02
 -1.1688555e-01
  1.6884956e-01
 -2.6022780e-01
  6.9951065e-02
  1.6108194e-02
  2.2261219e-01
  1.8728638e-01
 -8.0778059e-03
  2.5282517e-01
 -1.0128288e-01
 -1.0935549e-01
 -4.3142423e-01
  3.1364542e-01
 -1.5766457e-01
 -4.7984120e-02
 -5.9961146e-01
  1.3340011e-02
 -5.8441675e-01
 -3.8401753e-02
 -5.7121862e-02
 -9.2114456e-02
 -7.6644629e-02
  4.2761248e-03
 -1.6006140e-01
  2.9192275e-01
  1.6203274e-01
  6.3015127e-01
 -3.3606604e-02
 -3.5976171e-01
  2.7185926e-02
  2.3465277e-01
 -2.7860853e-01
  4.1263986e-02
 -7.1753487e-03
  6.3437176e-01
 -1.6389345e-01
 -5.9596163e-01
  4.1369760e-01
  1.0863568e-02
 -5.8430940e-02
  5.4888818e-02
  1.6877776e-01
  1.1251734e-01
  2.0546407e-01
  4.2609964e-02
 -3.0141670e-01
  8.6220875e-02
 -4.3843406e-01
 -5.4130107e-01
  3.6470816e-03
 -6.3945150e-01
 -8.6166263e-01
  7.4836338e-01
 -8.8844317e-01
  7.9832637e-01
  1.0103544e+00
 -1.2012076e+00
  4.6599217e-02
 -6.0721886e-01
  1.9448824e+00
 -1.2445147e+00
 -2.3222263e-03
  9.7660995e-01
  4.2696702e-01
 -6.7034699e-02
 -2.9166102e-01
 -3.0751041e-01
 -2.4578935e-01
  1.8651248e+00
  6.0359085e-01
 -5.3829706e-01
 -8.6083956e-02
 -6.4625859e-01
  5.5759810e-02
 -1.0987652e-02
  5.3794777e-01
  1.6752952e-01
 -1.3764678e-01
  1.6374339e-01
 -3.6843948e-02
  6.2981069e-01
  2.4921161e-01
  1.1777951e-01
  1.0399290e-01
  1.4258698e-01
 -8.9363456e-01
  9.2821255e-02
 -1.8857317e-01
 -3.6323868e-02
  1.4117691e-01
  1.6697249e-01
  1.1896910e-02
 -4.6447301e-01
  4.7696352e-01
  4.8480839e-02
 -1.0283161e+00
 -1.3778043e-01
 -5.2494818e-01
 -6.8612355e-01
  4.2343906e-01
 -3.6731419e-01
  1.9151403e-01
 -3.9053702e-01
  1.3491497e+00
 -1.9518724e-01
  3.7417683e-01
  3.8907692e-01
 -5.1774395e-01
  2.6345399e-01
 -1.8179746e-02
  2.3213966e-01
 -9.6884027e-02
 -8.9726612e-02
 -3.3138581e-02
 -5.3378746e-02
  2.7773645e-02
  2.5483608e+00
 -1.2766506e-01
 -1.5935990e-01
 -1.0532144e+00
 -1.6617738e-02
 -3.4958151e-01
  5.6632000e-01
 -1.6035452e-02
  5.1347148e-01
 -6.7471894e-03
 -2.9571721e-01
 -8.3719784e-01
 -5.8886755e-02
 -2.6851821e-01
 -2.3599777e-01
 -9.8103769e-02
  1.4123979e-01
  9.8904744e-03
 -4.3354797e-01
  1.3106851e-01
  2.0766369e-01
  7.4167661e-02
 -9.1193579e-02
 -6.6847998e-01
  1.7688362e-01
 -7.5340044e-01
 -8.7322056e-01
  1.4767350e+00
 -2.5961155e-01
 -4.1304585e-01
  3.3881068e-02
  5.2245192e-02
  5.6552988e-01
 -1.9276667e+00
 -1.8315004e-01
 -6.5360332e-01
  1.2541391e-01
 -4.7371152e-01
 -1.5879498e+00
  7.6512754e-01
 -2.3264657e-01
 -4.3062270e-01
 -1.4004869e+00
  2.6639313e-01
 -8.0188721e-01
  1.4642894e-01
  5.1352303e-02
  4.5433316e-01
 -3.6197823e-01
  5.1602924e-01
 -5.3744882e-01
 -4.4505224e-01
  7.3040880e-02
 -7.1884108e-01
  3.0691275e-01
 -2.2940049e-01
 -5.7049340e-01
 -9.2923093e-01
 -3.0730259e+00
  1.9593102e+00
  5.2443677e-01
  6.2459850e-01
  2.2381450e-01
 -2.4680592e-02
  2.0633180e-01
 -6.4450905e-02
  1.3476439e-01
 -1.8357675e-01
 -3.0555242e-01
  7.1783304e-02
  4.5422852e-02
 -1.4079013e-01
  5.3479295e-02
 -4.9738698e-02
  1.3677736e-01
 -4.1864719e-02
  2.7710649e-01
  2.3501214e-01
 -8.9534670e-02
  3.1723633e-01
  4.9834803e-01
  8.1777215e-01
  3.0065417e-02
  1.2673327e-01
  1.0115319e-01
 -1.0787567e-01
  1.0885888e-01
 -9.4703615e-02
 -4.6166465e-02
  2.0304639e-02
  1.0388926e-01
 -3.2698485e-01
 -1.9360712e-01
 -1.0859245e-01
 -6.1795193e-01
  9.2699963e-01
  4.5934090e-01
 -1.3877809e-01
 -1.3227399e-01
  2.5070885e-01
 -2.4518004e-01
 -1.3834918e-01
 -8.5772388e-02
 -1.5392056e-01
 -5.2630943e-01
 -2.7726766e-02
 -1.2381031e-01
  2.0432301e-01
  9.6295364e-02
 -1.0623589e-01
 -5.4860812e-01
  1.4166099e-01
  7.2843041e-03
  4.8797402e-01
 -9.5527312e-03
  4.0658273e-02
  7.4277931e-01
 -9.3697734e-02
  2.6461430e-02
 -6.8186373e-01
 -4.3482679e-01
 -2.4342895e-01
 -4.1423950e-01
  1.0148509e-01
  3.2699268e-02
 -3.1212497e-01
 -1.5928365e-01
 -3.0786830e-01
 -2.9342914e-01
  5.5445641e-01
 -1.5726005e-01
  2.7694803e-01
  9.1952258e-01
  1.4919728e-01
  3.4205762e-01
  6.4625911e-02
 -1.1497569e-01
  5.1778555e-01
 -3.0359206e-01
 -9.5177792e-02
 -1.5568070e-01
  8.9293852e-02
  9.7779632e-01
 -3.1816968e-01
 -6.9311213e-01
  1.3265738e-01
 -3.0117655e-01
  1.7955416e-01
 -7.5576407e-01
 -1.0579400e-01
  7.2680004e-02
  6.1111808e-02
 -9.4790012e-02
 -1.4100540e-01
  1.5615237e-01
 -4.4878179e-01
  4.2615694e-01
 -4.6260804e-01
 -1.0115100e+00
  1.6365579e-01
 -8.5174479e-02
 -1.8061119e-01
 -3.4216073e-01
 -1.3378845e+00
  7.4913114e-02
 -2.0263904e-01
  7.7666342e-01
 -1.4203885e-01
 -1.6484343e-01
  5.2425005e-02
 -9.3228567e-01
  2.2886786e-01
  9.9120177e-02
 -2.9097144e-03
 -7.3683792e-01
  4.7951322e-02
  1.0507719e-02
  7.7004319e-01
  1.8523216e-01
 -8.6100733e-01
  2.0030290e-02
  5.7149451e-02
  2.1015860e-01
 -5.5222586e-02
 -3.4454873e-01
 -6.1617129e-02
 -3.4440160e-01
 -4.2958894e-01
 -4.2863153e-02
 -2.0098627e-01
 -1.8456997e-01
  1.2053710e+00
 -7.5808227e-02
 -8.9265339e-02
 -3.7566924e-01
 -7.1901157e-02
 -2.0320736e-02
 -1.4981185e-01
  3.6135796e-02
  2.6871496e-01
  1.8887390e-01
  1.4278552e-01
  5.0479537e-01
  2.2967404e-01
  2.9461074e-01
 -1.2183813e+00
  1.9205783e-01
 -1.3720085e-01
  9.0327606e-02
 -3.6735344e-01
 -1.7171377e-01
 -3.4296840e-02
  1.1866691e-01
  4.1100889e-01
  2.1457838e-01
  2.8448433e-01
  8.6249337e-02
  6.8241462e-02
 -7.5844070e-03
  2.2470842e-01
 -2.9245799e-02
  2.9732969e-01
  2.2243660e-02
  5.2718028e-02
  3.2132491e-05
 -5.0117597e-03
 -1.8477379e-01
  2.3825075e-01
  3.3259219e-01
  1.4635328e-02
 -2.5787246e-01
 -1.1752827e-01
  2.3078549e-01
  1.6295087e-01
 -4.3852633e-01
 -2.5944358e-01
 -3.5731715e-01
  1.5470452e+00
 -7.7903229e-01
 -2.3183968e-02
 -5.8214599e-01
 -1.6802010e-01
 -1.8431836e-01
  4.3292773e-01
  7.5062200e-02
 -8.5850233e-01
  6.7243761e-01
 -6.5286964e-01
 -9.2734176e-01
 -2.4390584e-01
  1.3088663e+00
 -8.6241633e-01
  1.1763901e-01
 -5.3921056e-01
 -1.3828686e+00
 -2.1939173e+00
 -1.3871728e-01
 -9.1280776e-01
  4.9553308e-01
 -2.0051643e-01
  1.0042260e+00
 -1.9339018e-01
 -9.0800226e-03
 -8.4190047e-01
 -1.1620576e+00
 -1.1433488e+00
  1.4239539e-01
 -7.2418398e-01
 -7.1895999e-01
 -1.2142013e+00
 -2.7681383e-01
 -2.1300588e+00
  8.1886554e-01
  2.5718427e-01
  2.1911880e-01
 -2.7416813e-01
 -4.6920431e-01
 -1.2882066e+00
  3.9376974e-01
 -8.2296968e-01
 -3.7014235e-02
  5.6963637e-03
  7.7039474e-01
  5.5879480e-01
 -1.1614875e-01
  2.3625700e-01
  3.4191108e-01
 -1.7680340e-02
  1.1576824e+00
 -1.0118437e+00
 -4.3387675e-01
 -1.7984727e-01
 -1.0121882e+00
  6.9384557e-01
 -3.1196338e-01
  3.8261581e-02
  1.8414848e-01
  1.0273799e-01
 -2.5057623e-02
 -1.1858688e-01
  4.8308041e-02
 -8.4475063e-02
  3.5201514e-01
 -5.6783640e-01
  8.0550313e-02
  3.1188253e-01
 -1.1857665e-01
  1.1194076e-01
  3.6565223e-01
 -7.2574764e-02
 -2.7558920e-01
 -1.1455978e-01
  3.6035585e-01
  5.2546341e-02
  6.5312609e-02
 -1.1191820e-01
 -8.0693193e-02
  7.3395297e-03
  1.8332928e-01
 -1.9233465e-02
 -2.2401138e-01
 -1.2039542e-03
 -1.5041305e-01
  7.7674586e-01
 -1.4705847e-01
 -1.8193249e-01
 -1.1562063e-01
 -2.3878694e-01
  4.2176537e-02
  3.3324830e-02
  5.2466476e-01
 -1.8348932e-01
 -3.7777122e-02
  3.0394856e-02
  1.5773804e-01
 -1.2959515e-01
 -4.2211521e-01
 -1.5239581e+00
 -5.3261060e-01
  1.5067501e-01
  4.1719672e-01
  2.5121403e-01
 -4.6909857e-01
 -3.6069721e-01
  5.2975614e-02
 -1.2546739e-01
 -1.4939497e-02
  3.7830460e-01
 -1.4390077e-01
 -1.6915835e-01
 -4.0291312e-01
  3.9271387e-01
 -7.2911121e-02
 -2.5978979e-01
 -4.5557636e-01
 -2.9942982e-02
 -1.9465989e-01
  6.7027873e-01
 -1.7505586e-02
 -5.5536109e-01
  5.9459049e-01
  4.0084600e-02
  7.9555616e-02
 -2.6178271e-01
 -5.2844596e-01
  2.4800834e-01
  1.0726003e-01
  4.1031024e-01
  8.3443993e-01
 -8.1108943e-02
  2.7716139e-01
 -1.3747564e-01
  4.4191626e-01
  3.3660285e-02
 -1.1349344e-01
  6.3181296e-02
 -8.3728296e-01
  2.6107937e-01
  3.7740082e-01
  3.4336886e-01
  2.1830343e-02
 -1.9901686e-03
 -1.4793191e-02
  7.9197533e-02
  1.2531820e-01
  6.8946078e-02
  2.6681937e-02
 -1.4255124e-01
  5.7306554e-02
 -1.8326652e-01
 -1.4126033e-01
  9.4324648e-02
 -7.0146993e-02
 -8.6807385e-02
 -5.0875779e-02
 -4.4432631e-01
 -1.6949841e-01
  2.3610400e-01
 -4.7743183e-01
  1.0360809e-01
  5.9890345e-02
  3.0399537e-01
 -6.4498588e-02
  1.7989025e-01
 -1.1109347e-02
 -9.7871944e-02
 -2.3604272e-01
 -7.9808913e-02
  1.0032877e-02
 -1.5822551e-01
 -2.0782307e-01
  6.0070133e-01
  2.4732351e-01
  1.1779965e-01
  1.9383655e-01
 -9.7706728e-04
 -6.5256543e-02
  4.3640602e-02
  6.8525851e-01
  3.6748402e-02
 -4.0282905e-01
  1.2108760e-01
  5.3402334e-01
 -1.7855002e-01
  1.5551023e-01
 -2.8996930e+00
 -1.2247986e-01
 -8.4787525e-02
  2.4935058e-01
  7.2412901e-02
 -2.6490119e-01
 -1.0088915e-01
 -3.6357850e-02
 -1.4125036e-01
 -1.8519011e-01
  8.3316885e-02
  2.0768222e-01
 -3.9186269e-02
 -1.2971368e-01
  3.0172143e-02
 -1.5257010e-01
  2.9055008e-01
 -2.9777947e-01
  5.0840620e-03
 -9.2920981e-02
 -1.6409247e-01
  2.7248296e-01
 -2.5765717e-01
  9.3712956e-03
 -1.0248147e-02
  1.9745210e-01
  4.4627815e-01
 -1.0007495e-01
 -1.9465612e-01
  2.4184008e-01
 -7.2137363e-02
 -2.0431902e-01
 -7.1523823e-02
 -4.9364763e-01
  5.8379430e-02
  5.3286225e-01
 -2.2113594e-01
 -1.5815227e-01
 -1.4860717e+00
 -3.9337164e-01
 -1.0124835e+00
 -8.4717160e-01
 -7.1397290e-02
 -7.9313032e-02
  2.3139329e-01
  4.7976661e-01
 -7.0457047e-01
  1.1337012e-01
 -2.0769757e-01
  1.1278305e-01
  2.3390289e-01
  2.0540118e-01
  1.0517331e-01
  1.1459778e-01
  5.0405991e-01
 -2.7798042e-02
 -1.3358411e-01
  5.8686686e-01
  3.6415267e-01
 -4.6551440e-02
  9.0784051e-02
 -2.9698566e-01
 -3.0350633e-02
 -1.4578940e-01
 -3.0626619e-02
  2.0837772e-01
 -6.2680036e-02
  1.2862312e-02
 -1.3205670e-03
  1.3849322e-01
 -2.5909920e-03
 -3.5111532e-01
 -1.5561680e-02
  1.6551751e-01
  1.1695495e-01
  3.9269352e-01
  1.1941750e-02
  1.0014458e-01
 -2.1799613e-02
 -1.3718013e-02
 -1.6174807e-01
 -5.0917491e-02
  2.9975539e-01
 -6.5713219e-02
 -8.8571465e-01
 -1.6579762e-01
 -6.0690828e-02
 -5.6822710e-02
  5.2160418e-01
 -1.2098968e-02
 -8.5694730e-02
 -7.2113022e-02
  7.0644900e-02
  1.8148424e-01
  4.6942323e-02
  2.1540645e-01
 -1.9528627e-01
 -1.0937162e-02
  2.2214952e-01
  4.6596143e-01
  1.6315934e-01
 -5.6291193e-01
 -1.2730065e-01
  2.2070315e-01
  3.5797986e-01
  2.1574375e-01
 -3.4235680e-01
  3.4912863e-01
 -7.7572024e-01
 -5.8160633e-01
  4.3431431e-02
  4.4262134e-02
  2.4970435e-01
  1.2526372e-01
 -8.4799811e-02
  9.9547543e-02
  4.3288627e-01
  1.0152694e-01
 -5.7978489e-02
  2.1115610e-02
 -3.2232526e-01
  2.9585403e-01
 -4.9909383e-01
  4.5063823e-02
  9.1498196e-03
 -3.8832758e-02
  3.7216663e-02
  3.0524712e-02
 -6.8721719e-02
  1.8475537e-01
 -1.2036614e-01
 -9.9320844e-02
  1.2583055e-01
 -1.9300574e-01
 -1.5655155e-01
  2.5089033e-02
 -1.0546712e-01
  2.7121890e-01
  8.5339248e-02
 -4.6668127e-03
 -1.8466263e-01
  4.7658794e-02
  9.9602612e-03
  6.3818097e-01
 -5.0605869e-01
 -4.4190946e-01
  1.3383316e-01
  7.6281212e-02
 -7.9902746e-02
  2.2652411e-01
 -4.6061780e-02
  6.7558959e-02
 -1.5509506e+00
 -2.9666636e-02
 -1.0779164e-01
 -2.1273166e-01
 -1.8675230e-01
  6.6159308e-02
 -1.0728415e-01
  2.7233589e-01
  6.2980026e-02
  1.9335513e-01
  2.0853621e-01
  4.0082547e-01
  2.6036769e-01
  2.3566130e-01
  5.5610411e-02
  2.5540770e-03
  4.3390997e-02
  8.6293226e-01
 -3.2156932e-01
 -1.2487261e+00
 -3.5429838e-01
  5.5099130e-01
  7.8668004e-01
 -4.6064159e-01
 -2.1130636e+00
  7.7704288e-02
 -1.6584028e+00
 -1.4042054e-01
 -1.1711800e+00
  4.8278594e-01
  7.7769496e-02
  1.0485339e-01
 -1.0809724e-01
  1.8589748e-02
  3.5949451e-01
 -9.6539271e-01
  1.0280584e-01
 -8.6050969e-01
 -3.6010456e-01
 -5.0948226e-01
 -3.5567367e-01
  4.7915388e-02
 -5.9345770e-01
  8.8048905e-01
 -2.7927876e-01
  2.8160824e-02
 -1.0264088e+00
 -2.4058434e-01
  1.2058169e-01
  6.8287924e-02
 -4.5105478e-01
  6.1789620e-01
 -6.4198725e-02
 -1.6213766e-01
 -1.5731931e-01
 -2.2621433e-01
 -1.9199827e-01
 -5.5291694e-02
 -1.7007130e-01
  8.2614921e-02
 -5.9211966e-02
 -2.8449664e-01
  5.8186167e-01
  1.7530848e-01
 -3.2291517e-02
 -6.6617370e-02
 -2.9396516e-01
  9.3889648e-01
  7.4635940e-03
 -1.7654894e-01
  6.3763432e-02
 -3.0596220e-01
  1.4868331e-01
 -8.7238446e-02
 -7.2757401e-02
 -1.8464638e-01
 -4.0041607e-02
 -1.4851134e-01
 -1.0720301e-02
 -8.7751616e-03
  1.1701452e-01
  1.0279176e-01
  2.9347488e-01
  5.2819952e-02
  2.2758417e-01
 -1.8325356e-01
 -7.8765517e-01
  1.7697561e-01
 -5.9496802e-01
 -9.5353648e-02
 -1.7518833e-01
 -2.1288845e-01
 -1.8656090e-01
  1.8669181e-02
 -5.7666592e-02
 -2.9858142e-01
  1.8953902e-01
  2.7349868e-01
 -1.9146021e-01
 -4.6737734e-02
  2.7216509e-01
  3.4926575e-01
 -4.3085899e-02
 -1.9356391e-01
 -9.6103176e-02
  4.7690058e-01
  5.2440894e-01
  2.7493319e-01
 -2.2255987e-01
  1.7689463e-01
  2.3674962e-01
 -1.1195752e-01
 -6.0389030e-01
  2.7180660e-01
  2.0468454e-01
  5.2826911e-02
  2.5200579e-02
 -2.1325597e-01
 -6.1827019e-02
 -7.3041123e-01
  1.1876267e-01
 -6.9421679e-02
 -6.9735922e-02
  1.8839810e-02
 -1.3008912e-01
  1.6674912e-01
 -4.2282987e-01
 -6.9999136e-02
  2.0541812e-01
 -1.7141414e-01
  3.1142348e-01
 -1.2685522e-01
  3.6379579e-01
 -1.5015887e-01
  1.0235097e-01
 -5.7649225e-02
 -2.6740503e-01
  6.1223116e-02
 -1.7468611e+00
 -3.7015268e-01
 -6.3981131e-02
 -6.3939802e-02
  6.1763978e-01
  3.0515555e-01
 -2.5120141e-02
  1.4075984e-01
 -1.7152589e-02
  7.9724729e-02
  1.7655149e-01
 -3.7559685e-01
  3.2856318e-01
  6.8915123e-01
  2.2062434e-02
  6.0833222e-01
 -9.2266589e-01
 -4.0896772e-03
  1.3839306e+00
 -1.1142417e+00
  1.3015113e+00
  2.3321523e-01
  2.7449189e-02
  2.0653693e-02
  5.9098101e-01
  1.3234901e-01
 -2.3390664e-02
 -6.0187751e-01
  1.2064829e-01
  5.1833898e-01
 -6.0576949e-02
  5.4204142e-01
  4.9874538e-01
 -1.4276898e-01
  2.4350816e-01
 -2.9027459e-01
 -2.3831952e-01
 -7.0990890e-02
 -2.2735631e-01
 -1.8803304e-01
  1.8362898e-01
 -1.0454139e+00
 -6.6573747e-02
  2.3475380e-01
  1.4522639e-01
 -4.0818653e-01
  1.3075483e-01
  2.6578945e-01
  1.1941468e+00
  1.3250935e-01
 -1.3202029e-01
 -6.2878244e-04
 -2.8549287e-01
 -2.0319510e-01
 -2.8509590e-01
  3.3304641e-01
  6.3502073e-01
  9.4750780e-01
 -3.6172368e-02
 -5.7281688e-02
  3.6589365e-02
  7.4150816e-02
 -1.1387513e+00
 -2.3258914e-01
  6.9729790e-02
  7.2530314e-02
 -3.4077263e-01
 -3.5322543e-02
 -2.3950160e-01
  8.4843047e-02
 -3.9998591e-01
  7.7675551e-02
 -1.4824069e-01
  3.9765142e-02
 -2.1102841e-01
  2.5854817e-01
  4.3915620e-01
  4.5252252e-01
 -1.7376122e-01
  3.8711214e-01
  2.3877014e-01
  4.7166511e-02
 -3.1071741e-02
 -6.2426455e-02
  1.5756117e-01
 -4.7755029e-02
 -2.1765575e-01
  1.8414134e-01
  1.6947156e-02
  1.9970843e-01
  5.9429314e-02
  5.6245375e-01
 -1.4994103e-01
  5.3081982e-02
 -2.0766997e+00
 -1.0664853e-01
 -9.4084531e-02
 -2.0269728e-01
  4.7734150e-01
  1.3033022e-01
 -3.4664601e-02
  1.5819165e-01
  1.6696386e-01
 -2.9124844e-01
  1.4563145e-01
  6.7887254e-02
  6.7073709e-01
 -9.2012465e-02
 -1.6129605e-01
  8.3111711e-02
 -2.5332329e-01
  1.2781963e-02
 -6.6652521e-04
  5.2313346e-02
 -2.9499200e-01
  2.9531479e-01
  1.0155740e-01
  3.9199296e-01
 -1.5837437e-02
  6.1135851e-03
  2.4770427e-01
  7.1685545e-02
 -4.0480889e-02
 -5.4134764e-02
 -1.7793800e-01
  5.0151175e-01
 -2.1359476e-01
 -4.2076245e-01
  5.1059473e-01
  2.6319665e-01
  5.5165790e-02
  9.8164931e-02
 -1.9334075e-01
  1.0429663e-01
  3.7606025e-01
  3.4243083e-01
 -2.7651312e-02
 -5.5546574e-02
  4.9566436e-01
  1.6415462e-01
 -1.1723665e-01
  1.3106373e-01
 -9.4271630e-02
 -3.6981642e-01
 -3.0360880e-01
  2.6232988e-02
  8.9505392e-01
  6.7904390e-02
 -2.7281380e-01
 -1.0097600e-02
 -9.7296759e-02
  5.2008408e-01
  1.3554835e-01
 -7.8766868e-03
  8.3926511e-01
  4.3334670e-02
  1.0436161e+00
 -1.7943928e+00
  5.1365469e-02
  3.9263344e-01
 -4.8600510e-02
 -4.7599804e-01
  2.7377304e-01
 -1.2481551e-01
 -7.5897321e-02
  4.4748792e-01
  1.0408458e-01
 -4.1076040e-01
  4.0050399e-01
  1.4590158e-01
  2.1145135e-01
  2.0486020e-01
  1.4000344e-01
 -2.0582098e-01
  8.8743512e-03
  5.3307146e-01
 -1.3373414e-01
 -8.4511258e-02
 -2.7873749e-02
 -1.5730935e-01
  4.8122722e-01
  4.9451187e-01
 -4.0263215e-01
  4.0783012e-01
 -3.4447920e-01
 -5.3487975e-02
 -6.4670533e-02
 -4.8361301e-01
 -2.3011100e-01
 -1.7382545e-02
  5.8260614e-01
 -1.3630162e-01
  1.2988670e-01
  2.7522263e-01
  6.7392588e-01
 -9.5404363e-01
  2.5489292e-01
  2.4513456e-01
 -1.9731055e-01
  1.3806354e-01
 -9.0718722e-01
 -6.6153727e-02
  3.0843058e-01
 -1.0022247e+00
  3.7678200e-01
  5.3055376e-02
  1.7556368e-01
 -2.5575337e-01
 -3.7106398e-01
  3.1516366e-02
 -1.4901052e+00
  8.0791991e-03
 -1.7170458e+00
 -5.6351519e-01
 -1.3774712e+00
 -7.4142881e-02
 -1.5384152e+00
 -2.4129061e-01
 -2.1026166e-01
  1.3364784e-01
 -5.8310694e-01
 -1.8860186e+00
  9.6927322e-02
 -1.5235510e-01
 -4.0449595e-01
 -3.7119266e-01
  3.9664648e-02
 -4.3622705e-01
 -1.1246477e-01
 -2.3546185e-01
 -1.7163265e-02
  2.5915575e-01
  1.8321024e-01
  6.4767253e-01
  1.4816234e-01
  1.3024904e-01
  3.3620864e-01
  6.0886085e-01
 -3.3176608e-02
  7.6480620e-02
  3.3070016e-01
 -4.1485739e-01
  9.3234733e-02
  1.8453573e-01
  3.4522286e-01
 -3.8263246e-02
  8.1454590e-03
  7.7087998e-02
 -2.0845920e-01
  2.4710882e-01
  1.0981229e-02
  9.6812487e-02
  1.2456664e-01
 -2.8124496e-01
 -8.0781773e-02
 -1.6725200e-01
  1.0631904e-01
 -4.5289761e-01
 -2.3302615e-01
 -7.1102425e-02
 -1.8395668e-01
  5.8657885e-01
 -1.4070570e-03
 -2.5130403e-01
 -8.6512345e-01
 -3.1646714e-02
  1.7896008e-02
  4.5449045e-02
 -2.8883082e-01
 -6.9543201e-01
  3.2477295e-01
  5.7038248e-02
 -4.0119834e-02
 -6.9312103e-02
 -1.6411637e-01
 -1.1898816e-01
 -5.8572985e-02
  2.2533873e-01
  3.2987532e-01
  2.3772144e-01
 -5.9072606e-02
 -1.5215708e-01
 -3.2710606e-01
 -5.0174948e-03
 -1.6441354e-01
 -7.5879365e-02
 -1.7291620e-01
  3.4485146e-01
  6.8894014e-02
 -1.6971196e-01
 -1.0365754e-01
 -2.3981942e-01
 -9.5702477e-02
 -1.2981491e-02
 -6.8343526e-01
 -5.1895237e-01
 -1.2863645e-01
 -2.1405736e-01
 -1.4836016e-01
  7.7841394e-03
  1.9274502e-01
 -2.5949672e-01
 -5.1295077e-03
 -8.2892917e-02
  1.7109148e-01
  1.2532178e-01
 -1.4064917e-01
  5.4090810e-01
  1.5987475e-01
 -1.9018462e-01
 -2.9644829e-01
 -4.5687491e-01
 -3.6951564e-03
  1.6382860e-01
  8.5396260e-02
  1.3484265e-01
 -1.8492489e-01
 -3.7661735e-02
  1.0494106e-02
 -1.0016065e-01
 -5.2795265e-02
 -2.8887999e-01
  6.1070460e-01
 -7.6643102e-02
 -2.4939731e-01
  7.2891980e-01
  2.2152183e-03
  5.4813266e-01
 -3.3207055e-02
  2.9363364e-01
  2.8196139e-02
 -9.2173880e-01
 -1.2841763e-01
 -2.8038737e-01
  1.0090976e+00
  8.7153345e-02
 -3.9918581e-01
 -9.2165321e-03
  3.8304180e-02
  2.9417071e-01
 -1.0163163e-01
  1.1115836e+00
 -3.8842025e-01
 -2.1176973e-01
 -5.7481724e-01
 -3.6724308e-01
  5.1964355e-01
 -1.9287667e-01
 -3.6876537e-03
  2.8181306e-01
  3.8762084e-01
  2.3566476e-01
 -3.2603413e-01
 -3.4989128e-01
  3.2025757e-01
  1.6634659e-01
 -3.1904876e-01
  3.5814288e-01
 -1.1869040e-01
  9.0806597e-01
  2.9874492e-01
  4.1868153e-01
  1.7324290e-01
 -1.2386248e-01
 -4.2127695e-02
  2.0526710e-01
 -2.2400071e-01
  2.5743553e-01
 -3.6702499e-01
 -1.3804144e-01
  1.2339282e+00
  5.5321135e-02
 -5.8573878e-01
  1.2244534e-01
 -4.1573229e-01
 -1.2789375e-01
  1.1665015e-01
 -1.9828089e-02
 -4.6391600e-01
 -2.9059541e-01
 -1.4681345e-01
  7.9590552e-02
  6.1730868e-01
  2.7825120e-01
 -8.1399471e-01
  8.8418365e-01
  3.9877024e-02
 -7.3160219e-01
 -1.5538885e-01
  4.7302535e-01
  2.9337978e-01
  2.8305671e-01
 -9.1510192e-03
  4.5380378e-01
 -1.7712943e-01
 -1.3510451e-01
 -1.9538037e-01
  3.3520527e-02
  4.8281103e-03
 -4.6119832e-02
 -3.1705770e-01
  1.9824483e-01
 -2.0824549e-01
 -2.6986665e-01
  5.1072322e-02
  1.3812155e-01
  5.3792976e-02
 -1.6185659e-01
 -7.8979927e-01
 -6.8301338e-01
  2.7193174e-01
  2.8460443e-01
 -6.6679007e-01
 -2.6462924e-01
 -1.3980880e-01
 -1.6563965e-01
 -1.6619047e+00
  7.6517081e-01
 -1.5035398e-02
 -2.8161201e-01
  5.1142573e-01
 -6.7347981e-02
  4.0860932e-02
  3.9396949e-02
  1.2963635e-01
  2.3403050e-01
  2.6447451e-01
 -2.0439738e-01
  7.3544264e-02
  1.2569915e-01
  7.3130444e-02
  1.1576834e-01
 -1.8451788e-01
  5.2546626e-01
 -2.6172292e-01
  1.2193307e-01
 -4.3205306e-02
  2.4581354e-02
  3.8357052e-01
 -1.0329150e-01
  4.2378211e-01
  1.8750392e-01
  2.6710695e-01
 -1.4001101e-01
 -4.8623569e-02
 -1.0623260e-01
 -1.2863645e-01
 -3.0536073e-01
  3.5058388e-01
 -3.5026439e-02
 -4.8649188e-02
  4.2836998e-02
  2.2036539e-01
  8.3821319e-02
 -1.2498178e-01
 -1.4135598e+00
  1.0536204e-01
  3.4794417e-01
  1.2934668e-01
 -7.5212646e-01
  2.3615637e-01
 -8.1453294e-02
 -1.0543364e-01
 -1.5142711e+00
  8.7749921e-02
 -1.6650879e-01
  7.3710549e-01
  2.3367481e-02
  1.4276911e-01
  2.2555156e+00
 -2.8619519e-01
  7.8992486e-02
 -2.8693698e-02
  9.9317437e-01
  7.8325087e-01
  2.6415744e-01
  1.1892798e-01
  3.5779351e-01
 -1.6679596e-03
  1.0338762e+00
 -2.1241708e-01
 -1.6490040e+00
 -2.7571350e-01
  1.4771909e-02
  3.3111691e-02
  4.9915871e-01
  3.8705069e-01
  3.9461276e-01
 -6.0977526e-02
  1.7518240e+00
 -3.9119169e-02
 -7.8507793e-01
  8.0477953e-01
 -4.4413531e-01
 -1.6119164e-01
 -4.9311996e-02
 -6.4157003e-01
 -3.1640045e-02
 -2.0754138e-01
  1.8731343e+00
  7.9717189e-01
  1.7308801e-01
 -1.6468966e-01
 -2.2182909e-01
  3.9130211e-01
 -8.9565408e-01
 -1.0100035e-02
 -8.0359876e-02
 -5.4184929e-02
  6.8879522e-02
 -4.0218089e-02
 -6.5473825e-02
 -7.6530814e-02
  5.7667047e-02
  2.4785942e-01
  3.8275488e-02
  3.9581862e-01
 -3.0392849e-01
  1.0835029e+00
 -2.7857286e-01
 -1.0081630e+00
  1.1566484e-03
 -2.2742439e-02
  1.5221177e-01
 -1.7989171e-01
 -1.3688414e-01
 -5.8917701e-01
  1.6969066e-03
  1.3699268e-02
 -1.3685639e+00
  2.2727692e-01
 -4.5536461e-01
 -1.3307397e-03
  1.5732920e-01
 -5.8331296e-02
  4.6629271e-01
  3.9334607e-01
  3.5192929e-02
 -2.4149433e-02
 -1.5792133e+00
 -7.5327149e-03
  1.1826794e+00
  2.5734651e-01
 -1.4797032e+00
  3.5053238e-02
  1.2954375e-01
 -3.6087841e-01
  2.0534059e-01
 -1.1469702e-02
  2.1450934e+00
  1.2436078e+00
 -7.6187509e-01
 -6.4864284e-01
 -1.5204610e-01
 -5.1755279e-01
 -3.0207968e-01
  2.1502008e-01
  4.7388889e-02
 -4.9885568e-01
  1.7475381e-01
  5.2772090e-02
  8.1340663e-02
  3.2442844e-01
  6.4116538e-02
  9.4709158e-02
  1.5954632e-02
 -2.1713331e-01
  2.6619190e-01
 -2.2177401e-01
  8.8699691e-02
 -3.0846956e-01
  1.4811569e-01
 -4.5227271e-02
 -1.0213025e-01
  7.0799328e-02
  3.4128702e-01
  4.2975149e-01
 -1.6312180e-01
  8.8177174e-02
 -2.8728259e-01
  5.5750713e-02
  2.3166810e-01
  1.0680447e-01
  1.0973111e-01
  2.2408007e-01
 -1.4308225e-01
  2.0078221e-01
 -8.6720929e-02
 -8.4812835e-02
  8.7616444e-02
  1.5514499e-01
 -2.6413372e-01
  7.5342529e-02
 -2.3321478e-01
  6.8249159e-02
 -1.6308366e-01
 -8.7333150e-02
  1.0320752e-01
  3.5404879e-01
  1.8668287e-02
 -6.1102536e-02
 -2.4924880e-01
 -2.2460125e-01
 -2.3884591e-01
  9.8697677e-02
 -5.7670441e-02
  1.4620233e-01
 -5.5292841e-02
 -5.7492387e-01
  3.9663803e-02
 -3.5052654e-01
  3.0956483e-01
 -1.6031604e-01
 -4.4213708e-02
 -2.3024622e-01
  2.4702318e-01
  2.9121119e-01
  6.4442679e-02
 -1.6192150e-01
  5.8572493e-02
  7.1690999e-02
 -3.2078063e-01
 -2.7246276e-01
 -8.0439299e-02
 -3.4728390e-01
  7.2750568e-02
  8.4371753e-02
  1.1820365e-01
  1.1988343e-01
 -5.9753902e-02
  9.5800954e-01
  2.4699394e-02
 -4.6141516e-02
 -3.5284215e-01
 -4.1703857e-02
 -2.1448998e-01
 -2.9238740e-01
 -2.1749118e-01
  4.8386109e-01
  2.4546666e-01
 -4.7387987e-02
  1.6907410e-01
  6.1811376e-01
 -1.1138501e-02
  5.5132568e-02
 -1.2975910e-01
 -6.2886292e-01
  2.3584430e-01
 -1.5412211e-02
 -4.8020056e-01
  9.8813817e-02
  1.0501427e-01
 -1.1647382e-01
 -1.4837240e-01
  3.1105563e-02
 -4.8780847e-01
 -2.8705928e-01
 -1.6084138e-02
  6.8392998e-01
 -7.1120940e-02
  1.3185455e-01
 -2.8560935e-03
 -1.5915981e-01
  9.0784468e-02
  2.2937442e-01
  3.2438342e-02
 -2.9285586e-01
  3.1193101e-01
 -4.2109635e-02
  5.2574700e-01
 -2.6813999e-01
  3.4608132e-01
 -1.5589762e-01
 -4.5678735e-02
  1.1362012e-01
 -7.4884593e-03
 -1.0703137e-02
  2.5681373e-01
 -1.9663787e-01
 -3.9428592e-01
 -9.7217292e-02
 -1.1297877e+00
  2.6343897e-01
  2.4945253e-01
  6.1158832e-02
 -5.2410150e-01
 -4.8239240e-01
  4.3268139e-03
  3.6836004e-01
 -2.5045699e-01
 -3.9528698e-02
 -9.7236231e-02
 -1.0900323e-01
  6.1215460e-01
 -1.5514760e-01
 -3.6599553e-01
  2.9316825e-01
 -8.7813526e-02
 -1.9742018e-01
 -3.3609983e-01
  1.0135744e-01
 -2.2272836e-02
  1.5237723e-02
 -1.3505421e+00
  3.3058268e-01
 -1.2329461e-01
  1.7371963e-01
 -3.2878581e-01
 -5.1613647e-02
  6.4449921e-02
  8.1102163e-02
 -2.0208681e-02
 -2.7544656e-01
 -2.9841396e-01
 -8.0762655e-02
  3.8666755e-02
 -1.3593601e-01
 -4.9270499e-02
 -2.4394664e-01
  1.4927271e-01
  9.1917664e-02
  8.4076136e-02
  4.0492696e-01
 -1.3477825e-01
 -2.7902302e-01
 -1.0604407e-01
 -1.3868710e-01
  4.3989178e-02
  5.7882387e-02
 -4.4252652e-01
  9.8477766e-02
  4.1053936e-01
  7.3752606e-01
 -1.3942926e-02
  1.6003390e-01
  1.0548562e-01
  2.8807086e-01
 -1.9507763e-01
  2.3795637e-01
  7.7306342e-01
 -1.8563841e-01
  3.0212304e-01
  2.7930033e-01
  2.2536123e-01
 -2.9030332e-01
 -6.4853132e-02
  1.4056237e-01
 -3.7772235e-01
  3.6646599e-01
  9.9181935e-02
 -4.8591092e-02
  1.2474166e-01
  2.4428979e-01
 -5.1459324e-01
  1.0223807e-01
 -1.5668939e-01
 -1.7454493e-01
 -3.8006064e-02
  6.7255890e-01
 -2.8670529e-01
 -2.6160496e-01
  1.1087179e-02
  2.7727598e-01
 -5.1343918e-02
 -1.2045358e-02
 -9.5799252e-02
 -4.9685996e-02
  9.5747314e-02
  3.9622493e-02
 -3.6076628e-02
 -1.3695411e-01
  1.9998781e-01
 -6.8559974e-01
 -1.0969900e-01
 -2.0822017e-02
 -4.0910207e-02
  1.8837357e-02
  2.2163796e-01
 -2.9384881e-01
  7.6333487e-01
 -5.4786170e-01
 -2.6308098e-01
  6.5633565e-01
 -6.0986757e-02
  2.9623758e-02
 -8.3638281e-01
  3.6796369e-02
 -3.9593410e-01
  4.2447931e-01
  2.8976038e-01
 -5.9367383e-01
 -2.5427449e-02
  2.1190776e-02
  1.5098795e-01
  1.0393859e-01
 -4.2894465e-01
 -1.1063460e-01
  3.2827300e-01
 -2.5147867e-01
 -2.3616543e-01
 -1.1588801e-03
 -8.9288875e-02
 -2.3868164e-01
 -5.4316830e-02
  2.1757869e-02
  1.5519005e-01
  1.5206079e-01
  4.2995381e-01
 -1.6988857e-01
 -1.5042174e-01
 -3.5893276e-02
 -6.7029709e-01
  1.1721711e-01
  1.8818885e-02
  4.6793649e-01
 -1.5541562e-01
 -1.4771639e-01
  2.3214643e-01
  7.5115018e-02
  1.4577496e-01
  2.4640087e-02
 -1.8425119e-01
  2.4273506e-01
 -3.3219376e-01
  6.0822971e-02
  2.6557720e-01
 -1.0672764e-01
 -4.1103579e-02
 -1.1059998e-01
  7.6840781e-03
 -5.6672540e-02
 -1.7625913e-03
  2.7461949e-01
  7.6609403e-03
  1.9914433e-01
 -3.2122605e-02
  2.3621619e-02
 -2.8169581e-01
  3.4317680e-02
 -1.9594627e-02
 -6.9530834e-03
 -2.0579310e-02
 -1.3288274e-01
 -3.7750021e-01
  2.2995612e-02
 -6.9864988e-01
 -1.5048854e-01
 -6.3849092e-02
 -1.0586182e-01
 -5.1965922e-02
 -2.3749379e-02
 -3.2002151e-02
 -1.8066466e-01
 -2.7357244e-01
 -1.9045646e-01
  2.9527500e-01
  5.8007491e-01
  2.3813639e-03
  7.8716166e-03
 -5.8891314e-01
 -2.8763114e-02
  6.5537110e-02
 -4.2055956e-01
 -3.6192399e-01
  5.9423381e-01
  1.8121922e-01
 -3.4297220e-02
 -1.6990352e-01
 -4.5739919e-02
 -1.9073348e-01
  1.0212824e-01
 -1.8275145e-01
  1.9600368e-01
 -1.9426826e-01
  1.7046982e-01
 -3.9329499e-01
  1.9196082e-02
  2.3313314e-01
  4.1700372e-01
 -2.0809870e-02
  3.2464209e-01
 -1.3198188e-01
 -3.3183506e-01
 -7.7432084e-01
 -1.3676829e+00
  5.3436674e-02
  2.6904590e-02
 -6.8596967e-02
  6.8068281e-02
 -1.9619925e-02
  3.0726403e-01
 -4.3137223e-03
  4.5826429e-01
  2.3011529e-01
  9.0855017e-02
 -1.4300953e-01
 -1.8455966e-01
  2.9593896e-02
 -2.5016889e-03
  1.3180763e-01
  2.7882987e-01
  3.8480780e-01
 -1.2995431e-01
  3.1266534e-01
 -1.6786250e-01
 -1.4646193e-01
  9.5107801e-02
  1.2130490e-02
 -1.1834658e+00
 -3.0713040e-01
 -1.5857169e-01
  9.8787010e-02
  2.4408041e-01
  4.4043404e-01
  8.2290486e-02
 -4.2660499e-01
  3.5480291e-02
  1.5825553e-01
 -1.4740795e-01
  2.9630989e-02
 -2.8202140e-01
 -3.0026630e-01
 -1.5139624e-01
 -1.8281433e-01
  3.6824495e-04
 -2.2279674e-01
  1.5226135e-01
  7.1325690e-01
 -1.2529809e-02
 -3.0638167e-01
 -1.3671683e-01
  3.7657058e-01
 -9.4046876e-02
 -9.9519588e-02
 -3.1964000e-02
  7.8647800e-02
  2.7242261e-01
  1.7468883e-01
  3.8627419e-01
 -5.3813182e-02
  1.8639761e-01
  2.5522348e-01
  2.1673450e-01
 -2.5357550e-01
 -1.8030743e-01
 -1.8771271e+00
 -4.3541321e-01
 -2.8543016e-01
  1.6096193e-01
 -1.7668946e-01
  8.7967813e-02
 -1.1367495e-01
  2.5025947e+00
 -1.7532961e+00
  1.2399384e-01
 -2.7798989e-01
  2.7200887e-01
  2.1340704e-01
 -2.7736191e-02
 -6.5990791e-02
  1.4399457e-01
 -9.3105122e-02
 -1.2420209e-01
  3.6033538e-01
  5.1540172e-01
 -3.5757235e-01
  8.6317517e-02
  1.1770198e-01
 -1.8779761e-01
  2.8895271e-01
  1.9453312e-01
 -5.8229826e-03
 -4.9523361e-02
 -1.4181472e-02
 -2.5454116e-01
 -2.3247290e-01
  1.6703781e-01
 -3.1772155e-01
  3.1300405e-01
 -2.0983922e-01
  1.1163236e-01
 -2.1149467e-01
  3.9749969e-02
  4.0652397e-01
 -4.6489418e-01
 -1.7275980e-01
 -2.4139695e-01
  2.6080772e-01
 -4.5590859e-02
  8.6093560e-02
 -5.9342045e-01
 -1.2589356e-01
  1.8361098e-01
  8.4391713e-02
 -1.4734174e-01
  9.0296555e-04
 -6.5052205e-01
 -1.9085440e-01
  2.0045631e-01
  4.2842793e-01
  5.5347219e-02
 -1.6838112e-01
 -3.0632398e-01
 -1.3106953e-01
 -2.2393543e-01
  2.6948044e-01
 -4.9140707e-02
  9.1067739e-02
  1.9253939e-02
 -7.4910307e-01
 -3.9471578e-02
  1.1740021e-01
  1.6938965e-01
 -9.6461743e-02
 -8.2649887e-02
 -4.8531261e-01
 -2.1247667e-01
 -1.3267203e-01
  1.3433286e+00
 -3.1161383e-01
  2.4141895e-02
 -5.0617438e-02
  5.6679755e-01
 -9.7068645e-02
 -5.4771427e-02
 -4.1764509e-02
  1.4678158e-01
  1.3120304e-01
  1.0448521e-01
 -3.4211889e-01
  3.9794147e-02
 -2.2367944e-01
  4.9760349e-02
  3.9166516e-01
  1.2955905e-01
  1.3764803e+00
 -1.9225980e+00
  5.7945207e-02
  3.9829601e-02
 -2.9847082e-01
  2.3067607e-01
  1.3087738e-01
 -4.5852497e-02
 -2.3757848e-01
 -1.7880429e-01
 -1.3269649e-01
  3.5904515e-01
  2.0412955e-02
  2.0207569e-02
 -7.2916496e-01
 -7.4624747e-02
 -6.9752432e-02
  1.3310799e-03
  1.3581070e-01
  1.7680779e-01
  1.8654460e-02
  2.6999655e+00
 -7.0862070e-02
 -4.9440533e-02
 -8.0356210e-02
  7.9533404e-01
 -2.8241399e-01
 -3.8383607e-02
 -6.3387370e-01
 -1.4008771e-01
 -2.2080913e+00
  4.4357294e-01
 -1.5109216e-01
  5.2400202e-02
  3.3450344e-01
  2.3405958e-02
  2.4524623e-01
 -2.5755805e-01
  6.9497213e-02
 -5.7045925e-01
 -1.0325331e-01
 -2.5266680e-01
  2.0558313e-01
  2.5401244e-01
  5.6995034e-02
 -5.3216076e-01
 -1.7268029e-01
  2.6772100e-01
  5.1799200e-02
  9.7795404e-02
  1.5243156e-01
  3.3313669e-02
 -1.8106668e-01
 -2.1005696e-01
 -2.2931331e-01
 -1.5415424e-01
 -2.3987308e-02
 -5.7089359e-01
  6.6610061e-02
 -1.7950730e-02
 -1.0819317e-01
 -2.4786702e-01
  3.1927958e-01
 -2.0033425e-01
 -6.6454858e-03
 -2.9150942e-01
 -2.1437699e-01
  7.0039198e-02
  3.4067103e-01
 -2.5923889e-02
 -3.8088349e-01
  1.4124086e-01
  3.9801356e-01
 -8.8262284e-01
 -6.7223877e-02
  3.8523340e-01
 -4.6647766e-01
  2.1520223e-01
  2.5569357e-02
 -2.4250537e-01
  1.1218631e-01
 -3.4957103e-02
  5.1310249e-02
  1.5747336e-01
 -2.8538129e-01
  1.2264770e-01
  1.4846262e-01
  4.3257186e-01
  2.1089861e-01
  5.4597404e-02
  3.0990250e-02
 -8.1619769e-03
  3.8414419e-01
  1.2368497e-01
 -1.0245483e-01
 -1.7078467e-01
  2.7372912e-01
  5.7382412e-02
 -2.4054497e-01
  1.3206939e-01
 -2.6570117e-01
 -7.6245651e-02
 -1.3765040e-02
 -2.4541163e-01
  8.7551385e-02
 -1.0183314e+00
  1.1446427e-01
  1.2546277e-01
  1.2672912e-01
  2.0645229e-02
  3.3976860e-02
 -3.5292304e-01
 -2.2829726e-01
 -1.6939144e-01
 -1.6924101e-01
 -1.4315324e-01
  4.7284365e-04
 -1.1725303e-01
 -2.5652227e-01
  9.9241281e-01
  2.0576890e-01
 -5.2859704e-03
  1.2077843e-01
  1.1231995e-01
  2.6186183e-01
 -1.5852648e+00
 -1.4011586e-01
  3.3975244e-01
  7.4531652e-02
 -3.8351470e-01
 -1.1281139e-01
  7.4454498e-01
 -4.5313705e-02
 -3.2273600e-01
 -3.1648898e-01
 -1.6241663e+00
  6.7450982e-03
 -5.6647402e-01
 -4.0393002e-02
 -6.9215053e-01
 -1.0449055e-01
  5.1476127e-01
 -9.5486559e-02
  7.9314357e-01
 -5.1206760e-02
 -1.2116286e-01
  3.6533517e-01
 -1.0136499e-01
 -2.5269130e-01
 -5.2421547e-02
 -1.8722899e-02
 -2.5320759e-01
  4.2966407e-02
 -1.6615054e-01
  1.9157684e-01
  2.5413297e-03
 -6.7751199e-02
 -4.7269545e-02
  2.3386917e-01
 -1.2181922e-01
 -3.6098674e-01
  3.0223433e-02
  2.8056335e-01
 -3.5220456e-01
 -3.1776011e-02
  7.8744799e-02
 -1.2893580e-01
 -2.9092380e-01
  3.2099336e-01
 -4.9887333e-02
  6.8548523e-02
  7.9871640e-02
  3.6761045e-01
 -5.6449109e-01
  1.7149544e-01
 -4.4244179e-01
  8.8201836e-02
 -3.4065515e-02
  5.2747548e-01
  9.0716362e-01
 -2.3473020e-01
 -4.8650211e-01
  2.6925382e-01
 -6.8013704e-01
  6.6109635e-02
 -3.9315522e-02
  2.3938683e-01
  4.0232837e-03
 -2.6245141e-02
  6.2630719e-01
 -1.1316590e-02
  2.9892257e-01
  2.3901279e-01
 -3.7727207e-01
  2.7044010e-01
 -9.9780619e-02
  3.5939246e-02
 -1.9760504e-01
 -2.6412162e-01
  4.5221907e-01
  3.2591969e-01
 -1.4938298e-01
  6.5845825e-02
 -1.3590701e-01
  1.1336780e-01
  1.1406675e-02
  2.8654507e-01
  2.4718887e-01
  2.9584020e-01
 -1.0459635e-01
 -4.7240314e-01
 -1.0450338e-01
  4.9613312e-02
  4.1368112e-01
 -1.8632731e-01
  2.3964347e-01
 -2.5396973e-02
  4.2302671e-01
 -3.6767918e-01
 -2.4230656e-01
  2.0815083e-01
 -2.5883305e-01
  2.4680999e-01
  2.5551116e-01
  1.5954740e-02
  4.7034690e-01
  4.5034982e-02
 -3.8524079e-01
 -9.0360290e-01
 -1.2892534e-01
 -7.3662490e-02
 -8.4941581e-02
  1.0262237e-01
  1.9600233e-01
 -1.1911114e-01
  1.0718176e-02
  1.1118978e-02
 -3.7438624e-02
 -1.1160823e-01
  2.5879681e-01
 -1.9974633e-01
 -1.5907311e-01
  2.5134724e-01
  3.0643275e-01
 -9.0886250e-02
 -5.2152459e-02
  2.5287455e-01
  1.8894207e-03
 -9.5070884e-02
 -2.5492018e-02
  3.3686781e-01
  3.9454415e-01
 -2.0858228e-02
 -8.0142744e-02
 -2.5316772e-01
  2.2290524e-02
 -9.9279024e-02
  6.0180044e-03
 -6.9504130e-01
  1.6726099e-01
 -2.3353031e-01
  8.1379250e-02
 -1.1929167e-01
  2.7639765e-01
  3.5366815e-01
 -4.8008747e-02
  2.9955810e-02
  1.8119307e-01
 -1.1072718e-01
 -2.5714239e-01
  1.2879910e-01
  2.5243008e-01
 -3.8139522e-05
  1.1595066e-01
  2.4436528e-03
 -5.1532447e-01
  3.8409927e-01
  3.3400869e-03
 -1.1941765e-02
  1.2654884e-01
 -4.6801123e-01
 -4.8804927e-01
  2.0698395e-01
  2.0349026e-01
  2.7185932e-01
  2.6411265e-01
  1.0475003e-01
  9.9394614e-01
 -4.6390539e-01
  3.7855372e-02
 -4.9152803e-01
  2.3316905e-01
  8.8931255e-02
 -3.8444254e-01
 -8.0828831e-02
 -1.1688726e-02
  3.4473428e-01
  1.7254958e-01
 -7.5402904e-01
 -5.3621326e-02
  1.6071564e-01
 -2.8209079e-03
 -1.9585085e-01
 -1.2777634e-01
 -4.8559874e-01
  2.5674045e-01
 -2.3358716e-01
 -1.9778420e-01
 -1.6488200e-01
 -4.1294944e-01
 -5.9014786e-02
  2.6562360e-01
 -3.1415917e-02
 -2.8826246e-01
  7.4333690e-02
 -2.0051578e-01
 -2.6434604e-03
 -9.9046201e-02
  3.5848510e-01
 -2.8170314e-02
  8.1197478e-02
 -6.0472471e-01
 -2.4312013e-01
  2.7792189e-01
 -1.6814624e-01
  3.3384100e-01
  2.7160969e-01
  1.4090790e-01
  2.1698438e-01
 -8.0162160e-02
 -1.0727151e-01
  3.2144713e-01
 -5.4318082e-01
  2.6398641e-01
  1.5603954e-01
  4.5490313e-02
  1.2834886e-01
  3.3424616e-01
  2.9373676e-01
 -9.0297483e-02
  6.5474972e-02
  1.1312035e-01
  7.2822407e-02
  2.5721478e-01
  1.8100438e-01
  1.2447403e-01
  4.9839255e-01
  2.5609347e-01
 -8.6658850e-02
 -3.3446527e-03
 -2.9523188e-01
  1.3669865e-01
  4.9258199e-02
 -4.7994703e-02
  1.2514733e-02
  4.1128191e-01
 -5.1725991e-03
  1.8807288e+00
 -3.1651312e-01
 -3.1193995e-01
 -1.1513938e-01
  6.4695969e-02
  5.5356199e-01
  7.9217024e-02
 -6.0179938e-02
  2.4291894e-01
  1.8392834e-01
  4.5294079e-01
  2.3679927e-01
  2.0994373e-01
  1.7061144e-01
  3.5294890e-03
  7.0889556e-01
 -8.7098020e-01
 -1.5014715e-01
  3.0734340e-02
  2.9731017e-01
 -1.0166749e-01
  1.3093700e-01
  3.5492969e-01
  2.3765440e-01
 -1.0451806e-01
 -7.7586003e-02
 -2.2994980e-01
  1.0540669e-01
 -5.5282265e-01
  9.4164625e-02
  4.0336826e-01
 -2.5141060e-01
 -8.3065763e-02
  2.1484369e-02
 -1.8973918e-01
  1.0292485e-02
  3.6006436e-01
  2.4314283e-01
  1.0245408e-01
  4.4604540e-01
 -5.1815319e-01
 -3.1393537e-01
 -5.4148827e-02
  2.0001583e-01
 -1.6329840e-01
 -1.2195258e-01
  1.2001491e+00
 -4.0977132e-01
  3.5696819e-01
 -1.2693810e-01
  2.4468522e-01
 -7.2552308e-02
 -2.5725884e-02
  5.3009731e-01
 -1.8560352e+00
 -6.4234841e-01
  1.1268386e-01
 -6.0881719e-02
  4.0201956e-01
  3.6245093e-01
 -1.1271176e-01
  1.9766170e-01
  2.9619861e-01
  1.0611808e-01
  8.8297457e-02
 -4.0532187e-01
 -7.2937918e-01
  1.3381153e-02
  3.9474848e-01
 -1.5679231e-02
  1.3367008e-01
  3.0270398e-02
 -1.3868584e-01
  1.0785730e-01
 -3.6041111e-01
 -4.8018653e-02
 -1.1820076e-01
  1.2532756e-01
 -2.9792398e-01
  2.2214022e-01
 -6.1268103e-01
 -2.0285210e-02
 -1.7996843e-01
 -1.6316906e-01
 -2.5126335e-01
  8.0019081e-01
  1.3446705e-01
  2.3044136e+00
 -1.1179329e+00
  4.1195941e-01
 -2.0164321e-01
  1.2283291e+00
 -4.6831736e-01
  5.3749466e-01
  3.7793124e-01
 -1.1912744e+00
 -2.2337145e-01
 -1.1905595e-01
  5.8848336e-02
  2.3885059e-01
  7.4166071e-01
  7.8557813e-01
 -1.7432667e+00
  1.7574504e-01
  1.0778084e+00
 -2.3684409e-01
 -1.1143609e+00
  7.6382178e-01
  4.5213327e-01
 -7.3143280e-01
  1.0212120e-01
  2.3185141e-01
  3.2971463e-01
 -1.1966010e-01
  1.4784670e-01
 -7.2773978e-02
 -1.0761419e-02
  6.1649519e-01
  2.0692301e-01
  3.5134003e-01
  2.4976577e-01
  1.8668860e-01
 -1.2887271e-02
  7.4270761e-01
 -5.2685267e-01
 -4.1391802e-01
  5.6197155e-01
  1.4832592e-01
 -9.6424259e-02
  3.6627004e-01
 -1.5146023e-01
  6.9316757e-01
 -8.4428978e-01
  1.0532079e-01
  9.7818327e-01
 -1.1612279e+00
  6.5415740e-01
  3.2435703e-01
  5.5052463e-02
  4.9814221e-01
  6.6573763e-01
 -6.9962603e-01
  1.3413115e+00
  5.8158153e-01
 -1.2035036e+00
  1.7412950e-01
 -1.0798376e-01
  3.1213185e-01
 -1.2849261e-01
  9.7444147e-01
 -1.0444117e+00
 -1.3731238e-02
  6.7535901e-01
  2.0954599e+00
 -3.5477530e-02
  2.0619904e-01
  5.6728733e-01
 -2.1800578e+00
  4.4618177e-01
 -3.5686260e-01
 -1.1177519e-01
  5.9997368e-01
  1.1942915e+00
  5.0325197e-01
 -1.9397283e+00
  4.2799994e-02
  5.0831163e-01
 -5.8904540e-02
 -2.0622976e-01
 -1.6628027e-02
  2.2939214e-01
  4.2855942e-01
  3.3689803e-01
 -2.9722057e-02
 -8.5942227e-01
 -9.5613495e-02
  2.5140584e-01
  6.1766099e-02
  1.7131661e-01
 -4.6063375e-01
 -1.7861247e-01
 -2.7399942e-01
  1.2503648e-01
 -8.7346077e-02
 -4.6052881e-02
  3.5288456e-01
  1.5204157e-01
  5.1296458e-02
 -2.2911637e-01
  1.0162413e+00
  4.0333699e-03
  1.8811451e-01
  2.8843446e-02
 -1.8711351e-01
  6.5696314e-02
 -2.1174935e-01
  6.3048214e-01
  3.0491373e-01
 -1.3304306e-02
  6.4545751e-01
 -1.3746502e-01
 -2.8768063e-02
 -4.1638929e-01
  2.5653607e-01
  1.0322949e-01
 -1.7851865e-01
 -8.1831068e-02
 -2.9984176e-01
  4.6527445e-01
  3.9841041e-01
  3.8761105e-02
  8.2912803e-02
 -1.3068670e-01
  1.1401400e-01
 -2.2414261e-01
 -4.5610508e-01
 -8.6811876e-01
  4.5555856e-02
  4.4841763e-01
 -3.5533935e-01
 -1.6317928e-02
  6.5916580e-01
  4.3627632e-01
  3.3616793e-01
 -1.5705246e-01
  2.0917268e-01
 -2.6346095e-02
  3.2413843e-01
  5.7288818e-02
  6.9014663e-01
  3.8141882e-01
 -1.3110805e-01
 -5.4207951e-02
 -3.7764922e-01
 -2.6529017e-01
  2.1645762e-01
  1.9651061e-02
  6.6176409e-01
  1.8137799e-01
  1.4952128e-01
 -4.2218156e-03
 -2.6343566e-01
  3.1947559e-01
 -5.0148137e-02
 -2.9129926e-02
 -1.1199151e-01
 -2.6906688e-02
  2.1628129e-01
 -3.2932582e-01
 -1.1750688e-01
 -9.5025584e-02
 -4.5687681e-01
 -2.7748123e-01
 -6.7615277e-01
  1.3140231e-01
  1.4702826e-02
  3.1993672e-01
 -4.2908967e-02
  1.7612260e-02
  2.3583941e-01
  4.4453323e-01
 -1.1251523e-01
  4.1439077e-01
  1.7663814e-01
  6.1364597e-01
  6.3247599e-02
 -1.3999788e+00
  8.7643586e-02
 -1.7251804e-02
  4.5983946e-01
 -3.6383849e-02
 -4.0689355e-01
 -7.8358725e-02
  5.2658194e-01
  5.2148229e-01
 -2.6829600e-01
 -4.0594557e-01
 -6.1722392e-01
  2.9597378e-01
  9.1054246e-02
 -2.5450211e-02
 -4.1549700e-01
  1.9259389e-01
  2.1479798e-02
  4.5150716e-02
 -2.8652260e-01
  2.4372037e-01
  8.7688990e-02
 -1.7171659e-02
 -3.3996800e-01
 -3.8822550e-01
 -4.8829898e-01
 -2.5904952e-02
  2.4756715e-02
 -1.8940179e-01
 -2.8881350e-01
  7.8859426e-02
 -7.5967297e-02
  3.2876289e-01
  7.3877588e-02
  1.4247356e-01
  3.0553553e-01
  1.4049731e-01
  2.8378609e-01
  6.5850466e-02
 -3.7282398e-01
  3.0338502e-01
  5.2594584e-01
  2.0564786e-01
 -2.6036730e-01
  4.9603269e-01
 -4.0846679e-01
  3.4768081e-01
 -8.2862027e-02
 -2.9996840e-02
  1.3130806e-01
 -4.1403022e-01
 -1.3100956e-01
 -3.3257179e-02
  2.7473432e-01
  3.6118069e-01
 -6.0569689e-02
 -4.1409636e-01
  5.7057340e-02
  2.1299480e-01
  2.3071378e-01
 -3.5695484e-01
  3.0803328e-02
 -6.7473724e-02
 -1.9876264e-01
  5.4016139e-02
 -3.3529378e-02
  1.2121734e-01
 -1.9563632e+00
 -2.5868616e-01
 -3.3098194e-01
  1.2626773e-02
 -1.1074471e-01
 -3.4772184e-02
  1.7331409e-01
 -6.3075259e-02
 -1.5774596e+00
 -1.0835512e-01
  3.0504689e-02
  7.4679017e-02
  3.5191885e-01
 -2.2360100e-01
  1.4140634e-01
 -1.1473560e-01
 -7.0371218e-02
 -7.7211058e-01
  6.5931058e-01
  1.0024990e-01
  6.7265667e-03
  1.2948963e-01
 -2.2082906e-02
 -2.2573349e-01
 -7.5577575e-01
  1.1342087e-01
 -4.0116411e-01
 -7.6932192e-01
  1.0487261e+00
 -4.5233878e-01
 -6.4705789e-01
 -2.2024803e-01
  4.3662835e-02
  3.1932604e-01
 -7.8653954e-02
 -3.9927691e-01
 -6.0748106e-01
  4.0583529e-02
 -1.9672826e-01
  8.4649660e-02
 -6.6180974e-01
  1.0287088e-01
  8.8276118e-02
  1.2223470e-01
  6.9304317e-01
 -1.5338042e-01
 -2.2922894e-01
  3.0815601e-01
 -8.8175416e-02
 -5.2659076e-01
  4.3712607e-01
 -1.3720018e-01
 -1.1563815e-02
 -6.2198546e-02
  6.5224791e-01
 -2.8168210e-01
 -8.8020116e-02
 -4.0628049e-01
  1.0380421e-01
  2.8114858e-01
  2.2848697e-01
 -1.6992938e-02
  4.8112941e-01
  6.3156426e-01
 -2.2767854e-01
  1.8290411e-01
  5.5884372e-02
  2.7568942e-01
  1.0512562e-01
 -1.4409393e-01
  2.7328598e-01
  6.9434088e-01
 -5.7996768e-01
 -2.4043356e-01
 -3.0669991e-02
 -9.0931565e-02
  4.2219579e-01
 -4.4908769e-02
  2.0585167e-01
 -2.1470238e-01
 -3.3801951e-02
  5.9325677e-01
  2.0531352e-01
 -4.1452709e-01
 -8.0827504e-02
  1.3415912e-01
  3.3540055e-02
  1.7896661e-01
 -1.7811805e-01
 -1.0399275e-02
 -1.2172158e-01
 -1.1805424e-01
  8.6927012e-02
 -3.2940450e-01
  4.7551099e-02
  5.6549907e-01
 -1.5655570e-01
  4.4780500e-02
 -1.7661807e-01
  8.0074154e-02
  9.0030961e-02
 -1.4971644e-01
  5.2366024e-01
 -2.3979312e-01
 -7.9787767e-01
 -4.2979270e-01
  1.5006057e+00
 -2.1208876e-01
  4.9799478e-01
 -3.5437039e-01
 -4.1890791e-01
  2.3754146e+00
  6.1832527e-03
  4.7763351e-01
  5.1180009e-02
 -4.3115616e-01
 -5.9245851e-02
 -4.7033463e-02
 -1.4934355e+00
  9.0564531e-01
  7.5726748e-02
  7.8758347e-01
  1.9371588e-02
  1.2649208e-02
  6.9423962e-01
  1.4549429e+00
 -3.0907330e-01
 -1.5515622e-01
  4.3605188e-01
  4.8285320e-01
 -1.9998939e-01
  6.5080953e-01
 -1.9105973e+00
 -4.1712143e-02
 -1.6556077e-01
  3.7998208e-01
  3.9669991e-02
  1.0712526e+00
  7.4773514e-01
 -4.9680144e-01
 -3.9507940e-01
 -2.8251582e-01
 -1.3481972e-01
 -5.0458503e-01
 -4.2347106e-01
  7.9870924e-02
 -1.0429944e+00
 -1.0970334e-01
  3.6566058e-01
  7.4955642e-01
  1.7002165e-01
  7.2165206e-02
  5.3087264e-01
  5.0728351e-01
  9.4543025e-04
 -1.6806147e-01
  2.1930054e-01
 -1.5374857e-01
  7.2848797e-02
 -9.2961583e-03
 -8.0363847e-02
  1.6097609e-02
 -5.1934749e-01
  9.9149927e-02
  5.9061728e-02
 -2.3105210e-01
 -9.0130754e-03
  1.5123783e-01
  6.7397964e-01
  3.2760400e-01
 -2.9324695e-01
  7.8049886e-01
  1.3531472e-01
  1.1006943e-01
 -3.6273581e-01
  1.2490864e-01
 -7.5138599e-02
  9.5432177e-02
 -1.9787510e-01
  4.2144425e-02
  4.6946384e-02
 -1.3976496e-01
 -1.9852966e-02
 -2.6203346e-01
  8.5946821e-02
  3.6760131e-01
  3.7283629e-01
  1.5847042e-01
  6.0578652e-02
 -6.6936940e-02
  7.5848684e-02
  6.6615686e-02
 -3.0650082e-01
 -1.0567963e-01
 -5.2387464e-01
 -3.0335942e-02
 -6.4183444e-02
 -1.7801438e-01
  3.5351303e-01
  1.9025186e-01
 -9.4109185e-02
 -1.0691557e-01
 -1.7176601e-01
 -1.6925149e-01
 -4.3548661e-01
  2.4249440e-01
 -1.4732134e-01
  9.8148942e-02
  1.0638077e-02
  7.6014861e-02
 -2.5237936e-01
  1.8835574e-01
 -1.6897812e-01
 -1.2536995e-01
  3.9106464e-01
 -6.4715311e-02
 -9.5844716e-02
  1.9817026e-01
 -6.4118803e-03
  3.5512692e-01
 -2.0267478e-01
 -8.0086249e-01
  9.4193056e-02
  7.9142630e-02
  4.6548657e-03
  7.0796907e-03
 -2.1039661e-02
 -1.0357128e+00
  1.8001014e-01
  8.2759313e-02
  1.8490691e-02
  2.5158133e-03
 -2.2617620e-01
  1.6230601e-01
  3.9682922e-01
 -1.6269211e-02
  3.9597668e-02
 -1.4629344e+00
  3.3665797e-01
 -1.1706525e-01
 -2.2288768e-01
 -1.1013567e-01
  1.0081148e-02
  2.0420450e-01
 -1.6081265e-01
 -7.7192202e-02
 -7.0131791e-01
 -8.1000680e-01
  9.6614927e-02
 -1.1975275e-01
 -9.8173481e-01
 -6.4374559e-02
 -8.3323479e-01
 -3.0232185e-02
  6.7120001e-02
  1.8533625e-01
 -3.1271845e-01
 -4.8149798e-02
  4.7828093e-02
 -2.1199197e-01
  2.6029259e-01
 -1.3871579e-01
 -7.1386062e-03
  8.3794373e-01
  1.3456580e-01
  1.0963012e-01
  7.0352063e-02
  1.5400216e-01
  2.6069230e-01
  2.1196797e-01
  1.1210200e-01
 -8.4020257e-02
 -7.2888094e-01
  6.3686848e-02
 -1.4425845e-01
  3.4257609e-01
  4.8141921e-01
  1.7249534e-01
 -2.7741247e-01
 -7.5400151e-02
  5.6871343e-03
 -5.0934887e-01
 -1.0191838e-01
 -5.2430004e-02
  1.8599227e-01
  2.4495929e-02
 -4.0158457e-01
 -1.7596351e-01
  1.4302416e-01
 -2.8104156e-02
 -4.2996007e-01
  1.4170633e-01
  1.2459958e-01
 -1.1470054e-01
 -1.7982975e-01
 -5.2466907e-02
 -1.5838921e-01
  1.8523932e-03
 -2.7784232e-02
  1.1799666e-01
 -1.8223238e-01
 -7.8486972e-02
  1.8102208e-02
  1.6672325e-01
  1.3338523e-02
  4.9743857e-02
 -6.3342196e-01
  5.6296061e-03
  1.1485601e-02
 -2.2731587e-01
  2.1740958e-01
  8.6721435e-02
  3.1665623e-02
 -7.2759017e-03
 -2.0591278e-02
 -1.4310030e-02
 -1.5047302e-02
  6.0028011e-01
  1.7649622e-01
 -1.8484712e-01
 -3.0295208e-01
 -2.0961091e-04
  4.3778643e-01
 -5.0688744e-01
  2.1136399e-01
 -2.4297683e-01
  2.6028350e-02
  1.2092510e-01
  4.1091844e-01
 -2.1093687e-01
 -6.6401839e-02
  2.4057767e-01
  5.5384314e-01
  3.1252122e-01
  2.8600398e-01
  1.3184586e-01
  6.8249792e-02
  4.5314103e-01
  2.8456891e-01
  2.8875425e-01
  1.8923441e-01
 -3.6017126e-01
  1.8524809e-01
 -5.2360153e-01
  9.4494456e-01
  8.0110037e-01
  5.2328862e-02
  4.9521700e-02
  1.0695878e-01
 -1.5648407e-01
  4.5915812e-02
 -2.8512502e-01
 -7.3341006e-01
 -1.6892379e-02
 -1.9568644e-01
  9.9240318e-02
 -3.2665595e-02
  6.0378170e-01
 -2.0243299e-01
 -4.5762601e-01
  2.2502910e-02
 -3.1376401e-01
 -1.4204359e-01
  1.8168126e-01
  6.3626975e-02
  1.9475996e-01
 -3.7930661e-01
  8.1207834e-02
  2.6586661e-01
 -1.1637608e+00
 -4.1572087e-02
  2.2588287e-01
  5.4406029e-01
  3.1898803e-01
 -3.5529768e-01
  9.6405543e-02
  7.3781455e-01
  1.6514306e-01
  1.5685374e-01
 -1.0963906e-01
 -3.5185307e-02
  1.6857556e-01
 -3.3026170e-02
 -1.2606281e-01
 -1.8960272e-01
  2.4795426e-01
  4.7074385e-02
 -3.5927832e-01
  6.7351520e-02
  2.3980376e-01
  3.0427031e-02
 -2.7230597e-01
  6.2339846e-03
 -1.3394588e-01
 -3.9268368e-01
  2.8999066e-01
  5.4930776e-01
  1.3775866e-01
  1.0855104e-01
  9.8827966e-02
  2.2346674e-01
  2.7996024e-01
  2.7152762e-01
  4.8337810e-02
 -3.1792998e-01
  4.4420145e-02
 -2.2955427e-01
 -3.5888979e-01
  6.9605291e-02
 -2.1727812e-02
 -1.0361296e-01
 -1.1364859e-01
  1.2391314e-01
 -7.3871964e-01
  4.6577722e-01
  2.1965158e-01
  2.6202578e-02
 -4.0605137e-01
 -2.4282251e-01
 -1.1580812e-01
 -5.9469765e-01
 -3.8061261e-01
 -3.3669597e-01
 -5.0035745e-01
 -3.4510929e-02
  9.6174620e-02
  1.1525447e+00
  1.0407115e-01
  5.0822753e-02
 -2.8246531e-01
  1.0323365e-01
  5.2117761e-03
 -2.1281795e-01
 -9.0112127e-02
  3.8217794e-02
  4.8400849e-02
  1.4022567e-02
  4.8521262e-02
 -2.8044903e-01
 -1.9117519e-01
 -4.9164474e-02
 -4.1332126e-02
  2.9978888e-02
 -9.8925687e-02
  6.5327841e-01
 -2.1196061e-01
  2.1889441e-01
  1.1284131e-01
  1.5225028e-01
  3.4865532e-02
 -1.0504118e-01
 -5.6346059e-02
  1.8050080e-02
 -4.2717102e-01
  1.3242367e-01
 -3.3406433e-01
 -3.8596649e-02
 -5.0510462e-02
  2.0637752e-02
  1.1974905e-01
 -2.0274402e-01
 -8.7537158e-01
 -3.3399549e-01
  1.6873786e-01
 -1.1226777e-01
  7.3025525e-02
  1.6669400e-01
 -2.5607315e-01
  6.0365934e-02
 -1.2183191e-01
  3.7222877e-03
  2.1661276e-01
  7.0806488e-02
  3.6355976e-02
  1.6312757e-01
  2.3726290e-01
  5.1934075e-01
  2.5737235e-01
 -3.8298342e-01
 -3.0060771e-01
 -4.1235211e-01
 -1.5592332e-01
  1.6524364e-01
 -1.1486919e-01
  1.8452162e-01
 -1.2673338e-01
  4.2727670e-01
 -1.9574502e-01
 -6.6319585e-02
  2.3198432e-01
  9.8629840e-02
 -1.5013546e-02
 -3.7521955e-01
  3.5091847e-02
  4.9159187e-01
  1.4779755e-01
  4.7677028e-01
  2.0737404e-01
  1.7898300e-01
 -8.0059689e-01
  2.1211430e-01
 -3.8573545e-01
 -8.8362688e-01
  1.4050970e+00
  3.4859590e-02
 -3.9809951e-01
 -3.9691401e-01
  1.3792174e+00
 -1.7800874e+00
 -2.7343631e-02
  1.3083954e+00
  2.7743113e-01
 -1.4486443e+00
  1.1032818e-01
 -9.1734433e-01
  3.2613614e-01
 -7.9183120e-01
  7.5524777e-02
 -7.9127908e-02
 -6.5954822e-01
  6.1622822e-01
  8.4953231e-01
 -6.8609014e-02
 -2.6086238e-01
  2.5571886e-01
 -1.2250329e+00
  2.2122397e-01
  8.9476168e-01
 -1.6215937e+00
  4.5382030e-02
  1.9824843e-01
  7.5034672e-01
 -3.4434047e-01
  6.2976885e-01
  8.0955637e-01
 -4.1427332e-01
  6.3251019e-02
  2.8400201e-01
 -2.8230369e-01
  3.2555184e-01
 -8.2256109e-02
  1.6364938e-01
  4.8145790e-02
 -6.2617379e-01
  1.4330211e+00
 -7.9431713e-01
  8.7804842e-01
 -1.0110835e+00
 -7.6107907e-01
  3.9647192e-01
 -8.1543255e-01
  2.0334752e+00
 -6.1805922e-01
  1.9239733e-01
 -5.3806770e-01
  6.3745719e-01
 -1.2295958e+00
  1.1091474e+00
 -1.7285714e+00
  4.3576673e-01
 -1.3598332e-01
 -6.6153675e-01
 -1.5118847e+00
  7.4727945e-02
  4.1147020e-01
  3.8646153e-01
 -6.8431161e-02
  4.6879765e-01
  7.5108528e-02
  7.7225685e-01
 -2.8430572e-01
  3.1122974e-01
 -1.8801850e+00
 -3.4654641e-01
 -9.7913854e-03
 -3.9411679e-02
  9.8095763e-01
  2.8085241e-01
  4.8799574e-01
 -5.7305235e-01
  5.9490848e-01
  1.7745766e-01
 -4.5741439e-01
  8.8199735e-01
 -2.9604547e-02
  1.0459736e-01
 -2.1374255e-01
  6.5862048e-01
  1.4643627e-01
  6.8753111e-01
  1.3127631e-01
  1.9390694e+00
 -5.3677303e-01
  7.1910697e-01
 -1.7766105e-01
  8.2908474e-02
  6.2602013e-04
 -5.0870188e-02
  3.6970872e-01
  3.1730134e-02
 -3.9834481e-02
 -3.9571249e-01
 -6.6955179e-02
 -1.9418633e-01
  3.6740419e-02
  7.5791730e-04
 -1.6686407e-01
  3.4626875e-02
 -2.3231915e-01
  7.1842289e-01
  1.1326496e-01
  3.0852625e-01
  1.6191392e-01
 -1.2817572e-01
 -1.2707523e-01
  1.7784823e-01
  7.4033827e-02
  4.1962847e-01
  1.0110405e-01
 -6.2931192e-01
  3.2547352e-01
 -1.4208521e-01
 -7.9620793e-02
  1.5820814e-02
  2.4507406e-01
  2.3155992e+00
 -4.1421983e-01
  2.8159639e-01
  9.8374717e-02
  1.6921067e-01
  2.1642902e-01
 -1.1690315e+00
 -6.9078791e-01
  8.0384493e-01
  1.2817322e+00
 -1.6765249e-01
  8.9106125e-01
 -7.6393664e-01
  1.3353987e-01
 -1.1608537e-01
  1.3892486e+00
 -8.6767763e-02
 -2.7410956e-03
 -1.4674467e-01
 -3.2520801e-01
  1.6790269e-01
  3.3228377e-01
  6.2441474e-01
  2.5297001e-01
  2.6992300e-01
 -4.9788764e-01
  3.9073005e-01
 -1.6738100e-02
 -1.8509391e-01
  4.7721252e-01
 -1.3186844e-01
  1.2459645e-01
  5.1525682e-01
 -5.2890774e-02
  4.2453185e-01
  2.0474400e-01
  7.8194633e-02
  1.1832163e-01
  2.2406554e-01
  4.6592157e-02
 -2.7844818e-02
  6.3235480e-03
 -2.4248326e-01
  7.2394207e-02
 -4.1468772e-01
  1.6344790e-01
 -9.9343002e-02
  1.2591203e-01
  1.1441971e-01
 -1.5408422e-01
 -4.8989373e-01
  6.5680271e-01
  2.3326525e-02
  3.2247301e-02
 -2.8211218e-01
 -1.9636652e-01
  2.2314879e-01
 -2.6386335e-01
 -4.9723464e-01
 -3.7096497e-02
 -6.2042873e-02
 -5.4305300e-02
  3.2036316e-02
  3.1593405e-02
 -3.2749981e-01
 -8.3172929e-01
  1.1379642e-01
 -4.0941194e-01
 -1.7511067e-01
  3.6024904e-01
 -1.3219896e-01
 -2.9966778e-01
  2.6033923e-02
  9.7246893e-02
 -2.5179386e-01
 -1.6271658e-03
 -8.0105439e-02
 -3.6378580e-01
 -5.4288399e-01
 -3.3273682e-02
 -5.4605502e-01
  5.1548161e-02
  2.1597710e-01
  4.9754776e-02
 -3.3996496e-01
 -5.0010169e-01
  1.7321277e-01
  1.1623643e-01
 -2.1981630e-01
  1.9835304e-01
 -1.7129241e-01
 -2.6287603e-01
 -5.6120718e-01
  4.7044361e-01
 -8.3224481e-01
  5.0025529e-01
  7.2602421e-01
  7.6623303e-01
 -2.4466398e-01
  3.8892359e-01
 -1.3850886e-02
  1.3402364e+00
  9.2294700e-02
  7.3870048e-02
  4.8253375e-01
  3.9010477e-01
 -5.8169287e-01
 -1.1706480e+00
 -1.6547953e-01
  2.6100369e-02
  1.3362354e-01
 -2.5824293e-01
 -2.2674516e-01
 -5.4565310e-02
  2.3434357e-01
 -7.9406478e-02
  3.8813725e-01
 -4.6723953e-01
 -2.8044268e-01
  2.9613599e-01
 -2.1358795e-01
 -1.1470340e+00
 -7.0016021e-01
 -3.6544353e-01
 -5.1363047e-02
  1.0320622e-01
  2.1783727e-01
 -3.4616731e-02
 -1.1853687e-01
 -1.6141260e-01
 -7.7669020e-03
 -6.6382863e-02
 -2.6134250e-01
 -8.2890265e-02
  1.9081135e-01
 -5.3963479e-02
  9.0007037e-02
 -1.4620382e-01
  3.3716690e-02
  7.5978354e-02
  1.2807710e-01
 -6.4528957e-02
  1.6617982e-01
  4.3172112e-01
  2.3637617e-01
  3.3778876e-01
  8.0054402e-02
 -7.8426510e-02
 -2.2418666e-01
 -4.9957204e-01
  5.0011493e-02
 -1.5069443e-02
 -1.9713655e-01
 -5.9602100e-01
  4.1307873e-01
  1.1463678e-01
  2.6590297e-01
 -1.0364099e-01
 -1.4576218e-01
  6.3751601e-02
 -1.0280046e-01
  1.0411794e-01
  2.4811476e-01
  2.2415519e-01
  3.4841424e-01
  1.0815497e-01
 -1.9408528e-02
  3.2447442e-02
  1.8292759e-01
  3.4946026e-03
 -1.1617137e-02
  2.6722455e-01
  1.7039049e-02
  1.7675444e-02
 -3.8106196e-02
  4.9496286e-02
  6.6867754e-02
 -2.6640326e-01
 -7.0102125e-02
 -1.1960138e-01
  5.4976004e-01
  1.2653281e-01
  2.5364228e-02
  3.4730133e-02
  3.9375886e-01
 -3.4478877e-02
 -2.8596121e-01
  2.2050548e-01
  5.7490360e-02
  7.3772572e-02
  3.8053252e-02
  1.4230216e-01
 -4.7691128e-01
  3.7125643e-02
  7.8658611e-02
 -2.5139567e-01
  1.6625981e-01
 -2.3437724e-01
  3.7592366e-01
 -1.9127658e-01
  3.6747101e-01
 -3.6974588e-01
  7.5777948e-01
  2.9638109e-01
 -7.4375801e-02
  1.9795987e-01
  1.0339439e-01
 -4.3033236e-01
 -9.8482579e-01
 -2.6330596e-01
 -7.9491690e-02
 -2.6885722e-02
 -2.8810525e-01
  4.2132047e-01
  2.4416212e-02
  2.1212751e-01
 -1.2769390e-02
 -1.2052205e-01
 -4.6946131e-02
 -1.7439139e-01
 -3.9095902e-01
  3.3574191e-01
  5.9068805e-01
 -2.4622406e-01
 -3.1753327e-03
  5.9465915e-02
  4.2553031e-01
  2.4409202e-01
  4.0310368e-01
  3.2536629e-01
 -3.0789614e-01
 -3.4732509e-01
  1.9695775e-01
 -3.0126363e-01
  4.6080074e-01
  1.3274327e-01
  4.5688036e-01
  2.7395833e-01
 -1.6763344e-01
  1.1324157e+00
  2.3681524e-01
  2.7538624e-01
  1.4912450e-01
  2.1690801e-01
 -1.1780444e-01
 -6.9573503e-03
 -1.7160726e-01
  2.8838098e-01
 -7.8647566e-01
  4.5907688e-01
 -2.9690990e-01
 -7.1634978e-02
  5.6668289e-02
 -4.4536841e-01
  8.3211261e-01
 -4.9345571e-01
 -3.0167410e-01
  3.0206874e-01
 -4.2219481e-01
  1.1399801e-01
 -1.6821051e-01
 -1.4592234e-02
 -3.4942961e-01
 -2.0524938e-01
 -1.4328721e-01
  5.4663084e-02
  1.2829988e-01
  2.1109000e-01
 -3.5560352e-01
 -3.9515269e-01
 -1.0811491e+00
  1.4333513e+00
 -8.4046966e-01
 -3.4711352e-01
  1.9417417e-01
 -1.0399308e+00
 -7.6238471e-01
 -2.8035073e+00
  2.1277812e+00
  2.2916237e-01
 -6.5473068e-01
  5.1552629e-01
  1.5962547e-01
  1.2072226e+00
  5.5803014e-03
  2.3772323e-01
 -1.0657077e-01
  7.5314352e-03
  3.5255590e-01
 -1.2190331e-01
  1.1389907e-01
  9.0368086e-01
  1.8277466e+00
  2.5853276e-01
  1.3933443e-02
 -1.0014545e-01
  4.0554246e-03
  2.3752594e+00
  2.7939913e-01
 -5.6300014e-02
  1.0606483e-01
 -1.4973375e-01
 -1.8344878e-01
  8.3847851e-02
 -9.1148660e-02
 -1.7833094e-01
  2.1463400e-01
 -3.3750620e-01
 -5.2304778e-02
  2.8869209e-01
  6.2629890e-01
 -4.8029426e-02
 -7.5603074e-01
  5.5251583e-02
  1.4034078e-01
  1.4967065e-01
  1.8381497e-02
  2.7779084e-02
 -9.5176291e-01
 -5.3056550e-01
  2.2563633e-01
  5.3289570e-02
  2.7846707e-02
 -1.5728860e-01
 -9.2578791e-02
  1.5422356e-01
 -4.0471535e-02
 -1.1344320e-01
 -2.1577527e-01
  2.5440678e-01
  4.0174806e-01
  2.6116598e-01
  6.5491095e-02
 -1.2680142e-01
 -1.5785147e-02
  1.7595813e-03
  1.1473237e-01
 -2.3558092e-01
  1.0416518e-01
  5.1587862e-01
  1.1202348e-02
 -1.6742766e-02
 -1.1603302e-01
  2.7602246e-01
 -9.9720843e-02
 -6.5165991e-01
  4.0931869e-01
 -2.0639150e-01
 -4.5484605e-01
 -2.7329513e-01
 -2.2072019e-01
  1.4929372e-01
 -1.4887196e-01
  1.1906140e-02
 -2.6553303e-01
 -5.6834519e-01
  9.4810091e-02
 -9.2045397e-02
  1.2506336e-01
  1.9792658e-01
 -6.1286294e-01
  6.1809625e-03
 -2.0348580e-01
  3.2967475e-01
 -3.5816222e-01
  6.2997453e-03
 -1.1516751e-01
 -2.7887641e-02
 -1.4850424e-01
  4.4159731e-01
  2.0183288e-02
  9.2891830e-01
  1.1726798e-01
  1.7969921e-02
  6.8964362e-02
  7.3800087e-01
  2.8076696e-01
 -3.5779354e-01
 -9.7176775e-02
  8.5031569e-02
  6.8262495e-02
 -1.0523301e-02
 -8.7007023e-02
 -1.7633426e-01
  1.2740776e-01
  8.0540136e-02
  2.9279381e-01
 -3.1930900e-01
  1.6453457e-01
 -2.5794524e-01
  1.8621781e-01
 -2.5239551e-02
 -2.0881653e-02
 -6.1927579e-02
  8.4254220e-02
  1.2521251e-01
 -9.1571413e-02
  4.1495889e-02
  3.1173352e-02
  7.7674538e-02
 -4.4849506e-01
  2.7997935e-01
  4.2938682e-01
 -5.7023287e-02
  6.8898487e-01
  1.8483356e-01
  3.6157325e-01
  1.3909259e+00
  2.3438482e-01
  7.6940835e-01
 -5.5065173e-01
  1.1810071e-01
 -6.1501957e-02
 -1.0183822e+00
 -6.2011534e-01
  1.2239733e-01
 -2.8103954e-01
 -5.3601736e-01
  3.1397748e-01
 -6.6206373e-02
 -3.2641168e-03
 -2.5620461e-01
 -2.5083819e-01
  6.2315449e-02
  2.4738226e+00
 -1.4165098e-02
 -3.8746927e-02
 -1.1802148e+00
  9.0870693e-02
 -1.5370189e-01
  2.0250535e-01
 -9.3049568e-01
  4.9394909e-02
  3.1390894e-02
 -8.7490700e-02
  1.8495327e-02
  1.8456522e-02
 -3.5381478e-01
  4.6818027e-01
 -4.5801708e-03
 -1.4830414e+00
  4.2725292e-01
 -1.8953325e-03
  2.3146684e-01
 -4.5299914e-01
 -2.3430583e-01
 -1.7354434e-02
 -7.7752188e-02
  1.2117230e-02
 -1.4234369e+00
 -2.0668935e-02
  1.2130190e+00
 -1.0695444e-01
 -6.2635131e-03
  4.7771711e-02
 -3.9912736e-01
  1.2795672e-02
  6.6497624e-01
  1.1891481e-01
  6.7792588e-01
 -5.4704815e-01
 -5.6135672e-01
  1.1258113e-01
  1.6392383e-01
  1.5598701e-01
 -2.0011658e-02
 -5.0587964e-01
 -3.4226567e-01
 -2.6008626e-02
  1.9647276e-02
  1.7024994e-02
  8.6681731e-02
  6.0566860e-01
 -2.2869773e+00
  5.4472411e-01
  1.3195471e-01
  1.3998425e-01
 -2.4292345e-01
  1.5545166e-01
 -5.5254668e-01
  2.3709757e-02
  2.5693035e-01
  9.8388202e-02
  1.5384643e-03
 -4.0552240e-02
 -9.9440396e-04
  3.5075855e-01
  4.8045486e-02
 -4.0205258e-01
 -7.1961150e-02
  5.7171696e-01
  4.0631041e-01
  7.9834515e-01
 -1.7064562e+00
 -2.4537455e-01
 -2.0551481e+00
  1.0455225e-02
  1.8561356e-01
  1.8759516e-01
  2.2300787e-01
  9.7656555e-02
  3.8199398e-01
  2.6479790e-01
 -9.6569413e-01
  2.6383023e+00
 -3.0643942e+00
 -3.2164566e-02
  4.0791604e-01
  2.5079229e-01
 -5.0302637e-01
 -5.8942158e-02
  3.1946844e-01
 -3.8903078e-01
 -1.3164953e+00
  4.9432480e-01
  2.5578836e-01
  1.9481036e-01
 -1.0309309e+00
  2.1215202e-01
  8.4228474e-01
  4.4964126e-01
 -1.4210854e-01
 -2.0372164e-01
 -2.7740368e-01
 -1.7433677e+00
 -6.0627311e-01
  5.9930056e-01
  5.2607280e-01
  1.5567763e-01
 -2.2365698e-01
 -8.6703770e-02
  7.1184790e-01
  5.5459872e-02
 -6.1637342e-01
 -1.7538396e-01
  1.9113573e-01
  2.4047758e-01
 -9.8765236e-01
  2.1361277e-01
 -5.7157242e-01
  4.5527320e-02
  3.3695471e-01
  7.1041590e-01
  8.9922532e-02
 -4.2612928e-01
 -3.0416239e-02
 -3.8134314e-02
  1.2954820e+00
  9.5492236e-02
  1.2699399e+00
 -8.8198280e-01
  7.1126002e-01
  7.2087228e-02
  2.5522658e-01
 -1.5545899e+00
 -2.1726248e-01
  2.1165320e-01
 -4.7770280e-01
  1.6821668e-01
  2.3313008e-01
  5.9874307e-02
 -1.9409813e-01
 -4.1845694e-02
  5.8839595e-01
 -3.0823633e-01
 -4.0479955e-01
 -4.7722188e-01
  7.3283619e-01
  1.5270196e+00
 -1.6950755e+00
  6.3075744e-02
  6.6900112e-02
  2.2366011e+00
  4.9724227e-01
  8.0258019e-02
  4.0407717e-02
 -6.9312543e-01
 -2.2086556e-01
 -1.0995422e-01
  1.8037902e-01
 -3.9487612e-01
 -6.5307036e-02
  4.6678212e-01
  1.7456360e+00
  1.4349194e+00
 -4.8939931e-01
  2.1763502e-01
  2.8531516e-01
  1.0709715e+00
  2.3680967e-01
  4.9343795e-01
  7.6198679e-01
  1.8991324e-01
  8.3994875e-03
  7.0603973e-01
  2.0707877e-01
  2.9274708e-01
  6.3637346e-01
  5.5127686e-01
 -2.3469731e-01
  3.9688590e-01
  2.8702098e-01
  7.0280910e-01
  2.3733732e-01
  2.2620239e+00
 -5.3984851e-01
 -1.0977546e+00
 -9.8608278e-02
  2.1178942e+00
  1.7272737e+00
  5.2271581e-01
  1.2085799e+00
  2.8857705e-01
 -8.0045812e-02
  1.1223137e-01
 -2.7680868e-01
 -4.8843509e-01
 -3.2646754e-01
  2.0143867e+00
 -2.0616409e-01
 -1.2206180e+00
  9.9517149e-01
 -5.1223111e-01
 -2.5680357e-01
  9.7252506e-01
  3.0683515e+00
  3.4919959e-01
  2.8834307e+00
 -5.3158885e-01
 -1.9516143e-01
 -3.5501480e-02
  2.2963395e+00
  7.6452428e-01
  7.0562795e-02
  9.9773479e-01
 -5.3575689e-01
  5.2554870e-01
  8.5675800e-01
 -1.1468240e-01
 -2.4466667e-01
  4.8794575e-02
  2.1056731e-01
 -1.7487754e-01
 -2.6315206e-01
  1.3448375e-01
 -9.8480785e-01
  2.1452977e-01
  6.6751623e-01
  3.0605170e-01
  3.2452363e-01
 -7.1360296e-01
 -1.2819130e+00
 -1.5806748e-01
  4.4980747e-01
  3.0464435e-01
  1.4278249e+00
 -5.9018712e-03
  1.6733395e+00
 -8.8861537e-01
  7.7298142e-02
  4.0186934e+00
  1.1073617e+00
 -1.0588102e+00
  2.7863216e-01
  1.7164314e-01
  1.3418493e+00
  1.7068909e-01
 -2.2103868e+00
 -1.9340066e+00
 -3.1811502e+00
 -6.4559311e-02
 -9.3936878e-01
 -1.1046001e+00
 -2.0296588e+00
  1.9184311e-01
  3.6859930e-01
  1.7767341e+00
  2.4881094e+00
  1.9034953e-01
  2.6210701e+00
 -8.0699340e-02
 -9.5135683e-01
 -1.0119532e+00
 -1.3087682e+00
  4.9344638e-01
  1.4883558e-01
  5.7254058e-01
 -2.0166631e+00
  4.6763960e-01
  6.2206841e-01
  3.8715589e-01
  1.5791772e-02
  3.6227924e-01
 -2.0698744e-01
  1.1236118e+00
 -5.7147598e-01
 -2.5707324e+00
 -8.9493287e-01
  2.5733835e-01
  6.5459543e-01
  2.0107345e-01
  5.5514193e-01
  3.0284810e-01
  4.8413670e-01
 -2.1025099e-01
 -2.3486684e-01
 -3.8845155e-01
  1.0964282e+00
  8.3523951e-02
  4.2048488e-02
  8.9676350e-01
  2.1811099e-01
  3.9211078e+00
 -4.8355031e-01
 -2.6904912e+00
  9.0655107e-03
 -7.0630193e-02
 -5.5313873e+00
 -8.3801802e-04
  3.9149556e-02
  1.6857715e-01
  3.1602895e+00
 -7.5530753e-02
  4.9787361e-02
 -1.6651422e+00
 -3.9465433e-01
 -1.2964565e+00
  9.2398173e-01
  4.7546265e-01
 -3.4386547e+00
  2.2384226e-03
  2.0841993e-01
 -1.2776357e-01
 -1.7823889e+00
 -6.1384088e-01
 -9.9826002e-01
 -6.9273567e-01
 -6.7173725e-01
  2.0442848e-01
 -2.4201047e-01
 -1.7162999e+00
 -1.2583078e-01
 -2.2577165e-01
  7.1801111e-02
  1.6425250e+00
 -1.8323822e+00
  8.0216008e-01
 -2.3332489e+00
 -1.8549471e+00
  4.1496661e-02
  1.0025181e+00
 -2.4008378e-02
 -1.5058039e-01
  1.0706959e+00
 -1.3812901e+00
  1.1936978e+00
 -7.5235122e-01
 -2.1627510e-01
 -2.4746692e-01
  1.7207332e+00
  3.2785583e-01
 -1.1285416e+00
 -4.5166980e-02
  5.6677538e-01
 -1.5362344e+00
  3.4042409e-01
  7.8277773e-01
 -2.3069894e-01
 -6.2376939e-02
 -2.8365734e-01
 -5.2782524e-01
  1.4701086e+00
 -3.3125398e-01
  1.2241465e+00
 -9.0331733e-02
 -3.0437801e-02
  1.8963308e+00
  3.2886431e-01
 -1.4481895e-01
 -6.7092913e-01
 -1.1401060e+00
  1.2789438e+00
  3.1426740e-01
  3.8968635e-01
  2.6063845e-01
  1.4808618e-01
  2.6665130e-01
  4.0519208e-01
  2.0196416e+00
  5.4762113e-01
 -7.9008621e-01
  3.1100973e-01
  1.5896957e-01
 -6.5211332e-01
  2.9349858e-01
  1.4124011e+00
 -4.4576123e-01
  6.5007001e-01
  2.3720995e-01
 -6.1089879e-01
 -8.2464802e-01
 -4.2774923e-02
  2.6396474e-01
 -7.1994448e-01
 -8.6692208e-01
  5.9630084e-01
 -1.8836516e-01
  6.9948107e-01
 -7.5632729e-02
  1.8066127e+00
 -3.7268111e-01
 -8.0760159e-02
  7.8578258e-01
 -4.9851221e-01
 -6.7576337e-01
 -1.4438419e+00
  1.6849673e-01
 -2.6067841e-01
  4.7724405e-01
  1.4221506e-01
  1.5355667e-01
  3.7861043e-01
  7.1168303e-02
  5.6347825e-02
 -1.4553964e+00
  7.2098047e-01
 -9.4544160e-01
  1.5316449e+00
  9.5919324e-03
  9.7755325e-01
  2.2031271e+00
  7.2355264e-01
  2.1307428e+00
 -2.4970169e-01
 -2.1474067e-02
 -1.6595538e+00
 -2.8332981e-01
  2.5185962e+00
  2.6151329e-02
 -3.7369444e+00
 -5.2814808e-02
  1.3348165e+00
  1.0147208e-02
 -1.9573405e+00
  2.6659898e-02
  2.8407071e+00
 -6.0569014e-02
 -1.6752960e-01
  7.9065299e-01
  1.3783140e+00
  2.9123399e-01
  1.1167179e-01
  8.8351965e-02
  3.2720229e-01
  3.9292777e-01
 -2.0764697e+00
 -1.0619846e-01
 -1.8994132e-01
 -7.9937540e-02
 -1.4353951e+00
 -2.9341862e-01
 -3.2500368e-01
  1.5257046e-01
 -1.9960997e+00
 -7.7468830e-01
  4.3853201e-02
  4.1344509e-01
 -7.7940339e-01
 -8.5662240e-01
  2.5291815e-01
  9.4195098e-02
 -2.8208997e+00
 -1.3008119e-01
 -3.6803368e-01
 -2.3188630e-01
  2.4277146e+00
  6.0703921e-01
  6.7016500e-01
  1.2085931e+00
  1.0234208e+00
  1.4380527e-01
  2.1056643e+00
 -2.2104416e+00
 -1.7906525e+00
 -1.6828055e+00
  4.7299543e-01
  6.8648940e-01
  3.9407549e+00
  4.5068573e-02
  8.0037743e-01
  1.3663836e-02
  1.4020878e+00
  1.0334365e+00
 -3.1675391e+00
 -3.4223223e+00
 -6.9969153e-01
 -9.6382833e-01
 -3.1734231e-01
  5.8605880e-01
 -2.6642425e+00
  3.1486812e-01
 -1.0568178e-01
 -7.2084582e-01
 -1.7559476e+00
  1.0593843e+00
  1.2321472e+00
 -9.4481498e-02
 -8.1023163e-01
  2.1547449e+00
  6.2970638e-02
 -1.8159728e+00
 -8.6310387e-02
  1.3329769e+00
  3.4043860e-01
  2.6242861e-01
  9.7365928e-01
  1.7145786e-01
 -1.6065137e-01
 -1.1540369e+00
  1.7440149e-01
  1.5457238e-03
 -1.0902520e+00
  1.6855152e-01
 -9.0172298e-02
 -7.4707180e-02
  1.1555018e+00
  5.5167265e-03
 -1.8455011e-01
 -1.4109328e+00
 -3.5828593e-01
 -1.5956354e+00
  9.6779090e-01
  7.0342217e-03
  7.6009101e-01
 -5.0275981e-01
  2.8021640e-01
  9.3107313e-01
  5.3259712e-02
  4.2951366e-01
  9.8623341e-01
 -4.4595975e-01
  1.0995982e+00
 -2.3090725e+00
 -1.2926370e-01
  7.5932598e-01
  3.9179558e-01
  4.9718508e-01
  7.5080168e-01
  1.2650350e+00
 -1.0428144e+00
  2.8738835e+00
 -8.5182858e-01
  2.0759334e-01
  2.4852058e-01
 -1.0844146e+00
  1.5232091e+00
 -2.8327179e-01
  1.4171116e+00
  5.9590417e-01
  8.7489843e-01
 -3.5916305e-01
  2.3634392e-01
  6.8748617e-01
  1.4229782e+00
  1.3087609e+00
 -5.8083951e-01
  8.7001282e-01
 -7.9689711e-02
 -6.0001898e-01
 -2.1624377e-01
 -7.5921404e-01
  9.5123708e-02
 -9.4821554e-01
  2.9731839e+00
 -1.1513696e+00
 -4.5570716e-02
  6.6618361e-02
  9.2300333e-02
 -5.0228453e-01
 -8.3010519e-01
  4.6294302e-01
 -2.7513859e-01
 -5.9850824e-01
  2.3523425e-01
 -2.4172483e-02
  1.0074434e-01
 -1.6588318e+00
 -2.4300657e-01
  2.1799603e-01
 -8.9464378e-01
 -1.1921972e+00
 -6.9604862e-01
  4.2892605e-01
 -1.3593727e-01
  1.3454609e+00
 -1.8280280e+00
  3.1185246e-01
  9.2363596e-01
  2.3397088e+00
  3.5961753e-01
  9.1728544e-01
  1.1227674e-01
 -4.0913463e-02
  6.0794991e-01
  5.2517849e-01
 -9.1633543e-02
 -1.0514799e+00
  2.3933770e-01
 -1.1842646e-01
 -1.2186013e+00
 -1.2773592e+00
 -8.7714091e-02
 -7.6354273e-02
 -6.3426828e-01
 -2.4773985e-01
  2.8740564e-01
  1.4464648e-01
 -2.6342595e-01
 -1.1515052e+00
 -6.6615947e-02
  1.1493891e-01
 -1.3396844e-01
 -4.2026398e-01
  2.0287654e+00
  1.1925592e+00
 -2.0526206e+00
  5.5492860e-01
 -1.5164486e-01
  8.1909090e-01
  4.5477593e-01
  2.6648343e-01
 -1.5933417e+00
 -2.9986675e+00
  6.5499119e-02
 -1.2327926e-01
 -1.0567583e+00
  1.2809740e+00
  1.3740374e+00
  5.7183999e-01
 -4.1367871e-01
  1.7326686e-01
  1.2543091e+00
  1.0952662e+00
 -1.1263185e+00
 -4.9855608e-01
 -8.0472362e-01
  5.1775348e-01
  6.6780901e-01
  1.4297992e+00
 -1.7245096e+00
  5.8679491e-01
  3.7416384e-01
  5.6620002e-01
  8.1038696e-01
  1.7563710e-01
 -1.3334519e-02
 -1.0450310e+00
 -2.3872352e-01
 -5.0697535e-01
 -3.6724010e-01
 -2.9413491e-01
  1.0441539e+00
  1.2851818e+00
  5.2820718e-01
  4.9232680e-01
  3.0112752e-01
  1.2480769e-01
  5.9911174e-01
  3.1289724e-01
  1.9052427e-01
  3.2745925e-01
  3.3787739e-01
 -6.8164460e-02
 -3.0487627e-01
  6.6967487e-01
 -2.6628547e+00
  6.7317754e-01
  3.5717558e-02
  8.3473414e-01
 -3.6008981e-01
  1.0100888e-01
 -9.4047999e-01
 -2.9572695e-03
  1.0103331e+00
 -2.4659570e-01
 -1.0864804e+00
  1.0153908e-01
  4.7860542e-01
 -1.2091376e+00
 -1.2049830e+00
 -1.9133594e+00
 -1.0874060e+00
 -1.4263587e+00
  6.1083317e-01
  2.0934141e+00
  1.0821766e+00
 -3.6441512e-02
  6.0576205e-03
 -3.2872787e-01
 -1.8487316e+00
 -5.6734908e-01
 -4.4758636e-01
 -3.2161543e-01
  7.6381727e-03
 -1.1362933e+00
  6.5168017e-01
  1.0610679e+00
  1.0259166e+00
  7.0418930e-01
 -6.9633365e-01
 -1.1991457e+00
  1.4111460e+00
  6.1747533e-01
 -6.9110978e-01
 -4.9316093e-01
 -4.7596425e-02
 -2.5536209e-01
 -4.1856894e-01
 -7.3104519e-01
  7.9701769e-01
  1.4522620e-01
 -7.4205525e-02
 -1.1627332e+00
  3.9575794e-01
  8.8784143e-02
  1.5631045e-01
 -1.0944570e+00
  9.4070512e-01
  7.2371745e-01
  5.6946039e-02
  2.3199128e-01
  2.4682007e+00
 -5.5705678e-02
  5.2409887e-01
  2.4041774e-02
 -1.9160959e+00
  1.9348569e-02
 -1.0803621e+00
 -1.7207457e-01
 -5.1868435e-02
  1.7006011e+00
  7.9344928e-01
  8.0926234e-01
  2.9239960e+00
  4.6196863e-01
  3.2743743e-01
  6.3507730e-01
  7.7132797e-01
  1.6981959e-01
 -5.3899264e-01
  6.4713371e-01
  8.9778119e-01
 -4.2501768e-01
  5.4109205e-02
  5.0908041e-01
  1.1065736e+00
  4.0012386e-01
  6.6556597e-01
  1.0218911e-02
 -2.0394872e-01
 -8.7572835e-02
 -9.0233237e-02
  2.4148934e-01
 -1.8501287e+00
  4.0045857e-01
  1.1956075e-01
  2.3412380e-01
 -5.0841933e-01
 -4.7516465e-01
  1.0846560e+00
  1.5570232e-01
  9.1641408e-01
 -4.1063851e-01
  9.5447022e-01
  4.2635521e-01
  8.3521444e-01
 -4.8897192e-01
  2.8036660e-01
  2.0007983e-02
 -3.3463368e-01
 -6.5321404e-01
 -3.7259486e-01
 -8.5035689e-02
 -6.1090028e-01
  1.4163887e-02
 -1.3363930e+00
  1.9099358e-01
  1.1764263e+00
  7.6491833e-02
  3.5828502e+00
  8.3604014e-01
 -1.1342390e+00
 -2.2259016e+00
  1.6347272e+00
  1.9955472e+00
  5.7768238e-01
  1.8811189e-01
 -5.4068494e-01
  2.2205938e-01
 -8.8384517e-02
 -1.6890304e-01
 -1.5447384e-01
  1.5801666e+00
  1.0196391e+00
  8.5900582e-02
 -2.2428653e+00
  7.2041488e-01
  6.4878458e-01
  6.5506178e-01
 -8.4444237e-01
  3.1516591e-01
  1.2032146e+00
 -7.7512765e-01
  1.8414947e-01
  9.8245889e-02
 -8.1511907e-02
  1.9426966e+00
  7.0158988e-01
  9.9760628e-01
 -2.8812429e-01
  5.4787582e-01
 -3.2274616e-01
  1.5214163e+00
 -3.5711271e-01
 -2.4649930e-01
 -6.0850722e-01
  1.5115880e+00
  7.1257755e-02
 -9.9931699e-01
 -3.6846194e-01
  3.8305312e-01
 -2.7146277e-01
 -1.1672790e+00
 -7.2657323e-01
 -2.9894331e+00
  1.3323005e+00
 -2.0219653e+00
 -6.9679633e-02
 -1.0154824e+00
  5.4748762e-01
  2.2274923e+00
  2.1332476e+00
  1.2463875e+00
  1.2945606e+00
 -5.7106084e-01
  1.1203830e-01
 -1.8944211e+00
 -8.3251953e-02
 -2.2929373e+00
 -2.5079379e+00
 -5.8567566e-01
 -1.2594565e+00
  3.0420454e+00
 -1.1633037e+00
  1.4141002e-01
 -1.2735806e-01
  6.9301796e-01
  2.1300313e-01
 -3.0535386e+00
  9.7768909e-01
 -2.7114637e+00
 -6.8370163e-01
 -6.5124363e-01
  1.5391129e-01
 -2.6927485e+00
 -9.2443377e-01
  1.4589034e+00
 -1.2659274e+00
  1.3203498e+00
 -5.2990174e-01
  6.4259619e-01
 -6.4525694e-01
  9.7191989e-01
  7.5183553e-01
 -1.5127854e+00
  3.1301445e-01
 -6.4131522e-01
  8.8943809e-01
 -1.3904462e+00
  3.0215216e-01
 -1.1305467e+00
  2.5928903e-01
 -3.8058442e-01
  8.9016908e-01
  1.4041462e+00
  1.3897805e+00
 -2.0354159e+00
  5.7868713e-01
  1.2804583e-02
 -1.7572117e+00
 -2.9991952e-01
 -2.2434443e-01
 -1.2929285e+00
  1.8872203e-01
  3.7209280e+00
  8.1345940e-01
  1.4616879e+00
 -1.9030789e+00
  1.8995974e-02
 -6.9157875e-01
  2.3861036e-01
  7.8132790e-01
 -1.3358893e-01
 -1.4650482e+00
 -5.0731426e-01
  2.2109768e+00
 -9.7824767e-02
 -2.8122270e-01
  6.8246871e-01
 -4.1682905e-01
 -8.0364770e-01
  1.0371908e-01
 -1.2561390e-01
 -1.5242386e+00
  5.3961760e-01
  9.9566638e-01
  1.9521177e-01
 -2.3303802e+00
  6.6969454e-01
  5.7448512e-01
 -4.9012792e-01
 -1.2729691e+00
  1.5634061e+00
  2.9133356e-01
  1.1197138e+00
  2.1445191e-02
  1.6677406e+00
 -3.8847685e-01
  9.9652934e-01
  5.2358907e-01
  7.4649233e-01
 -1.9331816e-01
  8.0171031e-01
  2.0634997e-01
 -2.2134341e-01
  1.7928956e-02
  1.7928956e-02
  1.7928956e-02
  1.7928956e-02
  1.7928956e-02
  1.7928956e-02
  1.7928956e-02
  1.7928956e-02
  1.7928956e-02
  3.4313183e-02
  3.4313183e-02
  3.4313183e-02
  3.4313183e-02
  3.4313183e-02
  3.4313183e-02
  3.4313183e-02
  2.7671870e-02
  2.7671870e-02
  2.7671870e-02
  2.7671870e-02
  2.7671870e-02
  2.7671870e-02
  2.7671870e-02
  1.3580502e-02
  1.3580502e-02
  1.3580502e-02
  1.3580502e-02
  1.3580502e-02
  1.3580502e-02
  1.3580502e-02
  5.7021868e-03
  5.7021868e-03
  5.7021868e-03
  5.7021868e-03
  5.7021868e-03
  5.7021868e-03
  5.7021868e-03
  1.1793899e-02
  1.1793899e-02
  1.1793899e-02
  1.1793899e-02
  1.1793899e-02
  1.1793899e-02
  1.1793899e-02
