nep4 2 Cu Se 
cutoff 7 5 100 44
n_max 8 6
basis_size 12 12
l_max 4 2 0
ANN 50 0
 -4.5732912e-01
 -5.5240979e-03
  1.6191367e+00
  3.0719340e-01
  7.5954443e-01
 -6.8173379e-01
  5.7588726e-01
 -2.1882188e-01
 -1.0546236e+00
  1.3674399e-01
 -2.0801447e-01
  1.3863133e+00
 -1.5111808e-01
  3.2353264e-01
 -1.4662735e-01
  1.7812798e-02
  5.5544514e-02
  1.1300150e-02
 -5.0534815e-01
  6.1760880e-02
 -1.1590733e-01
 -1.6312473e-01
  1.3496763e-01
  3.4824121e-01
  6.7087626e-01
  4.0299872e-01
  2.3586047e-03
 -5.3182226e-01
 -2.5196493e-01
  1.1378038e+00
 -3.0589509e-01
  3.7663019e-01
  2.7651042e-01
 -6.1702680e-02
 -1.0750750e-01
 -3.3879891e-02
 -1.5849748e-01
 -5.4342020e-03
  1.7870453e-01
 -2.4970350e-01
 -7.3362239e-02
  2.0827764e-01
 -3.2594123e-01
  2.9168057e-01
  9.5543158e-01
 -9.6350573e-03
  2.2812027e-01
 -1.1697266e-01
 -3.4972811e-01
 -1.0012267e-01
 -1.5617459e-01
 -1.2911047e-01
  8.0357295e-01
  1.7866258e-01
  2.5279313e-01
 -1.0686369e-01
  8.4394634e-02
  3.7070967e-02
 -7.5407594e-02
  7.7532858e-02
  1.1285213e-01
  3.8749346e-01
 -4.5484670e-02
  3.2336268e-01
  1.2319753e+00
 -2.4735110e-01
 -8.0587018e-01
 -2.3680384e-01
  2.1557787e-01
 -5.0064608e-02
 -8.1971064e-02
  1.5168886e-01
  1.8586235e-01
 -6.3441509e-01
 -2.1825460e-01
 -4.4543338e-01
  2.6672971e-01
  1.2120957e-02
  3.9339930e-01
  4.8460129e-01
  2.6897839e-01
  1.0802342e-01
 -3.9732791e-03
 -5.2478349e-01
 -3.4306106e-01
 -4.3845302e-01
  2.0892498e-01
  5.3156897e-02
  1.4349403e-02
 -4.1773330e-02
 -7.9879993e-01
 -1.8334463e-01
 -1.6345507e-01
  1.3662485e+00
 -1.6389835e-01
  7.5991762e-01
  7.6760530e-01
  1.0149061e-01
 -3.3780754e-02
 -2.1910162e-01
  9.7226821e-02
 -6.0973875e-04
 -2.9914582e-01
 -1.2772611e-02
 -1.3835058e+00
  6.2152278e-02
 -4.8394218e-01
  5.1550418e-02
 -3.2441203e-02
  2.4482267e-02
 -1.6609752e-01
 -2.0780759e-04
  2.4416419e-02
  2.9695988e-02
  7.0356202e-01
 -1.6913562e-01
 -2.4396165e-01
  4.1880009e-01
 -4.0425789e-01
 -2.8774362e-02
  7.4836724e-02
  2.3359397e-01
 -9.8185170e-01
  4.3151212e-01
  5.7962302e-02
 -5.2932483e-01
 -1.7937987e-01
 -2.7365196e-01
 -4.1375190e-01
 -2.7283695e-02
 -2.7730948e-01
  2.8782913e-01
  1.6462582e-01
  3.0256221e-01
 -1.9261687e-01
  2.2668990e-01
  3.0382711e-01
 -2.4582343e-01
  2.0369683e-01
  4.1941381e-01
 -2.1988222e-01
  7.2688967e-02
 -1.8090205e-01
  2.9961690e-02
  4.9789938e-01
  2.5000665e-01
  4.2852759e-04
  9.0479195e-02
 -2.4579951e-01
 -8.7143883e-02
  4.1048769e-02
  3.7301227e-02
  1.6329245e-01
 -6.6304982e-02
  1.4044727e-01
 -6.6820458e-02
 -4.1412776e-03
  1.2504178e-01
 -4.0833145e-01
 -3.2323997e-02
  1.4649127e-01
  1.9331953e-01
 -1.3550533e-01
 -5.9254891e-01
  2.8638236e-02
 -3.1768460e-02
  2.2962205e-01
 -3.1543139e-01
 -1.5719306e-01
  2.7288505e-01
 -1.3586256e-01
 -4.8163328e-01
 -1.0815942e-01
 -2.4325667e-01
 -3.8048157e-01
  5.5693954e-02
  7.1832615e-01
  2.4575539e-02
  1.8822966e+00
  4.2349622e-01
 -6.7049593e-01
  1.8330821e+00
  1.2691725e+00
  1.6806934e+00
  2.5688288e-01
  1.8687513e-01
 -1.7026851e+00
 -5.3914285e-01
 -6.3773113e-01
  1.5995504e-01
 -1.3433926e+00
  1.0669537e-01
  1.9916841e-01
 -8.9370698e-01
 -2.3643902e-01
 -1.2385128e+00
  2.7854684e-01
 -2.0119339e-02
 -7.9125147e-03
  4.2455307e-01
 -1.4840692e+00
 -1.4294499e+00
 -7.9010993e-01
 -6.1169273e-01
  8.8545479e-02
 -5.7389134e-01
  1.4212225e-01
 -1.1573880e+00
  3.7974787e-01
 -5.1136740e-02
  5.9254575e-01
 -1.7571877e-01
 -1.3041052e+00
  2.4863751e-01
 -8.0275947e-01
  3.4015751e-01
  4.2783495e-02
  1.5298358e-01
 -1.7256308e-01
  1.1196268e-01
 -2.1681866e-01
 -8.6759187e-02
 -3.0070096e-01
  2.2358659e-01
  9.6949279e-01
 -4.0155526e-02
  2.9305610e-01
  3.0755889e-01
  4.7699735e-04
  8.4702209e-02
  7.4504532e-02
 -2.0181911e-01
 -1.3286988e-01
  1.0506912e-01
 -1.4804371e-02
 -1.8527445e-01
  1.3906956e-01
  6.4569753e-01
 -3.1711233e-01
 -2.3858035e-03
  7.6395161e-02
  2.2778124e-01
  1.5070303e-01
 -1.0837007e-01
 -6.3291663e-01
 -4.4037324e-01
  4.6168458e-01
 -1.3187440e-01
  4.7354307e-03
 -1.4711607e-01
 -6.9733843e-02
 -2.3512341e-01
  4.3838003e-01
 -1.4826697e+00
  6.7522478e-01
  1.6902238e-01
 -6.7667514e-03
 -3.3887225e-01
  6.1754882e-01
  1.3364246e-01
  1.8452305e-01
 -4.2202547e-01
  5.0797218e-01
 -4.0474944e-02
 -3.9741394e-01
 -8.6178893e-01
  1.5262398e+00
  3.4354118e-01
  1.5654868e+00
 -9.1894019e-01
 -1.1839150e+00
 -1.5801954e-01
 -4.6616089e-01
 -1.4828339e+00
  2.5911726e-02
 -8.8190157e-03
 -1.9512551e+00
 -2.7550507e-01
  2.1054313e+00
 -4.4629005e-01
 -5.8899552e-01
  6.0023737e-01
  1.3829405e+00
  6.9357604e-01
  3.2064676e-01
  5.0349418e-02
 -3.6030298e-01
 -1.5045295e+00
  2.9630080e-02
  1.0297691e+00
 -1.0171691e+00
 -1.6938111e-01
  3.6382228e-01
  7.4024034e-01
 -3.2828912e-01
 -2.6168874e-02
  1.0219204e+00
  8.4965207e-02
 -5.7267129e-01
  4.0139204e-01
  6.0833525e-02
  3.7990099e-01
  2.7199098e-01
  1.8061101e-02
  4.3618894e-01
 -2.2617532e-01
  1.4843379e-02
  1.0633101e-01
  1.0269225e+00
  1.4621833e-01
 -7.2040603e-02
 -8.0562556e-01
 -1.3228046e+00
 -2.1634945e-01
 -6.3775577e-02
 -3.8811457e-01
 -5.9752762e-03
 -5.3584103e-02
 -2.7609101e-01
  1.8462807e-01
 -4.8108721e-01
  1.3824627e-01
  9.7549751e-02
  4.3294513e-01
 -2.7744362e-01
 -9.1627307e-02
  6.9596730e-02
  2.1997935e-01
 -8.9300625e-02
  1.5136644e-02
  5.5288088e-01
  1.1293313e-02
  7.2415817e-01
 -9.3611702e-02
  2.2127190e-01
  1.8154153e-01
  1.3812250e-01
  8.8119857e-02
  1.8972222e-02
 -2.4912982e-01
 -2.3468304e-01
  2.1633938e-01
 -1.1776060e-01
 -1.0836545e-01
 -3.3495557e-01
  2.5365108e-01
 -2.2113460e-01
  3.9667752e-01
  3.7005463e-01
 -4.7893636e-02
 -1.5969086e-01
 -1.1159794e-01
  5.6094038e-01
  1.4205649e-01
 -8.2708389e-02
 -3.0376455e-01
 -1.1730757e-01
  3.8129995e-03
  8.9617205e-01
 -7.5279272e-01
 -2.0352077e-01
  7.8709655e-02
  1.9570895e-01
 -9.4946809e-02
  3.3766892e-02
 -7.9745926e-02
 -1.6995500e-01
 -1.1294914e-01
  1.6032957e-01
  1.6529130e-02
 -1.4219499e-01
 -5.0519305e-01
 -2.5076251e-03
  1.3834949e-01
 -4.9512602e-02
 -6.2469702e-02
  9.1828689e-02
  6.5474056e-02
 -3.9312664e-02
 -3.2264590e-01
 -1.3489847e-01
  3.6264151e-01
 -1.4797226e-01
  5.5653328e-01
  2.0307092e-01
 -2.3375659e-01
  6.9785453e-02
 -4.5374624e-02
  9.6013963e-02
 -2.8548762e-01
 -2.7737474e-02
 -2.8228395e-02
 -2.7273634e-01
 -2.6000939e-02
  7.0780969e-01
 -6.0647108e-02
  4.3350486e-03
  1.8638015e-01
 -1.1388341e-01
  1.1113727e-01
 -8.5882550e-01
  5.6029987e-01
  7.3127741e-01
 -2.6732984e-01
 -1.1232068e-02
 -5.4433621e-03
 -7.6142006e-02
  8.0791246e-03
 -2.8343123e-01
  3.4181792e-01
 -4.8796609e-02
  2.0498025e-01
  9.0318941e-02
 -3.6622784e-01
  3.0659062e-01
  3.4686241e-02
 -1.7633259e-01
 -2.4058917e-01
 -7.7796899e-02
 -4.0824106e-01
  4.1761290e-02
  1.5732698e-01
 -1.1629788e-02
 -9.8804116e-02
 -6.0730431e-02
 -5.3308928e-01
  3.8076389e-01
  6.6321358e-02
  1.6486433e-01
  5.1354605e-01
  2.0980208e-01
  5.7208866e-02
 -1.7925656e-01
  6.7707747e-02
 -7.3429391e-02
 -1.3846926e-02
  5.2214593e-01
 -7.4798159e-02
 -1.4754291e-01
 -3.3119701e-02
 -5.6081957e-01
  1.1676990e-01
 -1.0581340e-01
 -1.3456480e-01
  3.5632256e-01
  5.0169997e-02
 -1.0534806e-01
  1.5056814e+00
  3.7529287e-01
 -3.7917900e-01
 -4.3889296e-01
  3.3763461e-02
 -3.4427634e-01
 -3.5718322e-01
  1.7549761e-01
 -1.5919322e-01
  5.0181192e-01
  3.1534404e-01
  1.4302285e-01
 -7.7488944e-02
  7.2463274e-01
 -7.7767901e-02
 -1.3457231e-01
 -6.4849839e-02
 -4.2659751e-01
  6.9236211e-02
 -4.1222316e-01
 -3.3577949e-01
 -1.0829580e-01
  1.3451171e-01
 -7.9759002e-01
 -2.1049656e-01
 -1.8258950e-02
 -5.2914125e-01
  5.6631267e-01
  1.2216564e-01
  6.0331706e-02
  8.6373270e-01
 -2.7072020e-02
  4.4005394e-01
 -8.6866766e-01
 -2.9920450e-01
  2.4785426e-01
 -2.2290900e-01
  6.9553488e-01
 -3.3521563e-01
  8.4317267e-02
 -4.9269921e-01
 -1.4305492e-01
  7.2694570e-03
  7.4972458e-02
 -8.7377995e-01
 -1.7885143e-01
  3.8193878e-02
  1.6819581e-01
 -1.1343594e-01
  1.5550347e-01
 -1.7932461e-01
  5.6503784e-02
 -4.5474765e-01
  9.4896847e-01
  9.8456196e-02
 -9.8298907e-02
 -7.9616807e-02
 -2.0008376e-01
 -2.0648901e-01
  7.0295013e-02
 -1.0574876e-01
 -5.7124239e-01
 -1.2386793e-01
 -6.9015360e-01
  2.4992932e-01
  1.1960399e+00
  2.2931412e-01
 -2.1923737e-01
 -2.0500460e-01
 -3.4186822e-01
 -4.1565821e-01
 -9.9944457e-02
 -1.4958070e-01
 -4.2814186e-01
 -4.7999546e-02
 -1.6201280e-01
  8.0456167e-02
  1.4174923e-02
  1.0301636e-01
  5.0975151e-02
 -2.7335858e-02
 -5.3430450e-01
  2.8648633e-01
  5.3754103e-01
  2.0344369e-01
 -7.6012768e-02
  1.4210540e-01
  2.0709607e-01
  4.6828169e-01
  1.8182380e-01
 -2.3206556e-02
  1.1222911e-01
  2.0170173e-01
 -2.5721720e-01
  1.9492563e-02
 -5.4395574e-01
  4.3988165e-02
 -1.1322600e-01
 -4.5113992e-02
 -3.9750850e-01
 -7.1046042e-01
 -1.0096898e-01
  4.2334330e-01
 -3.8441103e-02
  1.4408781e-01
  2.7402020e-01
 -7.7885926e-02
  2.8607117e-02
  3.5685118e-02
  5.8074955e-02
  1.4020747e-01
 -6.7319430e-02
 -5.5358762e-01
  8.9927234e-02
  2.7189875e-01
 -3.1036761e-01
 -7.4613571e-01
 -3.2095209e-01
  9.4270021e-02
  4.1235727e-01
  5.2473342e-01
  9.8956913e-02
 -2.2153264e-01
 -1.5536724e-01
  1.3633068e-01
  2.9453158e-01
 -5.7366812e-01
 -4.6843773e-01
  7.7096209e-02
  2.8273320e-01
  1.5547191e-01
 -9.6897924e-01
 -9.5589578e-01
 -4.9956536e-01
  3.1363440e-01
  6.3410395e-01
  3.9071259e-01
 -4.2675298e-02
 -4.6108362e-01
  2.6751079e-02
  1.5285656e-01
  5.6769294e-01
  1.3572927e-01
 -1.0362661e+00
  1.3927309e-01
  1.1675778e-01
 -2.1378957e-01
  2.2756027e-02
  1.8610280e-02
  9.8962568e-02
  1.3291927e-01
 -7.3968804e-01
 -2.2985278e-01
 -1.3042137e-01
  3.4050304e-01
 -1.0353474e-01
  1.1327412e-01
 -3.1760225e-01
 -1.0507531e-01
 -2.7719501e-03
 -3.7413323e-01
  4.1225529e-01
 -2.4891375e-01
  1.7622130e-01
  2.8705251e-01
 -1.5566988e-01
  5.3682715e-01
 -9.1598764e-02
  1.0011539e-02
  5.5555236e-02
 -1.3479581e-01
 -3.0787647e-01
 -4.5656115e-02
 -7.5307496e-02
  2.2324793e-01
 -3.8567793e-01
 -4.3379426e-01
  8.0637854e-01
  2.4440589e+00
 -3.0390295e-01
 -5.2676551e-02
  5.0765252e-01
  1.0917436e-01
  1.1932928e-01
  3.1641737e-01
  8.4113914e-01
  2.4408685e-01
  5.0765350e-02
 -3.0950960e-02
 -2.1916080e-01
 -6.9746614e-02
  5.5703074e-02
 -3.8766831e-01
 -6.5626670e-03
  5.3586341e-02
 -2.5354389e-02
  1.0026688e-01
  2.6129925e-01
  1.2360918e-01
  1.2127974e-01
  5.6734884e-01
  3.9686596e-01
  9.2509933e-02
  1.9255827e-01
 -1.6560510e-01
 -6.0572195e-01
  1.0198790e-01
  6.1331356e-01
 -1.9678593e-01
  5.4414856e-01
 -3.7443250e-02
 -6.0687773e-02
 -4.7841474e-02
 -1.5955759e+00
  3.0831855e-02
 -8.6803275e-01
  7.2727793e-01
  7.0172560e-01
 -9.5464414e-01
 -2.7772567e-01
 -2.6257125e-01
 -1.1806964e-01
  2.9813600e+00
 -3.2863119e-01
  6.9643237e-02
  8.8477612e-02
 -2.7665359e-01
  4.5399767e-01
  1.3547960e-01
  2.7265731e-01
 -4.6490952e-01
  6.5800524e-01
  6.1523210e-02
  1.8200468e-01
 -4.9816750e-02
  4.9119422e-01
 -1.1790676e+00
  3.1397364e-01
 -2.3272480e-01
  3.3212733e-01
  1.8005788e-01
  7.0685011e-01
  1.9802472e-01
  8.9355685e-02
 -3.4727904e-01
  1.5714651e-01
 -4.6636420e-01
  1.7334856e-03
  4.0009622e-02
 -4.5312021e-02
 -4.6583626e-01
  1.0888512e-01
  1.8837173e-02
 -6.9380499e-02
 -2.8085011e-01
  8.2381390e-02
  5.0485954e-03
  3.9628482e-01
 -6.1433963e-02
 -1.3316682e-01
 -2.0696838e-01
  1.3948733e-01
 -3.7609350e-02
  6.4492589e-01
  3.7268218e-01
  1.8027791e-01
 -6.4828716e-02
 -3.7970966e-01
 -3.6745906e-01
  9.6894488e-02
 -4.9524483e-01
  4.5448548e-01
 -2.1213156e-01
 -1.0003909e-01
  1.6313510e-01
  1.0221173e-01
 -4.0690276e-01
 -5.0300860e-01
 -1.8608072e-01
  1.9202086e-01
  3.5408074e-01
 -2.0103925e-01
 -4.0919907e-02
 -7.2762418e-01
  7.5259589e-02
  1.0232745e-01
  9.0027064e-02
 -5.2939451e-01
  2.7413772e-02
  1.2803900e-01
 -1.8365696e-01
  9.9855237e-02
 -3.0725038e-01
 -1.1564540e-01
 -2.4018949e-01
 -3.4310494e-02
  1.5824197e-01
 -7.7401355e-02
 -4.1556716e-02
  3.7299702e-01
 -6.9098598e-03
  3.3074152e-01
 -2.9861587e-01
  3.4823272e-02
 -2.5264099e-01
  8.4107436e-02
 -1.8260898e-01
  2.8093991e-01
 -7.7393442e-01
  2.3848079e-01
  1.7398484e-01
 -2.8285724e-01
 -7.6436415e-02
  1.1969474e-01
  2.4989478e-01
  9.1285378e-02
  1.4453334e-01
  1.8786871e-01
 -1.8947454e-02
  7.4742389e-01
 -4.7800896e-01
  3.7719361e-02
  3.8337317e-01
 -5.2159166e-01
 -3.4600809e-01
  1.6973232e-01
 -2.6623926e-01
  1.1725675e-01
  9.0344623e-04
  2.5733337e-01
  2.6302102e-01
  1.6634114e-01
  5.3252912e-01
 -2.6056546e-01
  3.5699382e-02
 -3.8449550e-01
  1.2520358e-01
 -1.5079954e-01
  3.0732793e-01
  4.6331990e-01
  1.5878454e-01
  2.8107083e-01
 -1.5506063e-01
 -7.8739381e-01
 -2.5805524e-02
 -7.5218463e-01
  1.3676088e-01
  3.5789842e-03
 -5.0464773e-01
  6.8691146e-01
 -3.5878691e-01
 -1.0183995e+00
  3.9622046e-02
  1.0596372e-01
 -4.9543735e-01
 -1.8251263e-01
  2.7982625e-01
  5.3258950e-01
 -2.8748101e-01
  3.5526443e-01
 -1.5216259e-02
  6.6126168e-02
  1.2636712e-01
  2.4305722e-01
  9.7458732e-01
 -4.5907170e-01
  6.7286342e-01
 -2.7861959e-01
 -3.2755479e-01
 -2.3317276e-01
 -6.9825298e-01
 -6.3446766e-01
 -6.7285001e-01
 -1.4438339e-01
 -4.4820395e-01
  7.2268814e-02
  2.9516445e-02
  5.4629624e-01
 -4.2904675e-01
  3.3614594e-01
 -2.7709839e-01
 -2.4451433e-01
  3.9839275e-02
  6.8005145e-02
  5.4096389e-01
 -6.1036438e-02
 -1.2369360e-01
 -1.3802955e-01
  2.9253083e-01
 -6.3766760e-01
  3.2450500e-01
  1.1675341e+00
  7.9595202e-01
 -9.4198775e-01
  8.0649132e-01
  2.8569737e-01
  1.0545244e+00
  3.8078803e-01
 -7.1880810e-02
  1.2319607e+00
 -5.6097325e-02
  1.7688020e+00
 -5.0583678e-01
  1.1017890e-01
  3.2870939e-01
  9.0592635e-01
  3.4561378e-01
 -1.2937929e-01
  1.0413239e+00
  3.4513894e-01
  1.1113077e-01
 -5.1373135e-02
 -1.1234858e+00
  1.6297554e+00
  1.2121972e+00
  7.4285126e-01
 -1.9434372e-01
 -1.4796774e-01
  1.0343024e-01
  2.4312419e-01
  5.8485818e-01
 -2.1035926e-01
 -1.7234753e-01
  6.4773399e-01
  1.0344358e-01
  4.4399536e-01
 -3.4456486e-01
  2.3103784e-01
  2.7853942e-01
 -1.0345576e+00
 -8.5177720e-02
 -9.4183460e-03
 -5.9751809e-01
 -4.0451914e-01
 -1.8506895e-01
 -3.1592321e-01
 -5.3686965e-01
 -1.1700921e+00
  5.3567916e-01
  8.6188354e-02
 -3.2667509e-01
  1.0260337e-01
 -1.3409007e-01
 -2.9493263e-01
 -3.0591449e-01
  1.7518544e-01
  3.8623032e-01
 -6.7011863e-01
 -2.2015798e+00
 -5.9757285e-02
 -1.3625976e-01
 -1.1707997e-01
 -4.1831478e-01
  1.6122812e-01
 -3.4848720e-02
  1.6274895e-01
  1.1090144e-01
 -2.7354186e+00
  7.8806579e-03
 -6.2467670e-03
  4.7278720e-01
 -5.6824821e-01
  1.0400397e-01
  2.0301230e-01
  6.0573655e-01
  3.6716112e-01
 -2.5731480e-01
 -6.6037399e-01
  1.0494007e-01
  1.5086551e-01
  1.6180810e-01
  9.9064775e-02
  6.2052864e-01
 -6.1162114e-02
 -1.2112124e-01
 -3.0089647e-01
 -1.7543206e-01
 -2.0430081e-01
  2.4652537e-02
 -1.1372492e-01
 -2.0889553e-01
  7.0584469e-02
  5.4163933e-01
  7.3041938e-02
 -3.1112415e-01
 -3.0582635e-02
 -1.4757104e-03
  8.7025487e-01
  3.7322681e-02
 -3.3918041e-01
  1.3288949e-01
  4.3981530e-02
  1.4289598e-01
 -3.3716315e-01
  1.9619918e-01
  1.0184598e-01
  2.0243469e-01
  3.3131428e-02
 -4.7639433e-02
  2.8389645e-01
  4.6349663e-01
 -3.2715440e-01
 -2.7121887e-01
 -3.4584552e-01
 -1.3709664e-03
  7.7262557e-01
  3.6139253e-01
 -3.8859260e-01
  1.1642772e-01
  1.0666624e-01
  6.0037650e-02
 -2.5658011e-01
 -8.5148528e-02
  3.0647773e-01
  2.5014171e-02
 -9.5320810e-03
 -1.6320217e-01
 -2.7906016e-02
 -2.3432292e-01
  4.0994006e-01
 -1.3374558e-01
  3.7596062e-01
  6.1993444e-01
 -9.1081865e-02
  1.1623852e-01
  1.2509277e-01
 -4.7788888e-02
 -2.0259500e-01
 -7.5823432e-01
  9.6026510e-02
  9.8361623e-01
 -4.9577203e-01
 -9.2202283e-02
  2.1756276e-01
 -1.1862110e-01
  2.2968158e-01
  4.8855573e-02
  3.1648621e-01
 -2.6473820e-01
 -4.9709615e-01
  1.0444440e+00
 -1.9697377e-01
  9.6944332e-02
 -1.0364015e-01
 -2.5538063e-01
  1.2973554e-01
  3.0800986e-01
  4.4650012e-01
 -3.7007579e-01
 -3.5907331e-01
 -6.8048224e-02
  1.6523966e-01
  2.9683648e-02
  5.9765205e-02
 -6.7741945e-02
 -3.3279456e-02
  1.7871852e-01
 -1.9898994e-02
 -2.0998862e-02
 -5.3317314e-01
 -2.3832399e-01
  7.0535272e-01
 -7.2099969e-02
  9.8995790e-03
 -2.9034948e-01
  1.0647264e+00
  7.6026726e-01
 -3.0866867e-01
 -8.3247316e-01
 -9.2162812e-01
  6.1773758e-02
 -6.1311156e-01
  9.9010438e-01
 -1.3457984e+00
  1.7141688e-01
  2.7125046e-02
  5.2835852e-01
  1.6775503e+00
  6.8229103e-01
 -7.7425325e-01
  4.4161466e-01
  1.1424721e-01
  1.5484357e-01
 -1.2339820e-01
 -7.0275843e-01
  3.8738512e-02
  6.9342896e-02
  9.4184077e-01
 -8.7226368e-02
 -3.1240040e-02
  1.8503339e+00
 -2.4030182e+00
  1.3779902e-01
  7.8485143e-01
  1.1867588e+00
 -1.8070461e-01
  1.9164104e+00
 -5.8511531e-01
  1.3396218e-01
 -9.5712043e-02
  3.3805546e-01
  5.5912107e-01
 -7.5455809e-01
 -1.0654312e-01
 -1.1485452e-01
 -2.7108651e-01
 -5.4340249e-01
 -1.5195720e-01
 -1.5018443e-02
  7.4688345e-01
  4.8770374e-01
 -3.6337999e-01
  2.0958669e-02
 -1.2532195e-01
 -3.8151290e-02
 -4.5700574e-01
  3.5016739e-01
 -1.9113868e-01
 -3.8781741e-01
 -2.0545511e-01
 -1.1843401e-01
  8.3643220e-02
 -1.3224645e-01
  1.3022331e+00
  2.0785971e-01
 -4.0167060e-01
  3.5659778e-01
 -6.5246034e-01
 -3.4125289e-01
 -2.8604984e-01
 -3.8210202e-02
 -1.2012329e-01
 -2.0057918e-01
  3.5296622e-01
 -1.1164747e-01
 -6.8905875e-02
 -2.6937908e-01
 -1.4247230e-01
  5.7096589e-01
 -3.2282688e-02
 -4.4187757e-01
  2.7505350e-01
  9.8863930e-02
 -3.0108666e-01
 -2.8571522e-01
 -8.1773505e-02
  2.3086055e-01
  8.8077366e-02
  1.1570307e-01
 -2.6779211e-01
 -3.8538359e-02
  1.0310881e-02
  1.1184998e-02
 -1.1433204e-01
 -5.0340276e-02
  1.1391852e-01
  4.1587688e-02
  1.7123203e-01
 -2.5921512e-01
  7.9380587e-02
  5.9636131e-02
 -1.5672328e-02
 -1.9959550e-01
  4.4012854e-01
  3.9754681e-02
  2.1588283e+00
  1.8618838e-01
 -1.2649949e-01
 -6.6020712e-02
  5.3382345e-02
 -3.3671248e-01
  9.6028709e-01
  7.4072868e-02
 -2.9406672e-02
  1.7195337e+00
 -3.6418003e-01
 -3.8147315e-01
 -2.5775790e-01
 -2.5145015e-01
 -3.2018110e-01
 -6.2668614e-02
 -1.6558130e-01
 -8.3184928e-01
  1.1134186e-01
  6.1855003e-02
  1.6224126e+00
  4.6451572e-01
  9.8578803e-02
  1.2872475e-01
 -3.4778154e-01
 -7.0665278e-02
  1.0987807e-01
  2.8158939e-01
  7.4871320e-01
  1.7810538e-01
  1.1522960e-01
 -1.4968620e-01
  1.4170958e-01
 -2.0986550e-01
  5.3980774e-01
  2.7443632e-01
 -5.6874231e-02
  1.8972661e-01
  1.6899326e+00
 -4.0481043e-01
  3.7506676e-01
  9.8159693e-02
 -2.2385779e-01
  8.4966928e-01
  7.6080956e-02
 -3.2889685e-01
  8.1486648e-01
  2.5180426e-01
  5.6606952e-02
  1.1421466e-01
 -2.2986621e-02
 -2.3652256e-01
  9.5535807e-02
  5.9908140e-01
 -4.7553322e-01
  1.7148338e-02
  1.7668311e-03
  1.1767726e-01
 -2.0819053e-02
  3.8210568e-01
  8.5609466e-01
 -2.2633549e-02
 -7.9451077e-02
 -4.0423483e-01
 -1.4559285e-01
 -4.3145630e-01
  1.6861662e-01
  2.6720518e-01
  1.3979726e-01
 -4.0071744e-02
  8.7440774e-02
 -3.7310764e-01
  5.2446436e-02
 -1.8474226e-01
  7.4678443e-02
 -1.5636972e-01
 -4.9505401e-01
 -3.3666575e-01
  6.0061697e-02
 -1.4394671e-01
 -6.2284005e-01
 -3.4625646e-02
 -1.3068949e-01
  1.2313024e-01
  6.6047275e-01
 -3.9647323e-01
 -9.8772995e-02
  2.2348377e-01
 -1.0172918e-01
 -3.6580022e-02
 -1.5410812e-01
  9.3606517e-02
  1.5198129e-01
  4.5645410e-01
 -5.4944652e-01
 -2.3153332e-01
 -2.9905522e-01
 -4.9052089e-02
  1.9235452e-01
  2.3625831e-01
 -6.4996660e-01
  3.7341830e-01
 -7.2242737e-02
 -3.9392900e-01
 -3.3307113e-02
  2.8184837e-01
  2.4950005e-01
 -3.5971168e-01
  7.5717241e-02
 -2.2255659e-01
 -1.0479039e-01
  2.0899379e-01
 -2.2844861e-01
 -1.2928067e-01
  4.2745289e-01
  1.7989140e-02
  9.9639341e-02
  2.3948413e-01
  4.9269867e-01
  7.7957921e-02
  4.1325244e-01
  2.4299133e-01
  6.8771124e-02
  8.5943484e-01
 -1.9611320e-01
 -6.9214880e-01
  2.8400175e-02
 -3.3345617e-02
 -1.2303434e-01
  4.2215306e-01
  1.7877242e-01
  2.6736939e-01
 -1.1881094e+00
 -3.5631150e-02
 -1.3369438e-01
  3.1010380e-01
 -6.2448055e-02
  4.0210478e-02
 -7.3416412e-02
 -5.7360567e-03
  5.6422389e-01
  4.8277313e-01
  2.7540699e-01
 -4.7014418e-01
  2.7749494e-01
  3.6660209e-03
 -4.3427947e-01
  2.3897582e-01
 -4.0031608e-02
  4.4011736e-01
 -1.7223492e-01
  1.8475251e-01
  3.8039568e-01
 -1.3280886e-01
  5.1700816e-02
  1.4895172e-01
 -1.7017227e-01
 -8.8058397e-02
  3.6540270e-01
 -6.3732214e-02
  1.3101590e-01
  1.1803845e-01
  5.8232719e-01
  8.4743485e-02
 -1.6891555e-01
  1.5235114e-01
 -1.0965363e+00
  2.7895978e-01
 -4.8177624e-01
 -4.3950754e-01
 -1.6594590e-01
 -4.5523411e-01
 -9.1123662e-04
  1.4754657e-01
 -8.8086498e-01
 -5.2740276e-01
 -6.6663212e-01
 -6.8951264e-02
 -2.3744980e-02
 -6.7997307e-01
 -1.2863671e+00
 -1.1613922e+00
  1.1027028e-02
  8.5029441e-01
 -2.6587164e-01
  1.1731827e-01
 -8.3840948e-01
 -4.2058101e-01
 -6.1485171e-01
  3.5012725e-01
  6.2857789e-01
  2.3092209e-01
  3.2956270e-04
 -1.2872227e+00
  1.2510600e-02
 -5.0080478e-01
  2.0673294e-03
  3.2454975e-02
 -2.8742373e-01
 -5.8896756e-01
  2.1279627e-02
  4.3226808e-01
 -2.4067302e-01
 -9.1942245e-01
 -3.0712509e-01
 -5.1656317e-02
  1.2154611e-01
  1.4150749e-03
 -2.6724198e-01
  1.1360519e-01
  5.0240010e-01
 -4.2045259e-01
  1.8810776e-01
  7.2211766e-01
 -9.3237859e-01
  2.8978330e-01
 -3.2890804e-02
 -5.3370380e-01
  2.2219935e-02
  9.9457592e-02
 -5.2444287e-02
 -2.6981235e-01
  3.5471395e-03
  3.8818359e-01
  7.1245402e-01
  3.8292041e-01
  8.3786106e-01
  6.3180465e-01
  3.8753545e-01
  2.7501461e-01
 -2.6807526e-01
 -1.3310650e-01
  1.2609351e-01
  8.6128294e-02
 -3.2053810e-01
  4.5921415e-01
 -5.1949853e-01
 -1.3103971e-01
  3.4544381e-01
  4.0450239e-01
  6.9343299e-01
  3.2885745e-01
  1.2533964e-01
 -1.6089699e-01
  6.9520369e-02
 -1.5571234e-01
  2.4465123e-02
 -1.6318916e+00
  7.4089512e-02
 -4.3805219e-02
  3.2047224e-01
 -2.1341017e-01
  6.7301154e-01
  1.7391518e-01
 -6.9208080e-01
 -3.0054424e-02
  1.7547022e-01
 -6.6934161e-02
 -2.9740232e-01
 -1.0312001e+00
  2.7166069e-01
  1.8828586e-01
 -1.2318693e-01
  8.3103426e-02
 -5.6750900e-01
  5.0512427e-01
  3.6418188e-01
  7.7461280e-02
 -7.1342760e-01
 -1.8497016e-01
  4.8101425e-02
  2.2520782e-01
 -3.5092726e-01
 -1.6320367e-01
  1.5691173e-01
  3.9562803e-02
  3.3811954e-01
 -4.7110644e-04
 -1.6057970e-02
 -2.4930088e-01
 -2.5862623e-03
  2.3405771e-03
 -6.8818204e-02
 -9.4536774e-02
 -4.7348715e-02
 -1.5164222e-01
  9.0778485e-02
 -1.7142913e-01
  4.4031042e-01
  1.7743491e-01
  4.3872827e-01
 -1.7365341e-01
 -6.8665519e-02
  2.2366762e-01
  4.7411956e-03
  7.5264603e-01
 -9.7264099e-01
  2.2587931e-01
 -3.3996111e-01
  2.1550843e-01
 -1.0747015e-01
 -1.0229270e-01
  5.1551366e-01
  4.9872416e-01
  7.2047698e-01
 -4.6753801e-02
 -1.3638115e-01
 -7.0750393e-02
  6.7710936e-02
 -5.3465778e-01
  8.2008421e-02
 -3.8539240e-01
  2.7142015e-01
  6.7978434e-02
 -3.6717108e-01
  3.7299189e-01
  3.1316620e-01
 -8.1176981e-02
  1.3795947e-01
  4.6215609e-02
  8.3631897e-01
 -1.3913132e-02
 -4.6240203e-03
  9.2529625e-02
  6.0267340e-02
 -7.6785493e-01
 -1.6537943e-01
  3.4024465e-01
 -2.3976728e-01
 -2.6258639e-01
  1.2998545e-01
  3.8545686e-01
  1.6168448e-01
 -5.2057356e-01
  1.1805272e-02
  2.4864389e-01
 -5.0370282e-01
  7.0526451e-03
 -3.6127061e-01
  1.8484312e-01
  8.1634724e-01
 -5.5363512e-01
  1.1193581e-01
  4.0730891e-01
  1.5608539e-01
  2.4962045e-01
  3.0035252e-02
 -3.0284721e-01
 -1.7491865e-01
  1.2063625e+00
 -2.4562329e-01
  3.4430947e-02
 -5.4707336e-01
  4.9067497e-01
 -1.1536493e-01
 -7.2808705e-02
 -1.1635926e-01
  7.9106897e-02
 -7.5652815e-02
 -1.7968449e-01
 -3.1987727e-02
 -4.3173236e-01
  8.4219539e-01
  3.0395797e-01
 -1.5021679e-01
  4.7978523e-01
  2.2028591e-02
 -3.2972324e-01
 -2.4203102e-01
 -5.9906638e-01
 -1.5784428e-04
 -3.4512114e-02
 -4.4520015e-01
 -3.3551103e-01
 -5.7813797e-02
  4.6111342e-02
 -3.0097821e-01
  4.2655241e-01
 -3.6866412e-01
  3.9017433e-01
 -1.0668234e-01
 -4.7930306e-01
 -1.5419249e-01
 -2.9327938e-01
  8.2751848e-03
  8.4961802e-02
  2.4025878e-01
 -1.3613638e-01
 -2.9649633e-01
 -1.6868757e-01
  7.9988576e-02
  1.4185137e-01
 -5.9251374e-01
 -2.1181795e-01
  4.3114591e-01
 -1.1948045e-01
  6.4804338e-02
 -2.3390231e-01
 -4.5176186e-02
 -3.8348374e-01
 -5.9980117e-02
 -3.4877008e-01
  3.1935760e-01
  2.8769761e-01
 -8.6803466e-02
  4.3169111e-02
  1.8488222e-01
 -2.7863715e-02
  1.5079910e-01
  1.0305161e-01
 -1.2131447e-01
  5.4896552e-02
  3.9467034e-01
 -2.0187908e-01
  4.7671944e-03
  1.3569486e+00
 -1.2182139e-02
 -3.8633350e-01
  3.9390188e-01
 -1.5122178e-01
 -1.5505362e-01
 -2.4711516e-01
  1.7473139e-01
 -2.8772041e-01
  3.0257976e-01
 -5.2059129e-02
 -4.3654740e-01
  8.7103084e-02
 -3.4759003e-01
  2.3150389e-01
  1.8316646e-01
 -2.6717055e-01
 -6.0338432e-01
  8.3227098e-02
 -3.1109086e-01
  3.2782164e-01
 -4.9304236e-02
 -5.0629097e-01
 -1.5806310e-02
 -3.9711259e-02
  5.3948104e-02
  8.0194674e-02
 -1.5521574e-01
  3.3679810e-01
  9.3810022e-02
  6.7619097e-01
  2.1585546e-01
  4.6774521e-03
 -1.5587558e-01
 -1.4104182e-01
 -6.5242422e-01
  5.6759790e-03
 -2.0658714e-01
 -4.6784654e-02
 -3.1428662e-01
  1.3119888e-01
 -1.2446026e-01
  1.7934079e-01
  3.4755100e-02
 -4.3059796e-01
 -9.4388299e-02
 -2.5932854e-01
 -2.9913366e-01
 -4.8862064e-01
  3.8293907e-01
 -4.2156255e-01
  1.1987949e-01
 -9.9557772e-02
 -7.1055591e-02
  4.2143130e-01
  2.4335326e-01
 -1.2362812e-02
 -1.5521568e-01
 -3.1531656e-01
 -6.2297352e-02
 -2.8241158e-02
  2.7139106e-01
 -2.2615675e-02
 -6.6438496e-01
 -3.3857852e-01
 -8.4932256e-01
 -1.5312928e-01
 -4.7018498e-01
 -5.2301224e-02
  1.5269290e-01
 -2.2619729e-01
 -6.7362413e-02
  6.4769870e-01
  1.2889096e-01
  1.9281216e-01
  1.8208422e-02
 -6.0933363e-01
  5.0983691e-01
 -7.6981598e-01
  3.7671007e-02
  7.5192727e-02
 -3.3290404e-01
 -2.0160630e-02
 -2.9171877e-02
  9.7918510e-02
  1.4922963e-01
 -2.7797469e-01
 -1.9204235e-01
  6.3987225e-01
 -2.8564787e-01
 -1.9059788e-01
 -2.8165293e-01
  4.6365783e-01
 -1.9664101e-02
  2.6055089e-01
 -2.0026086e-01
 -9.7703084e-02
 -7.4578270e-02
 -4.5645764e-01
  1.9234545e-03
  6.6159315e-02
  2.8039935e-01
 -2.1192659e-02
 -1.2523548e-01
  5.0558716e-01
  8.5015899e-01
  3.8425368e-01
  1.6403371e-01
  1.7181909e-01
 -2.0336515e-01
  7.7702117e-01
 -2.5270855e-01
 -2.1481298e-01
  5.9432075e-03
  5.7669812e-01
  2.8629446e-01
 -1.2723078e-01
  7.9001588e-01
  1.0423340e-02
  5.8848643e-01
 -2.5342757e-02
  1.2177567e-01
  1.0072637e-02
 -2.0761414e-01
 -9.3313955e-02
 -1.9148038e-01
  9.4144024e-02
 -1.6729173e-03
 -4.7972047e-01
  6.0545421e-01
 -8.2419306e-02
 -1.5669540e-01
 -2.7715430e-01
  6.2692887e-01
  3.2000422e-01
  1.3104141e-01
  2.6673463e-01
  5.0016943e-02
  8.5123956e-02
  1.2535797e-01
 -8.2878876e-01
 -3.1349829e-01
  4.8157746e-01
 -1.0710232e-02
 -6.2832408e-02
  1.3910632e-01
  8.8288970e-02
  1.2291889e+00
  8.0421846e-03
  6.6532683e-01
  1.0423984e-01
  6.7197937e-01
 -2.7863240e-01
 -7.1127638e-03
  4.4458546e-02
 -2.0850699e-02
 -1.2275027e+00
 -3.7070039e-01
 -1.8278922e-01
  2.8251567e-01
  3.3697328e-01
 -1.5324312e-01
 -4.2267081e-01
  8.8334793e-01
 -8.9743413e-02
 -7.7020712e-02
  1.1419797e-01
 -1.0948572e-01
  5.7789308e-01
 -4.4618037e-01
 -3.8550440e-02
  2.9600072e-01
  4.1649576e-02
  1.1138022e-03
  1.0432509e-01
 -3.0884853e-01
 -1.2648772e+00
  4.7488943e-02
  7.5094306e-01
 -2.6439762e-01
 -1.7548987e-01
  7.4076191e-02
 -7.0699424e-01
 -1.5961570e-01
 -2.1105033e-01
 -1.3620293e-01
 -2.9266885e-01
 -2.9904969e-02
 -2.6447797e-01
  1.3019891e+00
 -4.9628323e-01
  6.0120386e-01
  6.2982000e-02
  8.7020594e-01
 -1.7800204e+00
 -7.3454708e-01
  1.9247918e-01
 -2.2320855e-01
 -5.1081507e-04
 -6.9484419e-01
 -2.3971044e-01
 -8.6338657e-01
 -6.3517368e-01
  5.7470208e-01
  6.7232162e-01
  1.0371833e-01
 -8.7123877e-01
  2.5687459e-01
  7.1416152e-01
  2.2001278e-01
 -4.7655138e-01
  4.7665447e-01
  3.0014428e-01
 -7.1386778e-01
  1.2995473e-01
  1.0945690e-01
 -2.8100844e-02
 -5.2657855e-01
  5.4181129e-02
 -1.6193847e-01
 -1.4402978e-01
 -1.0851907e-01
  2.6375189e-01
  1.7543158e-01
 -2.5005668e-02
  8.2612681e-01
 -1.5345581e-01
 -2.4207889e-01
  2.5726599e-01
  2.8075844e-02
 -1.4436583e-01
 -1.2871836e-01
 -1.8867725e-01
 -3.7671947e-01
 -2.6517907e-01
 -3.0852890e-01
  4.2964894e-01
  2.0091632e-01
 -3.0836982e-01
 -5.4032080e-02
 -1.2596552e-02
 -1.6760651e-02
  8.6003470e-01
 -1.5692635e-01
  1.1745287e-01
  9.2625743e-01
 -7.7210173e-02
  8.3171733e-02
  8.0860354e-02
 -4.4731781e-02
 -1.2379408e-01
  2.3187727e-01
 -1.3490525e-01
  4.6527106e-01
 -3.9812818e-01
  7.5974733e-02
  3.5549983e-01
 -1.8513444e-01
  2.1493047e-02
  1.5095063e-03
 -1.2723447e-01
 -1.0193905e-01
  9.0783216e-02
 -2.7820738e-03
 -6.1350727e-01
  7.7929682e-01
 -2.2909576e-01
 -2.1075805e-01
  1.2589863e-02
 -1.3195628e-02
  5.9504855e-01
  4.0035823e-01
 -1.1068305e-01
 -1.0466898e-02
 -1.4512314e-01
  2.7778351e-01
  1.9162387e-02
 -2.1902233e-01
 -8.7015564e-03
 -3.6831164e-01
  3.2764003e-01
 -7.8715153e-02
  5.2319914e-03
  5.6455636e-01
  1.3539964e-01
  2.0658413e-01
 -2.1373826e-01
 -3.3310437e-01
 -2.2493284e-03
 -1.1922972e+00
 -7.3579848e-02
  5.8763033e-01
 -4.1044831e-01
 -3.9598069e-01
  3.4888521e-02
 -6.1759319e-02
  1.3081665e-01
  3.0144528e-03
 -1.8805562e-01
  3.5586532e-02
  1.6310790e-01
  2.4829278e-02
 -8.1506449e-01
  6.1018193e-01
 -1.7085961e-01
 -4.3991408e-01
  1.9278598e-01
  3.8297144e-01
  1.6749045e-02
  5.9308305e-02
 -1.0464513e-01
 -3.5409647e-01
  6.3811049e-02
  9.4312042e-02
  2.0033561e-01
 -2.9757157e-01
 -1.3619009e-04
  4.2394113e-02
  2.4681538e-02
 -1.0349566e-01
  3.8426363e-01
  2.4386273e-01
 -1.6855944e-02
 -1.4563966e-01
 -4.4858792e-01
 -1.9695678e-01
 -7.5786686e-01
 -1.7550255e-01
  1.4774066e-01
 -2.0646407e-01
  2.6341032e-02
 -1.4014840e-01
 -9.6572027e-02
  3.7586357e-02
 -7.3703602e-02
  3.2779980e-01
  4.2296588e-01
 -2.6872432e-01
 -3.3427021e-01
 -3.2409853e-01
  2.2322217e-02
 -7.2335428e-01
 -5.7114325e-02
  2.5517327e-01
  2.9843128e-01
 -4.0638093e-02
 -6.4532876e-02
  1.0473711e-01
  2.5157699e-01
  4.7893040e-02
 -5.9260920e-02
  2.0087773e-01
 -2.9955816e-01
  3.6578242e-02
  2.8829001e-02
 -9.5479712e-02
  1.0358270e+00
 -7.6888002e-02
  4.2936094e-02
  2.7973332e-02
  2.9823375e-01
  4.2566854e-01
 -1.2111767e-01
  8.6195600e-01
 -7.5853705e-02
  3.0510727e-02
  3.9877021e-01
 -6.9269612e-02
  6.0246074e-01
  4.4785585e-02
  6.6010070e-01
 -2.8376120e-01
  3.6125514e-01
  2.1565114e-01
 -8.4469598e-03
 -8.9510955e-02
 -7.0143509e-01
 -5.1109910e-01
  3.4556028e-01
  6.9365269e-01
 -1.5786670e-01
  1.8232203e-01
  9.9007197e-02
 -1.8988529e-01
  5.3825285e-02
  2.1550277e-01
  4.8849493e-01
 -3.9133477e-01
  1.8651594e-01
 -3.3150530e-01
 -3.9165503e-01
 -1.8768373e-01
  2.5731069e-01
 -2.0029092e-01
  2.0957279e-01
 -1.3317582e-01
  3.2580981e-01
 -3.2945415e-01
  3.7502009e-01
  2.3568398e-01
 -6.1219431e-02
  2.1174241e-02
  5.8720559e-02
 -1.6763730e-01
  3.4560943e-01
  1.7887497e-01
  2.8436434e-01
 -2.5093368e-01
  2.4891125e-01
  5.1208341e-01
  1.2254277e+00
 -1.5910487e-03
 -2.7564284e-01
  1.3515549e+00
 -6.4514302e-02
 -7.7308327e-01
  3.4330168e-01
 -1.1419240e+00
  3.3553025e-01
 -4.1279644e-01
  1.2454541e-01
  3.8014062e-02
  1.8395704e-01
 -4.6339601e-02
  1.1472418e-01
 -6.9481564e-01
 -6.7389935e-01
 -3.3532955e-02
 -2.3224203e-01
 -2.4170566e-01
 -3.0908337e-02
 -2.2719674e-01
 -2.5295046e-01
  4.1242737e-02
  3.8209498e-01
  1.5170631e-01
  2.0616832e-01
 -1.2249535e-01
  6.2061888e-01
 -1.7168423e-02
 -3.4446278e-01
  1.4434442e-01
 -2.1064624e-02
 -3.4557424e-02
  3.1540582e-01
 -2.7562886e-01
 -9.8792210e-02
 -9.8087615e-01
  3.1124467e-01
  1.7093602e-01
 -1.1483823e-01
 -2.9000676e-01
 -4.0392771e-01
  2.5616610e-01
 -7.7578187e-02
  4.3050766e-01
  6.5749699e-01
 -6.3232884e-02
 -3.3173597e-01
 -1.9219033e-03
  1.4758292e-01
 -7.2289512e-02
  5.2736193e-01
  5.7221711e-02
  1.0111955e-01
 -2.7754536e-01
 -4.5504373e-01
 -5.0807673e-01
 -3.1635499e-01
  5.9937421e-02
  1.8709116e-02
  7.1764946e-02
  6.4328924e-02
  2.3737781e-02
 -1.6126922e-01
  1.0096627e-01
  2.0982109e-01
 -5.7221246e-01
  6.5446752e-01
 -4.3061931e-02
 -5.7722926e-01
  1.2534873e-01
  7.6487109e-02
 -4.2150530e-01
  1.4099032e-01
 -6.3331747e-01
  1.2476798e-01
  3.2995790e-01
  5.4642767e-02
 -1.4873753e-01
 -2.9265836e-01
 -2.2107482e-01
  3.9154896e-01
  7.8318402e-02
  2.8350931e-01
 -1.0031241e+00
 -5.1632401e-02
  2.8772086e-01
 -1.0575705e+00
 -4.6092069e-01
 -5.8829123e-01
 -6.3515568e-01
 -4.2775956e-01
  5.9343066e-02
  1.5292894e+00
 -1.3508774e-01
  6.7335308e-02
  6.0503200e-02
 -2.2538509e-02
 -3.2744609e-02
 -2.3540312e-01
  6.9792956e-01
 -4.6972874e-01
 -7.4139088e-02
  2.4994379e-01
 -6.8225496e-02
  8.4546611e-02
  3.1050861e-02
  2.4172507e-01
  7.4790007e-01
  2.7448118e-01
  7.4972004e-02
 -4.4007760e-01
 -1.3634881e-01
  6.1696571e-01
  5.5699892e-02
  1.4945974e+00
  3.7750533e-01
 -4.6444308e-02
 -3.4604660e-01
  6.4654082e-01
  2.4717702e-01
  2.6537398e-01
  1.8983780e-01
  8.3942547e-02
  4.2662583e-04
  5.2217758e-01
  2.2154154e-01
 -1.7667975e-01
  7.8954317e-02
 -3.5594097e-01
  2.9007012e-01
  5.5012017e-01
 -1.2103181e-01
 -1.4948998e-01
 -1.2698713e-01
 -3.7797096e-01
  3.9048828e-02
  2.6613936e-01
 -1.1452489e-01
  3.9881896e-02
 -2.5630069e-01
  3.0669704e-01
  8.0365473e-01
  2.7452537e-01
  4.2500409e-01
  2.4848044e-02
 -1.9872458e-01
 -7.8804512e-04
 -2.3697411e-01
  8.4448189e-02
  8.6917980e-03
  3.5996345e-01
 -1.0078186e-01
 -1.1547825e-01
  3.9738846e-01
  5.1664287e-01
 -3.9175424e-01
  1.0245673e-01
  3.1561741e-01
  6.8512119e-02
 -1.5474422e-01
 -5.0593138e-02
  3.9432922e-01
  3.6483247e-02
  5.2178007e-02
  3.1400304e-02
 -3.5132241e-01
 -2.3585305e-01
 -4.9552921e-02
 -9.6127307e-01
 -1.1738054e-01
 -1.6792515e-01
 -2.3288660e-01
 -1.4822152e-01
 -2.1906114e-01
  1.8113941e-01
 -8.3257958e-02
 -3.0727887e-01
 -3.6815986e-01
 -3.0458543e-02
 -6.3511878e-01
  8.2875392e-04
 -3.2927603e-01
  3.6544955e-01
  5.9748912e-01
  1.5113431e-01
  4.0223852e-01
  7.5991958e-02
 -1.3908143e-01
  1.7455325e-02
 -5.1221877e-01
  2.7684566e-01
 -1.9830130e-01
  2.3119739e-01
  1.0203832e-01
  1.8592599e-01
  8.2978390e-02
 -3.5434466e-02
 -1.7317118e-01
  1.1723275e-01
  6.6695833e-01
 -6.3735202e-02
  1.9320093e-02
 -1.5104750e-01
 -7.1592218e-01
 -3.5632002e-01
 -8.8110469e-02
 -6.0527176e-01
  7.3941760e-02
 -1.4356214e-01
  2.8993320e-01
  8.5781433e-02
  7.2479166e-02
  4.5440160e-03
 -8.1897840e-02
  1.8133222e-01
  1.1134653e+00
  5.0446630e-02
  3.6439702e-01
 -2.0946115e-01
  1.1203541e+00
 -3.9056856e-02
  6.1769855e-01
 -1.4969318e-01
  4.6836081e-01
  2.0066538e-01
 -4.7963628e-01
 -4.8460037e-01
  4.6639606e-01
  1.4847665e-01
  2.2065427e+00
 -3.4515360e-01
  1.6701883e-03
  9.5281851e-01
  2.5372785e-01
  2.1441920e+00
 -6.6142142e-01
  1.5299975e+00
  4.5052263e-01
 -1.9965069e-01
 -1.6621925e-01
 -1.5332904e+00
  4.9389169e-01
 -5.0112420e-01
  1.0224391e+00
  6.0289884e-01
  4.2698365e-01
  4.3932062e-01
 -1.6578776e-01
  8.6780638e-01
 -4.8644179e-01
 -8.8165039e-01
 -3.0257550e-01
  1.0197265e+00
  2.2921440e-01
 -1.0227693e+00
 -5.9684956e-01
 -2.1472171e-01
 -1.3685052e-01
 -5.2613544e-01
  3.9714119e-01
  1.6922396e-01
 -3.6925045e-01
  6.1657029e-01
 -7.2178948e-01
 -3.4064302e-01
 -2.0557404e+00
 -6.7200917e-01
  2.7554485e-01
 -9.0447225e-02
  5.8563226e-01
 -2.2321440e-01
 -1.8451346e-02
  7.0951366e-01
  4.1955930e-01
  4.3362322e-01
 -7.7346880e-03
 -3.5640532e-01
  9.1218603e-01
  1.0704138e+00
 -4.9410802e-01
  2.8048322e-01
 -1.3125470e+00
  5.0924110e-01
  8.5390735e-01
  5.4582220e-01
  5.7473004e-01
 -3.0429447e-01
  1.5339816e-01
 -7.4975532e-01
  7.8999750e-02
 -1.7821922e+00
 -7.2340828e-01
  7.7390134e-01
 -1.6242616e-01
 -2.4355197e-01
  4.8616546e-01
  1.4307138e-02
 -6.5275902e-01
 -3.1007367e-01
  4.9612299e-01
 -8.8220663e-02
  2.3753168e-01
 -3.7304558e-02
 -1.6525054e-01
  1.6035362e-01
  3.4891292e-01
  5.6439381e-02
  2.3884699e+00
 -9.8561990e-01
  3.4170514e-01
 -3.3090621e-02
  2.5375846e-01
 -1.9932981e-01
 -4.6137071e-01
 -3.7657455e-04
 -2.7005467e-01
 -5.1780540e-01
 -1.7360158e+00
  4.2937231e-01
 -6.5681696e-01
 -1.3633893e-01
  8.4458518e-01
 -2.8658530e-01
 -1.4970215e-01
  3.4065396e-01
  5.7072490e-02
 -1.4654328e+00
  9.4990609e-03
  1.8299568e-01
  2.3444702e-01
  2.5449273e-01
 -6.9955289e-02
 -2.8595168e-03
 -3.8531139e-01
  2.7110386e-01
  3.2840110e-02
 -2.0388288e-03
 -2.3998085e-01
 -1.7092605e-01
  9.6010184e-03
 -1.4873936e+00
  5.1477188e-01
 -1.4742006e+00
  7.3043997e-03
 -1.2632097e-01
  3.3930093e-02
 -5.4311171e-02
 -1.7605197e-02
 -1.7485680e-01
 -1.0167479e-02
 -1.5131809e-01
  2.2485534e-02
 -4.2816829e-03
  3.7289243e-03
  3.4328640e-02
  2.3575749e-01
 -1.7241866e-03
  1.6552174e-01
  9.2738289e-01
 -1.0396348e-02
  3.6437389e-01
  8.4135580e-01
  1.0097922e+00
 -2.4613672e-01
 -1.8973754e-01
 -2.1441119e+00
 -2.1791160e-01
 -4.3972597e-01
  2.0037174e-01
  9.1757882e-01
  2.2762696e-01
  5.9160817e-01
  1.1737626e+00
 -3.9547342e-01
  1.1398336e+00
 -1.3557919e+00
 -1.4392838e+00
 -1.5566166e-01
 -2.8858614e-01
  1.2639917e+00
 -8.1440723e-01
 -6.3518745e-01
 -5.2365136e-01
 -1.4377345e+00
 -3.7750268e-01
 -6.5997802e-02
  6.7977226e-01
  3.9489061e-01
 -5.8630500e-02
 -1.5218290e+00
 -2.2248456e-01
 -5.8299059e-01
 -2.5504184e-01
 -6.4899072e-02
  1.5496783e-01
  2.1528693e-01
 -1.7975561e-02
 -2.8193095e-01
  3.4571767e-02
 -2.9759702e-01
 -3.9000124e-02
  1.0344584e+00
 -6.4882144e-02
 -9.3789324e-02
  6.0576832e-01
 -1.4320748e-01
 -1.6689983e-01
  2.1938486e-01
  1.6332786e-01
 -5.0460958e-01
  2.5660855e-01
  5.7884300e-01
 -3.6483160e-01
 -6.9928879e-01
  9.2340074e-03
  2.0178519e-03
  9.8425172e-02
  2.5081503e-01
  1.4554475e-01
  2.0548166e-01
 -2.6980829e-01
 -3.9310351e-02
  6.3533090e-02
 -2.9453570e-01
  1.2535762e+00
 -2.9097107e-01
 -3.1434801e-01
 -3.5950002e-01
 -3.3929914e-01
  3.3166102e-01
 -9.3035564e-02
  9.7274497e-02
  9.5581204e-02
  1.3356987e-01
 -3.2163662e-01
 -1.5949445e-02
  5.2179366e-01
  9.6574539e-01
  4.5302585e-01
 -2.7163208e-01
  2.3796809e-01
  1.4831340e-02
 -3.3298525e-01
  2.7146870e-01
  1.2311807e-01
  6.0035542e-02
  1.8397748e-01
 -1.8444721e-01
  2.3389541e-01
 -4.9387455e-01
  1.7114276e-01
  9.0508685e-02
 -6.1033979e-02
 -3.4064490e-01
 -6.7502968e-02
  5.3533149e-01
  1.2512565e-01
  1.1400870e-01
  3.1365809e-01
  1.3363653e-01
 -2.0092461e-02
  1.4008579e-01
  4.1263339e-01
 -4.9009442e-02
 -5.8174658e-01
 -1.5644088e-01
 -6.0811424e-01
  8.4272474e-02
  4.0269369e-01
  8.6082518e-04
  2.4016877e-01
 -4.3312183e-01
  3.0095935e-01
 -1.6712852e-01
  9.8441802e-03
  1.2197331e-01
  2.8342390e-01
  1.0023490e-01
 -1.6268831e-01
 -3.3674279e-01
  3.0805293e-01
 -7.7400438e-02
 -2.4974675e-01
  2.7010930e-01
  3.4946015e-01
 -2.3937890e-01
  5.8533497e-02
  1.4390871e-01
  5.9446365e-01
 -3.6031067e-01
 -3.4479320e-02
 -2.3125909e-01
  1.2481734e-01
 -8.3364075e-01
 -3.3272827e-01
 -2.2567256e-01
 -3.4889808e-01
 -4.2486900e-01
 -5.9965259e-01
  1.0613205e+00
 -5.4325306e-01
  6.0633082e-02
 -1.4523190e+00
 -3.5703844e-01
 -2.3641646e-01
 -3.0663026e-02
 -3.3020094e-01
 -8.2535297e-01
  1.8502095e-01
  6.1449277e-01
  6.4829558e-02
 -9.5199265e-02
 -1.5511478e-01
 -5.4928284e-02
 -1.8367523e-01
 -1.8173406e-01
  4.9675959e-01
  2.1627240e-02
  2.1860577e-02
 -4.3795586e-02
  2.6471239e-01
  2.8128728e-01
  3.9123231e-01
  1.0703193e-01
 -8.9338392e-02
 -2.5139824e-01
 -4.0900031e-01
  8.3310619e-02
 -2.0497060e-01
 -1.2090060e-01
 -7.6849878e-02
  3.9545122e-01
 -2.4173105e-01
 -4.1133559e-01
  6.5897000e-01
 -7.7004927e-01
 -3.9273433e-02
 -1.2961191e-01
  3.0815324e-01
 -9.6224517e-02
 -1.5150471e+00
  4.3852967e-01
 -2.9496104e-01
 -2.8911832e-01
  4.2683315e-01
  4.7736040e-01
 -2.5361216e-01
 -1.2529543e-01
 -1.3055348e-01
 -4.0920073e-01
 -5.8060861e-01
 -4.2225653e-01
 -1.4314483e-01
  1.7372233e-01
 -2.8370547e-01
  3.0300021e-01
 -2.0377757e-01
  5.5875939e-01
  3.2061109e-01
 -3.5615310e-01
  2.6721485e-02
  1.7408094e-01
  1.1001182e-01
 -4.0611818e-01
 -7.1130991e-02
  4.1355860e-01
  4.2753336e-01
 -7.7758633e-02
 -4.0850115e-01
 -3.8091332e-01
 -2.9172439e-02
  4.0534753e-01
  5.3156130e-03
 -1.1188495e+00
  4.3395475e-01
  3.3545646e-01
  1.5872103e-01
 -1.3699411e-01
 -2.7002776e-01
  3.8148038e-02
 -2.5348221e-03
  2.0991562e-01
 -5.5652058e-01
 -3.4228632e-01
  9.4310790e-02
  1.7862539e-01
  6.3067973e-02
  7.0732915e-01
  4.7713298e-02
 -1.4863430e+00
 -1.0097743e+00
  4.1871745e-02
  5.6646520e-01
  2.4876501e-01
  2.5250390e+00
  4.7316331e-01
 -1.0932359e+00
 -8.5177726e-01
 -5.0276166e-01
 -6.3104950e-02
  9.7782582e-01
  6.6158479e-01
  8.8133395e-01
  1.3912890e+00
 -2.7261326e-01
  3.3180353e-01
 -5.5162960e-01
  8.3791256e-01
  2.4477422e+00
  4.9636090e-01
 -1.3684604e+00
 -1.8728033e-01
  7.0547484e-02
 -9.5756721e-01
 -1.1988122e+00
  1.5066724e+00
 -1.0640765e-01
  1.5731546e+00
 -4.7713625e-01
 -1.5353058e-01
  5.1764375e-01
  1.1348495e+00
 -6.0912386e-02
 -1.7250118e-01
  5.3173149e-01
  6.6706553e-02
 -1.4509133e-01
  4.6397261e-02
  1.1149703e-01
  3.0597287e-01
 -1.2429447e+00
 -1.7258689e-01
  5.2471671e-02
 -3.2769376e-01
 -5.5449682e-01
 -3.6187246e-02
  8.9890301e-02
 -3.7885040e-01
 -1.2113342e-02
 -1.3437725e+00
  3.6753416e-01
  7.6542757e-02
 -4.1916671e-01
  2.6653577e-02
  1.4421901e-01
 -6.6889301e-03
  4.1653898e-01
 -3.4708381e-02
  7.9383755e-01
  3.5225084e-01
 -4.7547239e-01
 -8.0811121e-02
  1.0282235e-01
 -1.3111931e-01
  8.7429330e-02
  4.2843834e-02
 -2.8189859e-01
  8.5924551e-02
 -7.0417881e-02
 -4.1495640e-02
  1.7431220e-01
 -4.5506409e-01
 -3.5666496e-01
 -2.3399128e-01
  1.1084747e-01
 -9.3592636e-02
  4.2728540e-01
 -1.7244312e-01
  2.0808725e-01
 -1.2658848e-01
  3.1042033e-01
  1.6571512e-02
 -8.3720362e-01
  3.3681384e-01
 -1.1617711e+00
 -9.6031144e-02
  1.7294182e-01
 -7.4645229e-02
 -2.1141399e-02
  2.3975937e-01
 -1.6921975e-01
 -1.2050960e-01
  5.1436871e-01
  9.5106810e-03
 -2.8461310e-01
  1.9176647e-01
  6.6382921e-01
 -2.7256081e-01
 -1.4723524e-01
  1.9637743e-01
  3.7639052e-01
 -1.2721464e-02
  3.8265768e-01
  1.2245567e-01
 -5.5832285e-01
 -1.2847051e-02
 -4.4722730e-01
  3.5527694e-01
 -2.5665807e-02
  2.7767333e-01
  5.0007962e-02
 -6.9035000e-01
 -1.3826224e-01
  1.8311720e-01
  7.1872305e-03
  5.7753674e-03
 -8.5205056e-02
  9.0333730e-02
 -1.8754956e-01
  1.8743458e-01
 -6.1742711e-01
  3.3597219e-01
  2.7896687e-03
 -2.0660280e-01
 -6.8426616e-02
  2.0843886e-02
  4.2300111e-01
  1.6502491e-01
 -7.6242894e-02
 -8.9999968e-01
 -2.2751744e-01
 -3.6433905e-01
 -2.9013455e-03
 -3.3618368e-02
  6.5479225e-01
 -2.5816658e-01
  8.1904966e-01
 -1.4660626e-02
 -1.9839753e-01
 -2.9503691e-01
 -1.8661487e-01
 -1.5670629e-01
  1.4378347e-01
  4.8269486e-01
  4.6478808e-01
  7.5965869e-01
 -1.0693719e-01
  2.8941505e-02
 -7.1143545e-02
 -2.6241904e-01
  1.3583753e-01
 -3.3443943e-01
  6.7568344e-01
 -4.3043709e-01
  2.8940806e-01
  7.2718887e-03
 -1.4662619e-01
  3.2935709e-02
 -9.3408734e-02
  6.3297383e-02
 -3.0033458e-02
 -2.3984972e-01
 -2.0844349e-01
 -4.9513987e-01
  2.5607926e-01
  2.1224625e-01
  6.5181428e-01
  2.4330078e-01
 -2.4682713e-01
  5.8875608e-01
  9.3686752e-02
 -1.8753569e-01
 -4.6425548e-01
 -2.2924002e-01
  6.2843162e-01
 -1.5317300e-01
  4.7582000e-01
  2.5646005e-02
  1.6635289e-02
 -1.6307135e-01
  1.7341742e-02
 -2.5957592e-02
 -6.6459417e-01
  1.1898185e-01
 -8.3075702e-02
  6.5448463e-01
  3.1607457e-02
  3.5846892e-01
 -2.2171879e-01
 -1.4291518e-02
 -2.0264188e-02
  6.0649674e-02
 -3.0896908e-01
 -1.4685711e-01
 -7.6373577e-02
 -5.6302078e-02
  3.6538109e-02
  3.6248454e-01
  5.6522852e-01
 -4.2831350e-02
 -7.4024111e-02
 -2.5736731e-01
  5.8007758e-02
  4.2909798e-01
  3.2837361e-01
 -2.2747920e-01
  2.7852106e-01
  1.0749789e-01
 -4.0642715e-01
  3.9776099e-01
 -4.2109898e-01
 -1.4537042e-01
  3.6550510e-01
  9.1303267e-02
 -1.5907595e-01
  4.8875391e-02
 -8.4006220e-02
  7.4041925e-02
  1.1875816e-01
  6.7721641e-01
  6.5017380e-03
 -8.6921704e-01
  2.1775401e-01
  9.0377145e-02
 -2.1477297e-02
 -9.8652624e-02
  3.1320390e-01
 -1.3357261e-01
 -1.2872419e-01
  2.2077385e-01
 -8.1901693e-01
 -3.4432556e-02
  6.4871214e-02
  1.6199879e-02
 -8.9525722e-02
  2.8750837e-01
 -5.7324003e-02
 -8.1501067e-01
  7.8653291e-02
 -2.3863117e-01
  4.5206985e-01
  5.8687583e-02
 -8.1471831e-02
  5.4618627e-01
 -5.6604820e-01
 -2.8238368e-01
  2.0598385e-01
 -1.4057010e-01
  4.9672186e-01
  8.5388288e-02
  2.5287765e-01
  4.1111660e-01
 -4.0736774e-01
 -1.7435215e-01
  3.1051187e-02
 -9.6835726e-01
 -3.7181705e-01
 -2.7837148e-01
  2.7920205e-02
  2.5484362e-01
  1.4566346e-01
  9.3683012e-02
 -6.5715241e-01
 -2.7335337e-01
 -6.8573356e-01
  5.5255765e-01
  7.7362913e-01
 -1.3148177e-01
 -3.7737533e-02
  2.4025252e-01
 -8.9475162e-02
  9.3740761e-02
 -4.5791671e-01
 -2.4127737e-01
 -1.7710789e-01
  1.7500031e-01
 -2.8681070e-01
  3.8216630e-01
 -2.2813337e-01
 -5.1537395e-01
 -4.3917689e-03
 -4.2696151e-01
  2.3644957e-01
 -6.5459363e-02
  2.9571375e-01
  2.9159027e-01
  7.8579962e-01
 -3.6965784e-01
  6.1060065e-01
 -1.4642040e-01
  2.6749161e-01
 -1.5387148e-02
  3.9726567e-01
 -4.9425364e-02
  2.2260433e-01
 -1.6912076e-01
 -3.3469263e-02
  2.4294600e-01
  1.5923926e-01
 -1.6375369e+00
 -8.4647581e-02
  1.4520578e+00
  1.5708573e+00
 -4.8354276e-02
 -3.9342657e-01
 -5.8759713e-01
  9.3862027e-01
  2.9172888e-01
  8.5845500e-01
  1.1581888e+00
 -7.4328762e-01
  3.5920602e-01
  3.1564748e-01
 -7.6356284e-02
 -6.2449954e-02
  4.7106493e-01
  5.4387724e-01
 -6.2252545e-01
  2.7636388e-01
  2.7866128e-01
  4.1866845e-01
  2.7811328e-01
  1.6794341e+00
 -9.6442610e-02
  2.6621249e-01
 -3.3187650e-02
 -1.0636096e+00
 -6.3462131e-02
  7.9076672e-01
  9.5478964e-01
 -3.3051854e-01
  2.2294085e-01
 -1.5476164e-01
 -3.0032313e-01
  8.0101454e-01
 -3.5172680e-01
 -9.5823027e-02
 -2.5691727e-01
  3.9999443e-01
 -1.9477525e-01
  4.4951266e-01
 -3.6221316e-01
 -4.9110022e-01
 -1.9680659e-01
 -1.4032111e-01
 -3.4469292e-03
 -4.8353571e-01
 -1.0285053e-01
 -1.2014744e+00
 -9.7035721e-02
  8.0107421e-02
 -2.9548872e-01
 -4.6407506e-02
 -5.6025002e-02
  7.7431165e-02
  2.1925546e-02
  7.6726347e-02
  5.7613794e-03
 -2.1365201e-01
  9.9912092e-02
  2.7507087e-02
 -3.5213676e-01
  1.8338883e-02
 -1.4577679e-02
  1.5141346e-01
 -1.1423285e-01
  2.4100944e-01
 -2.1653673e-01
 -1.9517937e-01
  2.4619360e-01
 -4.5861807e-01
  1.9490308e-01
 -2.4068154e-01
  3.1317338e-01
 -2.5365084e-02
 -1.1901221e-01
  1.3271104e-01
  4.7069591e-01
 -4.3999407e-02
  4.8670594e-02
 -3.6994815e-02
 -1.8199947e-02
 -3.0240592e-01
  2.3154056e-01
  7.9353042e-02
  3.2632172e-01
 -2.0738763e-01
  8.3962381e-02
  4.5314077e-01
  5.8252953e-02
  8.3691400e-01
 -4.6281621e-01
 -3.1439170e-02
  4.0276054e-02
  2.3196805e-01
  6.9622117e-01
  7.4184805e-01
 -5.5973667e-01
  7.3822641e-01
  5.3720075e-01
  8.3564840e-02
  1.7256016e-01
  2.4418747e-01
  3.5013953e-01
  3.4298729e-02
  3.0584908e-01
 -1.4859022e-01
  1.0480981e-01
  1.0533538e-02
  2.1687360e-01
  1.2147948e-01
  5.6851115e-02
  3.3081040e-01
 -4.0054458e-01
  2.8171045e-01
  2.3234913e-01
  6.4950091e-01
 -3.9687395e-02
  2.0331366e-01
  2.8295517e-01
  2.1448609e-01
  9.6393019e-02
 -5.7594549e-02
  4.6004423e-01
  6.8858966e-02
  7.9997641e-01
  3.0125195e-01
  3.3177862e-01
  1.7063276e-01
  2.3654786e-01
 -5.3883381e-02
  2.5672860e-02
 -3.5243019e-01
 -1.1548894e-02
  9.9105525e-01
  2.0809717e-01
  6.5559186e-02
  1.0804833e-01
 -4.5785293e-01
  3.0613878e-01
  8.1079721e-01
 -2.9603904e-01
 -4.7586344e-02
  3.2927474e-01
 -8.2452691e-01
  2.1058722e-01
 -8.0456674e-02
 -2.2356009e-01
  2.5945917e-01
 -7.7162874e-01
  6.9021320e-01
  4.3687224e-01
  5.2677758e-02
  1.9916055e-01
 -2.8469461e-01
  7.7727623e-02
 -2.5104231e-01
 -7.4446164e-02
 -1.0302925e+00
 -3.8222706e-01
 -9.2269674e-02
  2.2690475e-01
 -4.0288699e-01
 -4.9252915e-01
  2.5747836e-01
  6.7727119e-02
 -3.1258258e-01
 -2.2114830e-01
 -1.4988530e-01
  4.0713286e-01
 -3.7806034e-01
 -1.6533086e-01
  4.8679414e-01
  3.3048832e-01
 -3.9507136e-02
 -2.8171498e-01
 -1.6974887e-01
 -8.0685675e-01
  2.1880019e-01
  2.1107560e-01
  1.5528280e-01
  3.4949526e-01
 -5.1063460e-01
 -8.7192796e-02
 -2.1471643e-01
 -2.3576982e-01
 -2.0825768e-01
 -2.7714738e-01
  1.3722357e-01
  1.7260590e-01
 -1.6277212e-01
 -1.5997496e-03
  5.4085159e-01
 -3.8354278e-01
  4.0269876e-01
  4.1788299e-02
 -2.0173173e-01
 -6.7536336e-01
 -6.8509050e-02
 -8.9110099e-02
 -4.4888860e-01
 -3.1552908e-01
 -4.8852310e-02
 -3.7629548e-03
  6.8275326e-01
  3.1022444e-01
 -1.1246271e+00
 -2.9855832e-01
  3.5685807e-02
  1.4136101e-01
 -2.6229501e-01
  5.3580153e-01
 -1.2598358e-01
  2.6279300e-01
  5.9513524e-02
  1.1954526e-01
  1.7996533e-01
  1.0257678e-01
  3.6313608e-02
  2.2628348e-01
  3.6545984e-02
  1.8458614e-01
  2.7889073e-01
  1.3167797e-02
  1.2595877e-01
  2.8999624e-01
  4.1801680e-02
 -8.2699358e-03
  3.3235437e-01
  8.3188057e-01
 -1.7856677e-01
 -8.1020549e-02
 -1.5348530e+00
 -1.6100699e-01
 -3.3510941e-01
  4.3019617e-01
 -3.7730551e-01
  1.8464614e-01
 -2.5803137e-01
 -1.8837098e-03
 -2.8522623e-01
 -1.6836479e-01
  2.8536031e-01
  7.7630341e-01
  2.1474901e-01
 -1.8641943e-01
 -2.0737033e-02
  1.8558224e-01
 -1.5064858e-02
  3.1489030e-01
  7.9253852e-02
 -2.6463911e-01
 -1.9606505e-01
 -3.0020693e-01
 -3.8104579e-01
  1.1473502e-01
  1.1262915e-01
 -3.6733590e-02
 -3.2879069e-01
 -5.2013621e-02
 -1.0171148e-01
  1.8802422e-01
 -1.1953916e-01
 -1.4679398e-01
 -3.6420349e-02
 -1.2570179e-01
 -1.1084232e+00
  3.6916614e-01
  1.2329637e-01
 -3.9459702e-01
 -6.1286843e-01
 -1.1224747e-01
  8.4470823e-02
 -3.3459222e-01
 -1.9716120e-01
  2.7750302e-03
 -1.1313841e-01
  3.5672897e-01
 -1.3501258e-01
 -2.9681321e-02
  2.2165000e-01
  1.2101775e-01
  4.9803507e-01
  9.8330691e-02
 -6.1724052e-02
  1.4879185e-01
  1.5370160e-01
 -2.5500178e-01
 -1.2983409e-01
 -2.6464740e-02
 -8.7978631e-02
 -6.6439264e-02
  9.1787383e-02
 -5.1101667e-01
 -5.6975579e-01
  3.4954228e-02
 -4.4449770e-01
  1.2273020e-01
 -1.9306365e-01
  7.3778972e-02
 -2.5214512e-02
 -1.2159775e-01
  3.1867075e-01
 -1.3153182e-01
 -6.5948889e-02
  2.5702226e-01
  7.4447297e-02
  1.6645302e-01
 -3.4462921e-03
 -5.7193413e-03
  2.9618108e-01
  6.9886528e-02
 -8.0551486e-03
 -1.1258720e-01
  7.9308617e-01
  9.1608576e-02
  2.6495424e-01
  3.2815927e-01
  3.6962941e-01
 -9.1479234e-02
 -1.5370972e-01
 -1.4371696e-01
 -3.5052967e-01
  1.3921157e-01
 -2.2447984e-01
  1.1998429e+00
 -3.4096810e-01
  3.4912747e-01
  2.0527515e+00
 -2.0593721e-01
 -1.1605570e-01
 -6.2181020e-01
 -1.1927813e-01
 -3.9190874e-03
  2.7988815e-01
 -3.6895972e-01
 -1.2592945e-01
 -1.4318988e-01
  1.5368626e-01
 -3.2521896e-02
 -1.5296727e-01
 -1.0687655e-01
  3.4133622e-01
  2.9521111e-01
  2.8392416e-01
  2.0291030e-01
 -4.0586799e-02
 -7.3073387e-02
  1.4051706e-01
 -1.4513955e-01
  3.3797306e-01
  1.1481214e-01
  1.2183685e-01
  3.2138575e-02
 -9.5051125e-02
  1.5615627e-01
  3.5623497e-01
 -1.6559801e-01
  7.5369999e-03
 -2.8494403e-01
  2.7757660e-03
  2.4944426e-01
  8.5691050e-02
 -2.1874214e-02
 -1.1465855e-02
  2.3458506e-01
  6.2134322e-02
 -4.9567831e-01
 -1.3401768e-01
  1.2261090e-01
  5.1146972e-01
  3.5147792e-01
 -2.5594953e-01
 -1.8708417e-02
 -1.8488532e-01
 -1.0533922e-01
  2.1460177e-01
  8.9107409e-02
 -9.0828158e-02
  2.7072006e-01
  3.9244029e-01
  9.2730112e-02
  7.2897576e-02
  2.3471963e-01
  1.6284578e-01
  9.9547103e-02
  3.3735059e-02
 -1.0289818e-01
 -3.7253833e-01
 -1.3036366e-01
 -1.0397123e-02
 -1.1700212e-01
 -1.4165238e-01
 -3.0690926e-01
 -1.7234148e-01
  2.1911092e-02
 -1.8929746e-02
  8.1238195e-02
  6.3664287e-01
  8.0003433e-02
  5.7043713e-02
  2.4745511e-01
 -1.4331502e-01
 -6.9928247e-01
 -3.1444275e-01
  4.0002084e-01
 -6.0408574e-01
 -1.9902074e-01
  1.6166927e-01
 -1.9380838e-01
 -3.2239906e-02
  1.8483795e-02
  6.7836225e-01
  7.5960740e-02
 -6.1709486e-02
 -2.1030192e+00
 -1.5455431e-01
  2.0510475e-01
  2.2741759e-01
 -2.5582159e-01
 -1.4775941e-01
 -1.5002325e-01
 -8.9202091e-02
  2.0235348e-01
 -3.6717337e-01
  1.0127451e-01
  1.7414752e-01
 -3.9730862e-02
  2.1289340e-01
  2.9573277e-01
 -3.5882518e-01
 -1.4368084e-01
 -2.2437867e-02
  2.3907855e-02
 -7.9642935e-03
 -4.3871498e-01
 -1.4258753e-01
  1.0775833e-01
  3.0138088e-02
  1.0675708e+00
  3.9270592e-01
  1.8242141e+00
  1.0281781e+00
 -1.9918411e+00
 -3.0891374e-01
 -1.3136996e+00
  8.4525961e-01
  3.5156950e-01
  1.5098702e+00
  1.4585891e-01
 -7.1320069e-01
 -2.1061398e-01
 -3.6806270e-01
 -1.5514776e+00
  8.4697053e-02
  1.6027883e-01
  1.7971341e-02
 -5.8581638e-01
 -2.3966478e-01
  4.3279279e-02
  1.2454105e-01
 -7.6466864e-01
  3.3640470e-02
  2.7609351e-01
  3.5675633e-01
 -2.7732719e-02
 -3.9963386e+00
 -2.7243529e-02
  1.3302375e-01
  1.2126343e-01
 -1.7250732e-02
 -2.2966486e-01
 -8.6207169e-01
  7.6291583e-02
  1.7961678e-01
 -6.0992632e-02
 -5.9390247e-02
  3.4709577e-02
  2.0534623e-01
 -2.5186107e-01
 -5.4734137e-02
 -3.4179690e-01
  2.3205838e-01
  8.8848948e-02
 -5.3028554e-02
 -3.1854239e-01
 -8.0753899e-01
  1.6135243e-01
 -4.0021613e-01
 -4.0771443e-01
 -1.8585408e-01
  1.7991272e-01
  1.5274683e-01
  2.2443664e-01
 -2.9722601e-01
  9.7412604e-01
  4.4770351e-01
 -1.7884593e-02
 -2.7720854e-01
 -3.4585571e-01
 -4.3238354e-01
  1.9888923e-01
 -5.0418001e-02
  4.6004832e-02
  1.5716240e-01
  7.4977130e-01
  3.0165700e-02
 -1.6843259e-01
 -5.7007056e-01
 -1.1957754e-01
 -1.1752898e-01
 -1.8054447e-01
  9.1062903e-02
  1.5676367e-01
 -2.8768164e-01
 -5.0118059e-02
  4.9286131e-02
  3.0002511e-01
 -4.6584709e-03
  1.6108200e-01
 -2.1914588e-01
  5.9750505e-02
  1.7486852e-01
  4.0902324e-02
 -2.1022749e-01
 -1.8368043e-01
  3.5056174e-02
  1.5900329e-01
  4.3557850e-01
 -1.1510664e-01
  1.6188994e-02
 -1.3162492e-01
 -6.8432981e-01
  4.1709986e-01
  9.0567142e-02
  8.8962168e-02
  4.5931783e-01
 -1.6962780e-01
  2.5781509e-01
 -8.3274677e-02
  1.7605579e-01
  2.9463088e-03
 -5.2809887e-02
 -7.6118067e-02
  7.5141467e-02
  1.7949037e-01
  2.2619922e-01
  5.1766151e-01
  1.6872393e+00
 -5.8847375e-02
 -8.4601831e-01
  1.3637906e-01
 -5.1279932e-01
  3.5341093e-01
  6.8450212e-02
  2.2379789e-01
  1.0032160e+00
  1.1227857e-01
  2.5036570e-01
  3.7337014e-01
  3.8462430e-02
 -2.5387707e-01
 -5.3627449e-01
 -3.2619748e-02
  1.9675055e-01
  1.1408807e-01
  3.6470510e-02
  5.7263851e-01
 -3.8731536e-01
 -5.6759588e-02
  1.2359790e-01
 -1.0300119e-01
 -1.9719705e-01
  6.6449545e-02
  2.2657858e-01
  2.3681089e-01
 -1.7728657e-01
 -1.7833216e-01
  6.3209020e-02
 -3.0527508e-01
 -7.4069750e-01
  2.3126844e-01
 -2.9242435e-01
  1.9234490e-01
 -1.6723743e-01
 -2.4669057e-01
  4.8999459e-02
  1.6671924e-01
  3.0796636e-02
  2.3042279e-01
  3.2488897e-01
 -1.8990614e-01
  1.1640327e-01
  1.9701573e-01
 -3.1099640e-02
 -3.2907015e-01
 -8.7042630e-02
 -3.5632008e-01
 -3.4263948e-01
 -1.2847792e-01
 -3.0678210e-01
 -1.7032596e-01
 -9.9428482e-02
 -1.4207466e-01
  9.0982318e-03
 -2.9747892e-02
  1.1816798e-01
 -9.6137188e-02
 -5.3784138e-01
  2.3247463e-01
 -3.7818950e-01
 -8.9243546e-02
  2.3660621e-01
  8.6463392e-02
 -1.1990125e-01
  7.8610368e-02
 -2.4495059e-01
  2.0545432e-01
  1.6095215e-01
 -1.4493600e-01
 -1.0743419e+00
  5.0816517e-02
 -3.3395119e-02
  6.7077719e-02
  1.3090348e-01
 -4.7823316e-01
 -6.6490821e-03
  5.7415819e-01
 -4.0230970e-03
 -9.6904105e-01
  1.2750438e-01
 -3.1753716e-01
 -2.5233898e-01
 -3.7148602e-02
  2.2214246e-01
  6.5311533e-01
  2.4372226e-01
 -8.1414789e-02
 -2.4005517e-01
 -9.2509165e-02
 -3.6910978e-01
 -1.6337167e-01
 -4.9255273e-01
  2.0829707e-01
 -1.9418582e-01
  6.8561083e-01
 -2.7361530e-01
  1.8364595e-01
 -1.2478796e-01
  4.9583262e-01
 -2.3559183e-02
  1.2031186e-01
 -6.2365299e-03
  3.3336103e-02
 -5.1469069e-02
  1.4456254e-01
  2.8374502e-01
 -7.2608754e-02
  1.0561389e-01
  3.3068046e-01
  3.6338199e-02
  1.6323113e-01
 -1.4428114e+00
  2.5347361e-01
 -3.1130376e-01
  2.6768986e-02
 -1.6418104e-01
 -1.9100705e-01
 -1.6936533e-01
 -2.1984592e-01
 -3.2603729e-01
  1.4404809e-01
  2.7059261e-02
 -1.2099632e-01
  3.9040813e-01
 -1.1268978e-01
  1.6297749e-01
 -8.4483318e-02
 -8.6275190e-02
 -2.1069111e-01
  9.8977260e-02
  2.1539003e-01
 -8.6653791e-02
  3.4189871e-01
 -2.9546082e-01
  2.0415783e-01
 -3.8914117e-01
 -1.4977178e-01
  5.7671428e-02
 -1.1182465e-01
 -1.0455411e-01
  2.0474808e-01
  1.3366757e-01
 -2.2162218e-01
  1.6432309e-01
  3.2217190e-02
  6.3577616e-01
 -6.7250574e-01
 -3.4988917e-02
 -1.3844980e-01
 -4.3815859e-03
  1.4145541e-01
  5.8661991e-01
  8.4980866e-03
 -7.3947810e-02
  6.7555290e-03
 -7.3856091e-01
  8.6985063e-03
  3.9606592e-01
 -1.1022805e+00
  7.1684951e-01
 -4.0257755e-01
 -2.2204243e-02
  1.9590741e-01
  4.6286803e-02
 -9.3138856e-01
 -6.0738617e-01
 -2.6622194e-01
  8.7494627e-02
  1.4672503e-01
  1.3022234e+00
 -1.9166923e-01
  2.8706408e-01
  6.1449397e-01
 -1.5421651e-01
  1.2599766e-01
  1.6025367e-01
  3.4458727e-01
  2.4768105e-01
 -7.2833663e-01
  7.2981983e-01
 -9.8534606e-02
 -6.3938236e-01
  1.6855757e-01
  3.3709836e-01
  3.7505697e-02
 -3.9639106e-01
  6.8522459e-01
 -5.8714058e-03
 -8.0045152e-01
 -9.9411532e-03
 -1.9003487e-01
  3.8305160e-01
 -2.7519485e-01
  1.1822548e-01
 -2.6559407e-01
 -1.9019163e-01
 -1.1302711e+00
 -6.9760811e-01
 -2.1742725e-01
  8.5952669e-02
 -5.2894378e-01
 -3.0890298e-01
  2.1732429e-01
 -1.7775422e+00
  2.5650299e-01
  1.2877169e-01
 -2.4641821e-01
  5.8196133e-01
  3.0939859e-01
 -3.6382712e-02
  3.2239504e-02
 -2.2683324e-01
 -1.8812594e-01
  5.7885647e-01
  2.0178767e-02
  1.3788080e-01
 -1.8824816e-01
 -5.5208482e-02
  7.3916125e-01
 -6.4229548e-01
 -1.8283451e-01
 -5.7455480e-01
  5.2998595e-02
  2.0567997e+00
  5.9611672e-01
  2.6811686e-01
 -2.1010627e-01
 -5.3589068e-02
 -1.3743657e-01
  4.0877414e-01
  3.0702075e-01
 -7.1655118e-01
  2.7575795e-02
 -4.6345565e-01
 -3.2063234e-01
 -2.2534002e-01
  5.6049985e-01
  5.4108250e-01
 -1.0796455e-01
  4.9278766e-02
 -7.0905000e-01
  6.6106558e-01
  1.3151705e+00
  1.5051500e+00
 -7.6131231e-01
 -3.2382917e-01
  8.8406481e-02
  4.9089149e-01
  2.9294804e-01
  8.2585204e-01
  1.2249787e-01
  1.5301282e+00
 -9.2008129e-02
  4.0840206e-01
 -1.9511300e-01
  3.8422024e-01
  1.5474004e-01
  1.2406356e-01
  1.0100144e-01
 -6.8437737e-01
  8.0208145e-03
 -2.3485391e-01
 -1.6818945e-01
  1.5359128e-01
 -5.0007457e-01
  1.9546028e+00
  3.8113248e-02
 -1.5582602e-01
  1.1939500e-01
  8.5012443e-02
  6.5238172e-01
  4.5999400e-03
  4.9797766e-02
  3.7486872e-01
  1.1924598e-01
 -1.6740920e-01
 -3.1997949e-01
  5.5617541e-03
  7.8026488e-02
 -8.6342335e-02
 -6.0701013e-01
  5.3327043e-02
  5.1698345e-01
  4.2347446e-02
 -1.7578763e-01
 -5.6067508e-01
 -3.3367512e-01
 -5.1065463e-01
 -6.3870472e-01
  1.1445132e-01
  2.9578429e-01
 -2.5920802e-01
 -6.1047342e-02
  2.6461087e-02
  2.8731441e-01
 -6.8475282e-01
  5.2139115e-01
  8.8904776e-02
 -1.4152753e-01
  6.2520921e-01
 -3.5864553e-01
 -7.8184314e-02
 -2.3571031e-02
  3.4875068e-01
 -3.2181382e-01
 -1.7395278e-02
 -1.0422166e-01
  4.7155985e-01
 -3.1937397e-01
 -2.1255147e-01
  9.4197556e-02
 -1.1252239e+00
 -4.4627205e-02
 -2.2552560e-01
 -3.0555183e-01
 -4.2436925e-01
 -3.3934081e-01
  2.4054339e-03
 -8.1221426e-01
  2.4035902e-01
  2.2212225e-01
  4.3264058e-01
  6.3342237e-01
  3.1902120e-01
  4.2673397e-01
 -1.4365816e-01
  1.5616471e-01
 -1.7642245e-02
 -1.2325913e-01
 -8.7039489e-01
 -9.6147108e-01
  5.4937613e-01
 -7.0813745e-01
  1.5412550e-01
  1.5517485e-01
  1.7788249e-01
 -1.5155382e-01
  4.8253709e-01
 -1.2679242e-01
  1.6608459e-01
 -7.4983284e-02
 -1.2936033e-01
 -6.7591714e-03
  1.0110269e-01
  2.7000460e-01
  6.9941503e-01
  2.9736501e-01
  9.0672262e-03
 -3.1656459e-01
 -4.5637820e-02
  2.1867292e-01
  8.9142305e-01
 -3.0714336e-01
  1.4600650e+00
  8.6188525e-02
 -3.8568455e-01
  2.7598229e-01
  4.9882486e-01
  1.1347675e-01
 -8.5335642e-02
 -1.0413072e+00
  4.9864626e-01
 -2.4404110e-02
  9.1390558e-02
  1.2259731e-01
 -7.4057138e-01
  3.9302686e-01
  8.6341910e-02
 -1.0916785e-02
  1.4299922e-01
 -3.0729061e-01
 -8.5100926e-02
 -3.2635695e-01
  2.6694715e-01
  6.5662876e-02
  1.8720739e-01
 -2.0928487e-02
 -3.2757673e-01
 -6.8284196e-01
  1.1228991e-01
  3.0858319e-02
  6.0048666e-02
  1.4807896e-01
 -3.4582451e-01
 -3.8179614e-02
 -9.7829834e-02
 -1.8921663e-01
  1.5555012e-01
  3.8228726e-01
 -8.0849260e-01
 -4.1687023e-02
  1.1240943e-01
 -3.8349256e-01
  2.0280272e-01
 -2.8764126e-01
  2.4832559e-01
 -1.2663126e-01
  1.2175377e-01
  3.5698658e-01
 -3.5124311e-01
  6.8531120e-01
  6.1387116e-01
  2.4964191e-01
 -1.6706774e-01
 -9.5376074e-02
  6.7139959e-01
  3.0217978e-01
  1.8622920e-01
  5.1813617e-02
  7.3759623e-02
  7.8760147e-02
 -4.2691481e-01
  2.2319646e-01
  2.9406980e-01
 -1.8429294e-01
  8.4768611e-01
  6.5882318e-03
  4.9730986e-02
 -3.3401290e-01
  9.0193737e-01
 -7.0097171e-02
  2.6779258e-01
 -1.5492220e-01
  2.6637167e-02
  1.9361521e-01
  9.3606979e-02
 -5.4383695e-02
 -6.3479953e-02
  1.2865496e-01
  8.3192758e-02
  2.7132264e-01
  1.3806480e-01
  1.6495557e-01
  7.0752293e-02
  7.4918121e-03
 -9.4269708e-02
 -1.6652410e-01
 -3.3001149e-01
 -1.2616515e-03
  4.9002748e-04
  1.8883300e-01
  3.6176670e-01
 -3.1620118e-01
  1.0915969e-01
 -2.8349102e-01
 -1.1599413e-01
 -2.8839855e-02
 -8.6746909e-02
 -3.6496037e-01
 -1.8113022e+00
 -8.8549197e-02
  6.5463707e-02
 -4.7056431e-01
  2.3249108e-01
  1.0262730e-01
 -9.2417377e-01
 -8.3284438e-02
 -1.2468305e-01
  2.1367668e-01
 -7.8680307e-02
 -3.4090705e-02
  1.3478461e-01
  9.8163083e-02
  3.0882677e-02
  6.2880743e-01
  1.1825869e+00
  1.2059725e-02
 -2.0105842e-01
  3.6000352e-02
 -9.7064137e-02
  4.1092735e-02
  5.7721663e-02
  6.7715123e-02
  7.2028793e-02
 -1.2265818e-01
  2.7747950e-01
 -5.6263769e-01
 -1.8049178e-01
  3.6144835e-01
  6.5031075e-01
 -4.5868927e-01
 -4.7864996e-02
 -5.1089489e-01
  6.6918486e-01
  5.2368855e-01
 -4.9746908e-02
 -1.4319973e-01
  7.1126759e-01
 -9.1253407e-02
 -8.6050421e-02
  2.9607219e-01
  2.1308559e-01
 -3.9685047e-01
 -2.1193656e-01
 -2.6987505e-01
  2.4498400e-01
 -3.5665154e-01
  1.2683682e-01
 -3.8526830e-01
 -3.1545228e-01
  8.2019873e-02
 -1.0903466e-01
 -2.4337104e-01
  4.2095490e-02
 -1.0096450e+00
  5.8138853e-01
  1.9237945e+00
  7.5778246e-01
  1.4966303e-01
  1.5443449e+00
  1.2521385e-01
  8.9376646e-01
  3.3465952e-01
 -2.0245889e-01
 -6.4341760e-01
  2.3047160e-01
 -1.6957521e-01
  9.4876361e-01
 -1.3622150e-02
 -7.1918756e-01
 -3.9682619e-02
 -3.2778633e-01
 -8.4326005e-01
 -4.7396177e-01
 -1.3613398e-01
  1.5996328e-01
  8.0887282e-01
  8.5343897e-02
 -9.7480163e-02
  1.4881206e-01
  2.1345237e-02
 -1.5626141e+00
 -7.5673237e-02
 -9.8914104e-03
 -2.9539767e-01
 -5.1339084e-01
  1.5956825e-01
  1.3324022e-01
 -1.2843733e-01
  5.5285859e-01
 -1.7651320e-01
 -8.6638797e-03
 -1.9477561e-02
 -7.0769608e-02
  1.2047172e-01
  9.1907168e-03
  7.7840489e-01
  2.3477428e-02
  3.2256693e-03
  2.0506132e-02
  9.9131111e-03
 -4.7667256e-01
 -4.5289356e-01
 -6.2773371e-01
  5.5119097e-02
 -8.3355978e-02
 -8.5641652e-01
 -3.8321006e-01
 -5.9084159e-01
  7.1495414e-01
  4.5048702e-01
  2.7748596e-02
 -4.1559141e-02
  4.4265592e-01
  3.8769294e-02
  2.3708867e-01
  3.5356557e-01
  9.8609127e-02
  6.5926284e-02
 -2.0379543e-01
 -1.6145059e-03
 -3.3505133e-01
  4.6818912e-02
  1.3809979e-01
 -4.0419471e-01
 -4.1536808e-01
 -3.3272281e-01
  2.2176899e-01
  6.5550798e-01
 -6.1594531e-02
  4.6010962e-01
  1.8776347e-01
  3.3745229e-02
 -1.3458408e-01
  8.4262326e-02
  1.8312091e-01
 -2.6734328e-01
  2.8907692e-01
 -3.8813013e-01
  3.6087915e-02
  2.0177737e-02
  2.4931358e-01
 -2.1087907e-01
 -3.5340849e-01
 -4.1721249e-01
  6.5633523e-01
 -2.1751200e-01
  5.1371121e-01
  1.1647575e-02
 -4.5940819e-01
 -1.4213057e-01
 -1.3125511e+00
  8.8226363e-02
 -2.0068106e-01
 -3.6801168e-01
  7.2281855e-01
  6.1006814e-02
  1.0046498e-01
 -4.3603101e-01
 -1.2402952e-01
 -2.6790503e-02
  1.2210193e-01
 -4.0658680e-01
  4.1225582e-01
  1.2209009e-01
 -2.5554806e-01
 -3.5181865e-02
 -4.4285774e-01
 -1.1581198e-01
 -9.6825443e-02
  3.9400077e-01
  1.5612755e-02
 -1.5190919e-01
 -4.7341391e-01
  1.5823078e-01
 -2.8416204e-01
  3.1541747e-01
  1.8417659e-01
  9.0812400e-02
 -1.3707928e-01
  2.4798791e-01
 -7.6233572e-01
  3.1538494e-03
  3.3994064e-01
  4.8360802e-02
 -2.0308362e-01
  1.6384219e-01
 -3.9609703e-01
 -7.1660597e-03
  8.8939965e-01
  8.6466655e-02
  1.9861999e-01
 -2.5404784e-01
 -1.9265495e-01
 -4.5786646e-01
 -1.6725050e-01
 -9.1974854e-02
 -3.2516807e-01
 -1.9309690e+00
 -2.5844445e-02
  1.5714493e-01
 -1.0077925e-01
  4.5020470e-01
  3.9174983e-01
  3.8400128e-01
 -3.0054802e-01
  2.3989864e-01
  1.9943435e-01
 -6.1229247e-01
  1.6371389e-01
  3.8663272e-02
 -7.6552808e-02
 -2.8189462e-01
  1.0552112e+00
 -3.4687170e-01
  1.7448144e-01
 -7.6297328e-02
  4.0914351e-01
  2.4454048e-01
  1.7911215e-01
  1.1885297e-01
 -1.3769224e+00
 -3.4091127e-01
 -3.0236173e-01
 -2.6523584e-01
  9.9529345e-03
  4.0853303e-02
 -3.1673411e-01
 -3.9290318e-01
  9.9550977e-02
 -8.8749602e-02
 -1.4408815e-01
 -3.0813020e-01
 -6.6881537e-02
 -1.1583588e-01
  3.0271435e-01
 -1.9437906e-01
 -2.7047881e-01
  3.6434817e-01
  5.9261195e-02
  6.3510221e-01
  8.2855964e-01
 -5.3652674e-02
 -2.2034228e-01
  3.3553034e-01
 -7.1081400e-02
 -7.6780252e-02
 -3.5327917e-01
 -1.9943626e-01
 -2.8042093e-01
  5.2174503e-01
  3.3115768e-01
 -1.6154456e-01
  1.4322267e-01
  5.6394225e-01
 -3.3053121e-01
 -5.2383851e-02
  6.4478618e-01
  4.8944853e-02
  2.8930569e-01
 -2.7623755e-01
  1.3909163e-01
 -1.0913403e-01
  9.7019188e-02
  1.2489594e+00
 -1.6639049e-01
  1.1895641e-01
 -2.5688154e-01
 -2.5345393e-02
  5.8982529e-02
 -2.1768463e-01
 -1.5108439e-01
  4.2271471e-01
 -1.2331477e-01
  2.1544244e-02
  7.7324748e-02
  5.9764009e-02
 -6.5755886e-01
 -3.1770301e-01
 -6.4806670e-01
 -2.2644281e-01
  3.9073861e-01
  3.3320418e-01
 -1.0517234e-01
  4.2085364e-02
  6.5257812e-01
 -1.6572121e-01
  1.1644527e-02
 -4.9642894e-01
 -2.1848762e-01
 -2.8088447e-01
  5.3589713e-02
  1.7008376e-01
  4.2422622e-01
  1.3427329e+00
  3.4055058e-03
  2.4717836e-01
 -4.0454036e-01
 -7.8607909e-02
  3.3846700e-01
  1.2831798e-01
 -3.6095282e-01
  1.3701697e-01
  1.5082136e-01
  3.1221643e-02
  5.5551481e-01
  1.5323973e-01
 -1.8942931e-01
  5.8750784e-01
  6.4280885e-01
 -6.2069893e-02
 -1.4520951e-01
 -2.1272227e-02
  2.0429071e-02
 -3.2714856e-01
  7.9777613e-02
  1.0116955e-01
  8.1900969e-02
 -8.2919836e-02
  7.1989834e-02
  1.8892619e-01
 -3.8955396e-01
 -5.2793592e-01
 -1.0277241e-01
 -3.1318983e-01
 -6.8235897e-02
  4.3114784e-01
 -1.7287198e-01
 -3.0294847e-01
  1.2955666e-03
 -5.3912950e-01
  1.6115409e-01
  2.1536873e-01
  4.4080830e-01
  1.0793473e-01
  5.4915618e-02
 -4.3411672e-02
  6.2805176e-02
  2.6672708e-02
  3.2911009e-01
 -9.3832634e-02
 -8.4527180e-02
  1.9174066e-01
  4.7943287e-02
  5.8633590e-01
  4.3243822e-03
 -1.5022424e-01
  3.5620189e-01
 -8.4804878e-02
 -3.3297265e-01
 -3.0274341e-01
  3.5338339e-01
  4.6673620e-01
  1.1738509e-01
 -5.0309516e-02
  5.9411466e-01
  3.4600911e-01
 -4.8239660e-01
  4.0097612e-01
  5.0937128e-01
  4.1079807e-01
 -1.3949737e-01
  3.3113730e-01
  1.7979713e-02
  1.4160332e-01
 -3.4993359e-01
  2.7441782e-01
  3.5958723e-03
  4.6998841e-01
 -2.1109053e-01
  2.4813823e-01
  2.8073144e-01
 -2.9809156e-01
  7.8565747e-01
 -2.5678772e-02
  2.7335900e-01
  9.6980207e-02
 -2.7186310e-01
 -2.1039557e-01
  1.1278789e-01
  2.5184059e-01
 -1.4085546e-02
  1.3434099e-01
  2.3740571e-02
  2.1155734e-02
 -2.1938537e-01
 -2.8573537e-01
 -1.2839797e-01
  2.7544302e-01
  1.6785245e-02
 -4.1199049e-01
  1.6310205e-01
  4.3521360e-01
 -2.0509155e-02
 -3.4246767e-01
 -4.5098421e-01
  1.7960295e-01
 -4.9718130e-01
  4.3082625e-01
 -1.7901373e-01
  2.9458556e-01
  2.0053048e-01
  2.0390931e-01
  5.8019120e-01
 -2.7620103e-02
  2.7365583e-01
 -6.7301303e-02
  6.5394931e-02
 -3.5850532e-02
 -5.5111957e-01
 -4.6813571e-01
 -3.8131997e-01
  2.6348165e-01
 -5.1599854e-01
  4.5966411e-01
 -6.2192839e-01
  4.2337887e-02
 -7.4198887e-02
 -5.5168027e-01
 -2.0010908e-01
  1.8571016e-01
  1.3222471e-03
 -2.6160568e-01
 -4.8596613e-02
 -1.8834689e-01
 -3.4120667e-01
 -2.1924402e-01
 -2.2770116e-01
  2.3796870e-01
  2.4430528e-02
  2.1822593e-01
  2.0576328e-02
  8.4777474e-02
  1.4352675e-02
  9.4997352e-01
  2.0268265e-02
 -5.5593841e-02
  4.5794755e-01
  1.2641938e-01
  5.3625464e-01
 -5.1966660e-02
 -2.3662366e-01
  1.1304966e-01
 -8.8583760e-02
 -2.9341793e-01
  6.8274895e-03
 -2.3372869e-01
  6.8498202e-02
 -2.0261827e-01
 -2.0452392e-01
 -4.3450528e-01
  9.9236622e-02
 -5.9188849e-01
  5.8020085e-01
  7.6498285e-02
  1.3048565e-01
  1.1921517e+00
 -4.6492833e-01
  1.4160039e-02
 -4.9868155e-02
  1.1291500e-01
 -8.4024757e-02
 -4.9202487e-01
  7.1985728e-01
 -2.8390926e-01
 -2.6973450e-01
  2.3951823e-01
 -2.0989420e-01
  5.2861553e-01
 -1.3230801e-01
  8.4374696e-02
  2.4975823e-01
  7.6633024e-01
 -1.2772052e-01
 -6.5844461e-02
  2.9319993e-01
 -2.5694105e-01
  2.2172651e-01
 -4.2734001e-02
 -1.5431064e-01
 -4.1551250e-01
 -4.7071120e-01
  1.5937537e-03
  7.5558901e-01
 -4.2151406e-01
  3.3472728e-02
 -3.8787231e-02
  1.3371053e-01
  4.2633519e-02
 -3.7538683e-01
 -1.9615324e-01
 -1.0178027e-01
  8.0723867e-02
  2.4248098e-01
  5.0592268e-01
 -2.5221574e-01
  4.0247053e-02
 -2.0632927e+00
 -3.2990433e-02
  3.3519197e-02
  4.4974193e-01
  3.5484144e-01
  1.8246880e-01
 -8.9993946e-02
 -4.5493580e-02
  1.0625769e-01
 -2.3248215e-01
 -1.2532085e-02
  7.6439917e-02
 -4.2455405e-01
 -1.5375668e-01
 -2.7347380e-01
  6.1319124e-02
 -5.8459419e-01
  5.5325136e-02
  2.0938201e-01
 -1.6605042e-01
  2.4175031e-01
  9.8651331e-03
  2.1989855e-01
 -1.6194238e-01
 -3.4336081e-01
 -3.1302083e-01
  3.3699328e-01
 -3.0394089e-01
 -5.6515232e-02
 -1.8228233e-01
  7.4523017e-03
 -2.6110497e-01
 -1.8001547e-01
  4.9241129e-01
 -1.0893122e-01
  2.3481472e-01
 -1.8808755e-01
  2.1440856e-01
  9.0913244e-02
 -3.6206892e-01
  1.8645895e-01
 -2.0884521e-01
  1.0471889e-01
 -7.1837738e-02
 -4.7121310e-01
 -1.1193899e-01
  3.6930552e-01
  2.4203667e-01
 -3.6990646e-01
 -7.4283707e-01
 -1.6955543e-02
  3.2692957e-01
 -1.4012904e-01
 -8.9322194e-02
 -3.4704936e-01
  8.5315776e-01
 -3.9854082e-01
 -3.0317211e-01
  3.3942457e-02
  2.0691983e-01
 -1.6266340e-01
 -7.9106468e-01
 -7.8951471e-02
 -1.5706536e-01
 -3.0823690e-01
  7.0491463e-02
 -1.7089354e-01
  2.4271888e-01
  1.3223163e+00
  5.7375038e-01
 -9.9077232e-02
  1.5371630e-01
  3.1851649e-02
 -5.5838913e-01
  8.8842183e-02
  5.9856808e-01
  2.3557149e-01
  1.8254934e-01
  1.5645020e-01
 -2.2513656e-01
  4.9174324e-02
 -8.0216974e-03
 -2.1232456e-01
  1.2338988e-01
 -9.9232540e-02
 -5.1594730e-02
 -5.4832250e-03
  5.2042805e-02
  8.5269177e-01
 -1.3956283e-01
  3.8823089e-01
  7.2843067e-02
 -1.4684705e-01
 -5.1653129e-01
 -8.7721013e-02
 -1.1074354e-02
  1.9525662e-02
 -2.2152011e-01
 -8.7553218e-02
  9.1380095e-01
  2.9405745e-02
  1.4474526e-01
 -3.6718899e-01
  3.7673673e-01
 -2.2632408e-01
 -4.7157478e-01
 -2.0400742e-01
  5.2255732e-01
  6.9363099e-01
 -5.5301559e-01
 -1.3526912e-01
 -3.6611715e-01
 -6.2688953e-01
 -3.2391804e-01
 -4.0581565e-02
  1.2343256e-01
 -4.0117763e-02
 -8.2909358e-01
  4.1426921e-01
  7.1019620e-02
  2.4609278e-01
 -1.3515501e-01
 -4.9390769e-01
  1.0567521e-01
 -8.7214574e-02
  3.0703777e-01
 -2.0457786e-01
  3.4914866e-01
 -1.6580634e-01
 -1.6794641e+00
 -1.4169524e+00
  4.1454624e-02
  9.0170676e-01
  1.2281135e+00
 -6.9685239e-01
  1.5197977e+00
 -5.2791190e-01
 -8.2034087e-01
 -2.2223100e-01
 -1.0433207e-01
  6.5138884e-02
  1.2270652e-01
 -4.2675412e-01
  6.8125910e-01
 -1.8541057e-01
 -1.0470631e+00
 -6.4575315e-02
 -1.8797271e-01
  9.6767539e-01
 -4.2789695e-01
  1.1620969e-01
  5.1023227e-01
 -9.1964656e-01
  1.5632330e-01
 -1.9910297e-01
  4.0289532e-02
 -4.6465820e-01
  3.1852505e-01
 -5.1011324e-02
 -5.8419549e-01
 -3.2633823e-01
 -2.6882863e-01
 -2.1489802e-01
 -7.1449362e-02
  4.8432446e-01
 -2.0777982e-01
 -1.0839791e-01
 -1.3072673e+00
 -1.1703040e-01
 -2.7650383e-01
  5.2773111e-02
 -2.5024503e-01
 -3.9597279e-01
  1.2280530e+00
  4.5394754e-01
 -2.6788445e+00
 -2.5452471e-01
 -2.8868809e-01
 -9.8699284e-01
 -3.2108214e-02
 -1.1537001e-01
  3.6058521e-01
 -1.0560379e-01
 -1.8090968e-01
 -9.5902181e-01
 -5.7906401e-01
 -8.7865427e-02
  2.8012848e-01
 -2.0657173e-01
  8.0100244e-01
  1.1107566e-02
 -4.1759286e-02
  2.2262331e-02
 -1.3178693e-01
  6.6018158e-01
  5.2682978e-01
  7.2975289e-03
 -6.2410474e-02
  6.2345892e-02
 -7.0868570e-01
 -3.1822857e-01
 -8.7120003e-01
  1.4102834e-01
  2.7523720e-01
 -7.1631128e-01
 -1.2175754e+00
 -1.4509664e+00
  7.6251656e-01
  3.7015024e-01
 -1.6647299e-01
  1.2003301e-01
  3.7130558e-01
  8.9958954e-01
 -6.7613924e-01
  1.9838437e-01
  1.9859575e-01
  2.9138821e-01
 -2.1442343e-01
  8.0535483e-01
  9.7731084e-02
  2.0368710e-01
  8.4049982e-01
  3.4427412e-02
 -9.7687203e-01
  5.2351568e-02
 -1.8683605e-01
  1.4097708e+00
 -2.3301535e+00
 -5.8750713e-01
 -4.3907437e-01
 -5.6592578e-01
  9.2196487e-02
  3.6319384e-01
 -2.5644183e-02
 -7.3017009e-02
  3.9041522e-01
 -2.7687965e-02
  7.6230001e-01
  1.1595303e-01
  2.5250331e-01
  6.4722173e-02
 -1.6632542e-02
  6.2053124e-03
 -8.5295923e-03
  1.1102579e+00
  2.4623483e-01
 -3.2472888e-01
 -9.1931902e-02
  2.0806765e-02
 -1.0088205e+00
 -7.2724916e-02
  1.9580586e+00
 -9.8540157e-02
  2.2983257e-01
 -1.0876989e-01
 -9.4019175e-02
 -4.4439554e-01
 -1.2096690e+00
 -1.0311775e+00
  1.7952196e-01
  5.6177270e-01
  1.3566130e-01
  5.5757934e-01
 -1.4296952e-01
  1.4319533e+00
  2.6154403e-02
 -6.8999201e-02
 -5.3481013e-01
 -1.1806415e+00
  2.2385611e-01
 -3.3711323e-01
  9.8041552e-01
  2.6185846e+00
  1.6157591e+00
 -1.8542354e+00
 -6.1392319e-01
  1.1861753e+00
 -3.3004215e-01
 -3.7023184e-01
  2.5290707e-02
 -4.8817039e-01
 -1.9361083e-01
 -1.1784923e-01
  4.8525739e-01
 -3.9676158e+00
 -9.8575479e-01
 -5.7801241e-01
 -2.3117009e-01
 -2.1155442e-01
  2.7921662e-01
  6.4881212e-01
 -3.2450438e-01
  2.6590495e+00
 -8.7943923e-01
 -5.6522673e-01
 -3.2696780e-02
 -6.7507112e-01
 -1.2647948e-01
 -7.2079360e-02
 -7.3948699e-01
  1.0466454e+00
 -3.6842871e+00
 -9.1898203e-01
  6.1754443e-02
  1.0374055e+00
  3.2047696e-02
 -5.5160196e-03
 -9.2681354e-01
  1.0585432e+00
 -5.6155336e-01
 -1.9170350e-01
  1.0142393e+00
 -1.9850087e-01
 -8.3126926e-01
 -1.4922149e-01
  1.1712179e+00
 -1.2436311e+00
  4.2573532e-01
  1.5340273e-01
 -5.1525259e-01
 -4.7751749e-01
 -4.7920859e-01
 -1.1872826e+00
  7.7681035e-01
  2.9605137e-02
 -1.2541028e-02
  1.5068210e+00
 -7.0170867e-01
 -8.2314253e-01
  1.5039282e-01
 -2.0249344e-02
  8.4775493e-02
 -2.7770799e-02
  7.5697929e-02
  1.1876056e+00
 -3.4248093e-01
 -1.8309399e-01
 -2.0987962e-01
 -1.2042011e+00
 -6.4478576e-01
 -5.8091819e-01
  5.2815187e-01
  4.7238767e-03
 -3.0703855e-01
  2.1043360e+00
 -5.1026896e-02
  2.1143742e+00
  4.5972627e-02
  7.4463731e-01
  8.3302754e-01
  1.2387201e+00
  1.2224009e+00
 -2.1190684e+00
 -2.3431357e-02
 -4.3294948e-02
 -8.5227120e-01
  7.8597307e-01
  4.9804765e-01
  1.4316426e-03
 -1.3561693e+00
 -3.8136682e-01
 -4.5193186e-01
 -3.4400877e-01
  3.9024830e-02
 -4.1606280e-01
 -1.2812813e-01
 -1.3765818e+00
 -6.7399614e-02
  1.1519264e+00
  3.8064206e-01
 -3.1092274e-01
 -3.0779710e-01
  1.3615612e+00
  1.3705163e-01
  1.9999403e-01
  3.4922406e-01
  3.1503013e-01
 -3.6273904e-02
  1.5645262e+00
  6.2255341e-01
 -7.7577382e-01
 -3.3228743e-01
  9.2970300e-01
  8.6085486e-01
 -3.5665773e-02
  2.5103775e-01
 -4.2909688e-01
 -1.0909432e+00
  6.0103846e-01
 -1.4197011e+00
 -1.9079462e+00
  8.1985809e-02
  1.9338338e+00
  2.0221434e+00
 -2.3292623e+00
  9.9575883e-01
  4.6778664e-01
  7.9085034e-01
  8.4267724e-01
 -2.5213274e-01
 -1.6462803e+00
 -7.1514809e-01
  1.1784552e-01
  2.3644896e-01
 -1.8024559e+00
  1.9814671e+00
 -5.9217566e-01
 -5.3303367e-01
 -1.8274021e-01
  8.2406801e-01
 -3.7028661e-01
 -4.2962769e-01
  1.4814810e-01
 -1.3392154e+00
 -6.2956697e-01
  4.6150780e-01
  3.1835053e+00
 -2.5238344e-01
 -6.9306058e-01
  5.7682753e-01
  2.9396442e-01
  1.0046748e+00
 -1.9001469e-01
  3.0061367e-03
 -3.3053622e-01
  9.1535562e-01
  3.2684699e-01
 -5.0678134e-01
  3.7360615e-01
 -1.4522272e-01
 -1.6528776e-01
  5.5203938e-01
 -1.9689062e+00
 -1.0678723e+00
  1.5985639e-01
 -1.4105272e-01
 -4.5735501e-02
 -7.4495196e-02
  2.9914439e-02
 -1.9728725e-01
 -8.9087236e-01
 -2.5526528e+00
  2.0324335e-02
 -6.2492270e-02
 -3.5969400e-01
  8.7809080e-01
  5.2461255e-01
 -2.5350803e-01
  1.1758474e-01
  1.6816863e-01
 -1.5992882e+00
 -7.7216244e-01
 -2.3084037e+00
 -2.4397999e-01
 -3.1772542e-01
 -3.4784812e-01
  6.8208045e-01
 -1.0458837e-01
 -4.0781638e-01
  3.0521423e-01
 -2.1068354e+00
  2.8511703e-01
  1.3802454e+00
 -3.1686580e-01
  1.1609006e+00
  4.2060342e-01
  1.3241386e+00
 -1.0310038e+00
 -6.0376793e-01
  1.7733439e+00
  6.1186147e-01
 -1.1643507e-01
 -1.4147269e+00
  1.0354470e+00
 -2.6296435e-02
 -8.1193429e-01
 -1.7819061e+00
 -2.2327807e+00
 -1.1927634e+00
  2.5527748e-01
 -1.9909667e+00
 -2.3944340e+00
  2.3265524e+00
  5.9597772e-01
 -1.0004715e+00
  1.5011164e+00
 -6.9338687e-02
  3.5384992e-01
  5.8801156e-01
  1.4742929e-02
  3.3648520e+00
 -8.0683571e-01
  9.6132213e-01
 -5.9284627e-01
 -1.3324816e+00
  2.0516068e-01
 -3.3326980e-01
  3.7133966e-02
  7.3960441e-01
  3.0681019e+00
 -2.1454012e+00
 -1.0141724e-01
  4.4063485e-01
 -1.1339209e+00
  1.1967227e+00
  3.7022984e-01
  1.3548272e+00
 -9.8550260e-01
 -9.1431715e-02
 -2.2590158e+00
  5.9505010e-01
 -1.7952884e+00
 -1.3970271e+00
 -5.8638793e-01
  8.8589504e-02
 -6.5933323e-01
 -1.1367404e+00
 -2.1129820e+00
 -1.3252251e+00
 -3.6493647e-01
  1.0683146e+00
 -5.8398861e-01
 -8.0310345e-02
 -6.1338991e-01
  9.7058052e-01
  3.4908306e-02
  3.0749556e-01
 -1.0145162e+00
 -1.5323739e-01
 -4.2515449e-02
  7.0630080e-01
 -1.1012051e-01
 -2.6976240e-01
  4.8472106e-01
  2.3712423e-01
 -7.3175907e-01
 -2.3634882e+00
 -2.9239315e-01
  8.3332288e-01
 -5.4483794e-02
 -2.4680126e-01
  2.2967094e-01
  2.3892405e+00
  4.8119929e-01
  1.2540747e-01
  7.8764394e-02
  5.7448351e-01
  2.8676093e-01
 -8.4695452e-01
 -6.0707045e-01
 -2.8795903e+00
 -4.6843839e+00
 -6.3188624e-01
  2.0637639e-02
  8.1163473e-02
 -9.7376436e-01
 -2.5854090e-01
 -2.4389924e-01
 -5.0599867e-01
  9.3083113e-02
  2.4994032e-01
 -5.4566115e-01
  3.8537225e-01
 -2.4728234e+00
 -1.2636812e+00
  3.9553153e-03
 -5.0948226e-01
 -7.0752347e-01
 -4.3817034e-01
 -4.4282743e-01
  7.5515404e-02
  1.6871220e-01
 -9.8979965e-02
 -1.5075456e+00
 -6.0786325e-01
 -1.1645512e-01
 -6.5814793e-01
 -1.4124997e-01
  1.5001556e+00
  9.0722620e-02
 -4.8587340e-01
 -4.5884842e-01
 -2.3408324e-01
 -1.4279670e+00
 -7.3476589e-01
  2.5186222e-02
 -9.5887280e-01
  1.8067788e+00
 -2.3813474e+00
 -4.8235190e-01
 -1.3217854e-01
 -4.9256402e-01
  3.8002986e-01
  3.0139631e-02
  1.5006753e-02
 -5.5693543e-01
  3.3370882e-01
 -1.0268509e-01
 -2.8387671e+00
 -1.2887995e+00
  1.1345973e+00
 -3.7055191e-01
 -1.1564096e+00
 -8.0410993e-01
 -2.6645610e+00
  1.6937270e+00
  2.3736181e+00
  1.1187833e-01
  2.6360295e+00
  1.3461095e+00
 -5.8181632e-01
  1.3074389e+00
 -1.6829884e-01
  8.3746797e-01
 -1.1496717e+00
 -1.4591943e+00
 -6.9935367e-02
 -1.0664740e+00
  1.2074258e-01
 -1.4566643e+00
 -2.1979018e-01
  1.0325907e-01
  3.3074825e+00
 -3.3626637e-01
  3.8504297e-01
 -3.4462389e-01
  1.9634151e+00
  1.8308669e-02
  5.2222729e-01
  1.5167320e-01
 -2.7340826e-01
 -3.4688395e-01
  3.5906515e-01
  7.1433789e-01
 -9.0472922e-02
 -7.6429762e-02
  2.2218313e+00
 -6.8657184e-01
  3.8750443e-01
 -2.1594377e-01
  2.1148644e-01
  1.0303367e+00
 -5.5551434e-01
  1.4980267e+00
  4.1648960e-03
  4.7326243e-01
  1.1492314e-01
  7.9687893e-01
 -2.2821896e-01
 -3.6893892e-01
  2.5016874e-01
  1.7963316e+00
 -3.2413416e-02
  1.7971933e-01
 -2.9155025e-01
  7.9285377e-01
 -9.7260751e-02
  8.1668025e-01
  2.4629897e-01
 -1.0138257e-01
  3.8647071e-01
  4.4109139e-01
  1.5428329e+00
  1.1194910e+00
 -1.2683922e-01
  1.1213518e+00
 -2.4121001e-02
  1.7014616e+00
  1.5991123e-01
  2.4007279e-01
  1.2008125e+00
 -3.3356729e-01
  2.4301705e+00
 -9.1282189e-01
  8.1842053e-01
  5.4150045e-01
  1.1914912e+00
 -1.0677549e-01
  2.2300155e+00
  6.6852111e-01
  4.6935216e-01
 -3.3350411e-01
 -7.9024017e-01
  5.5931675e-01
 -1.6129916e+00
 -1.2221948e-01
  1.4829975e-01
  2.8188056e-01
  5.7099998e-01
  1.5875709e+00
  1.7978927e-01
 -1.4571234e+00
  1.5177015e+00
  4.6278736e-01
 -1.2072645e+00
 -8.1798804e-01
 -1.2221000e-02
  1.2599935e-01
  1.2039356e-02
  6.3271236e-01
 -3.2443395e+00
  1.0186790e-01
  1.8018574e+00
 -1.6995109e+00
  4.1680267e-01
  1.8084674e+00
 -1.8707461e+00
 -2.0375209e-01
  1.3977735e+00
  9.7419715e-01
 -1.7719078e+00
  1.2487957e+00
  1.8588628e+00
 -7.1861970e-01
 -9.3216419e-02
  1.2712533e+00
 -5.3288037e-01
 -6.8939239e-01
  2.0945551e+00
 -4.7916821e-01
 -1.7882619e+00
  1.9316281e-01
  2.1566288e-01
  8.1384122e-01
  1.8217567e+00
  3.6668104e-01
 -2.0812316e+00
  4.1777548e-01
  1.7668338e+00
 -9.8368311e-01
 -7.0672899e-01
 -1.3829394e-01
  6.1248732e-01
 -7.8858292e-01
  1.3029876e-01
 -2.1543045e+00
 -1.9114274e+00
 -1.6635549e+00
  8.9500368e-01
  6.7943674e-01
  5.2703828e-01
  9.3034446e-02
 -2.4192667e-01
 -1.0767580e+00
 -6.4243621e-01
  1.6270113e-01
  2.3451321e-01
 -2.6044721e-02
 -1.2803733e+00
 -7.8089303e-01
 -3.5285166e-01
  8.7676711e-02
  8.0716807e-01
  2.0550814e+00
 -6.7545480e-01
  9.3124700e-01
  4.7672263e-01
 -2.4652896e+00
 -1.6104601e-01
 -2.9255286e-01
 -3.5380715e-01
  1.3678253e-01
  2.2877990e-01
  1.2832098e+00
  1.2782953e+00
  1.4841191e+00
  1.9114783e-01
  2.4071898e+00
  1.4308062e+00
 -2.6266465e+00
 -1.2256060e+00
  4.1878146e-01
 -4.9222279e-02
 -1.1960579e+00
  1.8886675e-01
  2.9822159e-01
 -1.5119100e-01
 -1.9519767e+00
  1.9987434e+00
 -1.4864806e-02
  3.4255180e-01
 -1.0718743e+00
  1.9506801e+00
  3.4965703e-01
 -9.1024166e-01
 -2.4329610e+00
  3.2786113e-01
  1.3782643e-01
 -1.1962556e+00
 -2.0229130e+00
 -2.9115725e-01
  2.6013550e-01
 -9.7179693e-01
 -9.4682145e-01
 -1.3355755e+00
  4.9433368e-01
 -4.2616355e-01
  3.5566497e-01
  8.6838591e-01
 -1.3504579e+00
  4.4016761e-01
 -1.4201710e-01
 -1.9732916e+00
  2.0182106e+00
  3.3765426e-01
  3.3514184e-01
  9.6630668e-03
 -1.3248755e-01
 -3.4003314e-02
  9.7553784e-01
  2.5429444e+00
 -2.2148159e+00
  1.1260350e-01
  4.6295759e-01
 -2.5838818e-02
  2.9023628e+00
 -1.6355409e-01
  8.3932006e-01
  1.0826175e+00
 -4.9623829e-01
  1.5036322e-01
  5.1040339e-01
  2.2620730e+00
 -2.5735476e+00
 -7.1124989e-01
  6.1597291e-02
  3.8002917e-01
 -2.8212593e+00
  2.1869409e-01
  1.0321593e+00
 -1.2436024e+00
  9.4707429e-01
 -1.4285398e-01
  4.3662152e-01
  4.0239510e-01
  1.8331414e-02
  3.8416013e-02
 -9.4705760e-02
  1.6757201e+00
 -7.1554422e-01
 -3.5365868e-01
  1.2543114e-01
  9.9951077e-01
 -1.1060477e+00
  3.5138169e-01
 -6.6409403e-01
 -1.0037421e+00
 -1.9433181e+00
  2.0257193e-01
 -6.1050618e-01
 -1.0738853e+00
 -8.1801766e-01
  1.1998038e+00
 -4.9908078e-01
 -4.3436117e-02
  3.8685374e+00
 -2.1680996e+00
 -3.5292156e-02
 -3.9529856e-02
 -4.1707587e-01
 -6.9903411e-02
 -1.2777076e+00
  9.1972850e-02
 -2.0964718e+00
 -5.5185586e-01
  6.1996065e-02
  7.2152269e-01
  2.1602297e-01
 -1.3510571e+00
 -1.3009332e+00
 -6.2045324e-01
 -4.8798186e-01
  1.8361726e+00
 -6.9365954e-01
 -7.8699911e-01
  6.9196475e-01
  2.2272997e+00
  5.6504565e-01
 -2.4527770e-01
 -2.9229906e-01
  5.5249250e-01
 -1.0745243e+00
  6.3457173e-01
 -4.3118405e-01
 -1.0188619e+00
 -5.3338969e-01
  9.8395616e-01
  1.5390866e-01
 -1.1267554e-01
  1.2897272e-01
  6.8764043e-01
  6.9330984e-01
  6.7975467e-01
 -1.2143277e+00
  2.6756093e-01
  2.1964306e-01
  4.3430716e-01
 -1.3428233e+00
 -8.9091808e-02
  2.4763601e+00
  6.1473924e-01
 -1.7192656e-01
 -3.1988078e-01
  1.9531307e+00
 -2.4374250e-01
  2.8435892e-01
 -6.1286914e-01
 -2.7405283e+00
  7.7311474e-01
 -4.1474390e-01
  1.7494700e+00
 -9.8498262e-02
 -2.2689798e+00
 -1.0181611e+00
  1.5503739e+00
 -1.3397400e+00
 -8.8583207e-01
 -2.5868365e-01
  1.0790081e-01
 -1.2986752e+00
 -5.0890226e-02
 -2.4582675e-01
  5.5229545e-01
 -2.9075086e-01
 -1.3876042e+00
 -5.4591638e-01
  2.1361274e-01
  3.0218078e-02
 -4.0015021e-01
  8.3951533e-02
 -1.9091465e-01
  1.7288433e-01
  7.1609437e-01
 -2.0864478e-01
 -8.2230055e-01
  1.0820235e+00
  1.2083544e+00
  1.7685896e-01
 -3.3326334e-01
  1.4977919e+00
 -1.7421810e-02
  2.6445785e-01
 -7.4502401e-02
  5.5586541e-01
 -8.4273803e-01
 -9.6160844e-02
  1.1484693e-01
  3.4276791e-02
 -6.3440901e-01
 -1.2869151e-01
  1.7009556e-01
 -6.9492984e-01
 -8.5541147e-01
  5.8685285e-01
 -2.6361393e-02
 -1.9598119e-02
 -2.5614741e-01
 -6.6427076e-01
 -7.8893602e-01
 -1.5324423e-02
  9.6414101e-01
  1.6376451e+00
 -1.2916663e+00
  1.7568974e+00
 -2.5564010e+00
 -1.8251872e+00
  6.0032439e-01
 -6.3859159e-01
  1.2417616e+00
  9.1194570e-01
  8.5135198e-01
  2.4214186e-02
  3.1154447e+00
  1.9640242e+00
  5.6033656e-02
  1.8058578e+00
  8.6795247e-01
 -3.7077688e-02
  1.0680372e+00
  6.6550535e-01
 -2.6911369e-01
  6.2885955e-02
  2.0950470e-02
  2.6633078e-01
 -1.0670695e+00
 -3.0970651e-01
  1.4146148e-01
 -7.0142245e-01
 -9.2056775e-01
 -1.9616437e-01
 -3.8867933e-01
 -2.8766012e-01
 -3.2002512e-01
  1.1526740e+00
 -3.1763017e-01
  4.9607757e-01
  2.2487935e-02
  2.0373099e+00
 -1.7795801e-01
 -3.9331812e-02
  7.1103945e-02
  8.8433731e-01
  2.1835096e-01
  7.6322579e-01
 -4.9142379e-01
  9.7895318e-01
 -2.0675082e-03
  2.7012008e-01
  6.7721099e-02
  7.3824382e-01
 -2.8477609e-01
 -5.8250582e-01
  1.0599180e+00
 -7.0898086e-02
  1.1106077e+00
  3.4956852e-01
 -1.3383299e-01
  3.2466702e+00
  7.4852502e-01
  6.1614561e-01
 -8.8570011e-01
  2.1720952e-01
 -7.4356407e-01
 -7.2177224e-02
  4.0877211e-01
  1.6613581e+00
  7.9249036e-01
  3.8870999e-01
 -2.5952646e-01
 -2.8617482e-03
 -6.7765705e-02
  6.2303960e-01
  1.1906224e-01
  9.4059259e-01
 -6.6342628e-01
 -9.1901767e-01
  9.3511784e-01
  4.2013437e-02
 -4.5553666e-02
 -4.8602322e-01
 -4.9555087e-01
  2.8838956e-01
  5.0207114e-01
  3.8129640e-01
  7.6371300e-01
  4.2039454e-01
  8.3109811e-03
  2.8340325e-02
  1.0344604e+00
 -6.4936891e-02
  2.7201246e-02
 -2.1103531e-01
  1.1605151e+00
  4.1591730e-02
 -1.2554257e+00
  3.3721250e-01
 -1.4128420e+00
 -9.9228673e-02
  9.8720659e-04
  1.7819238e+00
 -7.8501427e-01
 -7.8385398e-02
  5.1982588e-01
 -7.9687154e-01
  1.8188499e+00
 -1.9471776e-01
  3.6484462e-01
  2.0020516e+00
  4.6151921e-01
 -1.2941781e+00
  1.2399998e-01
  2.1027772e+00
  1.2236674e+00
  1.9892797e+00
 -2.1392550e-01
 -9.1808182e-01
 -7.0364964e-01
 -1.6376086e+00
 -1.8562944e-01
 -1.0840952e-01
 -1.2749847e+00
 -6.9886381e-03
 -4.3092823e-01
  2.9622061e+00
 -1.6622512e-01
  2.5019453e+00
  2.1033473e-01
  2.2640757e-02
 -5.2448791e-01
 -5.8005333e-01
  2.6010184e+00
 -1.7306757e+00
 -5.0906050e-01
 -4.1600758e-01
  1.7109425e+00
 -1.4282049e+00
 -1.8930265e-01
  3.5621998e-01
  2.1542847e-01
  1.0159950e+00
 -2.1277039e-01
 -1.3483162e-01
 -4.4887751e-01
  6.6003555e-01
 -8.0232164e-03
 -3.5193366e-01
  1.7928956e-02
  1.7928956e-02
  1.7928956e-02
  1.7928956e-02
  1.7928956e-02
  1.7928956e-02
  1.7928956e-02
  1.7928956e-02
  1.7928956e-02
  3.4313183e-02
  3.4313183e-02
  3.4313183e-02
  3.4313183e-02
  3.4313183e-02
  3.4313183e-02
  3.4313183e-02
  2.7671870e-02
  2.7671870e-02
  2.7671870e-02
  2.7671870e-02
  2.7671870e-02
  2.7671870e-02
  2.7671870e-02
  1.3580502e-02
  1.3580502e-02
  1.3580502e-02
  1.3580502e-02
  1.3580502e-02
  1.3580502e-02
  1.3580502e-02
  5.7021868e-03
  5.7021868e-03
  5.7021868e-03
  5.7021868e-03
  5.7021868e-03
  5.7021868e-03
  5.7021868e-03
  1.1793899e-02
  1.1793899e-02
  1.1793899e-02
  1.1793899e-02
  1.1793899e-02
  1.1793899e-02
  1.1793899e-02
