nep4 2 Cu Se 
cutoff 7 5 100 44
n_max 8 6
basis_size 12 12
l_max 4 2 0
ANN 50 0
  1.1830629e-03
  7.2880568e-05
 -5.9051340e-04
  5.6652876e-04
  4.3403055e-04
  1.4195501e+00
 -6.7032682e-04
  1.1732440e-03
 -9.2043006e-04
 -6.7338860e-04
 -1.2076793e-03
 -1.1437284e-04
 -1.2500728e-03
 -4.8985332e-04
 -4.4319456e-04
 -4.8283886e-04
 -3.1919114e-04
  6.3268328e-04
 -4.8211479e-04
 -8.1702496e-04
 -3.5139496e-04
  3.4776199e-04
 -5.6407892e-04
  6.7663577e-04
  1.8045889e-03
  9.0490235e-04
 -5.2908022e-04
  1.2213034e-03
 -8.8097452e-04
  5.3610307e-05
  3.2782188e-04
 -1.1496059e-04
 -8.1683823e-04
 -2.6715847e-04
  2.6318161e-03
  3.4932620e-04
  1.5787069e-03
 -9.9646766e-04
 -5.1062671e-07
 -2.2223798e-04
  2.3860511e-04
 -6.0884026e-04
 -9.0572808e-04
 -1.1190814e-03
 -1.5088340e-04
  1.7294470e-03
 -6.4501196e-01
  1.6149714e-03
  9.3050027e-01
  1.1316387e-01
 -4.0762033e-04
  3.5489732e-04
  6.1929825e-04
 -6.4271688e-04
 -5.7496087e-05
 -4.8111088e-04
  1.1416792e-04
 -1.4672878e-03
 -1.1048178e-06
  1.1001412e-04
  1.7879125e-04
 -4.5194267e-04
  2.0767983e-04
 -2.9706542e-05
  2.4669993e-04
 -5.9026812e-04
 -4.3713363e-04
  3.6350713e-05
 -5.7089819e-05
  1.6920597e-04
 -1.9340834e-03
  1.2134197e-03
  7.8354473e-04
  6.1561645e-04
 -1.1107156e-03
  5.1240693e-04
  1.2553030e-03
 -3.9412704e-04
  1.3798708e-05
  1.5274544e-03
 -6.5168913e-04
  3.4696169e-04
  7.2723831e-04
  6.8220694e-04
  1.5452858e-03
 -5.9086841e-04
  5.6165474e-05
  1.2719660e-04
 -5.5300683e-04
  7.8083645e-04
 -3.1794742e-04
  5.7549070e-04
 -7.7703409e-04
 -5.4131780e-04
  2.0891428e-05
  6.7018566e-04
 -1.4330293e-03
  2.6093054e-04
 -4.4008734e-04
 -1.7452735e-04
  6.1058061e-04
  2.1678154e-04
 -1.8801303e-04
 -4.7695643e-04
 -6.0795178e-04
  1.7685280e-04
  8.6539512e-06
  3.0285754e-04
  1.4471404e-04
 -4.9472443e-04
 -2.1230452e-01
  5.4681749e-04
  8.6996246e-05
 -1.2618689e-03
  1.1507835e-03
 -2.7627853e-04
 -1.2445249e-04
  4.3756416e-04
 -1.1714223e-03
 -1.1718810e-03
  1.6377060e-04
  4.3853224e-04
 -3.3621283e-05
  1.1520279e-03
 -2.4019906e-04
 -1.3483728e-04
 -3.5227608e-04
  5.2901101e-05
  2.1460082e-04
 -6.5417684e-05
 -1.0535216e-03
  4.6295478e-04
  7.3739293e-04
  5.8763253e-05
 -3.0337629e-05
  1.5016928e-04
  1.2082708e-04
 -1.9166949e-04
 -2.4062613e-04
  4.2876677e-04
 -1.2569004e-04
 -7.9144468e-04
 -5.7397858e-04
 -5.1730522e-04
 -2.8532435e-05
 -3.4756173e-05
  1.7669005e-03
  4.8710586e-05
  5.3209369e-06
 -1.9532831e-03
 -1.8978430e-03
 -1.3526127e-04
 -3.1338222e-04
  9.8431658e-05
  7.3050015e-04
 -1.2367509e-03
  1.6643244e-04
 -5.5823744e-05
  2.8237710e-03
  1.8733350e-04
 -3.8739861e-04
 -4.5763142e-04
 -6.5307360e-04
  3.4029357e-04
 -4.1721782e-04
  9.5137837e-04
  7.1286969e-04
  5.8603456e-04
  1.1205285e-04
 -1.1301163e-05
  4.2321897e-04
  6.4669200e-04
 -3.6702660e-04
  1.0771676e-03
  1.2456645e-03
  4.2205123e-04
  7.5915118e-04
 -5.6493731e-04
  1.1944171e-03
 -3.6024125e-04
  6.1657396e-05
  1.0355212e-04
 -6.9066195e-04
 -3.8574051e-04
 -1.1668153e-03
  1.0252650e-03
  1.3238487e-03
 -4.7258753e-04
 -3.9951506e-04
  4.7924605e-04
 -6.9605286e-04
  5.4641660e-06
 -4.1871483e-04
  7.8065385e-04
  1.1944606e-04
 -3.1606079e-04
 -1.1537195e-05
  8.4085949e-04
  1.0125008e-03
  1.0834071e-03
 -1.0866598e-03
 -5.6664884e-04
  2.1471527e-04
 -1.3988233e-03
 -1.8822819e-04
  4.6225591e-04
 -7.4798707e-05
 -5.4124463e-04
 -8.0142682e-04
  1.5804614e-03
 -3.5103946e-04
  5.5413938e-04
 -5.0286786e-04
  2.4247289e-04
 -2.8170375e-02
 -5.8302912e-04
  1.3354488e-04
 -4.8747726e-04
  1.6864498e-04
  2.1775514e-04
 -1.8926463e-01
 -4.0842515e-01
 -2.8983226e-01
  7.7881828e-02
  1.5524541e-01
 -6.2685688e-03
  2.0842034e-01
  6.2516160e-02
 -2.5419876e-01
 -1.2100523e+00
  4.0757859e-01
 -1.5420895e-02
  1.4002526e-01
 -3.8421485e-01
  2.2897308e-03
 -6.4741355e-01
 -4.1487110e-01
 -1.3354908e-01
 -9.8465391e-02
 -2.0481108e-01
  1.4898140e-04
 -1.4211147e-01
 -3.4528024e-02
 -3.1020865e-01
  6.0220639e-04
  2.3130672e-01
 -1.6849741e-01
 -1.2554200e-02
 -6.8387702e-02
  1.8540300e-02
 -5.0654614e-01
  1.1257521e-03
  1.5978707e-02
 -2.3592792e-02
  1.2800989e-01
  6.9873605e-04
 -1.5591679e-03
 -6.3592620e-02
 -2.0507382e-01
  1.6185522e-01
  2.1391714e-01
  1.3494437e-02
 -1.3563304e-01
  4.4451334e-02
 -7.9093921e-01
  8.4862374e-02
  4.2159775e-01
  5.1890731e-01
 -1.7205879e-01
  5.5157363e-01
  2.5194729e-02
 -1.7392628e-01
  1.1292611e-01
  2.3421682e-01
 -4.4519547e-01
 -4.5165670e-01
  2.9598472e-01
 -3.0158269e-01
  2.8000152e-02
  1.0317653e+00
 -2.6243684e-01
  9.1695443e-02
 -6.8215978e-01
 -6.2986851e-02
  1.9142053e-01
 -4.4700393e-01
  2.9035947e-01
  4.1454372e-01
  3.2745320e-01
 -6.4297974e-01
  9.3469113e-02
  3.5439393e-01
  7.3212802e-01
  3.2491985e-01
  7.9274243e-01
  4.8965856e-04
 -3.6917102e-01
 -1.5476216e-01
  6.9448060e-01
 -3.1857213e-01
  1.5896901e-01
 -5.4797328e-01
  3.1081498e-01
 -1.3750197e-01
 -1.6682969e-01
  3.1964105e-02
  1.8647502e-01
 -5.3147305e-02
 -7.0142624e-04
  6.5617537e-04
 -1.2344051e-03
  2.9929797e-06
 -3.0811166e-03
 -3.5409503e-02
 -2.5313413e-03
  5.4706226e-04
  2.6099072e-04
  7.1896362e-04
 -7.8873316e-05
 -9.5590064e-04
  1.2025636e-04
 -2.8789439e-04
  6.1464380e-05
 -1.0421657e-04
 -2.1837594e-05
 -6.3033606e-04
 -9.9487323e-04
  2.7806190e-04
  2.7443122e-04
 -5.1330030e-04
 -4.4250261e-04
  1.1614586e-04
 -1.6349757e-03
 -1.2196687e-03
  4.1139089e-03
 -1.3389600e-04
 -2.3070590e-03
 -2.5835034e-04
 -2.5533447e-03
 -5.3555553e-04
 -2.9407482e-04
 -8.3296245e-04
  4.8503105e-04
 -1.6145444e-03
  1.5346905e-03
  5.5228104e-04
  2.5555040e-04
 -5.4045136e-05
  5.6768476e-05
 -2.9482623e-03
 -5.5771967e-04
  7.0143586e-01
 -1.5762378e-03
 -2.4718230e-04
  1.1821721e-01
  1.0824029e-03
  5.5646291e-05
  6.4159569e-04
  5.6182628e-04
 -9.5956330e-04
 -2.8689581e-04
 -2.8581018e-04
  8.1978360e-04
  4.4121989e-03
 -1.5933543e-03
  2.0832091e-03
 -1.3322370e-03
  1.8212938e-04
 -4.3029472e-04
  2.4599000e-04
 -1.1973325e-03
  1.3097109e-04
 -5.6664640e-04
 -3.5214744e-04
  5.8520589e-05
 -7.5881090e-04
 -5.3626190e-06
 -4.3504973e-05
 -8.5750734e-04
 -4.3435660e-04
 -7.3359936e-04
  3.4984085e-05
  2.4797802e-03
  1.8110066e-03
  6.3129526e-04
 -5.6445890e-04
  1.0341485e-03
  9.2974538e-04
 -6.0432038e-04
  2.4302313e-04
 -4.7625008e-04
 -1.0087085e-03
 -2.2782135e-04
 -3.0928029e-05
  4.9678507e-05
  3.3292436e-04
 -3.1111610e-01
  3.1615949e-01
  9.6188468e-01
  6.4613693e-03
 -4.7354177e-03
  1.2092337e-02
 -9.6353240e-02
 -8.1532990e-04
 -2.4241770e-02
 -1.0036970e-04
  1.3915554e-03
  6.3735917e-02
  1.7678691e-03
 -1.3808065e-05
  2.7890617e-03
 -7.8282412e-04
 -8.2714565e-02
 -1.2760307e-04
 -4.2336646e-01
 -1.6341218e-03
 -6.8254553e-02
  2.3061366e-04
  1.2573510e-01
  4.0744506e-03
 -1.6231732e-04
  1.3300967e-02
 -2.9201895e-01
 -4.7583714e-02
  2.0781694e-01
  7.9188025e-01
  3.3226481e-04
  5.7799844e-03
  6.1577607e-02
  2.1240659e-01
 -1.3108263e-04
  1.6174784e-03
  2.0836622e-01
  1.1011173e-03
 -7.9271654e-03
 -5.6445366e-05
 -2.3263833e-04
  9.9758315e-04
 -1.0651221e-03
  3.0242663e-04
 -8.6339685e-04
 -1.9989943e-04
  1.6582465e-04
  9.0756512e-04
 -3.2783987e-04
 -6.3122176e-02
 -5.7885179e-04
  6.9041946e-04
 -6.0541532e-04
 -4.6857574e-04
 -7.5374765e-04
 -1.0331627e-03
  3.3631979e-04
  1.4425102e-03
  7.0752570e-04
 -1.2811604e-03
 -7.7527373e-05
  6.4700394e-04
  4.8806935e-05
  2.1831325e-04
 -6.8003911e-04
 -8.0911268e-06
 -1.1577106e-04
 -1.0411448e-03
 -4.5567489e-05
  5.7238311e-04
  1.6199921e-03
 -6.9800776e-04
  7.6504133e-05
  2.7904275e-04
  8.2544511e-04
 -1.4551512e-03
 -2.9732700e-04
  1.4159150e-03
  8.0308714e-04
 -9.3281933e-04
  2.8361229e-04
  3.7987879e-04
 -8.1745000e-04
  1.4312112e-03
 -6.6293159e-04
  2.4255803e-04
 -2.3848839e-05
  1.3121484e-03
 -6.2380254e-04
 -1.5321456e+00
 -1.7854117e-01
 -7.3418900e-02
 -1.2975091e-03
  1.1997947e+00
 -2.3104146e-02
  7.7674918e-02
 -6.9594520e-05
 -5.8423122e-04
  5.0963339e-04
 -8.8712135e-05
  7.8421712e-05
 -9.7609147e-02
 -5.3529511e-04
 -2.0314746e-02
 -4.6501067e-01
 -1.3616229e-04
 -1.2392513e-01
  2.3585832e-05
 -3.5483044e-04
 -4.1382131e-04
  5.6036696e-04
 -1.7664984e-02
 -6.0680485e-04
 -1.8234898e-01
  2.6623549e-02
  1.8485717e-04
 -2.4976838e-02
 -4.8853637e-04
 -3.4843679e-04
 -7.8538759e-04
 -2.4681923e-03
 -2.0712782e-02
  5.4396545e-03
 -1.6394256e+00
 -9.9647557e-05
 -5.4722128e-04
 -1.6530327e-04
 -5.0215865e-04
 -1.7472768e-03
  7.5146835e-04
 -2.2147608e-04
  3.5864461e-04
  9.3232530e-01
  2.1734275e-01
 -6.5167874e-02
  3.9563832e-01
  6.0764021e-01
 -3.1621274e-01
  5.2144250e-04
 -5.1407772e-01
 -1.4496931e+00
  1.1284319e-01
  2.0461637e-04
 -3.5049686e-01
 -2.7456200e-03
  7.3715043e-01
  2.6354424e-05
  7.6307386e-01
  8.8438702e-01
 -3.5193507e-03
  1.0068057e-01
  1.6763501e-02
  1.1683378e-01
  5.6151079e-04
  1.0731931e+00
  3.7803522e-01
 -3.4488312e-03
  1.2769409e-01
 -1.0378376e+00
  1.9154182e-01
 -4.8239544e-04
 -2.0033354e-01
  3.3720180e-02
  5.5605348e-04
  3.7137911e-01
 -8.5153733e-04
 -2.7163327e-04
 -1.8063720e-03
 -7.2707504e-02
 -5.3372973e-04
 -2.8638315e-05
 -4.7101285e-02
 -5.0438626e-05
 -2.7749168e-03
  1.0749401e-03
 -5.6001695e-04
  2.0497467e-01
 -7.2349477e-01
 -1.1213033e+00
 -1.9958039e-01
  1.4432365e-01
 -7.0212805e-01
  6.4125217e-02
  2.7207166e-01
 -9.1731623e-03
  9.7748750e-01
 -5.5133021e-03
  3.5142366e-05
 -6.4466042e-03
  1.8844714e-03
 -9.7607452e-05
  2.3598723e+00
 -2.4693022e-02
 -3.3402934e-03
 -3.1094006e-01
  5.2648592e-01
  2.1257791e-01
 -9.4735876e-02
 -6.9616586e-01
  1.0028486e+00
  5.4265376e-02
  8.8535196e-01
  8.2143652e-01
 -8.2885325e-02
  2.1620499e-01
 -1.5668978e-01
  4.0495422e-02
 -5.1160855e-04
 -5.8759909e-02
 -3.7374792e-01
 -2.3591025e-03
 -1.1829460e-03
 -6.1349454e-03
 -3.1867347e-04
  2.8779982e-03
 -8.7907836e-03
 -1.5694539e-01
 -3.9943602e-04
 -2.4442521e-03
  3.3750081e-01
  1.1295331e-01
 -1.7295724e-02
 -5.3670292e-04
  2.9790198e-04
 -5.0448100e-03
  3.2013821e-04
  1.4541915e-04
 -3.9187248e-04
  4.0863216e-04
 -5.0970833e-05
  1.9354734e-03
 -1.2441445e-04
 -1.4934383e-04
 -5.4630899e-04
 -4.5223121e-04
 -1.5116172e-03
  1.6556935e-03
 -5.3389114e-04
 -6.2970596e-04
  1.3252860e-04
  5.6628964e-04
  2.4785515e-04
 -8.6035707e-04
  5.3948679e-05
  1.6571400e-03
  3.9047183e-04
 -2.6045449e-04
 -3.4769555e-04
 -2.2668435e-05
 -8.6161785e-04
 -8.4621439e-05
 -5.5485041e-05
 -2.6313879e-04
  1.1155977e-03
 -1.0125310e-03
 -5.8867346e-04
  5.1659881e-04
 -1.9293444e-05
 -3.5961255e-04
 -5.9461669e-04
  2.8375100e-04
  1.2015464e-04
  6.6358753e-04
  1.1580379e-03
 -5.6398759e-04
 -6.3311017e-01
  9.9281508e-01
  5.1998055e-01
 -1.6219623e+00
  1.3217686e+00
  3.3400530e-01
 -1.7003725e+00
 -1.9839922e+00
 -7.4180350e-02
  1.0254125e-04
  9.6127048e-02
 -8.6978817e-01
  1.2210506e+00
 -2.5995070e-01
 -9.1481858e-01
  2.1410280e-01
 -1.6235719e-02
  1.8463251e-01
 -1.0835645e+00
 -1.0860698e-02
 -1.5597637e-01
  2.0075297e+00
  2.6481363e-01
  9.9902246e-03
  4.5797232e-01
 -1.4539701e+00
 -1.3600795e-01
  7.0326877e-01
  6.0360849e-01
  7.2715603e-02
  3.0752332e-03
  1.6720963e-01
 -7.3129910e-01
 -6.3391834e-02
  4.7825295e-01
  4.6693116e-01
  3.1226128e-03
 -3.5048134e-04
 -3.1188995e-01
  4.2996483e-04
 -4.6347873e-04
 -5.7405821e-04
  9.0083164e-01
 -5.1209140e-01
  1.5000270e-01
 -6.0934224e-03
 -2.3487143e-03
  1.5828706e-03
 -2.2735675e-01
  3.4759447e-04
 -7.2775729e-05
  4.4068345e-03
 -5.4047233e-04
  1.9835925e-04
 -1.4235981e-01
 -3.0840177e-03
  6.0892466e-02
 -2.9645750e-04
 -4.4580964e-05
  2.4120574e-01
 -5.7964574e-04
  5.5351731e-04
  2.1771196e-02
  2.5418214e-03
  1.1784378e-02
 -1.2910749e-03
 -1.7632489e-04
 -1.7663486e-03
  1.4268183e-03
 -5.9349429e-02
  4.2928964e-02
 -1.0851475e-03
 -1.2802985e-01
  1.1496489e-03
 -4.8211482e-04
 -3.6877414e-04
  9.6519332e-04
 -1.5211898e-03
 -1.1761337e-04
 -4.9868628e-04
 -5.4780638e-04
 -4.0957879e-04
 -2.8490480e-03
 -2.6327181e-03
  1.8901643e-04
  7.3385413e-04
 -1.3166619e-04
 -7.1026408e-04
 -2.7825264e-04
  1.9210106e-04
 -2.8155555e-04
 -5.7486474e-04
  6.0503505e-02
 -6.1494327e-04
 -4.1955087e-04
 -1.9656231e-03
 -7.1010232e-04
  2.9214902e-03
  1.8335887e-03
 -1.0700483e-03
 -2.0036889e-04
 -1.1589575e-04
  7.9060468e-04
 -6.0569076e-04
 -4.7888758e-04
 -8.5501606e-04
  1.2743674e-04
  7.1593618e-05
 -1.9304527e-04
  1.4080764e-04
 -2.2302845e-03
  3.7466700e-04
 -4.5455169e-04
  2.9421100e-04
 -1.3080380e-03
  3.1612936e-04
 -9.3893573e-04
  5.5335945e-04
 -1.0522941e-05
  2.0571794e-04
  5.8520789e-05
  5.0071231e-04
 -5.6898466e-04
 -1.6933352e-04
  6.5602252e-04
 -1.0020642e-03
 -1.4117379e-04
  1.1239506e-03
  9.7241672e-04
  5.5146582e-05
  8.4503711e-04
  3.7653092e-04
 -4.6445685e-04
 -1.4019932e-03
 -1.0715177e-03
 -5.4861256e-04
 -1.0993281e-04
 -1.6033922e-04
 -3.0722501e-04
 -4.8801315e-04
 -1.5521505e-03
  6.6740766e-05
 -2.3218745e-04
 -1.1855176e-03
 -7.5572060e-04
 -5.3264713e-04
  1.7387702e-04
  4.9171573e-04
 -2.2656021e-04
 -2.3046974e-05
 -1.0150626e-03
 -6.9017918e-04
 -6.5802393e-04
  1.2860904e-04
  1.5188556e-03
 -4.9768813e-04
 -1.0467868e-03
  6.2920945e-04
 -2.1741039e-04
  4.8967253e-04
 -3.1716656e-02
  1.3956962e-04
 -1.7332316e-03
  4.1127842e-04
  1.2229002e-03
  6.9322676e-04
 -5.3054077e-04
 -6.5137290e-05
 -6.0400390e-04
 -1.3998374e-03
 -3.6417189e-04
  5.7598227e-04
 -1.5321413e-04
 -1.5675744e-04
  1.0904855e-03
  7.3128650e-03
  1.4991184e-03
  7.7270120e-02
  1.4531657e-03
  6.9533579e-02
  3.7481809e-01
  7.2013674e-04
 -9.8478660e-02
 -1.3605577e-03
  3.3118501e-03
  5.4421966e-05
 -5.8011450e-02
 -5.0235045e-05
  1.5223722e-04
  1.3769814e-04
  1.1605832e-04
  1.2473299e-03
  1.8505659e-03
  1.0147718e-02
  2.4272513e-03
  3.4548420e-01
 -9.3389463e-05
 -3.0770004e-01
 -2.2361285e-04
 -2.6428490e-04
  2.8822004e-04
  2.3759456e-01
  2.2638863e-01
 -5.6864819e-03
 -1.1742374e-01
 -1.9926389e-04
 -2.5563233e-05
 -6.1132867e-02
 -2.1261480e-03
  1.4062811e-03
 -3.6381625e-04
  5.1460513e-05
 -7.6450210e-04
 -7.3251111e-05
  4.4249464e-06
 -4.1345479e-03
  5.2740687e-04
  7.6285575e-04
 -2.1548802e-03
  1.3221644e+00
  7.8634441e-01
  1.2138467e+00
 -5.1788017e-02
  2.3272896e-01
 -1.6623567e-01
 -5.7089347e-01
  1.0723432e+00
  1.8865804e-01
  4.2606357e-01
 -7.9691177e-03
 -1.0547386e-02
  6.7978981e-06
 -1.2956503e-01
 -5.8935356e-01
 -1.8910725e-02
  1.2883327e+00
 -3.0210328e-01
 -6.9502056e-02
  3.5308143e-01
 -4.4027469e-01
 -5.8822805e-01
  3.9787775e-01
  1.5809402e+00
  7.3873311e-02
  4.9042442e-01
 -1.4712614e-01
 -6.5265399e-01
  9.2543691e-04
  3.0080655e-01
  5.4466432e-01
 -4.0523101e-02
  1.9374265e-01
 -5.3815834e-02
 -4.8155141e-01
  3.3789291e-03
  8.5348950e-04
  6.4481515e-01
  1.0198835e-01
 -3.5059988e-01
 -1.4797434e-01
 -5.6600552e-03
 -4.1227178e-03
  3.1046107e-01
  7.5218111e-04
 -3.9938619e-04
  1.1060153e-03
  1.0904609e-03
  2.0543963e-04
  6.9692686e-02
  3.2321145e-03
 -5.6120061e-04
 -6.1419420e-04
 -2.8082388e-04
 -4.5368393e-04
  9.1556774e-04
  1.5594644e-04
 -1.6402979e-03
 -5.9259974e-04
  3.9574513e-04
 -4.7452177e-04
 -8.2093314e-04
  1.2928464e-03
 -3.9270919e-04
  4.5048352e-04
  1.0842201e-03
 -5.7955715e-04
  3.4636294e-04
 -1.3519553e-04
 -6.6732778e-04
 -4.3937733e-04
 -8.0306939e-04
  2.0473589e-04
 -5.2261108e-04
  4.2293503e-04
  7.5660564e-04
 -1.0300034e-03
 -4.5169541e-04
 -1.4556028e-03
  6.2780641e-04
  4.4990366e-04
  8.0699055e-04
 -5.0249946e-06
 -8.3744084e-04
 -5.7124678e-05
  1.6753844e-04
 -3.1645215e-04
 -4.3714468e-04
  2.8388740e-03
 -4.1214831e-04
  1.2384095e-05
  4.8113614e-01
  4.6773478e-03
 -3.0819520e-01
  4.6830889e-04
 -4.4920732e-04
  6.9425866e-04
  1.9318989e-01
 -1.1397339e-03
  3.2955734e-04
  1.3382260e-03
 -6.3659501e-04
 -6.1080529e-05
  6.4198679e-04
 -1.7648769e-04
 -6.8334601e-05
  8.2269660e-04
 -6.8459928e-04
 -5.5413682e-04
 -4.7805923e-05
  5.6965754e-04
  4.6259788e-04
  9.3338912e-04
  2.1047610e-05
 -2.1434751e-04
 -1.7000327e-04
 -1.7207421e-04
 -1.3162072e-03
 -1.4283214e-04
  9.3923684e-04
 -1.0288865e-02
  4.2858615e-04
  2.9856124e-04
 -2.1680225e-04
 -1.2683207e-03
 -1.2869319e-02
  2.3429052e-04
 -1.0021084e-03
  2.1117827e-04
  1.6482747e-03
  8.0400307e-05
 -1.0487732e-03
 -1.2437404e-04
 -2.6464884e-04
 -1.3730765e-04
  2.1093446e-03
  1.0570696e-03
  1.9100927e-01
  4.5375279e-04
  6.6919747e-04
 -1.3935650e-03
 -8.7993679e-04
 -3.4513578e-04
 -1.0548888e-03
  4.3953842e-05
  1.3396129e-05
 -7.2540622e-04
  1.4206795e-03
 -1.3167105e-03
 -5.9146678e-05
 -4.9474486e-04
 -1.1801574e-03
 -9.1053580e-04
 -1.7739128e-04
 -7.0882548e-04
 -1.2024081e-03
  1.6928685e-04
 -1.0375752e-06
 -1.1254051e-03
  1.2570299e-03
 -1.5601944e-03
 -6.9216732e-04
 -3.8018118e-04
  8.1935243e-05
 -3.7794618e-04
  6.8976928e-04
 -3.4688704e-04
  3.3293694e-05
 -8.3809270e-04
 -2.3423260e-04
  2.2491446e-04
  3.4676405e-04
  3.7297906e-04
 -9.6863782e-04
 -2.5912223e-04
 -2.0267491e-04
 -1.2532718e-04
 -7.5982308e-01
 -8.1907153e-02
  4.6268862e-02
  4.3086629e-02
 -2.6453590e-01
 -1.8974467e-01
  7.1165197e-02
 -4.0567819e-02
 -1.8606932e-04
 -1.7466433e-03
  6.6706792e-02
 -1.7387377e-03
 -1.3697449e-03
 -3.5481789e-04
 -3.0321844e-02
 -1.1595666e-01
  3.0620047e-04
 -1.1630845e-02
 -3.7235068e-04
 -2.4680343e-01
  5.5179739e-04
  8.8528997e-01
 -8.1042286e-05
 -3.7260828e-04
  2.4488443e-04
 -4.1131285e-01
 -2.3652459e-02
  4.6675006e-04
  2.3409184e-02
 -6.7469431e-04
 -1.4258112e-05
  2.0257097e-01
  2.7825427e-04
  7.2233905e-03
 -1.0620615e-03
  5.0950696e-04
  1.6249648e-03
  5.4236036e-04
 -7.5553748e-04
 -2.7435244e-04
 -1.0909009e-03
  5.4813054e-04
  1.9283898e-04
 -4.1419134e-04
 -1.4482699e-01
  1.7036201e-01
  1.1848651e-03
  5.7861614e-03
 -1.1007123e+00
 -7.9648639e-04
 -3.8468814e-04
  4.1929728e-04
  2.9912774e-04
  1.1559166e-03
 -1.4032205e-04
  4.3413011e-04
 -2.7716581e-03
  6.2594318e-04
  8.0587124e-05
  2.8312512e-05
 -2.1648668e-03
  9.5473835e-05
  9.2518720e-05
  1.5078181e-03
 -2.0652979e-04
  2.5158201e-04
  3.6317910e-04
 -4.7813868e-04
  1.6879418e-04
 -2.4461334e-03
  4.6225346e-04
  3.5199148e-04
  9.3088730e-04
 -2.4722989e-05
  1.7693407e-04
  1.5215034e-04
  2.4271946e-04
 -5.6441582e-05
 -9.6036638e-05
 -1.8043616e-03
 -5.9839967e-04
 -7.3611026e-04
  7.7655213e-04
  2.3916546e-06
 -6.6029024e-04
  3.7252399e-04
  6.1303208e-04
 -6.4422248e-04
  9.5705513e-04
  1.4138488e-03
 -5.1315685e-05
  1.7777390e-03
  1.2490216e-03
 -1.2469121e-03
  4.1057833e-04
  1.7996490e-04
 -1.0745627e-05
 -8.7298002e-05
  2.7153434e-04
  1.1988429e-04
 -3.0946103e-07
 -2.0940905e-05
  5.6333991e-04
  1.6151569e-03
 -8.3400344e-04
  3.4504980e-04
  2.8659541e-03
  7.4243668e-04
 -1.9256240e-03
  1.3561470e-04
 -5.5234251e-04
  1.8379170e-03
 -9.6709715e-05
 -6.6816015e-04
 -1.4471819e-03
 -6.5460787e-05
  6.8492244e-04
  1.7057930e-05
 -1.1299288e-04
 -2.3283690e-04
  5.6741718e-04
 -3.5649046e-04
  2.7073169e-04
 -7.5778650e-04
 -6.2955421e-04
 -2.5397917e-04
 -1.5838824e-03
  1.6173490e-03
 -6.2229359e-05
  1.2035739e-03
  7.0896529e-04
  6.8316353e-04
 -2.7864543e-04
 -4.4339075e-05
  6.0008038e-05
 -1.0195943e-03
 -1.4417563e-04
 -1.7550642e-03
  5.8768928e-04
 -1.7395148e-04
 -2.2000651e-04
 -6.8212609e-04
  7.4844324e-04
 -7.9780095e-04
  5.8496511e-04
  6.1661372e-04
  1.0085303e-03
  9.1926643e-04
  2.2235638e-04
 -7.4468262e-04
  1.7550401e-03
  3.8225899e-04
 -8.0788613e-04
  1.6794888e-03
 -9.9419779e-04
  5.5595924e-04
 -1.1076387e-03
  1.0888703e-04
  8.3517609e-04
  3.3824984e-04
 -7.7488330e-06
 -1.1909429e-03
  1.1340113e-04
  9.6396665e-04
  2.3819270e-04
  2.3512002e-06
 -1.1824247e-04
 -1.8759436e-04
  9.0801368e-05
 -8.1348990e-04
 -1.1853502e-03
  4.1886081e-04
  1.4673502e-03
 -1.6729101e-03
  2.1795111e-04
  1.7528055e-04
  5.4057944e-04
  1.0137700e-03
  1.5101249e-03
 -4.6678612e-04
  9.1461152e-02
  1.5982493e-03
 -1.0051028e-03
 -1.5668110e-04
  7.3218078e-04
  1.1423985e-04
  2.1813069e-04
 -1.5921996e-04
 -1.4034742e-03
  1.4743204e-03
 -4.5833734e-04
  8.7487377e-04
 -4.8807077e-04
 -2.3959202e-04
 -5.5666413e-04
 -4.1956082e-07
 -1.9310205e-03
  1.8487803e-03
 -1.1994505e-04
 -7.8244868e-04
 -7.4764999e-04
 -1.8743690e-04
 -3.7975944e-05
 -5.2252133e-05
  5.4062728e-04
 -1.6801400e-03
 -4.3578641e-04
  4.2758847e-04
 -8.1743572e-05
 -3.1617322e-04
 -9.8735245e-04
 -2.8678900e-04
 -4.5923778e-04
 -1.3449878e-03
 -3.4709350e-04
  2.9173234e-04
 -1.0680552e-03
 -5.4779739e-05
 -2.5854515e-05
 -2.9891389e-04
 -3.1629868e-05
  3.2785232e-04
  3.2043096e-04
 -7.1009301e-05
  2.6725451e-04
  1.9855222e-04
  2.3960246e-04
  1.3032742e-03
  4.1346718e-04
  4.0073070e-04
 -1.8345029e-04
  9.0256763e-05
  8.8502129e-04
  2.6311306e-04
  3.5879930e-04
  2.4633965e-04
  5.1906356e-04
 -2.0146626e-04
 -1.0738310e-03
 -2.0483627e-04
 -7.2676421e-04
 -6.5025920e-04
  1.0245539e-03
 -3.9107483e-04
 -5.8595103e-04
 -3.0358077e-04
 -5.0188974e-06
  7.8857702e-04
 -1.0145918e-02
  8.1594608e-04
  8.2846658e-05
 -2.1096459e-04
  3.2228802e-04
 -5.0222914e-04
 -1.5633897e-04
 -3.3317335e-04
 -3.4636824e-04
 -6.6796492e-04
  6.4998494e-05
  1.3069842e-03
 -1.0150204e-04
  5.9942860e-04
 -7.9221616e-04
  4.9143698e-04
  9.7052066e-04
 -3.0701172e-05
  2.0524308e-04
 -1.8374124e-04
 -1.1944392e-01
 -2.7523164e-04
 -2.1273432e-04
 -1.0454934e-04
 -2.9357383e-05
 -5.6298793e-04
 -2.2879604e-04
  8.2994427e-04
  9.6456992e-05
  3.2890245e-04
 -5.8913464e-04
 -5.5191590e-04
 -2.9087780e-04
 -2.6022946e-04
 -4.9490284e-04
  2.4563179e-04
  3.0023113e-04
 -1.7714035e-04
 -1.9122849e-03
  5.4101634e-04
 -4.4088905e-05
  2.7533842e-04
  6.0856534e-04
 -7.5621455e-04
 -1.1356400e-03
  4.9004063e-04
  6.6965679e-04
 -1.3837692e-03
 -8.2373153e-06
  1.0320991e-04
 -2.9715535e-04
  5.5718771e-04
 -8.0180663e-04
 -7.2137901e-04
  9.2482183e-04
  1.6186887e-04
  3.3440709e-05
 -2.6713370e-04
  1.9667027e-04
  3.6646664e-04
  7.5280012e-05
 -3.8099808e-01
  1.4356944e-04
  8.2732690e-04
 -3.7207227e-04
  8.5159863e-04
 -1.3479505e-04
  7.6059936e-05
 -1.2363673e-03
  5.9078797e-04
 -4.3444260e-04
 -1.4262522e-03
 -2.8097874e-04
 -6.6757071e-05
 -3.3029352e-04
  3.5683511e-04
  3.3249882e-05
 -1.7951010e-04
  3.4045519e-03
  6.8067870e-04
  6.3265324e-01
 -3.1495659e-04
  9.7372953e-04
 -5.7043356e-04
 -7.5563753e-04
 -4.3539883e-04
  2.2638202e-04
  5.0791656e-04
 -9.9868677e-04
  2.4224482e-04
 -6.8211649e-04
  1.4227759e-03
  4.0252024e-04
  1.4845147e-03
 -3.8224703e-04
 -3.1068987e-05
  2.4951488e-04
 -5.1970821e-04
 -1.7520157e-04
 -2.5057152e-04
 -1.7030304e-03
 -3.0168961e-04
  2.6483275e-04
  2.2590885e-01
  2.1453489e-01
  8.8336021e-01
 -9.9839844e-02
 -1.7985116e-01
 -1.0144083e-01
  6.9261557e-01
  6.5814722e-01
 -2.8910157e-01
 -2.4036787e-01
 -2.3718804e-01
  3.4786737e-01
 -4.0995271e-04
 -7.9663768e-02
  3.3448078e-02
  8.8488273e-02
 -6.6003335e-01
 -7.8128062e-02
 -2.9317627e-04
 -1.7380954e-01
 -6.6711924e-05
 -4.8328939e-01
  6.3296431e-01
 -5.6921756e-01
  1.4968574e-02
  2.3560002e-02
 -4.0333980e-01
  9.0462223e-02
 -5.7385396e-02
 -2.1364172e-01
 -4.4525798e-02
 -4.0223397e-04
  8.0727711e-02
 -1.3318128e-04
 -1.8779199e-01
 -3.0901132e-03
 -5.2238125e-01
 -4.1490468e-01
  2.1118039e-01
  4.3611360e-01
 -3.1470045e-02
 -1.2033725e-04
 -9.9885708e-04
  8.6699031e-02
 -7.4520227e-05
  2.9074637e-02
 -5.9810084e-01
  2.2667550e-04
 -9.6921751e-04
  4.2177007e-01
 -3.8095456e-04
 -4.3860586e-05
  6.9354533e-04
 -6.5372663e-04
  9.3694907e-05
 -2.9049060e-04
  5.0177360e-01
  5.4871931e-04
  4.4329723e-04
 -2.1813931e-03
  1.8035837e-03
 -1.0411801e-03
  5.7382038e-04
 -5.4917400e-06
  5.2372261e-04
 -5.4871070e-04
 -9.8218434e-03
  1.3502414e-04
 -9.8257602e-05
 -1.2221591e-03
  1.0681511e-02
 -4.4840679e-05
 -3.1832416e-05
 -7.3251710e-04
 -5.0907925e-04
 -5.0249480e-04
 -1.7238995e-02
  1.2690361e-04
  4.0109924e-04
 -1.3700929e-04
 -4.1308091e-03
  3.0873078e-05
  5.7354372e-04
  1.0036796e-03
  2.6150112e-05
  4.4265349e-04
 -2.9222615e-04
  1.0110176e-05
 -1.8187448e-03
 -6.2970102e-02
 -1.7260678e-02
 -3.9896480e-04
 -3.4105413e-02
 -5.8415595e-02
 -4.0692778e-04
  2.4045375e-03
  1.1042087e-02
 -1.3479423e-03
 -6.1470841e-05
  5.2886602e-02
  2.5149286e-03
 -3.8654659e-02
  8.7141307e-05
 -1.4203766e-01
 -2.5463772e-01
 -2.8571514e-03
 -1.3285258e-02
 -5.2490407e-03
  3.6460528e-04
 -5.7301711e-04
  4.9258340e-02
 -5.8877110e-03
 -8.0148352e-04
 -8.1384249e-02
 -4.3145385e-02
 -2.5991432e-04
 -9.5596979e-04
  1.6202046e-02
 -2.5363691e-04
 -3.9959603e-04
  3.5470832e-04
 -2.6935304e-06
  6.4075319e-04
  7.3839779e-05
  2.4817407e-04
 -8.3752535e-04
 -7.5390660e-03
  2.5667488e-03
 -2.4893592e-04
 -7.1330724e-04
  1.9341876e-04
  1.3502526e-05
 -4.0165886e-01
 -6.8961430e-01
 -1.2610105e+00
  1.0921031e-01
  5.7590925e-03
 -3.8602111e-01
  9.4456263e-02
 -7.9013057e-02
  1.7251775e-03
  1.4406519e+00
  5.6103189e-02
  2.0234354e-02
  4.4792678e-04
 -1.2651555e-01
  6.1955262e-02
 -2.5001145e-04
 -6.7574368e-03
 -1.2238051e-03
 -7.7384152e-02
 -1.7681010e-01
  3.6813086e-01
 -2.5132033e-01
 -2.9542214e-01
 -1.0152240e-03
  7.0471055e-05
  2.4446519e-02
  1.2672610e-02
  2.0209908e-01
  3.2633083e-04
  6.0462419e-02
 -1.0161758e-03
  2.3764666e-04
 -2.6123706e-01
 -1.4481068e-02
  8.6903991e-03
 -1.0022481e-03
 -8.5618062e-04
 -1.3957020e-03
  3.2591887e-04
  1.0988229e-02
 -1.4703331e-04
  3.6389841e-04
  3.3436442e-04
  5.1035773e-02
 -7.4051647e-04
  1.0988232e+00
  6.1421382e-01
  4.4519177e-01
  8.8173769e-02
 -3.2999092e-01
  1.2961142e-01
  1.1569281e+00
  8.9892364e-01
  7.2814941e-02
 -6.6265655e-01
 -2.4350869e-02
 -5.1517561e-03
  1.9869113e-01
  8.3808497e-02
  7.4046075e-01
  1.1056579e+00
  9.3017509e-03
  2.2470187e-02
  4.3303666e-01
 -1.2005024e-01
  8.2528889e-02
 -1.2050827e-02
  1.5649318e+00
 -1.3822348e-05
  1.4606899e-01
 -1.2418766e-01
 -1.5804911e-02
  9.9248713e-01
  6.8665028e-01
 -1.3136750e-03
  4.9433880e-04
 -6.7905668e-04
  5.4657753e-03
 -8.8597134e-02
  5.5633529e-05
  3.4051895e-02
 -3.1640843e-01
  7.7654363e-04
  2.7719370e-01
  9.8848739e-04
  8.8111998e-04
 -3.1053098e-03
 -1.2825921e-03
 -2.5200375e-04
  3.7325869e-04
 -1.0226350e-03
 -9.9425775e-04
 -1.9958140e-03
  5.7371116e-01
 -3.8127380e-04
  5.5634644e-04
  5.1780860e-04
  6.0676137e-04
 -1.4008467e-05
  5.4493692e-04
 -1.0063965e-04
 -4.4193381e-05
  8.8699703e-04
 -9.4342709e-04
 -8.7109406e-04
  8.8626926e-05
 -3.3253629e-04
  1.8845624e-04
 -3.7868037e-03
  1.3474855e-04
  3.0632035e-04
  3.0821117e-04
 -6.4778235e-04
  9.7936578e-04
 -6.9194910e-04
 -4.6139392e-03
 -3.2908304e-04
  7.7582436e-04
  3.6764224e-03
  7.9008756e-04
 -7.5443054e-04
  2.8068991e-04
 -5.5400172e-04
  6.3242898e-03
  1.3825549e-03
 -6.2823365e-03
 -2.3929006e-04
  5.5278088e-05
  3.3136678e-04
 -2.9066112e-05
  3.4047573e-04
  7.5150520e-04
 -1.1575557e-03
  4.9823592e-04
  8.7755203e-04
 -1.7116146e-04
 -4.9375900e-04
 -5.0269820e-05
  5.7050231e-05
  2.5016957e-04
  3.9185834e-05
  5.4586655e-04
  1.8569360e-04
  5.8880937e-04
  4.4539524e-04
  7.4589136e-04
 -3.8037956e-04
 -3.6587054e-04
 -1.2607429e-03
  7.7073585e-04
  4.1416055e-04
 -2.6305830e-03
  3.0674238e-04
 -1.0991564e-03
  4.7646809e-04
  9.2058914e-04
  7.0544705e-04
  2.9787807e-06
 -7.3495629e-04
  1.7642426e-04
 -5.8838341e-06
  2.2631433e-04
 -1.9474377e-04
  1.0462878e-03
 -1.2291615e-03
  7.4973056e-04
 -4.7920074e-04
 -9.4693608e-04
 -2.8806325e-04
 -1.5290742e-04
 -2.6309889e-04
  6.7694543e-04
  9.9406706e-04
  8.9353416e-05
 -1.0420710e-03
  4.2015390e-04
  5.4174999e-04
 -3.6403586e-04
  2.0070618e-03
 -2.8324188e-04
 -5.8585353e-04
  3.1230709e-04
  1.2871381e-04
  2.8132746e-04
  2.3298532e-04
  5.9513916e-04
  1.8043713e-04
 -9.9140219e-04
 -9.9818443e-04
  3.1955700e-05
 -2.7523344e-04
  5.3242338e-04
  8.5501801e-05
 -6.5392989e-04
 -2.6806458e-04
 -3.7186008e-05
  3.5779725e-05
  1.4141133e-03
 -8.1244321e-04
 -1.4608045e-04
 -3.5216965e-04
  4.5661771e-04
 -4.2847273e-04
  1.9735053e-05
 -1.2503304e-03
  1.9633671e-04
  1.5415317e-04
 -2.2087479e-06
 -1.5560951e-04
 -3.7902797e-04
 -5.2356720e-04
 -1.0852008e-04
  4.1308976e-04
 -2.5280245e-04
 -5.8762130e-04
 -1.9132748e-04
  4.2768262e-04
 -2.0976836e-04
  3.7957568e-04
  8.5382082e-05
  8.8451845e-05
 -1.0674160e-03
  8.4678794e-04
 -2.5739550e-04
 -2.5673234e-04
  7.0417458e-01
  4.0179305e-04
 -6.9538783e-04
  1.1349164e-03
  1.0917430e-03
 -1.7755742e-04
  2.3989794e-03
  1.3115131e-03
  1.2889782e-03
 -5.4325070e-04
 -1.0092069e-03
  2.1452025e-04
  3.9885915e-04
 -1.0505903e-03
 -3.4542358e-04
 -2.8706747e-04
 -3.8629794e-04
  7.7832199e-04
  8.2841364e-04
  1.8812026e-04
  1.0923768e-03
 -3.0447627e-04
 -1.6859082e-04
 -9.3480397e-04
  4.1994252e-04
  2.8445257e-04
 -2.4579262e-04
  6.9568231e-04
  6.4844242e-04
 -2.7392205e-04
  1.0265723e-03
  4.3816477e-04
  4.1004556e-04
  1.4170297e-04
 -7.1249309e-04
 -2.8334549e-04
 -2.1290727e-04
 -6.3006586e-04
 -3.2387191e-04
 -2.1755253e-04
 -7.5271979e-02
 -2.3234820e-02
 -6.4098649e-04
  3.5540667e-01
  7.1006066e-01
 -5.2302862e-03
 -4.9770465e-01
  5.9276629e-02
 -2.9621071e-03
  4.1751703e-04
  9.7843669e-03
 -4.4464506e-03
  9.6831718e-05
  1.8428551e-04
  1.8713204e-03
  3.2719516e-04
  9.2066941e-04
  5.5841927e-04
  2.2191070e-04
 -1.4221457e-01
  7.7096059e-04
  1.4156669e-01
  3.3888780e-02
 -4.0991663e-04
  1.2393445e-01
 -1.2835965e-01
 -3.8561866e-02
  1.2535927e-03
 -1.3992281e-04
 -5.4843846e-04
  2.8010181e-04
  7.1307927e-02
  1.2701139e-01
 -3.2541181e-03
 -4.7947062e-04
  8.9550294e-02
 -2.5889429e-04
 -1.5717292e-03
  1.1857157e-03
  1.3182110e-03
  3.5382705e-05
  3.7062910e-04
  4.6283891e-03
 -8.0184109e-04
  5.7921716e-04
 -4.0949852e-04
  5.7350087e-04
 -4.1487016e-04
  1.7300661e-05
 -2.4842469e-03
  8.5998909e-05
  8.9080585e-04
 -1.6739980e-04
  7.8161346e-04
 -6.0828021e-03
 -1.9763282e-04
  3.1173141e-03
  2.0126165e-04
 -1.3460822e-03
 -2.0692742e-04
 -6.1198880e-05
 -6.3118772e-05
 -1.8623364e-03
  9.9346892e-04
 -7.7505113e-04
 -1.2804242e-03
  5.6610600e-04
 -7.0095077e-05
 -1.3251413e-03
  5.8912247e-04
 -1.9832079e-03
  1.2844596e-03
 -1.3931671e-03
  7.0781796e-05
 -2.4649969e-04
 -7.1974799e-05
  1.1780270e-03
  2.9115571e-04
 -6.8296038e-04
  7.9616654e-04
 -2.8788619e-04
 -2.1135702e-04
 -5.2401016e-04
 -1.3500510e-04
  1.6356906e-03
  1.0173021e-04
  2.6572833e-04
  1.0472502e-04
 -5.3388765e-04
 -1.4048790e-04
 -2.0004474e-04
 -2.3985544e-05
  2.9671189e-01
 -1.7420664e-04
  3.5506452e-04
 -2.8003799e-04
  1.1418670e-03
  1.4420974e-04
  8.0466969e-04
  1.3094497e-04
  5.1683676e-04
  8.6317473e-04
 -7.2251714e-05
  1.3865790e-03
 -3.7193411e-05
 -1.3080247e-03
 -3.2699816e-03
 -3.4516077e-05
 -7.5208663e-04
  1.7400850e-03
 -1.1790925e-04
  1.7051860e-03
 -9.1544725e-04
  7.3452911e-04
 -1.7473110e-03
  7.7860104e-04
 -7.5647311e-04
 -5.3524587e-04
 -1.0787932e-04
  9.3653609e-05
  1.1483066e-03
  3.1503927e-02
 -1.0859170e-04
 -2.1269848e-04
  6.2712631e-04
 -7.8779989e-04
  7.2362920e-04
  9.2228351e-05
 -8.9117780e-04
 -9.3077112e-04
 -5.1562791e-04
  1.9176605e-03
  8.0085598e-04
 -8.0715239e-01
  3.8191967e-04
  4.7503959e-04
  2.3184276e-01
  5.2821692e-02
 -6.2405871e-04
  3.4646381e-02
  2.0901792e-04
 -1.0946409e-05
 -1.5606691e-02
  3.4966384e-04
 -3.5158941e-05
 -6.6471379e-04
 -1.6555534e-04
  1.6915381e-03
  5.6036690e-04
  1.7672333e-04
  6.6016964e-04
  3.6850173e-04
 -4.3129665e-04
 -1.6162107e-02
 -4.5716494e-02
  5.8467023e-04
 -1.0508972e-01
  1.9925671e-02
  3.1125330e-04
 -1.4425507e-01
 -1.7741662e-01
  5.5135804e-04
  1.9609739e-04
 -1.7982973e-02
 -3.8001150e-02
 -1.3983304e-04
 -8.6691551e-04
 -4.1980084e-02
 -2.2721276e-04
 -3.9675206e-04
  1.6947472e-03
  3.8669491e-04
  8.3571751e-05
 -6.4419361e-04
 -6.1993858e-05
  1.3946164e-01
  3.8236010e-01
 -1.3523099e-01
 -1.9579874e-04
  8.8424922e-04
 -2.6404619e-01
 -1.6041289e-05
 -2.9505591e-04
  7.1220587e-05
  1.8699383e-04
 -1.7402201e-03
  1.9409819e-04
  4.7851002e-04
 -8.8500825e-04
 -3.8406019e-05
  1.0141314e-03
  4.3260907e-03
 -6.7009195e-04
  1.5679616e-03
  1.1863906e-03
  2.9228519e-05
  1.7544115e-04
  8.3394919e-04
 -1.3731705e-04
 -1.0130652e-03
  5.5325544e-04
 -5.9950369e-04
  2.9939532e-04
 -6.9767062e-04
 -2.9487240e-03
 -3.5315839e-05
 -2.5528829e-05
  2.7773180e-04
  1.0538692e-04
  5.0484086e-06
 -5.5799552e-04
  1.2143223e-04
 -1.1442145e-03
  4.1379104e-04
 -9.5802546e-04
  1.3541543e-03
 -1.9337583e-04
  3.0699352e-04
  1.5354890e-03
 -1.4883278e-04
  6.7008968e-04
 -3.9688844e-02
 -2.2259890e-04
 -2.8978995e-04
  3.6327454e-04
  6.0216378e-05
 -4.3607311e-04
 -7.0627208e-04
 -1.7569646e-04
 -1.7619152e-04
 -2.6248582e-03
  3.4626265e-04
 -1.3553104e-03
  8.5088954e-04
  9.2945108e-04
 -5.0869305e-04
 -6.0444454e-05
  2.3888034e-04
  7.9394912e-04
 -4.1531719e-02
  1.1877158e-03
 -8.4122526e-05
 -2.7683194e-04
  5.6627532e-04
  3.6587182e-04
 -2.3207505e-05
  1.3605767e-04
  1.7458134e-04
 -2.4189451e-04
 -1.1065088e-03
  2.2633263e-05
 -6.1274250e-04
  8.3950046e-04
 -4.6323438e-04
  1.2912259e-03
  1.1616973e-04
  4.4365428e-05
  1.5664751e-04
  5.8987143e-04
  1.0107222e-03
 -7.4035989e-04
 -2.5148442e-04
 -8.8063668e-04
 -1.1413055e-04
 -9.1876179e-01
 -8.3105981e-01
  1.2219222e-01
 -2.5050464e-01
 -1.0523834e+00
  3.3654279e-01
  7.1433443e-01
 -3.9726534e-01
 -1.2358536e-02
  3.4859477e-04
  7.3786750e-02
  1.2176333e-03
 -7.5338167e-01
  3.1681155e-04
 -1.1586370e-04
 -1.8299307e+00
 -6.3088946e-02
 -2.2006416e-01
 -3.3973756e-01
  1.8218178e-02
 -4.6650809e-01
 -1.3117796e+00
 -3.9071095e-01
 -1.1919648e-03
  1.5000708e-01
  9.3165463e-01
 -2.5829086e-01
 -3.2962066e-01
 -6.9182563e-01
 -1.3443161e-04
 -7.8120705e-04
  9.3641602e-02
 -9.7434014e-01
  2.0068368e-02
 -4.5509404e-03
 -3.0195767e-01
  6.6250510e-04
  8.4953062e-04
  9.3386792e-02
 -4.7308425e-04
 -2.9326940e-04
 -2.0520570e-04
  8.1855334e-02
 -5.3979515e-04
  2.3036794e-01
 -8.2383919e-01
 -2.8009978e-03
  2.9378731e-04
  7.4961591e-01
  5.2912004e-04
  3.6404652e-03
  1.1288892e-03
 -3.2652501e-04
  1.0226370e-03
  1.0421805e-04
  1.0192741e-03
 -9.2665490e-05
 -5.7099591e-04
 -2.9883883e-04
  4.0460531e-05
 -8.2866303e-05
  1.9949657e-05
  3.1993489e-03
 -1.8574497e-04
 -1.8591213e-04
  5.6368043e-04
 -1.6217936e-03
  1.0525301e-03
  1.2942642e-04
  1.1792012e-03
  1.6633705e-05
 -1.1378032e-03
 -2.4326764e-06
 -1.3882265e-05
  1.1624179e-03
  1.8374657e-04
 -1.4871984e-03
 -1.8347974e-04
 -2.9970633e-04
  1.0666449e-03
 -1.4648683e-03
 -3.0887837e+00
  1.1479356e-03
 -1.2824063e-03
 -6.4418791e-04
 -3.7513938e-04
 -1.5689236e-04
 -3.0117088e-05
 -1.8061380e-03
  1.2747844e-04
  8.1341912e-04
 -3.3471093e-05
 -9.1976312e-05
 -1.8301600e-03
  1.6283710e-04
  1.8381266e-04
  1.2550916e-04
  1.6425881e-03
  1.1550579e-05
 -7.1710057e-04
 -2.8118177e-03
 -3.4495199e-04
  6.6749315e-05
  7.1144575e-05
  3.2234925e-04
 -3.2361706e-05
 -8.4884925e-04
  2.7688331e-04
  2.4329397e-04
 -3.5620207e-04
 -3.2975149e-04
 -3.0066232e-05
  3.7836836e-04
 -4.9262882e-05
  3.3166460e-04
 -5.9026747e-04
  1.0105487e-03
  1.9634215e-04
 -4.6227116e-04
 -7.4762688e-04
 -1.1262211e-03
 -2.2489867e-04
  5.7348714e-04
  2.0979511e-04
  4.4584926e-04
  7.3927327e-04
  4.0092040e-04
 -1.2602580e-03
  2.4859357e-04
 -3.2158257e-04
 -2.0588969e-04
 -9.1037632e-04
 -2.1625545e-03
  4.5501685e-04
 -1.3090458e-03
  3.9838749e-04
 -7.2551334e-01
 -6.1252874e-01
  1.1798318e-03
 -2.4532297e-04
 -3.4119237e-02
  5.4405398e-05
  2.0265720e+00
 -1.0929645e+00
  4.8996931e-01
 -8.6403452e-04
 -2.1420264e-01
 -4.9231783e-02
 -2.9437841e-04
  2.0469364e-04
 -1.7480226e-01
  6.3129503e-01
 -9.2231645e-04
 -4.4383731e-02
  6.2002370e-04
 -3.5368487e-01
  4.6843231e-01
 -9.6648838e-04
 -7.0265285e-04
  1.1811746e-05
 -1.8667523e-04
  1.2164352e-03
  1.4717807e-04
  4.0103534e-01
 -3.8024388e-02
  1.3789290e-01
 -5.7732344e-01
 -4.9606988e-01
  1.8556662e-02
  1.3803483e-03
 -5.4707145e-04
  2.6119942e-02
 -2.4992216e-01
 -1.5445141e-04
  3.1377989e-04
 -5.1022254e-02
  2.8468241e-04
 -6.3430483e-04
 -2.4179571e+00
 -2.7563918e-01
 -1.8210441e-04
 -1.0177607e-03
  2.7522266e-02
 -3.0270638e-02
 -3.7852082e-02
  3.1007067e-03
 -7.9936200e-01
  1.2380011e+00
 -6.0267884e-02
 -5.6162109e-03
 -4.0389836e-01
 -3.1708784e-02
 -1.1491036e-01
  2.1490370e-01
  2.2166516e-01
  4.4060335e-04
 -4.1964471e-01
  1.6510165e-01
 -5.1575813e-02
 -2.5675820e-02
  3.3416530e-01
  4.9632868e-01
  4.5328081e-02
  1.3833170e-01
 -9.6040620e-03
 -2.2956583e-01
 -7.7041113e-01
  3.5561867e-02
 -8.9258823e-04
  2.1590462e-03
  2.8241213e-04
 -3.9188415e-02
  2.3384530e-02
  1.4761068e+00
  3.6822757e-01
 -2.8667656e-01
 -3.7448284e-01
  2.2976279e-01
 -1.4473215e-01
 -2.8815957e-02
 -1.0003591e-02
 -1.6306470e-01
 -4.1927654e-01
 -3.9248917e-02
 -2.7326310e-02
  4.5013404e-01
  8.1970729e-02
  2.0927476e-02
 -2.3166759e-01
  9.0252727e-01
 -3.8695789e-03
 -5.4394122e-04
 -9.1745018e-04
  1.8000863e-03
  5.6884397e-04
 -4.9811177e-05
  3.0439382e-04
 -2.6041301e-02
  1.6245414e-03
  4.3567628e-04
  4.5618683e-04
 -1.6956958e-04
  1.0141543e-04
 -9.4699877e-05
 -1.2049135e-03
 -4.8552963e-04
  3.2975466e-03
  1.0744865e-03
 -3.9003190e-04
 -8.4196217e-06
 -1.7087975e-04
  7.9315319e-04
  7.0411159e-04
  1.1104607e-04
 -1.7236860e-05
 -1.9455605e-04
 -2.4167774e-04
  1.9047749e-03
 -1.2171366e-03
  2.6461254e-05
  9.9214696e-05
  4.5127395e-04
 -2.2051230e-04
  3.1007407e-04
 -1.2932630e-04
 -4.8115719e-05
 -6.7580934e-04
 -2.0994131e-04
 -2.6097232e-03
 -1.9277011e-05
 -6.3972455e-04
 -2.7308968e-04
  5.1492505e-04
  1.6150863e-03
 -1.0061444e-03
  9.9528745e-02
 -2.4754719e-01
 -1.5367849e-01
  2.3512891e-04
  1.5557738e-01
  9.6758886e-06
 -2.7745888e-01
  4.2000958e-01
  8.5774645e-02
 -7.2802477e-02
 -9.4364822e-04
 -1.2177993e-01
  1.1838900e-04
  2.3847140e-05
 -3.1769695e-04
 -2.1321650e-01
 -1.1555293e-03
 -4.9129305e-03
  1.4498914e-03
  1.5356779e-01
  2.2174959e-01
  8.4113572e-03
  4.8176236e-05
 -1.3772713e-01
 -2.0009749e-04
 -7.8740253e-05
 -1.0825952e-01
  1.5090437e-03
  8.4900006e-04
 -2.1281214e-02
  2.9818967e-02
  3.3709759e-04
  4.2254664e-03
 -1.6895241e-01
  6.4142729e-04
 -1.1078061e-04
  2.5965655e-03
  6.2898952e-03
  6.7160593e-04
  1.1132736e-04
 -1.9577676e-01
  3.5560904e-03
  3.2489377e-03
 -4.7367939e-04
 -1.4930018e-03
  6.4074632e-04
  2.7386229e-02
  6.2770594e-04
  6.1672030e-04
 -5.1044917e-04
  4.0986446e-01
  2.9715950e-02
  1.6114956e-03
  2.9819943e-03
  5.0195353e-04
 -3.9041747e-04
 -8.3438633e-04
 -6.8530970e-04
  2.4289500e-04
  2.9278177e-04
 -5.4655457e-04
 -1.3631148e-02
 -3.7868123e-04
  8.7518903e-04
  1.6654063e-03
  6.8448758e-04
 -5.1769905e-04
  1.8047448e-03
 -9.0423715e-04
 -1.0094037e-03
 -8.3448109e-04
  3.3295507e-04
 -4.0516330e-05
 -2.0484702e-05
  8.9684094e-04
 -1.4922989e-07
 -2.5712757e-04
  1.0081116e-05
 -1.3230597e-04
 -6.6859758e-04
 -1.0705645e-03
  1.1871085e-03
 -7.6771517e-05
  3.4407692e-04
 -4.7969079e-06
 -1.3696556e-03
 -1.3598339e-03
 -1.3995015e-03
  1.8345410e-05
  6.4327283e-04
 -1.2233254e-01
  2.3371325e-04
  2.8499126e-04
  1.9506153e-03
  2.4550585e-03
  4.9614263e-01
  1.0286255e-03
  3.2314632e-04
  1.8383691e-03
  7.1988616e-04
 -6.7593134e-04
  1.6566659e-03
 -3.6746493e-04
  4.3500247e-04
  8.3499675e-05
 -1.9896084e-04
 -2.7540210e-03
  5.8099721e-04
 -9.5876871e-04
  3.2710072e-05
 -1.0276316e-03
  2.2990317e-03
 -2.5078340e-04
 -8.7117596e-04
 -2.7595003e-04
 -3.1038083e-04
  4.2689411e-04
  1.1431201e-03
 -8.0221996e-04
  3.0386000e-04
 -8.8086695e-04
  9.8833966e-04
 -7.6271885e-04
 -3.8897246e-04
 -3.6928963e-05
  2.3380185e-04
  4.4114434e-04
 -1.1662178e-03
  9.7560382e-04
 -1.7364485e-04
 -1.2209128e-03
 -3.3675498e-04
  1.3814154e-03
  4.6642395e-04
  9.6436460e-03
  2.4955153e-02
 -7.8264968e-03
 -3.0467485e-04
  2.1013476e-02
 -1.9087858e-01
 -2.5820714e-01
  8.2006212e-04
  9.5700650e-03
 -1.2828565e-03
  1.8435395e-03
 -1.4336158e-03
 -9.6334785e-04
  2.6778125e-03
 -6.7654706e-04
  3.1035263e-03
 -1.6214516e-03
  6.0028414e-04
 -5.6559417e-02
  6.2713330e-04
 -8.0415193e-05
  4.8029618e-04
  1.0184591e-01
 -4.3543719e-04
  4.3163635e-02
 -7.7336259e-02
  3.4461287e-04
  7.9387119e-03
 -2.8194079e-02
 -1.4391717e-03
 -4.0869340e-03
  9.2545576e-02
 -4.6334730e-04
  2.5382769e-04
 -1.0326844e-04
 -5.1812921e-04
 -7.6666562e-04
 -2.5450249e-04
  2.5323923e-03
 -2.9525026e-03
 -7.2298339e-04
  1.9433616e-03
  1.7674235e-04
 -1.1772092e-05
  9.1970398e-04
 -5.0499704e-04
 -6.0225790e-04
 -3.9626969e-04
 -9.6946242e-05
 -1.9092068e-04
  8.7125029e-04
  5.8184931e-04
  1.8492879e-05
 -1.4453047e-04
  7.8038918e-04
  1.3881958e-04
 -8.1985013e-04
 -2.0933375e-04
 -6.2002538e-04
 -4.3657003e-04
  1.2856401e-03
  9.4827020e-04
 -7.1139936e-04
 -2.4451397e-04
  8.0974642e-06
 -1.6687333e-03
 -1.4560923e-05
 -1.1979155e-04
  3.7624658e-04
  1.3850409e-03
  8.7703811e-04
 -7.0757454e-04
  2.1901750e-04
 -9.5881743e-04
 -4.2481654e-05
 -1.1201881e-04
  1.0489800e-03
  5.2175939e-04
  8.4508781e-04
  3.3347291e-04
  1.0169424e-06
 -8.2672265e-04
  1.0636980e-04
  1.9626047e-03
  2.0689971e-03
  5.9228412e-05
  9.3563955e-05
 -5.4474839e-04
  8.9446083e-03
  1.3948642e-03
  9.2689435e-05
  1.3040409e-04
 -1.5733490e-03
 -6.0665655e-01
 -3.0328326e-03
  1.3761423e-03
 -3.1184551e-04
 -1.3050631e-05
  1.9624846e-03
  3.5540346e-05
  4.3477732e-04
  4.8543603e-04
 -3.8380644e-04
  3.3242398e-04
  3.1304144e-04
 -9.1285311e-04
  5.4519001e-04
 -3.9296108e-05
  5.0438911e-04
  2.4007391e-03
  1.2786479e-03
  5.0984647e-05
 -9.3795563e-05
 -3.6901049e-04
 -1.4653533e-03
  1.9094322e-04
 -1.6841362e-04
 -6.2409774e-05
  9.3122467e-04
 -1.3784916e-04
  1.8238124e-03
  4.9489888e-04
  4.0434577e-04
 -4.7197368e-04
  6.9353514e-04
  5.3738867e-04
 -3.9812084e-04
 -2.2772388e-04
 -1.8020592e-03
 -1.4114836e-03
  6.0562656e-05
  3.8083668e-03
  4.1712310e-02
  7.3662680e-04
 -1.0173269e-02
 -2.8645950e-03
  3.3534664e-01
  3.9306062e-01
 -5.8998569e-04
 -8.1261438e-05
 -3.1794386e-03
 -8.9816842e-04
  1.7664481e-03
 -1.3556776e-03
  1.1323607e-04
  1.2743112e-03
  4.6373066e-04
  1.6846470e-04
  4.2166561e-05
  2.8737437e-04
  2.4097406e-03
 -2.3455953e-04
 -8.0543221e-04
  1.2419835e-03
  3.8056416e-04
  3.3701415e-04
 -5.1828756e-06
 -2.3938672e-04
 -1.1941766e-03
 -1.3433241e-03
  1.5098186e-03
  7.6448516e-05
 -3.8110564e-05
  3.5291443e-05
  1.0428203e-03
 -1.8593491e-04
  3.0802077e-04
 -8.4027206e-04
  2.5846052e-04
  1.0571189e-04
 -1.5897429e-04
 -1.7478513e-04
  1.0746215e-03
  6.0376973e-04
 -2.2356672e-04
 -7.3148898e-05
 -1.3201206e-03
  1.0507449e-03
  1.1182174e-03
  4.1397969e-04
 -4.0714918e-03
  1.9030075e-03
 -1.5552080e-04
 -1.4407771e-04
 -5.5255945e-04
  1.4832970e-03
 -2.8007146e-04
  6.8975537e-04
  2.0075895e-04
  6.4764579e-05
  5.7399448e-04
 -4.4286717e-04
 -3.9584143e-04
 -3.5888719e-05
  3.4272179e-04
  1.3818193e-03
  3.2312790e-04
 -1.7384009e-03
 -1.3992426e-04
 -2.1263142e-05
  3.8431666e-05
 -1.0766510e-03
 -2.4148477e-04
  3.0241298e-04
  7.8188692e-04
  1.3421904e-03
 -1.3238644e-03
 -3.5912402e-02
 -4.5934817e-04
 -1.3717459e-04
 -1.5715148e-03
  2.9904854e-03
  3.1116506e-06
  8.4569612e-05
  5.9757457e-04
 -1.6794857e-04
 -4.0081399e-04
  1.3412730e-04
 -1.8164066e-03
  1.1032373e-04
 -9.8861603e-04
  1.9827952e-05
  8.7068533e-05
 -1.5815429e-04
  1.4330888e-03
 -1.1954713e-04
 -2.0229707e-03
  5.1281310e-04
  9.4805111e-04
  1.6318971e-03
 -5.3551304e-04
 -2.0384348e-04
 -1.6974470e-04
 -1.7099254e-04
  4.3615943e-04
  3.8489752e-04
  1.1650146e-03
 -3.1554722e-03
 -1.1885613e-03
  3.2119534e-04
  4.0827578e-04
  1.2115407e-04
  1.2490943e-03
 -7.3809328e-04
  1.4853953e-04
  1.0647338e-03
  2.3602915e-03
  8.0556079e-04
 -3.2066382e-04
  1.7212232e-04
 -3.1690276e-04
 -1.4550528e-04
 -7.2110246e-04
  3.2166048e-04
  2.5265678e-04
 -1.1955160e-03
  3.0345624e-04
  6.1756955e-04
  8.8819390e-04
  3.0188978e-04
 -1.1738251e-03
  6.3639763e-04
  3.0412194e-01
  2.4466209e-01
  9.1590539e-02
  2.6133287e-01
  2.0260918e-01
 -6.6433484e-03
 -5.6357467e-01
  5.8720046e-01
 -5.2133977e-01
  7.6339930e-01
 -1.0787269e-01
  9.8971024e-02
  6.0510147e-01
  6.3880391e-02
  1.4537211e-01
  3.4658974e-01
 -2.2313285e-01
 -1.3239938e-05
  6.4107287e-04
 -1.0212857e-01
  2.3446798e-01
 -2.5598752e-01
 -1.8462956e-01
  3.7376273e-01
 -4.2122439e-01
  6.0340285e-01
 -1.9571336e-02
  6.4668257e-04
  2.4641623e-01
  1.5600520e-04
 -9.9665590e-02
 -3.9037428e-04
  1.2427735e-02
 -1.6744134e-01
 -1.6946858e-04
 -2.4369464e-04
 -3.4858059e-04
  1.1083287e-03
  6.4924505e-04
  1.0945642e-03
 -7.3466986e-02
  1.1835992e-03
 -3.2822991e-04
 -6.1009517e-03
  5.9507374e-04
  3.3971228e-04
  5.0000555e-04
  1.2191387e-03
 -8.5616298e-04
  2.9183994e-04
  1.0952555e-03
  3.1658713e-04
 -7.2661479e-04
  2.5231726e-04
  3.2532291e-05
  8.9608453e-04
  7.2534411e-04
  2.2529332e-04
 -6.7044061e-04
  5.8267098e-05
  6.6442596e-04
  6.1962084e-05
 -1.6370630e-03
 -7.3799811e-04
  3.0371468e-04
  3.6769878e-04
  1.2206080e-03
 -2.2718855e-04
 -1.6417888e-04
 -3.4012759e-05
  2.9895530e-04
  1.6837312e-04
 -1.5006585e-03
  1.0186768e-03
 -1.1350969e-03
  2.8515706e-04
  1.7271964e-04
 -3.2248825e-04
 -1.0499520e+00
  5.6907366e-04
 -6.5578532e-04
 -6.2187435e-04
  1.1384587e-03
 -1.4294375e-04
  4.7920377e-04
 -1.3782426e-04
 -1.0663305e-03
  2.8905750e-05
 -6.7898422e-04
  5.8803987e-04
  2.0129527e-03
  1.7756410e-04
 -1.3984655e-04
  7.9661410e-04
 -7.3271338e-04
 -1.8662808e-04
  3.0604689e-04
  5.9392874e-04
  1.1702003e-04
 -1.2775947e-04
 -3.9321900e-04
 -2.4734516e-04
 -5.1005644e-04
  4.6111009e-04
  6.1774527e-04
  6.7534667e-05
  1.2367259e-04
 -2.7700939e-04
  4.8648400e-04
 -6.6817529e-04
  6.2528957e-04
  1.3467782e-04
 -2.3564688e-04
  7.0694787e-04
 -1.5369648e-04
 -1.9016976e-03
  2.5857435e-04
 -9.2594395e-04
 -2.2729819e-04
  3.2236517e-04
  1.5874217e-03
  8.7261258e-04
  6.2396837e-05
 -9.1596070e-05
  3.8696252e-04
 -7.2307338e-04
 -4.1519577e-04
 -2.6813219e-04
 -5.1117869e-04
  1.6694747e-04
  2.7335540e-04
 -9.4219140e-05
 -3.6912736e-02
 -5.1142973e-01
 -2.1979226e-02
 -3.3704689e-01
  2.2964896e-01
  6.5883338e-01
  2.6861638e-01
 -2.7660447e-01
 -1.9625743e-01
 -7.8406245e-02
 -1.0958396e-01
  2.2231752e-01
  7.2016221e-01
  4.3488124e-01
  1.8405128e-01
  1.1205474e-01
  4.8589158e-01
 -1.0547542e-01
  3.9804944e-01
 -4.2218259e-01
  7.8537047e-01
 -8.9674369e-02
 -4.0839860e-01
  2.7420562e-02
  3.7927449e-02
 -9.3449111e-05
 -1.9310478e-02
  1.1308031e+00
  1.7956740e-01
 -1.3327249e-03
  1.3135138e-01
  2.0021457e-02
  1.7100628e-02
 -1.2096799e-02
  5.7118917e-01
  1.1780397e-01
 -9.5877424e-04
  2.1624812e-01
  4.9835618e-04
  1.8638208e-03
 -9.2298672e-02
  4.3596787e-04
  1.0780558e-01
 -6.6670351e-02
 -9.3415368e-04
  1.5058610e-04
 -2.1553833e-04
 -2.1307230e-04
 -1.0475540e-03
  1.2042295e-03
 -7.5734186e-04
 -4.7872221e-01
 -2.9597157e-03
 -2.9393332e-04
  3.5957451e-04
  3.5775595e-04
  6.4263731e-05
 -8.8945890e-05
  7.6859572e-04
 -7.7076157e-04
 -7.7360147e-04
 -1.1375186e-03
 -2.3023933e-04
 -5.0445844e-04
  2.3537460e-03
  3.4321897e-04
  2.7971639e-04
  3.0158021e-02
  1.1182508e-03
 -3.4584722e-05
 -1.3478035e-03
  1.1985758e-05
  1.4624586e-03
 -3.0677870e-04
  2.3955002e-04
 -4.6859015e-04
 -7.2626863e-06
 -1.7231068e-05
  2.2276044e-04
 -6.3866045e-04
  3.9735262e-04
 -1.3688981e-04
 -5.7069981e-04
 -1.2119034e-03
  2.3803124e-03
  3.1275529e-05
 -3.5940862e-04
  1.0452806e-03
  1.1616778e-03
  6.1014155e-04
  4.5566261e-04
  1.5524223e-04
  3.9817870e-04
  1.5844607e-04
  3.5603665e-04
 -1.4808140e-04
  7.1472736e-05
  3.6970284e-04
 -6.5378943e-03
  1.2058089e-04
  9.4495155e-04
  2.1196764e-03
 -2.1803023e-03
  7.5861847e-04
  4.5410192e-04
 -7.3430012e-04
 -3.2180626e-04
  1.4934492e-04
 -3.1891113e-04
 -2.3220676e-04
 -1.0252518e-03
  5.5156066e-04
 -1.9107503e-04
  8.4347604e-04
  1.1961262e-04
 -3.9893034e-04
 -6.4364064e-04
 -5.1845491e-06
  6.4014702e-04
  3.6441418e-04
 -2.1057634e-04
 -5.8928179e-04
 -4.1261563e-04
 -7.7946606e-04
 -1.0108233e-04
  7.4847811e-04
  9.7686180e-04
  1.3125264e-03
  2.3813426e-04
  1.8613852e-04
  4.7243951e-04
 -9.3733816e-04
  1.7878979e-01
 -5.1009738e-01
 -4.4154716e-01
  1.0012962e+00
  9.6120888e-01
  7.8918613e-02
  1.1561565e+00
  1.1455951e+00
 -5.9042365e-04
 -1.4924967e-01
 -9.3064465e-02
  1.0732739e+00
 -2.1980324e-01
  2.1932840e-01
 -4.5546461e-03
 -3.6213230e-04
 -2.5834206e-01
  3.0082016e-04
  6.1983949e-01
 -1.5774126e-01
  2.4185050e-03
  9.1788213e-05
  7.8577281e-04
 -5.1125176e-02
 -3.9575353e-01
  1.2190119e+00
 -6.5160781e-04
  5.6770570e-03
 -3.7368119e-04
  2.0388493e-04
  2.9266325e-01
  2.6058266e-04
  1.1625882e+00
 -1.2994819e+00
 -3.3682690e-04
 -3.9034513e-01
  1.9713711e-02
 -4.0056548e-04
 -2.1778407e-04
 -8.8584569e-04
 -3.1842283e-04
  4.2747576e-03
 -5.5602938e-04
  2.3915323e-04
 -4.8281860e-01
 -2.3019183e-01
  9.7403802e-02
  9.5223814e-01
  1.1901505e+00
  2.9898962e-01
  2.1795943e-01
  8.6336374e-01
  1.0296196e+00
 -2.7536964e-01
  3.3312914e-01
 -1.4309542e-01
  1.6006633e+00
  4.8606813e-01
 -4.9245420e-01
  1.0132364e+00
 -2.7015305e-01
  5.5915260e-01
  2.6295766e-01
 -3.6687389e-01
 -4.0345535e-01
 -2.5445223e-01
  3.1638518e-02
 -2.6659590e-01
  5.1465933e-04
  2.8343047e-03
  9.6810198e-01
  2.0441392e-03
 -2.5233835e-01
  4.7412521e-01
 -7.4054617e-01
  2.5702918e-02
  1.3782951e-02
  4.3001038e-01
 -6.2795930e-02
 -3.2252735e-01
  1.4889573e-01
 -1.1538035e-01
 -2.6593450e-03
 -1.6202684e-06
  2.8506368e-02
 -5.1683438e-04
 -2.6330962e-03
  4.5626890e-03
 -2.8756325e-04
 -9.7964628e-05
 -6.9255376e-04
  7.8896928e-04
 -9.1741461e-04
 -3.4235220e-04
 -7.8046964e-03
  2.6280776e-04
 -1.1585235e-03
 -2.9548078e-03
  5.9653248e-04
 -8.6860542e-05
 -1.4818169e-03
 -1.3312539e-03
 -5.6526717e-04
 -6.3088501e-04
 -1.5971504e-04
  7.6570996e-04
 -8.0956094e-04
  1.2170874e-03
 -1.3905653e-04
 -2.2424333e-04
  3.7579628e-04
  5.8097426e-02
  1.3848953e-04
 -1.3099964e-03
  1.7216541e-04
 -3.3232206e-04
  3.9229976e-04
  8.5576740e-04
 -3.3436259e-04
  2.0717256e-04
 -1.1403449e-04
 -3.4710212e-04
  3.4469500e-05
 -2.1251416e-04
  1.0147499e-03
 -2.4099665e-04
 -3.5784452e-04
  6.0336961e-04
  4.7494593e-04
  9.3290687e-04
 -1.1331654e-03
 -1.9167626e-03
 -1.3200257e-03
 -8.0303791e-05
  2.2119123e-01
  2.0906274e-04
 -1.7860710e-03
  4.4096939e-04
  2.9916428e-03
  6.2776357e-04
  7.0247604e-03
 -1.2199956e-03
 -1.7790687e-03
  1.1903545e-03
  1.2924576e-04
 -9.7854529e-04
 -1.2903000e-04
  8.2468847e-05
  9.4390882e-04
 -2.9995170e-04
 -1.5113045e-03
  2.2043162e-03
  5.2112027e-04
 -6.0529349e-04
 -2.8831256e-03
 -1.1656122e-04
 -3.7099805e-04
 -1.0770866e-04
 -5.0846091e-04
  1.8291046e-03
  2.7938170e-04
  3.9999408e-04
  7.3528395e-04
 -6.9633557e-04
 -5.2843709e-04
 -6.2493933e-04
  2.4589451e-04
  1.8111487e-04
 -3.6101881e-04
  4.8505550e-04
  1.1252245e-04
 -6.0404534e-04
 -7.8285043e-04
 -1.3323310e-03
  2.9547045e-05
 -2.2825142e-04
 -3.8619557e-01
  1.4049621e+00
 -6.8346471e-01
 -3.8334107e-01
 -2.3635530e-01
 -6.3359022e-01
 -3.3281535e-01
 -1.3255659e-02
  3.2416013e-01
  1.8282147e-01
 -3.4834129e-01
 -1.3165616e+00
  1.3725850e-01
 -2.9128560e-01
  3.0569908e-01
  7.1417771e-02
  1.4978920e-01
  1.3521381e-03
 -8.6430305e-01
  2.6850849e-01
 -3.7889433e-01
 -8.4283500e-04
  3.7089054e-04
 -1.1743295e-02
 -5.4420345e-02
 -2.9203868e-01
  1.0981873e-01
 -5.8952600e-01
 -8.8703477e-05
  1.7985137e-03
 -9.1183893e-02
 -2.0666356e+00
 -1.1798651e+00
  3.9082846e-01
 -1.0408410e-01
  7.2943489e-04
 -1.3942514e-03
 -1.3705969e-03
  6.3412142e-04
 -9.3036317e-05
  2.7151947e-04
  1.6035895e-04
 -1.7083685e-04
 -1.0369151e-04
 -1.4101355e-03
  4.9021019e-04
  5.8547070e-04
 -1.3152629e-03
  2.2692235e-04
 -1.6337191e-03
  1.0625550e-04
 -2.0095962e-05
 -1.2673727e-03
 -1.6591812e-03
  2.7018315e-03
 -6.7954214e-04
  3.6508215e-04
  6.3940679e-04
 -4.9109827e-04
  5.9482618e-04
  2.4523149e-04
 -7.1468984e-04
 -8.5742364e-04
  6.1820909e-05
  2.6391319e-04
 -9.3691342e-04
  9.2480832e-04
 -3.6682939e-04
 -5.1868701e-06
  7.0171169e-04
  3.5367852e-05
 -5.8957591e-04
 -8.9842954e-04
  5.0074642e-04
  9.5167034e-04
 -2.9457774e-04
  3.6192706e-04
  6.8676396e-04
  2.0361859e-04
 -4.1878904e-04
 -7.5989979e-04
  4.9645174e-04
 -1.2771809e-04
  2.3349634e-04
 -4.5648933e-04
 -6.2277989e-04
 -1.9006504e-04
 -1.2913375e-04
  3.0013111e-01
  1.6421130e+00
 -4.3650918e-02
 -2.6961234e-01
 -3.4122148e-01
  3.1879506e-01
 -1.5252904e+00
  1.3815011e-01
 -1.9023581e+00
  2.4200968e-01
  2.1520722e+00
 -5.6136137e-01
 -3.3240753e-01
 -3.1524432e-01
 -9.3048200e-02
  4.6743844e-05
  7.1394646e-01
  1.1073868e-01
 -3.9814457e-01
 -5.1545829e-01
 -4.6355167e-01
  2.0392995e-01
  4.6272524e-02
  3.6364883e-01
  7.2537863e-01
  9.5358968e-04
  1.6734368e+00
 -3.6392704e-01
 -7.9813343e-01
 -2.5579371e-02
 -2.3798655e-01
 -2.8940398e-01
 -5.6874868e-04
  8.0620205e-01
 -7.0017189e-02
  1.3427733e-01
  1.5021212e-04
 -3.1986777e-02
  2.5361936e-04
 -3.1762192e-04
  4.4708140e-03
 -1.0948533e-03
 -7.5119287e-02
  1.1872999e-02
 -1.2255415e-03
  1.2918435e-03
  7.3524773e-02
  5.6488968e-02
 -3.3239066e-04
  2.1401036e-04
  3.4914941e-01
  1.0674344e-01
  1.1561679e-03
  1.0722440e-04
 -1.4935599e-01
 -1.0715326e-03
 -2.3061557e-04
  2.3251130e-04
  1.3215377e-04
 -2.0750464e-05
 -9.2957146e-04
 -4.8820215e-04
 -1.5963904e-04
  2.8740652e-03
  5.6832633e-03
 -1.8360525e-04
 -5.1184860e-04
  1.5260760e-03
  7.1820960e-04
 -3.2196713e-05
 -4.7190921e-04
 -1.8333563e-03
  3.1093566e-04
 -1.9064002e-03
  2.4080068e-04
  4.5216596e-04
  1.8220158e-04
  3.6199595e-04
  2.8780240e-03
  1.0105759e-04
 -1.6308526e-03
 -9.3584647e-04
  7.5402792e-04
  8.1899445e-05
 -4.8779190e-04
 -3.4063822e-05
 -2.0787859e-04
  4.0543779e-05
  1.5431236e-03
 -3.5772205e-04
  1.8511340e-01
 -6.2644604e-04
 -7.0451893e-02
 -2.8361101e-06
 -1.9518565e-02
 -8.3258390e-01
 -1.1675770e-03
 -6.9006137e-04
  6.0594222e-04
  6.6535926e-04
  1.8729267e-04
 -1.2513200e-03
 -1.6942855e-05
  2.1661705e-05
  2.7817138e-03
 -3.5327082e-04
 -4.4324290e-04
 -3.1490978e-05
  1.0204369e-04
 -5.6748936e-04
  9.6328685e-04
  2.4678148e-03
  7.0704945e-04
  1.2304052e-04
  4.3997148e-04
  1.3663945e-03
 -4.4528849e-04
 -6.5060012e-04
 -5.5349618e-04
 -1.4820648e-03
  1.7275722e-04
 -4.0148047e-04
  2.2509217e-03
 -1.0903710e-03
 -5.2560121e-04
 -5.8464572e-04
 -4.9736275e-04
 -4.3969331e-04
 -1.9304777e-04
 -1.3512465e-03
 -1.7096745e-04
  4.2731472e-04
  4.2944177e-04
  3.7760379e-05
  5.9546833e-04
 -8.5849001e-04
 -1.1409021e-03
 -4.0200001e-05
  5.8535859e-04
  5.1447338e-01
 -1.5305186e-04
  3.8639139e-04
  1.4043921e-03
 -5.8051664e-04
 -7.1749455e-05
  1.5896845e-03
  3.5942899e-04
  9.9279569e-04
 -2.4401743e-04
 -2.7712120e-04
 -7.8943191e-04
 -2.3120549e-05
  3.6835883e-04
 -9.3257776e-04
  7.1069505e-04
 -9.2571374e-04
  7.1198586e-04
  1.0489058e-03
  3.3470889e-04
 -8.1021094e-04
 -2.1093059e-04
 -1.2708381e-04
 -9.5088192e-04
 -6.1092258e-04
 -3.9844765e-04
 -4.5087691e-05
 -1.1883778e-05
  8.8909717e-04
 -6.7307922e-04
  5.2460225e-04
  3.2446251e-04
 -2.7364292e-04
  5.5119710e-04
 -7.4621977e-04
 -6.1967270e-04
  2.4292068e-04
  2.1047081e-04
 -7.1159820e-04
 -1.0740560e-03
  7.8952382e-04
 -4.1850240e-04
  1.1372900e-03
 -1.4330330e-04
  5.4495431e-02
 -5.5966421e-04
 -2.4694271e-04
 -1.9508663e-03
  9.7591762e-04
  1.1495315e-04
 -4.6815694e-04
  6.3384807e-04
 -1.0781378e-03
  5.9300411e-04
 -3.5274189e-04
  2.5194680e-04
  2.4699228e-04
  1.2155928e-03
 -2.9429802e-04
  6.7531737e-04
 -1.8824995e-03
 -1.8033475e-04
  9.4771749e-05
 -4.4177397e-04
 -2.5308575e-04
 -3.0673272e-03
 -1.9282958e-03
 -3.3417360e-05
 -2.5403395e-04
  1.4505300e-04
 -9.3398266e-05
 -8.3540851e-04
 -9.0575102e-04
 -2.9885021e-04
  5.9757300e-04
  1.1622226e-03
 -4.4010568e-04
 -1.2577093e-03
 -7.9668255e-04
  1.4985976e-04
  6.7366054e-04
  3.0022557e-04
 -2.5965465e-04
  8.5903541e-04
 -1.0987406e-04
  1.4542053e-04
  1.6914486e-03
 -1.5317909e-04
 -1.3379287e-03
 -1.7963527e-03
  5.1454048e-05
  2.1983196e-03
  1.3249798e-04
  5.4011546e-04
  7.5760821e-04
  9.9523365e-04
 -2.5462004e-04
  2.5009424e-05
  2.0636537e-03
 -6.0325861e-04
  1.7410873e-03
 -1.1666937e-03
 -7.1936578e-05
 -2.3139146e-05
  1.2398685e-03
  6.9877034e-04
  8.5193675e-04
  1.1742086e-05
  9.4347616e-04
 -2.3131690e-04
  4.0608834e-04
 -2.9454862e-03
 -3.9498680e-04
 -1.9669387e-04
  2.6600977e-02
  8.3656266e-04
  1.7791085e-03
 -2.2259229e-04
 -6.4651313e-04
 -7.8151948e-05
 -1.2787043e-03
  5.7996879e-04
  3.8553664e-04
 -7.1549453e-05
 -8.2125730e-04
  3.5445863e-01
 -1.3286045e+00
  1.8135701e-01
 -1.7398322e-01
  3.2625905e-01
  4.5421474e-02
  3.8249362e-01
 -9.0185501e-02
  1.4908389e-03
  2.7623600e-01
  2.7045136e-04
  2.2556406e-04
  7.3315579e-01
  4.8281893e-02
 -3.0457621e-04
  1.7983483e-01
 -2.6439854e-03
  9.7102311e-06
  1.3271999e-01
 -1.5436083e-03
  2.3293054e-04
 -2.3341505e-03
  2.3046712e-05
 -9.6311584e-02
  5.2437879e-04
  1.4085814e-01
 -8.6478695e-02
  1.1847538e-03
  2.0578683e-03
 -3.6872316e-03
  7.6386079e-02
  1.5034819e-03
  2.7161608e-03
 -7.1626147e-03
  1.9224611e-04
  8.7008701e-04
  8.1567740e-04
  5.4088840e-04
  1.1003562e-03
 -1.0378477e-03
  1.6836633e-04
  1.4001862e-03
  9.2851435e-04
 -5.5067460e-03
  2.0047872e-01
  4.8154745e-01
 -1.5712933e-01
 -2.1075048e-01
  3.0084500e-01
  1.1437814e-01
 -1.9025800e-01
 -6.0438316e-02
 -4.1885689e-01
 -9.8058572e-03
  3.2859817e-02
 -6.8457492e-02
 -2.8823289e-01
 -4.6835729e-01
 -1.2282456e-01
 -1.5080232e-02
  3.4923311e-02
  1.1616753e-01
 -3.0210432e-02
 -3.7421617e-01
 -5.5625433e-01
 -1.3927504e-01
  1.7913617e-04
 -3.8397342e-02
  1.0415493e+00
 -2.3750001e-01
  5.1439601e-01
 -7.6314740e-02
 -2.7677643e-01
  6.3129179e-03
  2.5401023e-01
 -8.8863052e-02
 -3.7774777e-01
  7.1761173e-01
 -1.5023622e-01
  8.3034575e-02
  4.3816972e-03
 -2.5130495e-01
  6.6540838e-04
 -3.1230627e-03
  1.4922145e-01
 -5.2132696e-02
 -1.1616638e-01
  9.2591509e-02
  2.1445582e-04
 -2.7993787e-04
  9.0089173e-04
 -8.2083757e-04
 -8.5184595e-04
  1.4883729e-04
 -4.3657795e-04
 -1.3735314e-03
 -6.9526999e-05
  3.4253648e-04
  6.2132569e-04
  7.4623444e-05
  7.0170825e-04
 -5.5418212e-05
  2.5708764e-03
  2.6181529e-04
 -1.0518057e-04
  4.6421331e-04
 -4.9318885e-04
  3.0840092e-04
  9.9461977e-05
 -7.9341349e-05
  7.1095972e-04
 -1.1524027e-03
 -1.6463980e-03
 -1.1980634e-03
  4.4498919e-04
 -1.3326899e-03
 -3.1508593e-04
 -4.0816719e-04
 -6.5992825e-04
 -2.2827415e-04
 -6.9274555e-04
 -7.6178956e-04
 -5.0043315e-04
  2.2746535e-04
  7.5145374e-04
  1.7987556e-03
 -9.1251556e-04
 -8.8208599e-04
  3.5484691e-04
  1.2320308e-03
 -8.6853723e-04
 -1.7313407e-04
 -1.8730790e-04
 -5.3387752e-04
  2.5423965e-04
 -1.2215861e-04
 -7.3773548e-04
 -3.5582739e-04
 -8.0166301e-03
 -3.2495454e-01
  8.5393863e-04
 -1.1376031e-03
 -2.1031043e-04
  6.9016824e-06
 -1.5783042e-04
  9.0156379e-04
 -3.5546569e-04
  4.5243610e-04
  3.0544994e-05
  1.8073610e-03
  3.2185682e-04
  9.9144221e-05
  1.5439441e-04
  7.2831882e-04
 -5.1484432e-04
 -8.7190076e-04
 -3.2973050e-05
  9.8845700e-04
  1.2668052e-03
 -7.6579832e-05
 -1.4268762e-03
 -7.0939946e-04
  8.1481400e-04
 -3.9740169e-04
  6.1812265e-05
 -2.1291799e-03
  1.0028204e-03
  8.4795844e-05
 -1.3959265e-03
  2.5273152e-04
 -9.5711066e-04
  1.3271236e-04
  4.3671695e-05
  1.1852819e-03
  3.6855644e-04
  1.2710252e-04
  4.9496660e-01
  1.4533905e+00
 -8.3873755e-01
  8.0623716e-01
  3.8678452e-01
 -9.8994195e-02
  1.7723733e-01
  1.9155951e-01
 -2.3426488e-01
 -1.2030007e-01
  1.7379767e+00
  1.2832499e-01
  1.1148709e-03
  8.1901118e-04
 -3.2029295e-01
 -2.8656218e-03
 -3.0781630e-02
 -2.4333611e-04
 -1.7203130e-03
 -3.8712431e-02
  2.5445851e-04
  2.7050537e-01
  2.3262457e-03
 -6.5154332e-04
  5.7836443e-01
  6.7028604e-02
  6.8142611e-01
 -6.7989714e-04
 -1.3736713e-01
  4.0859041e-01
 -6.8870634e-02
  2.7104440e-01
  2.4135898e-01
  3.8935909e-01
  8.1940269e-04
 -8.1257820e-02
  2.7735272e-01
 -6.8002522e-02
  9.4576288e-05
 -2.5188327e-03
  4.8711379e-03
  6.6705374e-04
 -1.7519527e-03
 -5.3310674e-04
 -2.2805185e-04
  3.6209144e-04
  4.7887687e-04
 -1.2221055e-03
 -6.1116432e-04
  2.0342425e-03
  6.0620683e-04
  3.2888289e-05
  1.8089445e-04
 -1.4457980e-04
  1.2492260e-04
 -1.4544589e-03
 -1.0918250e-03
  6.4725446e-04
 -1.1066010e-03
  1.9947310e-04
 -9.0339873e-04
 -1.1431869e-03
  1.0457487e-03
 -1.3291957e-03
 -2.8627983e-06
  1.7430302e-03
  4.6318205e-04
 -1.5149494e-03
  2.7137675e-04
 -2.7668997e-04
  1.3780207e-04
  4.8933603e-04
 -3.3525267e-04
 -1.4729070e-04
 -7.0524163e-04
  2.1347480e-03
 -2.0825421e-03
 -6.4584258e-04
 -6.5690477e-04
  2.4563007e-05
  8.2915375e-04
 -4.5012301e-03
 -1.1205139e-03
 -1.3024823e-04
 -4.9592076e-05
 -7.6029298e-04
  1.1429406e-03
  3.7188714e-05
  5.3048419e-04
  9.5997221e-04
  2.3813681e-03
 -2.4647702e-04
  1.0797017e-03
  7.1726751e-04
  7.8237064e-02
 -1.6662464e-03
  1.0624144e-03
  1.1498671e-03
 -8.4781973e-04
  1.3563307e-03
 -1.4009405e-05
 -3.1020110e-05
 -3.8226892e-04
  7.2354474e-04
  3.0208676e-04
 -5.4896856e-04
 -2.1812443e-04
  1.4019193e-04
 -4.7716196e-04
 -4.4768216e-04
 -1.7087250e-03
  3.7671925e-04
 -2.5491699e-04
  5.9448128e-05
  2.2686939e-04
 -7.6950726e-04
 -1.2401209e-04
 -1.1080701e-03
  4.6507714e-04
  9.4526549e-05
 -5.1795912e-05
 -1.7332819e-03
 -7.2649179e-04
  4.2810559e-04
 -1.4462254e-04
  3.8478523e-05
 -6.8257691e-04
  6.7947753e-04
 -2.1035376e-06
 -2.5975789e-04
  9.9757290e-04
 -4.0884444e-04
 -6.3569918e-05
 -1.4047860e-03
  1.7694372e-05
 -2.2775889e-04
  1.0705044e-04
 -2.7505326e-04
  2.4809447e-01
 -1.8569991e-02
  1.6571454e-03
  2.5761843e-04
  1.2017050e-03
  7.2761854e-05
 -1.6171281e-03
  1.0683499e-03
  2.8524621e-04
  2.0966760e-04
  1.9999460e-04
 -1.3334912e-03
  2.2146819e-04
 -9.3301310e-04
 -3.1647674e-04
  8.5109891e-04
  1.0840067e-04
 -9.5837247e-05
 -1.2009448e-05
 -1.8075353e-04
 -3.6445117e-04
  4.0017266e-04
  9.3349227e-06
 -7.7388911e-05
 -4.7363993e-04
 -4.7968747e-04
  5.8310607e-04
  1.9457672e-03
 -1.3244917e-03
 -4.6339576e-04
  3.2380482e-04
  2.7267637e-03
 -3.5229375e-05
 -8.8832312e-05
 -2.1392788e-04
  5.8023690e-04
  1.9989256e-03
  1.1661167e-03
  1.0853641e-03
 -4.5720473e-04
 -2.1531449e-03
  8.8198576e-04
  8.1029400e-05
  2.7230573e-03
 -2.6120615e-04
 -3.4341996e-04
  1.8916359e-04
  7.1700790e-04
  8.7572722e-04
 -2.1527504e-04
 -9.5608406e-04
 -6.0931750e-05
 -8.6011307e-04
  6.3644623e-04
  9.9857993e-05
 -5.7208672e-05
  2.6178692e-05
  9.7276864e-04
 -1.3969040e-03
  3.4973520e-05
 -8.6561078e-05
  8.1862636e-06
 -5.4843946e-05
 -1.4956847e-03
  3.5091033e-04
 -1.6689146e-03
  7.6511933e-04
  6.3136342e-04
 -8.6643180e-05
 -7.6548912e-04
 -4.8001824e-04
  5.6544150e-04
  1.1514728e-03
 -7.9700712e-04
  4.6920119e-04
 -3.7968537e-04
  4.6921356e-04
 -3.7647702e-04
 -1.0387287e-03
 -3.0009728e-04
 -5.6490084e-05
  2.0870033e-03
  5.9720798e-05
 -8.4122585e-04
 -1.3442383e-03
 -1.6178147e-04
  1.4507165e-03
  2.8578687e-04
 -1.5460007e-03
 -9.3664933e-04
  3.4036266e-04
 -1.2208954e-04
 -1.6515023e-03
  1.3118194e-03
 -2.2002083e-04
 -5.0668395e-04
  3.5217591e-04
 -4.1805650e-04
  4.8571621e-04
 -3.4290220e-04
  4.7222868e-04
  5.2262557e-04
  6.2971917e-04
  4.7929998e-04
 -3.0129461e-03
 -5.8760116e-04
 -1.5099065e-03
  3.1897140e-04
  1.9664420e-03
  1.1157052e-03
  2.5170739e-03
 -4.5201892e-04
  7.5441413e-04
  2.4954835e-04
  3.2686602e-04
 -1.1237876e-03
  2.9573985e-04
 -2.7264497e-04
 -3.9851607e-04
 -2.3795794e-04
 -4.0365366e-04
  8.9868605e-05
 -6.2692212e-05
  2.2321240e-04
  1.1589191e-03
 -3.1804037e-04
  3.5940751e-01
 -4.0652007e-03
  6.6318505e-02
  3.4153100e-02
  2.0529109e-01
  2.2904314e-01
  5.5558026e-01
 -9.4510376e-01
 -1.8192630e-01
 -1.0914494e-02
  3.8238207e-01
  6.7677991e-03
 -3.4183725e-03
  2.0521948e-01
 -1.2325732e-01
 -3.7570108e-02
  1.1479454e-03
  1.6983805e-04
  2.4702678e-02
  1.2551994e-03
  4.7645670e-01
  1.3930088e-01
 -1.4104188e-03
  3.6011324e-03
  6.3066429e-01
  5.7630206e-04
  8.0152368e-03
  7.2532243e-01
 -2.5071803e-04
  1.9841073e-03
  4.3363855e-03
  4.2754522e-04
  1.8458445e-01
 -2.3728653e-03
  4.0653732e-01
 -4.5058550e-03
  6.1817721e-02
  7.0393749e-04
 -4.3986179e-04
  1.7148813e-03
 -3.1811474e-03
 -4.0538522e-05
  8.5750764e-04
 -1.3510159e-03
 -3.8464079e-04
 -8.4643383e-05
  3.6821520e-04
  8.5633254e-04
  1.9491609e-04
 -1.4632336e-04
  2.3408822e-05
 -1.7899744e-01
 -4.6756701e-04
 -1.8054631e-03
  1.5555002e-04
 -1.4668278e-04
  8.6739706e-04
 -3.6480164e-04
 -2.2422674e-04
  1.4170411e-03
 -9.6550815e-05
  1.7724189e-03
 -6.0291030e-04
 -1.6720018e-04
  3.5676491e-04
 -1.5579366e-04
 -4.7239754e-04
 -3.2416050e-05
 -1.1208911e-03
  1.2686121e-03
  1.0302589e-04
  1.5861468e-03
  9.8584814e-04
  1.8469857e-04
 -1.1029448e-03
  9.4159727e-04
  1.8357715e-04
  2.1451456e-04
 -5.4545072e-04
  2.5589726e-04
  9.7068652e-05
 -3.6072556e-04
 -2.4282828e-04
 -2.3119331e-03
 -1.0581659e-03
 -1.0729994e-04
 -4.7036988e-04
 -4.9814396e-04
  1.4548568e-05
  5.7099946e-04
  7.5020891e-04
  1.4609504e-06
  5.2987412e-04
  6.8478333e-04
  4.0848255e-02
 -1.5642233e-04
 -3.4211602e-04
  3.0099403e-03
 -4.1312867e-04
 -7.6465751e-04
  3.4945065e-04
 -6.7692751e-04
 -6.9766084e-04
  3.3452015e-04
 -1.6034765e-03
  8.6377127e-05
  1.9303335e-04
 -1.4993775e-04
 -3.6185884e-05
  2.6233395e-04
 -1.1251025e-03
 -1.5306607e-03
  6.9186540e-04
  7.0024340e-04
 -3.9841194e-04
 -1.9634198e-03
 -7.5781666e-04
  6.2865741e-04
 -3.0866358e-05
 -5.9142094e-05
  2.1548534e-04
 -3.3038337e-04
  1.2675375e-03
  4.4124603e-04
 -2.3373796e-06
  3.3432516e-04
  1.3472259e-04
  1.0089378e-03
  1.8687579e-03
 -4.5218394e-04
  1.0154857e-03
 -2.2579283e-03
 -4.7960918e-04
  3.2998752e-04
 -5.2001415e-04
 -5.1550003e-04
 -1.8904327e-03
 -1.5928261e-03
  1.5644776e-04
 -2.1715502e-03
 -1.5667887e-04
 -5.0756695e-05
 -2.8669910e-04
 -1.9873185e-03
  2.6280835e-04
 -1.1040528e-03
  1.7060372e-03
  1.0004111e-03
 -8.8331848e-04
 -6.4911693e-04
  1.4997249e-04
  1.7709460e-04
 -8.1133112e-05
 -3.8064911e-04
 -1.4759784e-03
  1.0067529e-04
 -1.4827751e-04
 -1.8426151e-03
  3.5785124e-04
  7.8128278e-04
 -1.2510086e-03
  1.9278080e-04
 -7.6945696e-05
 -8.2869089e-04
 -1.1374609e-03
 -1.1277370e-03
 -8.5908885e-04
 -4.8819609e-04
  2.0756258e-04
  9.9835941e-04
 -6.7187246e-04
  1.7792382e-04
 -6.2710184e-05
  4.0474752e-04
 -9.6386138e-05
 -5.8061257e-04
  1.5502401e-04
  1.3017402e-03
  1.7783169e-04
  6.5132117e-06
  7.6067122e-04
  3.0028939e-04
 -4.5437107e-04
  1.4127861e-03
 -3.3943096e-04
 -1.2939039e-03
  2.2380247e-03
 -2.4525810e-04
 -2.6470798e-04
  1.1252153e-03
 -1.1057171e-04
 -9.8986187e-05
  6.5379660e-05
  1.0325434e-03
 -1.2235183e-03
 -9.4873249e-06
  3.6596184e-04
 -1.3411234e-04
  4.5534040e-04
  2.5168629e-05
  1.2260284e-03
 -4.6398473e-04
 -8.9925143e-04
  3.0842358e-03
  4.2267318e-04
  8.0514059e-04
  3.4727243e-04
 -9.4758120e-04
 -1.8689828e-03
  5.5890909e-04
  1.1488351e-03
  7.8452297e-04
 -4.2625732e-04
 -1.7890330e-04
 -3.2785744e-03
 -9.3366274e-05
 -8.4966340e-04
 -3.1793345e-05
 -2.1646399e-04
  3.1542200e-05
 -7.5864894e-03
  5.8236361e-01
 -7.1120597e-02
 -3.1977270e-03
 -8.0653533e-02
 -5.2025605e-02
 -5.6966609e-01
 -1.9923100e-01
  4.0499948e-02
 -1.9554549e-04
 -2.9387969e-01
 -5.8183796e-05
 -1.0048050e-03
 -5.6496705e-03
  4.5954454e-04
 -7.8372307e-02
  2.7430861e-03
 -1.4306051e-02
 -1.3261826e-03
  8.8418856e-02
  1.1978444e-01
  6.1629349e-03
  1.5316715e-03
  1.6232868e-01
 -3.0150020e-04
 -2.2480041e-03
  3.5245478e-04
  1.1873308e-03
 -6.1868137e-04
  6.5892161e-04
 -2.8152217e-04
  2.0300003e-04
 -2.3754402e-03
 -1.9155545e-03
  2.6734306e-03
  7.7150669e-03
  9.8280478e-05
  1.2869437e-04
  1.2524970e-04
 -7.2186126e-04
  1.7097346e-04
 -1.6030021e-03
  2.7244382e-03
 -1.3741086e-03
 -1.7053489e-01
 -1.4144089e+00
  7.9670584e-01
 -6.0335046e-01
 -6.7156547e-01
 -3.8949686e-01
 -7.8099303e-02
 -5.3477359e-01
 -1.1960527e+00
  7.1932262e-01
  9.1558725e-01
 -2.3897530e-01
 -6.1738557e-01
 -3.9263314e-01
  6.6956055e-01
 -1.7890014e-02
  8.5984898e-01
 -1.1466188e-01
 -2.1974722e-01
  4.3755323e-01
 -9.9551976e-01
  4.8603117e-01
 -3.0823112e-01
  1.3456834e-03
  6.9236726e-01
 -1.7607766e-01
  1.2659064e-01
 -7.8839111e-01
  7.2180438e-01
 -1.4691170e-01
  8.0751744e-04
 -1.4819709e-03
 -8.1413710e-01
 -5.9821823e-04
  1.2719814e-01
  1.0763144e-02
 -6.4564884e-01
  2.3068237e-01
  1.1726038e-03
  1.5641540e-02
 -3.7029514e-03
  2.8885499e-01
  2.8377455e-02
 -7.4276373e-02
 -5.8764666e-01
  4.7263670e-01
 -6.2493956e-01
  2.6415220e-02
  3.1734324e-01
  1.8948388e-03
  3.2712698e-01
 -7.8526413e-01
  1.0884263e-01
  3.2463560e-01
  4.3554458e-01
  1.1010407e-02
 -7.8098157e-05
 -3.9828461e-05
  7.3526753e-03
  2.4591623e-01
  6.9564834e-02
  1.0966591e-02
 -1.0924922e-02
 -1.0178371e-03
 -1.1784600e-01
  2.5161423e-02
  5.7145435e-04
 -8.8006575e-03
 -4.6816397e-02
  1.2262857e-02
  9.7039796e-05
 -4.7247508e-04
  8.5017178e-03
  3.4187380e-03
 -1.1417560e-01
  1.2905909e-03
  2.9698263e-03
  4.1317916e-03
 -6.4820331e-04
  3.1205837e-04
 -9.2745305e-04
 -9.8194100e-02
 -4.6704878e-04
 -5.9295986e-03
  2.3644299e-03
 -1.4992221e-03
 -7.0201573e-03
  2.2928258e-03
 -4.5501431e-03
  9.8301607e-06
  4.1651692e-05
 -2.3270528e-04
  1.8140895e-04
 -5.0197402e-04
 -2.0415324e-04
 -1.8849904e-03
 -4.1553687e-04
  1.7987115e-03
  2.1527824e-03
 -1.3881592e-01
  9.9618882e-02
 -7.4999261e-04
 -1.8990987e-04
  1.1068421e-03
 -2.8436531e-03
  2.3247831e-04
  5.0406822e-04
  9.5751602e-07
  2.5594424e-04
 -2.5366829e-04
  2.1241257e-04
  5.6714882e-05
 -2.7282303e-03
 -6.0073729e-04
  7.8947574e-05
 -4.7854293e-04
 -7.4884103e-04
 -3.1668460e-04
  3.4750625e-02
 -2.4793734e-04
  6.0954876e-04
 -7.1619719e-04
  3.2604492e-04
  6.8449520e-04
  3.5943562e-04
  2.1120952e-04
 -4.3357618e-04
  5.3557591e-04
  1.4487468e-04
 -1.7084755e-03
  1.2755297e-03
  1.2649624e-03
 -1.4820624e-04
 -1.1671620e-04
  1.0928264e-03
  4.7200010e-04
  3.0013113e-04
 -8.5695059e-04
 -3.7014089e-04
  1.8666901e-04
  9.1949129e-04
  4.4674578e-04
  5.7229877e-04
 -1.4711947e-04
 -7.9061510e-04
 -4.1501064e-04
  9.9339010e-04
  3.2488210e-04
 -5.1498733e-04
  2.9771440e-04
 -4.3281334e-04
 -2.8401910e-04
 -1.4756832e-05
 -3.9878121e-04
  5.3927925e-04
 -6.0175018e-05
 -1.0776797e-03
  8.3943160e-04
 -1.8289324e-04
 -4.2854331e-04
  1.9358237e-04
  2.5276623e-03
 -8.7246392e-04
  7.9637386e-05
 -1.8949052e-03
  4.0773966e-04
  1.2287244e-05
 -1.1135291e-03
  8.0956204e-04
  1.0048535e-03
 -7.7399705e-04
  1.1380564e-03
 -4.1845287e-04
 -8.7973691e-05
  2.6690960e-03
  1.5048354e-03
  5.4428913e-04
 -7.5780298e-04
  4.3975402e-02
  2.1063608e-04
 -3.0276921e-04
 -2.7276095e-05
  1.1165151e-02
  8.9477660e-04
 -1.4626429e-02
 -4.7233384e-04
  2.9919742e-04
 -1.1605107e-03
 -1.0337568e-05
  7.7507203e-04
 -2.9049916e-04
  3.4955060e-04
  2.9892469e-04
  1.9603354e-04
  2.3174398e-04
  9.6505028e-05
 -1.8405117e-03
 -3.5643854e-04
  1.2726037e-04
  4.9602980e-04
  1.4672012e-03
  4.8009623e-04
  4.5577280e-04
 -1.1097041e-03
  6.6257846e-05
 -2.2866402e-04
 -8.6684793e-04
  2.5089227e-03
 -1.2460545e-04
 -3.8274156e-04
  1.6541957e-03
 -1.7810169e-04
  7.2257285e-04
  5.3549178e-05
 -1.5043109e-03
 -5.4336106e-04
  1.8568411e-04
 -1.0906742e-03
  1.3322660e-04
 -3.7294393e-04
 -5.6766784e-01
 -3.9614078e-01
 -3.6033206e-02
  4.5173872e-01
 -2.9586899e-01
 -1.4215949e-01
  6.2058914e-01
 -5.9037775e-02
  4.5149650e-02
 -1.9807912e-01
 -6.0076916e-01
 -8.3011109e-04
 -2.7337888e-02
 -4.0698357e-02
  9.9500478e-04
  1.2723838e-03
  2.1310946e-01
 -5.3993586e-02
  2.2148810e-01
  2.6613709e-01
  1.0468403e-01
 -2.0432496e-03
 -4.2367232e-04
 -5.6313585e-02
 -1.0062776e-03
 -7.7029049e-02
 -4.2849459e-02
 -1.2044224e-04
  6.2121736e-04
 -1.5376398e-01
 -1.7058849e-01
  6.2192092e-05
  8.2067974e-02
  6.0273291e-05
  1.8888224e-02
  4.2076982e-04
  4.0066947e-04
  1.5671964e-01
 -5.4178311e-04
  5.5560516e-03
 -1.2221663e-03
  2.4739699e-04
  3.2846812e-02
 -7.6133374e-04
 -3.8785511e-05
  1.2326428e-01
  2.5092665e-02
 -5.6218803e-02
 -2.5425535e-01
 -5.8346766e-04
  1.3533810e-02
  1.8581906e-01
  3.8417260e-04
 -6.3844322e-04
  8.7636515e-02
 -3.5031047e-04
  6.6087960e-05
  7.4876249e-01
  1.1938094e-03
  2.0476291e-06
  4.8417411e+00
  7.8892100e-01
 -1.5046106e-03
 -8.1736274e-02
 -7.4864167e-01
 -1.0096674e-04
 -9.5326942e-01
  2.6183840e-02
  3.2444976e-03
 -4.1333112e-04
  2.6403407e-03
 -1.1416845e-03
  6.9498426e-01
  4.6270531e-01
 -1.3591244e-04
  2.3032730e-02
  6.7304468e-01
  4.8840384e-04
  4.3878128e-04
  6.3751836e-04
 -3.9547015e-04
  9.8296744e-04
 -3.1637974e-02
  1.3128392e-04
 -1.0212575e-03
  2.4999143e-05
 -1.4671916e-03
 -1.6423143e-01
 -1.1480198e-01
  1.8301544e-01
  3.8716101e-04
 -7.7457924e-04
 -1.3661711e-04
 -7.6331061e-01
  7.3230953e-04
  4.4967702e-01
  1.5392871e-01
 -3.7504995e-01
 -3.3533791e-01
  1.2646909e-03
  2.2851698e-01
  2.4488577e-01
  2.2765214e-04
  4.3659573e-04
  5.5468291e-01
 -9.0105869e-02
 -1.4877455e-04
  9.4216037e-01
  1.0506207e-01
  6.8527501e-04
  3.1220901e-01
 -1.4193559e+00
 -6.7967777e-03
  1.3813828e-01
 -4.6562949e-01
  7.0399498e-03
 -5.6984210e-01
  1.8872608e-01
  6.4036345e-01
  5.6531369e-03
  4.8525475e-05
 -8.1096217e-02
  2.8472605e-01
 -8.9042401e-01
  4.7523691e-03
  1.9014759e-01
 -4.1903755e-01
 -7.5581662e-02
  2.3924944e-04
  6.1985839e-02
  1.4074320e-05
  5.4140035e-02
  7.0918155e-01
  2.3108961e-03
 -1.1121897e-03
 -4.8559182e-04
  4.8622076e-04
  4.3643498e-01
  2.1034503e+00
 -9.7236854e-01
  4.2859711e-02
 -4.2831220e-04
 -9.0438373e-02
  8.8709229e-01
  2.7822096e+00
 -1.9014461e-01
  1.3434223e+00
  3.2286552e-01
  4.1257488e-03
  7.9856400e-04
 -2.2199401e-01
  1.0991890e-04
  1.1818765e-03
  2.7457821e-01
  1.4345379e-01
  2.2223125e-04
  3.5778488e-04
  7.3476851e-01
 -9.7660972e-03
 -4.0730110e-01
  5.5360220e-02
  1.0505619e+00
 -1.1915792e-03
 -8.3330259e-02
 -3.7610566e-04
 -2.5299019e-01
  4.0781096e-01
  7.2084200e-01
  2.3229539e-03
 -5.7891107e-01
 -2.8851956e-01
 -2.1866423e-01
 -1.3729830e-04
 -1.3874227e-01
  2.6371747e-01
 -1.0958086e+00
  9.9639379e-05
 -1.0766349e+00
 -3.5965934e-01
  1.9122656e-01
 -4.1364029e-01
 -4.3095695e-03
  4.3391285e-04
 -1.5553735e-03
 -9.4264728e-04
  2.5289154e-01
  5.5019599e-01
 -4.4747576e-02
 -3.2387386e-04
  3.7447307e-01
 -7.4490213e-01
 -1.0645857e-01
  4.2923108e-01
  6.7182221e-02
 -1.9202611e-01
  7.2910541e-01
 -2.2535965e-01
  7.2871995e-01
  6.4545876e-01
  7.8849959e-01
  3.1283456e-01
  3.7487119e-02
  3.0476677e-01
 -8.6570628e-02
 -4.3324474e-01
 -2.8945321e-01
 -3.7439802e-01
 -2.6395035e-01
  5.7760286e-01
 -7.4159455e-01
  1.7461799e-01
  2.9336125e-01
 -2.7530951e+00
 -3.6028364e-01
  7.1550149e-01
  1.7480140e+00
 -8.8954967e-01
  2.7792411e+00
 -5.6926347e-02
  4.2692682e-01
  1.4475813e+00
  2.0113816e+00
  2.6839805e-01
 -2.9508176e-01
 -4.9476880e-01
 -7.6544327e-01
 -2.4581608e-01
 -1.7846131e+00
  3.7124306e-01
  6.4150596e-01
  1.0636238e-01
  1.1802500e-01
  1.0254720e+00
  1.5121793e+00
  1.0601970e-01
 -1.0904568e+00
 -3.6080159e-02
  2.1587174e-01
  1.3748026e+00
 -6.3800287e-01
 -1.4191858e+00
 -4.7442695e-01
  2.1439014e-01
  1.4661269e+00
 -7.6468474e-01
  4.2083824e-01
 -1.3879514e-01
  7.8089811e-02
 -1.5933117e-01
 -1.1447899e+00
 -1.9670078e-01
 -2.8379509e-01
 -3.1400555e-01
  1.6679443e-01
  7.6869708e-01
 -6.6456653e-04
 -1.6065591e-04
 -8.2198590e-01
 -1.4880137e-01
  1.4327553e-01
 -2.7407891e-01
 -1.5368910e+00
 -1.5819664e-01
  9.6902704e-01
  3.5050884e-02
  3.8943636e-01
  1.2776873e+00
  7.0039600e-01
 -3.3662731e-03
  2.7961355e-01
 -2.5814836e+00
 -3.0771498e-06
 -2.4114461e-01
  6.7404932e-01
 -6.3527688e-02
  2.7564827e-01
  2.9206836e-01
 -2.0125756e-01
  1.0306879e+00
 -3.7956412e+00
  3.6466891e-01
 -2.1000645e+00
  2.0772010e-01
 -2.9160699e-01
  2.3994870e-01
 -1.9049106e+00
 -3.5404679e-01
 -6.2707558e-02
  4.8975909e-01
 -1.3878195e+00
  2.4851070e-01
 -9.7984910e-01
 -9.0136021e-01
 -3.5645562e-01
  2.5076750e-01
  1.4944559e+00
 -4.6985227e-01
 -1.2148077e+00
  2.6168007e-01
 -4.2327291e-01
 -1.0780520e+00
 -5.3927094e-01
 -3.5755658e-01
  6.3687682e-01
  4.9173081e-01
 -9.3378825e-04
  2.1142161e-03
  9.1261905e-01
  9.1479516e-05
 -8.3220092e-04
 -1.2181205e-01
 -6.0958678e-01
  1.5178560e-01
 -7.5715828e-01
  6.4607039e-02
 -3.0920022e+00
  2.0403548e-01
 -2.0667644e-01
  2.0367156e-01
  2.3065679e+00
  9.1024092e-04
 -6.3512273e-02
 -2.5605419e-01
 -1.3977133e+00
  6.8806630e-01
 -4.3735713e-02
  1.5234464e-04
 -2.0618114e+00
  3.8249323e-01
 -8.6484559e-02
  7.3959902e-03
  3.3855081e-01
  2.6206035e-02
 -3.8961408e-01
 -3.1833837e-03
  7.7150613e-01
 -1.7301233e+00
  3.6381505e-02
  4.9955292e-05
  1.8827491e+00
 -3.5216133e-03
  2.4388460e-04
 -5.6691948e-05
 -1.6741130e+00
  4.8316953e-01
 -2.1727920e-01
  9.8164290e-02
 -3.7166372e-01
  3.6367714e-01
 -2.1029437e-01
 -1.1831101e-03
  5.3804874e-01
  2.2757067e-01
 -9.2558599e-01
 -2.6171748e-02
  5.4784492e-02
  1.0210698e+00
 -5.2029354e-04
 -5.6555972e-04
  9.1564953e-01
 -4.0612955e-04
 -2.3978634e-01
  3.5144656e-04
 -1.4428059e+00
  1.2167174e-01
  1.1589923e+00
 -1.9971682e-03
  7.9757541e-02
  6.3103503e-01
 -2.1494106e-04
 -8.3916682e-01
  1.2621377e+00
  3.7201348e-04
  2.8285108e+00
 -3.0165215e-03
  1.4108135e-01
  2.4420358e-03
 -3.3985549e-01
  3.1753141e-01
 -9.9241644e-01
  1.3946633e-01
  9.6490964e-02
 -1.1288712e+00
  6.0304964e-01
  3.9221782e-02
  1.7935143e-01
 -1.9965444e+00
  3.2376629e-01
  6.0139447e-01
 -1.9073254e-01
  2.1562900e-01
 -8.8201374e-01
  1.6245799e-01
  4.6013564e-01
  2.0258378e-02
  5.0978595e-01
 -2.2991592e-01
 -2.1098173e+00
 -6.8696231e-01
 -3.6765810e-02
 -7.0007002e-01
 -1.0857766e+00
 -2.4637584e-02
 -3.2624412e-01
 -4.6882200e-01
  2.5024817e+00
  1.4194080e+00
  3.6881655e-01
  1.3842849e-01
 -3.5874242e-01
  1.2275516e-01
  7.7696124e-05
  5.2389823e-04
  1.6729949e-01
 -3.3251858e-01
 -3.6124372e-01
  2.6908005e-04
  2.0818045e+00
  9.3830541e-02
 -4.9426511e-01
  2.8862244e-01
  1.0073875e+00
  1.6121018e-01
  5.9894816e-04
  3.2744935e-04
  1.3849019e-01
 -6.2421483e-01
  6.2611303e-04
 -4.5676946e-04
 -9.7209746e-01
 -2.9396912e-01
 -3.2302114e-01
  3.4010956e-01
  9.0771592e-01
  1.0817313e-01
 -1.0528981e-02
 -2.4188770e-04
  2.3189881e+00
 -7.2864974e-01
  5.7356417e-01
  4.4148373e-03
 -2.0403534e-01
 -5.8994859e-01
 -2.1078892e-01
  3.6360770e-01
  1.7218020e+00
  1.5092560e+00
  5.0701612e-01
 -4.6409635e-04
 -6.0217988e-01
  6.8783110e-01
 -8.6768962e-02
  3.9720339e-01
  1.4858541e+00
  1.1605943e+00
  5.6592689e-04
  3.2781245e-05
  4.8415396e-01
  6.6627294e-02
  1.5418900e+00
 -1.0557821e-03
 -8.2276687e-02
  5.6935445e-04
  8.1127584e-01
  7.6027766e-02
  2.6321819e-03
  2.1301699e-01
 -2.6717110e+00
 -1.1525091e+00
  9.8284346e-04
  2.0005746e-04
  9.0723991e-02
  6.3606155e-01
 -1.5643954e-01
 -1.9397058e-03
  1.0778238e+00
  7.3551876e-04
  2.0071974e-02
  2.5327307e-01
  4.1277573e-01
 -3.9684508e-02
  3.1942479e-02
 -8.8405520e-02
 -5.7206690e-01
  4.6623632e-02
 -4.9402484e-01
  5.4774471e-03
 -6.6504806e-01
  1.6157018e+00
  2.7746105e-01
  2.5601417e-03
  2.3789921e+00
  1.7475163e+00
  8.6421877e-01
  3.2836408e-04
  6.9765466e-01
  1.5849160e+00
 -3.8899720e-01
  7.1595510e-05
 -1.0919857e+00
  2.1226563e-01
 -7.3542821e-01
  1.5152315e-02
  2.4512410e+00
 -6.5656310e-01
 -9.4107950e-01
 -8.6568180e-04
 -2.4110926e-03
  8.5456169e-01
  4.9320966e-01
  3.8972002e-01
 -5.1588660e-01
 -5.6635863e-01
  7.2997740e-05
 -2.2473000e-04
  1.6599078e+00
 -1.1083455e-03
  4.8599634e-01
  5.5216759e-01
  2.8524825e-01
  4.0512002e-01
  1.3676628e+00
  5.7897991e-01
  1.7163962e+00
  1.4870744e-03
 -1.0546546e+00
 -1.3971902e-01
  1.3622379e+00
 -1.4826386e-03
  1.6677965e+00
  4.5895088e-01
 -1.5728034e-01
  3.4425218e-02
  4.6116177e-02
  4.9869421e-01
 -3.8754556e-02
  8.1710815e-01
 -7.1878994e-01
  1.9399594e-01
  8.1675625e-01
  1.2815826e-01
 -1.3819387e+00
  9.5243067e-01
  2.5819025e+00
  1.1955396e+00
 -1.5987917e+00
  1.0619340e+00
  1.4760902e+00
 -5.1983124e-01
 -3.4356472e-01
  5.4720145e-01
  2.3595667e+00
  4.0465981e-01
 -3.9984575e-01
 -3.9062816e-01
  1.5221843e+00
  1.4004145e+00
  7.5415963e-01
  1.8478397e-04
  7.7573675e-01
 -3.7151767e-05
  1.7242516e+00
 -7.6238096e-01
 -1.3993611e+00
 -1.8507525e+00
  1.4666726e-03
  4.8040436e-04
 -4.8736906e-01
 -2.8152630e-04
  2.1269653e-04
 -1.2827228e-01
 -2.3968740e+00
 -8.8960940e-01
 -1.8913693e+00
  3.1186059e-01
 -2.1110914e+00
 -2.3512607e+00
  6.4292979e-01
 -8.8548228e-02
  3.3712528e+00
 -1.3478445e-02
 -3.8183525e-01
 -7.3089957e-01
 -1.5726514e+00
 -6.9501060e-01
  7.0297867e-01
  6.0214955e-01
  1.6512662e+00
 -3.8341907e-01
 -1.4918680e-01
 -1.5390018e+00
 -1.2187737e+00
  3.9696887e-02
 -7.6636004e-01
 -6.7108865e-03
  7.2171664e-01
 -6.8304276e-01
  2.9198930e-01
  2.3475830e-01
  6.6611749e-01
  9.0097326e-01
 -3.2391090e-02
  2.9975921e-01
  3.5816288e+00
  2.6365197e+00
  1.2405884e+00
  1.9442584e-01
  1.6558515e+00
  1.2932853e+00
 -5.7967025e-01
 -1.0996084e-01
  1.2985013e+00
  3.7534055e-01
  5.9731132e-01
 -1.5798725e-01
  6.2892127e-01
  8.2156044e-01
  7.1358889e-01
 -1.5089463e+00
  3.0407459e-01
  1.3740155e-03
 -4.3819883e-01
  2.3988941e+00
 -4.2942360e-01
  3.6475854e-04
  8.3311635e-01
 -4.8050287e-01
  2.6294272e+00
  9.3630201e-01
  1.4346414e+00
 -9.5721161e-01
 -1.4958601e-04
 -7.6362211e-04
 -1.4082634e+00
  2.9580071e+00
 -2.4769776e-01
  8.2646602e-01
  1.1458050e+00
 -6.6171002e-01
  4.5413539e-02
  1.2668841e-02
  3.0612862e+00
 -2.3330572e+00
  2.4453448e-03
  3.0764207e-02
  5.7953870e-01
 -1.1524138e+00
  7.9958737e-02
  4.9845719e-01
 -2.8455043e+00
  1.5001665e+00
  9.9918669e-01
  1.2113333e-01
 -1.4862514e+00
 -8.1456578e-01
  4.0376005e-01
  6.9028363e-02
  3.6297745e-01
 -2.3625400e+00
  5.0721657e-02
  3.7801614e-01
  4.8558813e-01
 -1.6072769e+00
 -2.1870863e-01
  2.5967154e-01
  2.4538526e-01
  3.3847475e-01
 -5.3035691e-02
  1.3059015e+00
 -1.0154607e-03
  4.1426334e-04
 -8.3351463e-01
 -6.0467335e-04
  5.1396710e-01
 -2.2043189e-04
  2.0108848e+00
  2.0696957e+00
 -3.8248107e-01
  9.7410187e-02
 -2.8649566e-01
  1.1254986e-02
 -2.0068769e-01
  5.8395386e-01
 -5.8691424e-01
  3.9464119e-01
  7.7739424e-01
 -4.6653134e-01
  9.5002002e-01
  2.1175458e+00
 -4.4797096e-04
  8.5980064e-01
 -1.2342087e+00
  2.5077615e-04
  5.1559717e-04
  3.0872170e-02
 -2.8527907e-01
 -1.0308015e+00
  4.4876468e-01
 -1.7845175e-01
  1.5239398e-01
  3.1309721e-01
  3.0813551e-01
  7.1841949e-01
  2.2336181e-01
  1.5337193e+00
 -2.0640048e-01
  2.0551766e-01
 -3.6085793e-01
  1.0023749e+00
 -1.0411654e-01
 -3.7138746e-03
 -3.5968542e-01
  4.7609210e-01
 -1.9941378e-02
  1.1036113e-02
 -2.2866566e-01
 -1.4035012e-01
 -2.7762612e-02
  9.5939511e-01
  2.0454957e-01
  9.2646092e-01
 -1.8345580e-01
  1.7454315e-02
  1.3021729e+00
  4.9330004e-02
  1.8602408e-01
  9.2335945e-01
 -1.3489457e+00
  2.3839826e-02
  9.0009950e-02
  5.3117520e-01
 -1.5457225e-01
  2.1985419e+00
  1.4518815e-04
  1.7908299e+00
  3.1249599e+00
  1.5884275e-03
 -1.9167744e-01
  1.9844177e-01
 -4.3040174e-01
  6.7201269e-01
 -8.2399249e-01
  1.1907127e+00
 -2.4975853e-02
  8.6535305e-01
  9.5525050e-01
  7.0307893e-01
  6.6510546e-01
  2.3426505e-02
  1.0850799e-01
  3.2604739e-01
 -4.3743676e-01
  7.0566660e-01
 -1.4546450e+00
  4.8241508e-01
 -1.0667214e+00
  2.0573328e-01
 -1.5631348e+00
  3.3360559e-01
  1.0197325e+00
  2.0734990e-01
 -9.6289897e-03
  6.6066080e-01
  1.7205907e+00
  3.5389355e-01
  3.3022150e-01
  1.7238423e-01
  1.3454846e+00
  5.5216467e-01
  2.5667620e+00
  2.2042031e+00
  5.2463317e-01
 -4.5796072e-01
  1.1639376e-01
  1.5496552e-01
  6.4196342e-01
  5.5996496e-03
 -6.3923073e-01
  2.7792531e-01
 -2.4507618e+00
 -1.3633996e+00
  1.4205906e-01
  9.2084467e-01
 -7.1416229e-01
  1.0378081e+00
  6.0573477e-01
  6.5435037e-02
 -2.3002189e-01
 -8.7801379e-01
 -1.3686843e-01
  3.0823332e-01
  3.0964813e-01
 -2.3275141e-01
 -3.4094909e-01
  4.6453912e-02
  2.2308850e+00
  1.9441202e-02
 -1.0959514e+00
  1.2667795e-01
 -2.2888534e-02
 -1.2885085e+00
 -4.9506444e-02
  6.5316075e-01
  6.0675353e-01
 -4.9074559e-04
  5.1647156e-01
  3.8968947e-02
  5.7520407e-01
  5.2992124e-02
  4.3324697e-01
  2.8377631e-01
  9.1752571e-01
 -2.5250465e-01
 -2.5212324e-01
  9.9577576e-01
  3.4281760e-01
 -1.6371772e-01
 -7.7087432e-02
  9.4384205e-01
  2.4192144e-01
  1.1192843e-01
  2.2154827e-01
  9.4466791e-02
 -2.8934202e-01
  1.2747164e+00
 -3.1664029e-01
 -2.0985147e-03
 -1.4016794e-03
  7.6347649e-01
  2.3688120e-01
  3.7430767e-03
 -5.2795173e-03
 -6.1906099e-01
 -1.2078407e+00
  3.2091790e-01
 -1.0752783e-01
  2.1526818e+00
 -1.1186150e+00
 -4.6053964e-01
 -5.2076662e-01
  6.1714077e-01
  1.0632651e+00
  8.0078804e-01
 -9.5857650e-02
 -1.3327827e+00
 -1.1319754e+00
  1.4466870e-02
  3.3730619e-02
  2.0959640e+00
 -5.6405550e-01
 -2.8397691e-01
 -5.0788540e-01
  6.6488934e-01
  3.9133584e-01
  5.5737281e-01
 -7.0714939e-01
 -8.1287057e-04
 -1.0161105e+00
 -1.0974392e-03
  6.9714122e-02
  9.1649306e-01
 -1.0787276e+00
 -1.7737135e-03
 -1.8229693e-01
  2.3209567e+00
  2.0703608e-03
  3.2987367e-02
 -2.2953124e-01
  1.6810435e+00
  2.6654947e-01
  8.7576360e-03
 -3.0428293e-01
  6.3657382e-05
 -9.6965618e-02
 -2.1247506e-02
  1.6480112e-03
  3.7110576e-01
  6.3623476e-05
 -3.9077732e-01
  6.2868379e-02
  2.4598137e-02
 -8.4175125e-02
  6.7930108e-01
  1.6912693e+00
 -4.4291377e-01
  1.1337060e-01
 -1.8082709e+00
  1.2606786e+00
  1.8116614e+00
 -8.0448556e-01
 -8.1292158e-01
 -9.1395617e-01
 -1.1962122e+00
  2.1183674e-01
  1.6127392e+00
 -5.7635558e-01
  1.1321796e+00
 -1.0893292e-03
 -1.0778154e+00
  3.3298624e-01
 -5.3361914e-04
 -2.8320536e-01
 -2.6623830e-01
  5.7672822e-01
 -8.7537736e-02
  6.6570304e-02
  3.5327524e-01
  2.1550837e+00
  1.4087479e+00
 -4.9097430e-02
 -3.8445693e-01
  2.4592318e-01
 -6.5076922e-04
  2.2518877e-02
 -2.2200765e-01
 -4.3441385e-01
  3.4188263e-02
 -6.2832586e-02
 -3.1350824e-01
 -3.3864763e-01
  7.6426566e-01
 -1.6246166e-02
  1.8153857e-01
  1.7161822e-01
  7.9040390e-01
  3.5831583e-01
  1.2539504e+00
  3.4659302e-01
 -3.8958943e-01
  2.8901197e-02
  1.0805740e+00
  2.9767435e-02
 -3.8321284e-04
 -3.3482111e-01
 -3.5103471e+00
  8.2720749e-02
 -3.0812988e-01
 -6.1745018e-01
  1.5528986e+00
  1.0924031e+00
 -1.1014139e-03
 -2.0315821e+00
 -3.5231523e-02
  2.7101225e-01
 -6.0622185e-03
 -1.0802119e+00
 -1.9618126e+00
  1.3102321e-01
 -2.0362380e-01
  1.6179286e+00
  5.7774693e-01
  8.0928929e-02
 -4.5052897e-02
  1.0565470e+00
  1.9562693e+00
  8.1141496e-01
 -5.9751119e-04
 -7.5966522e-02
  1.2039638e+00
  1.5781680e-01
 -2.4541801e-01
  2.8619704e-01
  4.2446229e-01
  2.7293393e-01
 -6.2985092e-02
  1.2132330e+00
  2.6672339e-01
  1.0495472e+00
 -1.0135230e-03
  9.9831754e-01
  1.5286100e-01
  4.3463790e-01
 -6.2819874e-01
  2.2123998e-01
  1.1605845e-01
 -2.0255443e-01
  1.2761080e-01
  2.3359172e-02
  2.3359172e-02
  2.3359172e-02
  2.3359172e-02
  2.3359172e-02
  2.3359172e-02
  2.3359172e-02
  2.3359172e-02
  2.3359172e-02
  3.7800722e-02
  3.7800722e-02
  3.7800722e-02
  3.7800722e-02
  3.7800722e-02
  3.7800722e-02
  3.7800722e-02
  2.9012233e-02
  2.9012233e-02
  2.9012233e-02
  2.9012233e-02
  2.9012233e-02
  2.9012233e-02
  2.9012233e-02
  1.3580502e-02
  1.3580502e-02
  1.3580502e-02
  1.3580502e-02
  1.3580502e-02
  1.3580502e-02
  1.3580502e-02
  5.7021868e-03
  5.7021868e-03
  5.7021868e-03
  5.7021868e-03
  5.7021868e-03
  5.7021868e-03
  5.7021868e-03
  1.2225810e-02
  1.2225810e-02
  1.2225810e-02
  1.2225810e-02
  1.2225810e-02
  1.2225810e-02
  1.2225810e-02
