nep4 2 Cu Se 
cutoff 7 5 100 44
n_max 8 6
basis_size 12 12
l_max 4 2 0
ANN 50 0
  4.4459563e-01
  3.5606804e-01
  8.6595872e-03
 -1.3487271e+00
  2.2821613e-01
  1.4233706e+00
 -2.2606879e-01
 -6.5410942e-02
  4.0162452e-02
  1.8629292e-01
  1.3262399e-01
 -3.4706685e-01
 -1.4083266e-01
  9.9802315e-01
  5.5029057e-02
 -2.5061011e-01
  7.7918187e-02
  4.9187005e-02
 -1.5767142e-01
 -5.7319961e-03
 -1.1720721e-01
  1.2125894e-01
 -3.1955458e-02
  3.0327588e-01
 -1.6517906e-01
  3.5671972e-02
 -1.0755219e-01
 -3.8645446e-01
  5.7713918e-02
  1.0011511e-01
  6.5065902e-03
  6.9606268e-01
  4.2155111e-01
 -2.4171951e-01
 -4.1264839e-02
 -3.9856166e-02
 -2.5464078e-02
 -3.7345711e-02
 -2.5274178e-01
  1.2260858e-01
  6.0751371e-02
 -1.9350083e-01
 -6.4177081e-02
  1.2685411e-01
  8.4444299e-02
 -1.4639495e-02
 -1.6629006e+00
 -1.3777915e-01
  2.7624195e+00
  7.2834387e-02
  1.0792978e-02
 -5.7355188e-02
  7.7215813e-02
 -2.2684379e-02
 -8.5031763e-02
  1.1528780e-01
  1.2819798e-01
  9.4375029e-02
 -1.0124904e-01
  8.4450282e-02
 -1.5452224e-01
 -2.7361766e-02
  3.4966302e-01
  8.0055766e-02
 -1.7753473e-01
  1.2677620e-01
  3.7982691e-02
  1.8343319e-01
  8.2012177e-02
 -2.1269509e-01
  1.6946810e-01
  6.3132465e-02
 -3.8252451e-02
 -3.1642966e-02
  2.2333851e-01
  5.3181565e-01
 -2.5444439e-01
  8.1240065e-02
  1.5189676e-01
 -5.5194777e-02
 -2.0651887e-01
 -1.7192697e-02
 -2.5031157e-02
  1.1467782e-01
 -1.3791271e-01
  1.5449200e-02
  8.3374918e-02
  2.6252780e-02
 -1.7031282e-03
  3.2401644e-02
  6.1406165e-02
  4.3181665e-02
  6.8728767e-02
  2.5038430e-03
  4.5517482e-02
 -3.5683021e-01
 -2.2489849e-01
 -8.7480292e-02
 -5.5324703e-02
 -3.1749624e-01
  1.0427621e-01
  2.2631145e-01
  1.3113618e-02
  2.3822832e-01
  1.1556476e-01
  2.8809287e-02
 -1.8764463e-01
 -3.5321987e-01
  7.6794043e-02
 -1.4963117e-02
 -2.1773547e-01
  5.1602989e-02
 -4.1784383e-03
  1.2790580e-02
  2.4775656e-01
  4.6512014e-01
 -1.9988771e-01
  7.7051803e-02
 -2.0659950e-02
 -5.0335038e-02
  1.1080802e-01
  1.6831765e-03
 -1.1491723e-01
  8.3282642e-02
  6.5388566e-01
  2.3393245e-01
  4.4463137e-01
  2.1044981e-01
 -7.7564135e-02
 -6.8546087e-02
  6.1175544e-02
  5.7275400e-02
  1.0042551e-01
 -1.4738625e-01
  5.9479915e-02
 -2.0876703e-01
 -5.0209677e-01
  4.7484425e-01
  3.0874772e-02
 -2.3316273e-01
 -5.6226440e-03
 -2.9186693e-01
  5.0708361e-02
  8.2004681e-02
 -1.0502920e-01
  1.5562020e-01
  2.4501929e-01
  3.9194524e-03
  5.2148150e-03
 -7.2943673e-02
 -2.4920348e-02
 -1.3709369e-01
 -3.4476258e-02
  4.6842027e-01
 -2.4791105e-02
  2.5803519e-02
 -1.1763756e-01
  1.5094128e-02
 -4.8509497e-02
  8.2437642e-02
  9.0603881e-02
 -2.1884060e-02
  1.6860864e-01
  2.4141507e-01
  1.1447851e-01
  2.4955601e-01
  1.0786420e-01
 -9.9020109e-02
  1.9443676e-01
 -5.4389283e-02
 -3.1111613e-03
 -3.9909229e-02
  4.4248268e-02
 -2.1465454e+00
 -2.7352983e-01
 -6.0304154e-02
  6.5639526e-02
 -6.4875323e-01
 -4.0138822e-02
  9.1392234e-02
  6.1334032e-01
  7.7882193e-02
 -4.8822233e-01
  5.2891886e-01
  1.5055068e-01
  3.9011482e-02
  8.6822353e-02
 -1.6785333e-01
 -6.8968430e-02
  2.3600494e-02
 -9.4641425e-02
 -2.5497282e-01
 -9.4565995e-02
 -7.6742299e-02
 -1.2289846e-01
 -6.7810491e-02
  7.4641548e-02
  1.5506986e-01
 -5.4147147e-02
  6.3206770e-02
 -1.4523380e-01
  2.6893845e-01
  1.2526251e-01
 -6.4252324e-02
 -4.7284700e-03
 -2.5153733e-03
 -2.8533441e-01
  1.3087630e-01
  4.4034235e-03
 -1.4881866e-01
 -2.7851671e-02
 -9.8835491e-03
  1.7075323e-02
 -2.3632504e-02
  3.7005323e-01
 -2.0361453e-01
  6.9094792e-02
  2.5185084e-01
 -1.1074421e-01
 -2.7706277e-02
  3.3008757e-01
 -4.1990852e-01
 -4.8129028e-01
 -1.3665324e-01
  4.9732763e-02
  2.8825241e-01
 -7.0246965e-02
  4.7736311e-01
  1.5473131e-02
  1.0664602e-01
 -2.4475461e-01
  1.1425832e-01
  2.1430930e-01
 -8.9416683e-02
 -4.3511477e-01
  4.5997031e-02
 -4.7973919e-01
  8.9717329e-02
  2.0371853e-01
  8.2956746e-02
 -3.8873592e-01
  4.5573366e-01
  1.9656863e-02
 -4.0214747e-01
 -5.7034805e-02
  4.0384060e-01
 -1.0764705e-01
 -1.3565038e-01
 -2.3950534e-01
  5.8482146e-01
 -3.2695871e-02
  6.8994440e-02
 -1.4175460e-01
  4.8575580e-01
 -1.4753407e-01
 -2.8404415e-01
 -9.2224985e-02
 -1.3494281e-01
 -1.0288838e-01
 -3.6073077e-01
 -2.2432734e-01
  2.3914278e-03
  8.3372973e-02
  1.3587314e-01
 -7.3297143e-01
  1.6697676e-01
  3.3595765e-01
  4.8878986e-01
 -2.6757792e-01
  5.5923283e-01
 -1.1264672e-01
 -7.8218214e-02
  1.4576820e-01
  3.7720630e-01
 -2.5108451e-01
 -7.4553216e-01
  4.9735469e-01
 -3.9255792e-01
  1.2942979e-01
  7.4612743e-01
 -2.9334283e-01
  4.0752202e-01
 -7.6392865e-01
 -2.8094703e-01
  3.2942113e-01
 -7.1809179e-01
  3.3715644e-01
  3.5478586e-01
  1.1342343e-02
 -6.1959428e-01
  1.4680086e-01
  3.4181169e-01
  2.9189345e-01
  4.3165633e-01
  8.1496108e-01
  1.8971130e-03
 -1.8833664e-01
 -8.1063569e-02
  8.5805410e-01
 -1.0549842e+00
  2.2838974e-01
 -3.6982292e-01
 -1.0581929e-02
 -2.5099945e-01
 -1.1025423e-01
  2.6286852e-01
  2.8673968e-01
  2.5545692e-01
  2.5169406e-02
  4.8936971e-02
 -2.8376535e-01
 -5.3040266e-01
  1.7877339e-01
 -2.3136111e-02
 -1.2276056e-01
 -1.3213131e-01
 -3.9967291e-02
 -1.5159371e-01
  3.7406757e-03
 -1.0482039e-02
 -2.3784991e-01
  2.4623889e-01
 -2.3092307e-02
 -5.8043227e-02
  5.8118958e-02
  3.7198022e-02
 -1.4605655e-01
 -1.1669574e-01
  1.1362891e-01
 -2.5098944e-01
  4.4944230e-02
 -4.0149823e-01
 -3.7563679e-01
 -1.0506981e-01
  1.9824184e-03
 -3.9056554e-01
 -7.0670134e-01
 -1.0697095e-01
  9.9752218e-02
  1.3217190e-01
  1.0904633e-01
 -1.0008511e-01
 -2.2245932e-01
  2.4819139e-01
 -1.4590210e-01
 -1.5060481e-02
  7.3815927e-02
  1.9157441e-01
  1.8922347e-01
  5.9672296e-02
  1.1048049e-02
  1.4670306e+00
  1.7996283e-01
 -2.1633102e-01
  2.6716566e-01
 -7.1690425e-02
 -5.2719790e-01
 -2.1728024e-01
  1.1314836e-01
 -8.5812688e-02
 -4.3857768e-01
  1.7910218e-01
  5.1653586e-02
  2.5000703e-01
 -7.6016381e-02
  6.9104649e-02
 -2.1620899e-02
  3.2146081e-02
 -1.3218513e-01
 -2.0040418e-01
  1.5641686e-01
 -1.9074431e-01
  1.0244524e-01
  1.0374288e-01
  4.1091141e-01
  2.1097474e-01
  1.3452945e-02
  8.9367051e-03
 -2.3221102e-01
 -3.0496325e-02
  6.9602072e-02
 -1.3038060e-01
 -2.5202861e-01
  5.2334011e-02
 -8.3284013e-02
  8.0863915e-02
  5.8039349e-02
 -2.1440519e-01
  8.3001725e-02
  7.2877549e-02
 -4.1971943e-01
 -1.2222182e-01
 -1.4825684e-01
 -9.7900536e-04
 -1.3445139e-01
 -1.8266051e-01
  1.0916898e-01
  4.3961141e-01
  1.0858108e+00
  6.9722682e-01
  4.2186916e-01
 -1.9620702e-02
  1.6386771e-01
  2.4062005e-01
 -1.4169894e-01
 -8.3719097e-02
  2.1300873e-01
  1.5446481e-01
 -1.5338959e-01
 -5.0521180e-02
  9.9439174e-04
 -9.6661635e-02
  1.7105988e-01
  2.1296152e-01
 -3.2797286e-01
  4.0873293e-02
  1.7005405e-01
 -4.8435576e-02
 -6.3422811e-03
 -2.2980426e-02
  2.5561444e-02
  1.1194513e-01
 -1.0919390e-01
  1.9509979e-02
  4.9715687e-02
  3.0928090e-01
 -2.4992721e-02
  1.2570068e-01
 -7.3909506e-02
  1.6805294e-01
  2.3735866e-02
  4.2858356e-01
  2.4072781e-02
  1.1876662e-01
  3.5939680e-03
 -4.4571485e-02
  4.4526422e-01
 -1.2657736e-01
  9.2891984e-02
 -2.2109568e-02
  5.8182329e-04
 -2.3445338e-02
  5.3934509e-01
  9.8864645e-02
 -1.9174878e-02
 -1.7342417e-01
 -3.5030462e-02
 -5.3942766e-02
  1.7970955e-01
 -2.0832354e-01
  1.2362018e-01
  1.4493181e-01
 -1.3371086e-01
  2.8694406e-02
 -2.1105637e-01
 -2.0324869e-01
 -3.9892670e-02
  4.8442200e-02
 -3.9638799e-02
  9.4769388e-02
  4.0502188e-01
  2.8155124e-02
 -2.0993355e-01
 -3.2900713e-02
 -2.0707032e-01
  8.8787027e-02
  2.3475958e-01
  1.3639180e-02
  2.1425827e-01
  1.9521104e-01
 -6.6915222e-02
 -2.3884105e-02
  1.6823241e-01
 -1.0588007e-01
 -8.2643747e-02
 -3.3405825e-01
  6.7246675e-02
 -2.6230198e-01
  1.8014044e-01
 -5.0355628e-02
 -2.3143947e-02
 -1.4799057e-01
  2.1995488e-01
 -5.5888919e-03
 -1.5955152e-01
 -2.2900052e+00
 -2.2547328e-01
 -5.8176190e-02
 -5.8460450e-01
  1.2296820e+00
 -5.3392857e-01
  4.0822184e-01
 -3.9183518e-01
 -4.3458253e-02
 -2.7773738e-01
  8.1996500e-02
  3.6036845e-02
 -2.2975177e-01
 -3.2073706e-02
  1.2279338e-01
 -7.9631865e-01
  6.9695391e-02
 -4.6009153e-01
  1.2006525e-01
 -6.2520675e-02
  1.0263746e-01
  1.9113854e-02
 -1.9065204e-01
 -1.6390224e-01
 -8.0046064e-01
 -2.3590995e-02
  4.5237529e-01
 -2.1476802e-01
 -5.4550040e-01
 -1.2232494e-01
  8.5064217e-02
 -3.4166682e-01
 -1.9526330e-01
  2.0959631e-01
 -1.7603860e+00
  5.9321553e-02
 -1.4558575e-01
  3.6090594e-02
 -4.1740440e-02
  1.5183688e-02
  8.1712879e-02
  3.0231246e-01
 -1.1074027e-01
  1.1738827e+00
  2.7214628e-01
 -1.0560022e-01
  4.4189844e-01
  6.0113353e-01
 -3.1768090e-01
  9.5633410e-02
 -3.8412532e-01
 -1.8939021e+00
  2.2718693e-01
 -3.0112216e-01
 -1.2319605e+00
  2.8260803e-01
  7.3523587e-01
  2.5406530e-01
  1.1881641e+00
  1.2608534e+00
 -1.4265817e-01
 -5.1927310e-01
  1.6653936e-01
  2.5385690e-01
  1.4480042e-01
  1.1854266e+00
  1.2101544e+00
  1.4679489e-01
  9.7755946e-02
 -9.7691160e-01
  4.9439347e-01
 -1.8401407e-01
 -2.7957553e-01
  4.5841619e-01
  7.5591281e-03
  6.3262194e-01
 -6.2668324e-01
  1.8834841e-01
  8.2144737e-02
 -8.3571993e-02
 -1.6717151e-01
 -3.9734412e-02
  5.1522519e-02
 -1.6552311e-01
  1.2205256e-01
  2.6625159e-01
 -7.4723307e-03
  2.7603641e-01
 -7.4854708e-01
 -1.1206055e+00
 -2.7823010e-01
  1.5199368e-01
 -7.1652985e-01
  7.3177785e-01
  4.1746697e-01
 -7.1409564e-03
  1.8941537e+00
 -5.8443040e-02
 -1.8462032e-02
  2.4790715e-01
  3.0362329e-01
 -1.1331940e-01
  2.6399922e+00
 -4.5804925e-02
 -1.7253090e-01
 -1.4051493e-01
  7.9525626e-01
  1.3872075e-01
  9.9732041e-02
 -1.2672753e+00
  1.9654275e+00
  9.0845101e-02
  1.0330288e+00
  9.9377376e-01
 -1.3423578e-01
  6.9640744e-01
 -3.8305691e-01
  4.8567221e-01
  1.0210945e-01
  1.5345342e-03
 -8.1877053e-02
  2.2785132e-01
 -2.1749942e-01
 -1.1705112e-01
 -5.7434332e-01
 -1.3544251e-01
 -6.6390771e-01
 -2.4821875e-03
  2.9057142e-01
 -3.1615555e-02
  2.2509006e-01
  6.7347869e-02
 -1.6612032e-01
 -1.2034619e-01
  1.4932746e-01
  4.1825041e-01
  1.8490078e-01
  2.2870857e-01
  1.2175058e-01
  3.2399073e-03
  1.3475937e-01
 -1.3437542e-01
 -2.9490530e-01
 -1.2322553e-01
 -8.5441977e-02
  4.2377454e-01
 -1.5886520e-01
  1.1552365e-01
  1.9928457e-01
 -4.8528841e-01
  5.8586073e-01
 -3.8156047e-02
 -9.7609729e-02
 -1.7852931e-01
  9.6004553e-02
 -2.2957359e-01
  1.5705973e-01
  8.1682485e-03
 -1.3323441e-01
 -1.6973968e-01
  3.6569774e-02
  8.4684238e-02
  2.3680529e-02
 -5.1896590e-01
 -2.3690039e-01
  3.2052356e-01
 -5.3474464e-02
 -2.0751931e-01
 -8.9456411e-03
  1.1205832e-01
 -6.4340696e-02
 -9.0558112e-02
 -2.1441279e-01
 -3.2632202e-01
  8.8917054e-02
  9.3026400e-02
 -6.7414331e-01
  9.8909396e-01
  5.8965534e-01
 -1.5913026e+00
  1.3165342e+00
  4.0599726e-02
 -1.7098296e+00
 -1.9242085e+00
 -1.0000513e-01
  8.1896245e-02
 -1.6089119e-02
 -6.2374216e-01
  1.3602594e+00
 -1.9718881e-01
 -1.7641940e+00
  2.5974628e-01
  6.5102887e-01
  4.2719845e-02
 -1.4313755e+00
 -8.8969082e-02
 -3.5025430e-01
  2.6038578e+00
  6.6512507e-01
  1.6616069e-01
  9.3379784e-01
 -1.7319537e+00
 -1.6637583e-01
 -6.8665624e-02
  6.9098473e-01
 -5.2776512e-02
 -7.9911005e-01
  4.6481153e-01
 -1.0824664e+00
  1.5553834e-02
  6.4498085e-01
  9.7211725e-01
  2.1134384e-01
 -1.8813554e-02
 -8.9734510e-02
  3.2751348e-02
 -2.1352910e-02
 -1.4969200e-01
  2.2961402e+00
 -4.9281389e-01
  2.8321263e-01
  3.0467927e-02
 -1.1782576e-02
 -3.5751499e-02
 -6.1311615e-01
  1.2680270e-01
 -2.5010493e-01
 -2.3631820e-02
  5.8694732e-01
 -4.2585138e-02
 -2.7421048e-01
 -1.6376907e-02
 -8.3014302e-02
  4.2991750e-03
  2.0584337e-01
 -2.4022922e-02
 -8.2326218e-02
  8.1969783e-02
  4.0461263e-03
  2.8615513e-01
  1.7097364e-01
  1.2584004e-01
 -2.3831460e-01
 -1.7023526e-01
  3.0422115e-01
 -1.2989193e-03
  1.0531332e-02
 -1.5021151e-01
 -2.0435797e-01
  1.1582100e-01
  3.5335332e-02
 -3.2817200e-02
 -5.1271939e-01
 -2.8088182e-01
 -3.1101119e-02
 -1.7360243e-01
  3.5439497e-01
 -3.5017300e-01
 -1.2458824e-01
 -3.3199828e-02
 -2.7363816e-01
  6.2673676e-01
 -2.1226111e-01
 -6.5420307e-03
 -8.8592008e-02
 -2.2761878e-01
 -3.0359414e-01
  2.1888179e-01
  7.2037834e-01
 -1.8388398e-01
 -1.4191531e-01
 -2.4454667e-01
  4.5906100e-01
 -3.0875987e-01
 -7.9674780e-02
  3.8121775e-02
  1.5797338e-01
  6.0906000e-02
  8.6653098e-02
  2.9733732e-01
  3.0722752e-01
  1.0697542e-02
  1.3036835e-01
  6.6647075e-02
 -4.2508673e-02
 -2.6765427e-01
  3.2553306e-01
  2.2870946e-01
  6.9904870e-01
  1.6411825e-01
 -1.3156900e-01
  2.9240811e-01
  4.2170405e-01
 -3.5003945e-02
  3.1636901e-02
 -2.6112469e-02
  1.0455265e-01
  2.0665377e-01
 -7.6843210e-02
 -7.7090040e-02
  1.0880491e-02
  3.9943691e-02
  3.2651909e-02
 -6.5120995e-02
  5.6830976e-02
  3.4738049e-02
  8.6797059e-02
 -3.5253930e-01
 -2.0409849e+00
 -2.3629233e-02
  3.0966368e-01
  1.5118594e-01
  3.0319337e-02
 -3.4470543e-02
  1.0616621e-01
 -1.9334108e-03
  6.1537290e-01
  3.8557583e-01
 -1.6396214e-01
 -1.3921611e-01
  7.1642324e-02
  3.8453169e-02
 -4.8244375e-01
 -2.7254322e-01
 -3.2849487e-02
  1.9107082e-01
  3.5424507e-01
 -3.1252268e-01
 -1.5238576e-01
  1.5430586e-02
  2.9471982e-01
 -8.0538765e-02
 -2.2667262e-01
  4.5648843e-02
 -2.6120078e-02
 -6.4308786e-01
  3.5133120e-02
 -4.0728968e-02
  5.3233251e-02
 -5.0729703e-02
 -3.7844360e-01
 -1.9221731e-02
 -2.3086177e-01
 -4.3700060e-01
 -9.4183214e-02
 -2.0432051e-02
 -2.7413678e-01
 -5.1741105e-01
  8.8546932e-02
  4.1556910e-01
  2.3928268e-01
  1.6321765e-01
  4.8725587e-01
 -1.4370792e-01
 -2.5340194e-01
  1.0767721e-01
  4.7307593e-01
  2.1707460e-01
 -1.2021865e-01
  1.3783175e-01
 -1.6206421e-01
  1.1658664e-01
 -1.1239457e-01
 -2.1884484e-02
  1.2031566e-01
  5.6020960e-02
  1.8211733e-01
 -1.0949490e-01
  2.1739335e-01
  4.9241461e-02
  4.2391264e-01
 -3.7681744e-02
 -3.2107827e-01
 -1.6279319e-01
  1.7393643e-01
 -7.0790082e-02
 -4.4559084e-02
  1.0299793e-01
 -6.3379240e-01
  2.1253031e-02
  1.0709234e-01
 -3.7024617e-02
  4.5211621e-02
 -2.0879459e-01
  2.7511582e-02
  6.9712698e-03
 -1.5347798e-01
  3.6977941e-01
  9.1164224e-02
  8.5452348e-02
  3.1589195e-01
  3.2952935e-02
 -2.5309470e-02
 -1.9633453e-03
  1.6806452e-01
  1.5315763e+00
  8.7541729e-01
  1.2191883e+00
 -7.5470887e-02
  3.5760549e-01
 -1.6238843e-01
 -6.9600677e-01
  1.1943556e+00
  2.0615129e-01
  5.9745687e-01
 -5.7341206e-01
  8.7402828e-02
 -2.8024095e-01
  2.1635219e-02
 -4.2753223e-01
  5.5937469e-01
  1.2597796e+00
 -2.0542787e-04
 -1.2294730e-01
  4.0692788e-01
 -4.3635935e-01
 -1.5927579e-01
  8.3280873e-01
  1.7996449e+00
  9.8641045e-02
  3.7335080e-01
 -1.9285412e-01
 -5.6243563e-01
 -6.7016229e-02
  4.2636907e-01
  9.8428613e-01
 -2.9813650e-01
  2.3218198e-02
 -1.7744099e-01
 -2.9566649e-01
  6.0635902e-02
 -4.2533644e-02
  1.0551988e+00
  1.0022047e-01
 -1.7338747e-01
 -3.5518509e-01
  8.5110664e-03
 -2.6089111e-01
  1.7423609e-01
 -3.8296247e-01
 -3.4269607e-01
 -3.6398035e-01
 -5.1884942e-02
 -4.3577039e-01
  6.5923941e-01
 -2.0207538e-01
 -9.5804352e-03
  1.8089837e-01
 -2.1513301e-01
 -8.8370904e-02
  1.3802911e-01
 -6.8250753e-02
  1.5689176e-01
 -2.4764475e-01
 -5.0208494e-03
 -4.1665459e-01
  2.3012704e-01
  2.5547034e-01
  1.1886337e-01
 -1.6477814e-02
  8.4279150e-02
 -1.2162039e-01
  2.9769009e-02
 -2.3561910e-01
 -1.5478599e-01
 -9.8734677e-02
 -1.7923847e-02
  7.5896233e-01
 -6.4548969e-02
 -1.0130269e-02
  6.4969547e-02
 -3.5057274e-01
  1.8219818e-01
 -2.8710470e-02
 -2.4468559e-01
  1.3298903e-01
  1.0933734e-01
 -2.3762891e-01
 -1.0990603e-01
 -2.5971827e-01
  2.2765011e-01
  2.6470000e-01
  1.4962365e-01
 -1.5206423e-02
 -1.6278014e-02
  4.8931572e-01
  5.5491376e-01
  3.1716995e-02
 -3.5131389e-01
  2.3512762e-02
 -3.4954169e-01
  2.2507659e-01
 -1.2242413e-01
  2.3628518e-02
 -1.2287170e-02
 -7.6669648e-02
 -2.9733425e-01
 -2.0515805e-01
 -1.5074502e-01
  1.1230257e-01
  2.3454624e-01
  2.6843658e-01
  5.6728516e-02
  3.6556005e-01
  8.0880724e-02
  3.0876082e-01
  8.8574223e-02
 -1.6814882e-01
  1.0974772e-02
  7.4910127e-02
 -1.3272518e-01
  1.0247260e-01
  1.8105851e-01
  2.2413146e-01
 -1.8020168e-01
  1.7996934e-01
 -5.4471666e-01
  1.9953964e-02
  4.2213863e-03
  1.2288726e-01
 -1.3020043e-01
  4.4541478e-02
  1.4273975e-02
 -2.1082820e-01
  2.5739363e-01
 -4.0435800e-01
  2.8431141e-01
 -8.9005595e-01
 -1.9282810e-01
 -5.6496531e-01
  5.3892150e-03
 -1.4656681e-01
  1.7627603e-01
  4.7278017e-01
  4.9155049e-02
  4.0636832e-01
 -1.5370987e-01
  1.8327034e-01
 -9.0866834e-03
 -9.8959342e-02
  1.7767641e-01
  2.6307350e-01
  4.6001115e-01
 -9.9538699e-02
  1.0374982e-01
 -1.9612342e-01
  1.9964010e-01
  1.0496719e-01
 -1.1267632e-01
  2.1021351e-01
  3.5457975e-01
  3.0137211e-02
  9.8352395e-02
 -8.8585988e-02
  2.2489299e-01
  1.5491343e-01
 -9.9649683e-02
  1.4423780e-01
  6.4777434e-02
 -1.6065855e-03
 -1.2333140e-01
  5.0176930e-02
 -2.7472544e-02
 -1.1819191e-01
 -8.5989706e-02
 -1.1405220e-01
  3.5937136e-01
 -6.7991205e-03
  6.5389283e-02
  1.2393196e-01
  2.0252850e-02
 -7.2079584e-02
 -7.3495245e-01
 -4.3913584e-02
  3.1229863e-01
  7.5406730e-02
 -2.3350339e-01
  1.9444552e-01
  7.6969489e-02
 -5.0408089e-01
 -1.0749063e-02
 -2.6086833e-02
  1.0260133e-01
 -3.1123692e-01
  2.8056448e-02
  1.1649727e-01
 -8.2054980e-02
 -2.0207855e-01
 -1.8295741e-01
  2.7264941e-02
 -1.3628548e-01
  1.7321488e-01
 -8.8623047e-02
  1.4667933e+00
  1.5986544e-01
 -4.4889784e-01
 -3.5638946e-01
 -6.7952943e-01
 -3.8647689e-02
 -1.3419443e-01
  9.4860688e-02
 -1.9140017e-01
 -3.0127150e-01
  5.4618132e-01
  4.0330005e-01
 -1.3367657e-01
  1.9550654e-01
  1.0980329e-01
  4.5973885e-01
 -2.9483940e-03
 -1.4434625e-01
  9.0594500e-02
  2.5767348e+00
  2.5756171e-01
  3.1894695e-02
  5.9730001e-02
 -5.7115108e-02
  2.8783333e-01
  1.5547065e-02
  3.9310983e-01
 -1.8749468e+00
 -2.5329363e-01
 -1.9473465e-02
  6.4699143e-02
 -4.1113070e-01
  3.4742270e-02
 -1.1736172e-01
 -2.6878014e-01
  1.0873111e-01
  1.6126162e-01
 -1.6818132e-02
 -8.7328118e-01
  1.7038317e-01
 -7.3892400e-02
 -2.5000727e-01
  3.5918796e-01
  3.3750318e-02
  8.9890361e-03
  1.7913921e-01
  1.5979806e-01
  3.9978564e-02
  4.5088241e-01
 -1.4401066e-01
 -8.3280597e-03
  4.6499137e-02
  2.0252179e-01
  3.4024782e-02
  3.3676299e-01
  2.7126305e-02
  8.4332801e-02
  4.5244709e-02
 -4.0687159e-02
  3.9843553e-01
 -8.4763139e-02
  1.3063689e-01
 -9.4084024e-02
 -3.6092976e-01
 -5.7464540e-02
  2.5788829e-01
  2.5796351e-01
 -5.5590719e-02
  1.5105349e-01
  3.3295654e-02
  1.1704285e-01
 -7.2568929e-01
  2.1124971e-01
  1.6549386e-01
  2.2504430e-01
  5.9879698e-02
  7.4419722e-02
  1.0328440e-01
 -1.1844650e-01
  2.5456909e-02
  2.8198455e-02
  7.6010353e-03
 -7.2016910e-02
  1.2427440e-01
 -6.5006208e-01
  3.6756471e-02
 -1.9026443e-02
 -1.9613136e-01
 -1.5594625e-01
  1.2776278e-01
  8.4953606e-02
 -1.6379905e-01
  5.8840655e-02
  2.4769333e-01
  8.3389089e-02
 -2.5720772e-01
  3.0875435e-01
  9.7352117e-02
 -3.2478280e-02
  7.6794463e-01
  1.5657544e-03
 -4.3530330e-02
  9.2863113e-02
 -1.5785909e-01
  2.7467269e-01
  5.8539614e-02
  4.2513989e-02
 -1.9728070e-01
 -2.5890741e-01
 -5.2579898e-02
 -8.6420715e-02
 -1.3613845e-01
  4.0404943e-01
 -2.9895598e-01
 -9.1650955e-02
 -2.1579757e+00
  7.1113482e-02
  3.7786087e-01
  9.2978641e-02
 -1.1665186e-01
  2.7728850e-01
  5.2618824e-02
  2.9072315e-03
 -6.2289804e-01
  1.5671272e-02
  2.9447388e-02
 -1.0478444e-01
 -6.3754700e-02
  2.0571411e-01
 -1.8168150e-01
 -7.1877819e-03
  6.8042219e-02
 -8.5090622e-02
  5.6758024e-02
  4.4874098e-02
  1.3156543e-02
  5.7814114e-02
 -3.2345146e-01
 -1.0926409e-01
 -1.4476389e-01
 -5.8861159e-02
 -4.0697765e-01
 -2.3416910e-01
 -2.8300276e-01
  7.7811562e-02
  2.0957144e-01
  2.9176213e-03
 -1.7927267e-02
  6.3716009e-02
  2.2679605e+00
 -5.9573181e-02
 -4.0992793e-01
 -4.0790375e-02
 -1.7087133e-01
 -2.1883667e-01
  1.3265631e-01
 -9.3736209e-02
  4.6541081e-03
  1.1656532e-01
  8.5945421e-01
 -2.1151496e-01
  9.8306872e-03
 -3.7261248e-01
 -3.0550015e-01
  3.6066023e-01
 -9.6332118e-02
  1.8406145e-02
 -3.1152096e-01
 -1.3557824e-01
  2.0542608e-01
  1.1917543e-02
 -2.6380548e-01
 -1.7537040e-01
 -1.3090495e-02
  2.8380275e-01
 -3.8746774e-02
  1.7933357e-01
 -5.9425510e-02
 -3.3548798e-02
 -8.4233172e-02
 -3.5247150e-01
 -1.1548369e-01
 -5.5058815e-02
 -3.0311836e-02
 -1.9060211e-02
 -2.6830095e-01
  3.3316851e-02
 -1.0359973e-01
  1.8894468e-01
 -9.4820306e-02
  4.0294722e-01
 -2.8379720e-01
 -2.1929546e-01
 -2.8510587e-02
  1.8283094e-01
  1.3583159e-02
  5.7319302e-02
 -3.4157004e-02
 -2.7624604e-01
 -1.2846312e-02
  1.8873455e-01
 -2.4168774e-01
 -1.1512370e-01
  2.9824683e-01
 -3.3741333e-02
 -3.3140582e-01
 -1.5576522e-01
  1.1475915e-01
 -3.1281030e-01
 -2.7975786e-01
 -2.1691404e-02
 -9.9004827e-02
 -1.2017025e-01
  2.7181467e-01
 -1.7450621e-02
  1.4945640e-01
 -2.3358108e-01
 -6.6354580e-02
 -5.7065874e-01
 -4.7074880e-02
 -1.2799689e-02
  9.3545735e-02
  1.2252257e-01
 -1.7623991e-02
  6.4348303e-02
 -2.6525546e-02
  7.6448232e-02
  1.6592242e-01
  4.9977116e-02
 -2.4535358e-03
  7.0200548e-02
  1.3691628e-01
  1.7728034e-01
 -2.3357220e-01
  3.9559741e-02
  1.2137659e-01
  2.4708274e-01
 -6.5936141e-02
 -9.5355988e-02
 -3.7478885e-01
 -1.6655251e-03
  1.3807318e-01
 -1.5815653e-01
  1.1429985e-01
  7.9233330e-01
 -8.8601537e-02
  2.9839802e-01
 -1.4159908e+00
 -1.3226095e-01
 -1.6850205e-01
  1.9701660e-01
  6.8053519e-03
 -2.8639686e-01
 -9.2920326e-02
 -1.4742486e-01
  1.3749117e-01
  1.1617543e-01
  2.3497912e-01
  2.3050189e-02
  9.7211711e-02
  6.1022717e-01
  7.5926334e-02
  6.9639303e-02
 -2.1415824e-01
 -1.5380514e-01
 -1.1984059e-01
  2.9362300e-01
  1.1975765e-03
  4.3789598e-01
  1.5958685e-01
  2.6570041e-02
  5.9450813e-02
  2.3591529e-01
  8.5128069e-02
 -5.8192361e-02
 -1.4112021e-01
 -2.6074620e-02
 -8.8649519e-02
 -2.3760657e-01
  3.7833145e-01
  1.2707332e-01
 -1.5032850e-01
 -1.0690353e-01
  1.5825191e-01
 -1.0795144e-01
  5.0215089e-01
 -2.9759350e-01
 -3.4017771e-01
 -5.8139789e-01
 -3.1123182e-01
 -7.6528646e-02
 -1.6378215e-01
  8.9804001e-02
  2.3697580e-01
 -3.6298972e-02
  7.0199087e-02
 -2.3660287e-01
  3.3933893e-01
 -1.1960864e-02
 -7.0832491e-02
 -2.4870116e-01
  1.4489792e-01
  9.5080860e-02
  6.9900416e-02
  5.7800435e-02
  1.3964330e-01
  1.1937935e-01
  6.5314990e-01
  4.2553124e-01
  5.4281771e-02
 -7.5917177e-02
 -1.2066596e-01
 -3.6450928e-01
 -3.5412911e-02
 -1.1614722e-01
 -3.6533082e+00
 -1.1331771e-01
 -3.3505246e-01
 -5.8715031e-02
 -2.2713977e-03
  6.2182821e-02
  9.4249427e-02
 -2.3619670e-02
 -7.4571274e-02
 -2.2325169e-03
 -6.4313347e-03
 -5.2672809e-01
  1.4053589e-01
  4.2809568e-02
 -1.0731604e-02
  2.2601175e-01
  2.0362163e-01
  9.5058846e-01
 -1.2033819e-01
 -1.2405933e-01
 -9.5215812e-02
  9.1313314e-01
  6.4425045e-01
 -5.1696891e-01
 -6.0051835e-01
 -2.9241148e-01
  3.4678993e-01
 -4.1919237e-01
 -1.6692445e-01
  3.1042674e-01
  4.3555498e-01
 -4.9505055e-01
  1.8363073e-03
 -1.1353109e-01
 -1.1596707e-01
 -4.4604093e-02
 -2.3111516e-01
  9.8164171e-01
 -4.7706640e-01
 -1.0508414e-01
 -1.0449331e-01
 -4.9760479e-01
  2.7164885e-01
  2.8422218e-02
 -3.6555380e-01
 -7.2719250e-03
  8.9643680e-02
  6.7165308e-02
  2.4675907e-01
 -4.9852043e-02
 -3.3818132e-01
 -4.5245266e-01
 -4.7976369e-01
 -4.4541996e-02
  4.8577937e-01
  1.6261739e-01
  2.8211886e-01
 -4.4113776e-01
  2.9048747e-01
 -1.6958147e-02
  2.2759205e-01
 -7.7396262e-01
 -1.6251475e-01
 -2.4453601e-01
  5.2495658e-01
 -7.8780696e-02
 -1.0643687e-01
 -3.7628140e-02
  1.5256017e-01
 -3.5472382e-02
 -2.9702726e-01
  7.8652942e-01
  2.9757333e-01
 -2.2923058e-01
  1.5778139e-01
  9.8189875e-02
 -4.5849934e-02
  1.7706435e-02
 -9.6180528e-02
 -2.2463091e-03
 -2.2612268e-01
 -6.9325045e-02
 -4.4265655e-01
  2.0584354e-02
  8.6624622e-02
 -9.4670653e-02
 -1.9669712e-01
  1.2013582e-01
 -5.6382928e-02
 -2.4864452e-01
  3.6268091e-01
 -1.2132640e-01
  2.6133414e-03
  2.2860907e-02
  1.5160984e-01
 -9.7633995e-02
 -4.9870795e-01
  2.2398734e-01
  1.5968706e-02
  2.7029651e-01
 -1.1662745e-01
 -1.9103533e-01
 -8.2161717e-02
 -1.2488109e-01
 -4.5550445e-01
  1.7120363e-01
 -4.5443255e-01
  1.0276519e-01
 -1.7191985e-01
 -1.3426244e-01
 -1.0665297e-01
 -1.1749879e-01
 -1.4970963e-01
  3.7878025e-02
  1.4305164e-01
 -2.1626614e-03
  2.0276610e-02
  1.2641470e-01
 -2.5889909e-01
 -2.1781074e-01
  8.8949963e-02
 -5.9921093e-02
 -5.5928767e-02
 -4.7821831e-04
  1.8775688e-01
  3.4778294e-01
  3.7522069e-01
 -1.2741160e-01
  1.6944219e-01
  8.2146212e-02
  1.4838023e-01
 -3.8858112e-02
 -1.9064589e-01
 -1.7599811e-01
  1.3050728e-01
  1.8234807e-01
  2.4583807e-02
  3.4229144e-01
 -6.6645451e-02
 -3.1035611e-01
 -1.9958743e-01
  2.8638548e-01
 -1.1582763e-01
  5.3524766e-03
 -5.4455191e-01
 -1.8630427e-01
 -5.1898551e-01
 -3.4000918e-01
 -7.1355987e-01
 -1.3735934e+00
 -5.2464560e-02
 -3.2035255e-01
 -3.5168955e-01
  4.2880481e-01
  3.1938523e-02
 -5.8719207e-02
  1.7323520e+00
 -4.7859423e-02
 -2.2230078e-01
 -1.8012305e-01
 -8.2988339e-03
 -7.3796046e-01
 -1.4139163e-01
  5.7036076e-03
 -2.9433105e-02
  4.7726821e-02
 -1.0009233e-01
  2.0729867e-01
  2.5791338e-01
  3.7399098e-01
 -4.6352435e-02
  1.3326839e-01
  1.0940024e-01
  1.5482925e-01
  3.9999732e-01
 -1.6009437e-02
  2.3928592e-01
 -2.1020155e-02
 -2.2384176e-01
  1.0743228e-01
 -8.1353590e-02
  4.5860356e-01
  2.6195747e-01
  5.3233361e-01
  5.3603297e-01
 -6.6135257e-02
 -1.1141046e-02
 -6.7439556e-02
  4.0458955e-02
 -1.6693904e-01
 -2.5697067e-01
  2.9776615e-01
  1.1891756e+00
  6.9068533e-01
  6.9145834e-01
  4.5826297e-02
 -3.2674640e-01
 -2.7230906e-01
  1.9783665e+00
  1.4143159e+00
  2.9619026e-01
 -9.2877358e-01
  8.9285113e-03
  4.1811067e-01
  2.7028341e-02
  6.4502203e-01
  1.9470116e+00
  1.0954816e+00
 -2.2910370e-01
  4.1860253e-02
  1.1484406e+00
 -2.0024100e-01
  1.3463010e-01
  1.8006761e-01
  1.5582453e+00
  9.3606286e-02
 -1.1474545e-01
 -1.6924066e-02
  2.0339331e-01
  1.2418766e+00
  7.7106720e-01
  1.1158880e+00
  1.2953077e-01
  1.0476469e-01
 -9.1574922e-02
 -5.2552566e-02
 -4.6678081e-02
 -2.0500161e-02
 -1.3217531e-01
 -5.0832963e-01
  1.0567039e-01
 -2.0373903e-01
 -1.4237285e-01
 -6.0870510e-01
 -4.6265566e-01
 -2.5399590e-02
  2.1456525e-01
  1.4407408e-01
  1.0248246e-01
  1.3949013e-01
  9.1788822e-01
  1.0642199e-02
 -2.6000601e-01
  3.8062996e-01
 -1.3106982e-02
  2.1382178e-01
 -3.3030230e-01
  5.1031493e-02
 -2.9505042e-02
  2.4192974e-01
 -3.2911967e-02
 -1.1988397e-01
 -1.0554527e-01
 -1.0682946e-01
 -2.4131207e-01
  5.4796688e-02
  1.0139236e-01
  2.8801811e-01
  4.4244736e-02
 -1.5836602e-01
  1.0334719e-02
 -3.8115114e-01
 -7.9390168e-02
  2.0139925e-01
 -2.6850656e-01
  5.1598154e-02
 -3.1876853e-01
  1.2386316e-02
 -4.1462671e-02
 -5.9666552e-02
  1.8474464e-01
  1.7841926e-01
 -2.6983070e-01
 -1.1279846e-02
  3.1091934e-01
  2.1708127e-02
  1.6032583e-01
  6.7916043e-02
 -4.4316621e-03
  6.3852720e-02
  1.9249706e-01
 -1.2374815e-02
  6.9998853e-02
 -3.6609452e-02
 -3.8968887e-02
 -2.1773736e-01
  2.1822944e-01
  1.6919160e-02
  2.3228928e-02
 -4.4236615e-02
  7.4005246e-02
 -3.8326877e-01
 -3.1175448e-02
 -4.6420988e-01
 -2.2830404e-02
  1.2853197e-02
 -3.3629462e-02
 -3.4054992e-01
 -1.4063671e-01
 -1.4624840e-01
  1.7071915e-01
  3.4971926e-02
  8.4572002e-02
  4.7806743e-01
 -2.0400797e-01
 -4.4631469e-01
 -3.3623087e-01
  1.1808369e-02
 -1.3484714e+00
  4.4756994e-02
 -1.2484096e-01
  1.1239947e-01
 -1.6407758e-01
 -1.0186248e-01
  1.6462538e-01
  9.2003956e-02
  9.2092969e-02
 -1.3230860e-01
 -2.8865570e-01
  4.7017308e-03
  2.3225553e-02
  3.5145909e-01
  9.6366391e-02
 -1.6701436e-02
 -1.8184717e-01
  6.6670060e-02
 -2.6541191e-01
  8.3828084e-03
 -2.3827288e-02
 -4.4125389e-02
 -1.6546935e-01
  5.3311016e-02
  1.7339462e-01
  8.0540344e-02
  2.8095242e-01
  1.4261715e-01
  1.5708740e-01
 -4.8610136e-01
  1.3438806e-01
 -2.1176440e-01
  6.8623342e-02
  8.7835439e-02
 -2.3317665e-01
  4.9891242e-01
  1.1086022e-02
 -3.1963501e-02
  2.7821738e-01
 -8.8774040e-04
  8.3233349e-02
 -9.0653226e-02
  1.9369568e-01
 -1.5202579e-02
  3.0850993e-02
  6.4955905e-02
  1.7363060e-01
  9.6143492e-02
  8.0231689e-03
  2.3406146e-01
  2.3942645e-01
 -5.2656192e-02
 -4.6471126e-02
  1.6218050e-01
 -6.9779456e-02
 -1.8113732e-02
  1.3810843e-03
  3.9911076e-01
 -1.4536202e-01
 -6.5105081e-02
  3.9115027e-02
  2.2684999e-02
 -2.8212920e-02
  9.0585306e-02
  9.4567341e-01
 -1.3179304e-01
 -1.5130187e+00
  7.2518997e-03
 -1.4262842e-01
 -1.3972136e-01
 -1.0234827e-01
  1.6892916e-01
 -3.4254938e-01
 -1.7399877e-01
  2.0565906e-01
  2.6592793e-02
 -1.7192075e-01
  2.1298125e-01
 -1.7426860e-01
 -4.6970508e-01
  6.0357675e-02
  4.0583171e-02
  4.3876514e-01
  2.0087559e-02
  3.9520693e-01
 -3.0005356e-02
  2.3977728e+00
 -1.9863541e-01
 -7.3326632e-02
 -2.5584046e-02
  5.2576244e-02
  8.0909267e-02
  2.6117137e-01
  1.5821829e-01
  1.0772059e-01
  2.1027493e-01
  2.6004273e-01
 -8.3731443e-02
  1.4448057e-01
  5.6067854e-01
  4.2781778e-02
 -8.4901786e-01
 -5.3972796e-02
  6.6430725e-02
  1.5178929e-02
  5.8026217e-02
  7.8950137e-02
  1.5746379e-01
  7.4945480e-01
 -3.0568251e-01
 -5.8092326e-01
 -9.3547247e-02
 -9.4994396e-02
  2.8671187e-01
  1.7211139e-01
 -2.9809698e-01
 -1.5108043e-01
 -2.2334062e-01
  2.0339273e-01
  6.0192451e-02
 -2.4207994e-02
 -5.2689023e-02
  3.6211768e-01
 -2.1485035e-01
  2.0807450e-01
  1.0905068e-02
  2.9568115e-01
 -8.7559253e-02
 -7.1081571e-02
 -9.3765885e-02
 -1.7549749e-02
 -3.5831222e-01
  2.4799431e-02
 -1.1686453e-02
 -1.9080469e-01
 -2.3650931e-01
  2.4062684e-01
  3.1522018e-01
 -5.8052234e-02
  1.3651040e-01
 -5.2174542e-02
  3.2029843e-01
  1.1148569e-01
 -1.6527809e-01
 -1.0024730e-01
 -7.2643615e-02
  4.2633560e-01
  1.8012415e-01
 -2.9571971e-01
 -2.9066995e-01
 -3.0417022e-01
 -4.2436263e-01
 -9.2784518e-01
 -2.7563140e-01
 -1.1826194e-01
  1.4811818e-01
  1.3533606e-01
 -2.1092589e-01
 -7.9007030e-02
  3.4738803e-01
 -4.3212998e-01
 -1.2304963e-01
 -1.5031639e-01
  1.1644722e-01
  7.4650213e-02
  4.4688277e-02
  7.8697450e-02
 -1.0437281e-01
 -6.1360888e-02
 -1.8245687e-01
  2.4774671e-01
 -2.4776950e-01
  3.1986035e-02
 -2.8797291e-02
  4.9424797e-02
 -6.1289757e-02
  8.1654496e-02
  6.0636628e-02
 -1.3394793e-02
 -9.4452798e-02
 -1.2947802e-01
 -2.1194425e-01
  1.3239047e-01
 -1.6967995e-01
  9.9135354e-02
 -3.5753544e-02
 -2.7080920e-02
 -1.6997110e-02
  1.6481152e-01
 -6.2747471e-02
 -1.8346411e-01
  7.9968199e-03
  3.0934384e-01
 -2.8822121e-01
  1.0196870e-01
 -5.3056437e-01
  3.0784330e-01
  2.9241318e-01
 -2.4313818e-01
 -1.9817334e-01
  1.0208765e-01
  8.7984860e-02
 -1.3684738e-01
  1.1660478e-01
 -3.5653196e-02
 -2.2102827e-02
  1.2455162e-01
 -1.0558833e-01
  3.6504596e-01
  3.0138880e-01
 -7.7189666e-01
  4.0679730e-02
  1.5771572e-02
  1.4494404e-01
  2.6205320e+00
 -3.2974926e-01
 -2.3756927e-01
 -1.1702880e-01
 -1.1267680e-01
  6.4021789e-02
  2.2040366e-01
  5.8435336e-02
  1.7861567e-01
 -1.6848473e-02
 -5.8160596e-02
 -1.3346086e-01
 -3.2744505e-02
 -2.5118205e-01
  2.0151071e-01
  4.6339191e-02
 -8.3107740e-02
  5.4117262e-02
 -3.5244361e-01
  3.5655640e-02
 -1.6334079e-01
  8.5245639e-02
  7.0252977e-02
 -1.2747651e+00
 -7.4792258e-02
 -3.0476493e-01
  3.2918504e-01
  1.4943676e-01
 -1.2998125e-01
  1.8981372e-01
  9.7197063e-02
 -9.2282021e-01
 -3.8168859e-01
 -1.2738380e-01
  2.2400129e-01
 -2.2670648e-01
  4.1412633e-02
 -1.8288494e+00
 -8.6969316e-02
 -1.4735277e-01
  4.7148086e-02
  2.3751041e-01
 -1.3661337e-01
  2.4637194e-01
 -2.1120481e-02
  1.2333194e-02
 -2.1389745e-01
  2.5766462e-01
  1.8357089e-01
 -8.9264268e-01
  1.6705889e-01
  8.7218195e-02
  6.2638885e-01
  6.1040603e-02
 -2.0054440e-01
  3.6038455e-01
 -2.0841483e-02
  2.1510327e-02
 -1.6368048e-01
 -6.8778127e-02
 -2.7997863e-01
  6.4620869e-03
 -4.2109545e-02
 -9.3320437e-02
  6.2347941e-02
 -3.0901233e-02
  1.7241325e+00
 -1.8452346e-01
  2.0646082e-01
 -1.4236192e-01
 -4.7655365e-01
  2.4414073e-01
  1.1580532e-02
  4.1761380e-01
 -1.3129173e-02
 -3.3579531e-01
  2.3613158e-03
  2.6200697e-01
  2.1365965e-02
  2.9392335e-01
 -2.1736977e-01
  1.0034095e-02
  1.1801870e-01
  2.2559579e-02
 -1.6354088e-02
 -1.0442954e-01
 -3.1659451e-01
 -5.3250801e-02
  4.2610633e-01
  9.1192406e-03
 -2.3194781e-02
 -5.0927490e-01
 -1.1397335e-01
  1.2154453e-01
  2.2570044e-04
  1.4262851e-02
  1.6443919e-01
  1.2586322e-01
 -2.8177041e-01
 -2.5837573e-01
  1.9135047e-01
  4.5549667e-01
  3.1358019e-02
  2.6986548e-01
  2.1387227e-02
  5.0406468e-01
  2.9695067e-01
  8.6584494e-02
  5.2921593e-02
 -2.5332057e-01
  9.9932410e-02
 -1.4445672e+00
  6.3980818e-01
  1.5305857e-02
  1.7130758e-01
  1.5174121e-01
  1.8154496e-01
 -2.9675238e-02
  2.9819041e-01
  7.8173414e-02
  2.8178948e-01
 -3.2794660e-01
  7.6629654e-02
 -9.4830871e-02
  2.6995856e-02
  3.2963604e-04
 -3.9130729e-02
  1.2354869e-02
  7.1502086e-03
 -3.3873767e-02
 -5.6386692e-03
  4.4669397e-02
  3.9041406e-01
  5.6586288e-02
  5.4631412e-02
 -1.0770595e-01
  2.4270275e-01
 -2.4626569e-01
  2.0214821e-01
  1.8437585e-02
  6.7056562e-03
  6.8494029e-02
  3.3127579e-01
 -2.0435730e-02
 -1.4151852e-01
  1.7648017e-01
  1.3155921e-01
  2.5859869e-01
  9.6045971e-02
 -6.8916105e-02
  2.2046605e-01
  6.0669772e-02
 -4.7566891e-03
  3.3737350e-01
 -9.3236601e-01
 -7.9967606e-01
  1.4305295e-01
 -3.0540341e-01
 -1.0574949e+00
  2.5358778e-01
  7.2309250e-01
 -5.1786542e-01
 -5.1552498e-01
  3.6516204e-01
 -1.7673956e-01
 -3.4613252e-01
 -9.2915040e-01
  4.8575893e-01
 -5.9705067e-01
 -2.2946842e+00
  2.6271790e-01
 -1.4739408e-01
 -3.3952275e-01
  9.7594433e-02
  4.0806718e-02
 -1.2845736e+00
 -5.3938484e-01
 -8.1344061e-03
  3.4960338e-01
  7.8769261e-01
 -2.1560459e-01
  8.1096657e-02
 -8.7126213e-01
 -7.7455777e-01
  3.8804740e-01
 -6.8697792e-01
 -7.8628051e-01
  2.7260810e-01
 -1.3233130e-01
  1.0066774e-01
  4.9115723e-01
  6.7329928e-02
  5.2662436e-02
  9.5944181e-03
  1.7418252e-01
  3.5339892e-03
  5.3051460e-01
  8.2518652e-02
  2.1226531e-01
 -1.0321923e+00
 -3.8149320e-02
 -1.1635692e-01
  1.2602415e+00
 -1.6828065e-01
  1.1168156e-02
  2.4389932e-01
 -1.1663663e-01
 -8.9144632e-02
 -5.9737908e-03
  1.8578039e-01
  6.7810342e-02
  1.9421758e-01
  1.0771431e-02
  1.0246533e-01
 -5.0442740e-02
 -8.5929245e-02
 -3.9038953e-01
 -1.9103676e-01
  1.0115734e-01
  2.7036998e-01
  2.0711833e-01
 -4.8857573e-02
 -2.2996566e-01
 -1.8348308e+00
 -2.2389582e-01
 -5.2450910e-02
  6.3966364e-02
 -2.5026795e-01
 -8.9911968e-02
  3.3203724e-01
 -8.4365681e-03
  1.0481144e-01
 -1.1471530e-01
  1.1088225e-01
 -1.0356371e-01
 -3.1654820e+00
 -7.0250139e-02
  5.5781400e-01
 -1.1814226e-01
 -1.2547281e-02
 -2.5021660e-01
 -2.2942685e-01
 -1.8890817e-01
  3.3564141e-01
  2.2620127e-01
  7.7436775e-02
 -7.4610281e-01
  8.4946282e-02
  1.4780965e-01
 -2.4720110e-02
 -6.5168835e-02
  2.0501360e-01
  1.5894093e-01
  6.8626612e-02
  1.6420465e-02
  2.6543885e-01
 -5.9056379e-02
  2.4872670e-01
  3.7320413e-02
  2.9688177e-01
 -1.4494721e-02
 -1.6958055e-01
  1.2923007e-01
  4.0590060e-01
  1.7152452e-01
  9.3259141e-03
 -1.0127222e-01
 -2.1474344e-01
  2.0286267e-01
 -9.0834998e-02
  3.1437474e-01
 -5.1282130e-02
  6.7260236e-02
 -4.8655238e-02
  1.5022593e-02
 -1.7558359e-02
 -9.5469743e-02
  1.7613022e-02
  6.3232221e-02
  2.2434840e-01
  1.3308182e-02
  1.3268143e-03
 -6.7382351e-02
 -2.6021285e-02
  2.8874341e-01
 -2.8066248e-01
 -7.9759911e-02
  1.2550646e-01
  3.5040781e-02
  1.1363641e-02
 -1.1658738e+00
 -6.3652825e-01
  4.8755342e-01
  2.9695231e-01
  8.9651514e-03
  2.4181540e-01
  2.2474248e+00
 -1.0795403e+00
  5.0310510e-01
  1.0505016e-01
 -2.9158103e-01
 -1.8402345e-01
 -2.4434514e-01
  1.7139024e-01
 -2.8105959e-01
  5.7322669e-01
 -1.2633682e+00
  2.7256566e-01
 -4.1642419e-01
 -3.4358537e-01
  2.3955649e-01
 -1.6119999e-01
 -8.1211515e-03
 -1.2396170e-02
 -7.3097914e-02
 -6.0341589e-02
 -1.6563843e-01
  4.6052608e-01
  7.4175119e-02
  4.1638759e-01
 -9.2383140e-01
 -4.6482033e-01
  6.7127377e-02
 -9.5645183e-01
  4.1350737e-01
 -3.4163065e-02
 -5.6524831e-01
  6.9388308e-02
  5.0338909e-02
 -8.0034241e-02
 -1.1457735e-01
 -6.7169555e-02
 -2.4206972e+00
 -7.7970877e-02
  3.3126605e-01
 -1.3065635e-01
  1.3897069e-02
 -6.7906557e-03
 -9.8166570e-02
 -1.6359521e-02
 -7.7584589e-01
  1.1722153e+00
 -2.4889017e-02
  4.5203418e-02
 -3.3806384e-01
 -4.3974843e-02
 -9.0558946e-02
  1.8195681e-01
  2.1745579e-01
 -1.1655442e-02
 -3.7675920e-01
  1.3094680e-01
 -5.3595160e-03
 -2.6689554e-03
  2.9655889e-01
  4.0568212e-01
 -5.6374833e-02
  1.7790954e-01
  3.8225688e-02
 -2.0035274e-01
 -1.4438050e+00
 -1.9608106e-02
 -1.2227237e-01
 -4.5929689e-02
  8.0065485e-03
 -2.0553612e-03
  1.8481344e-02
  1.4961212e+00
  4.7519422e-01
 -1.9721732e-01
 -4.2922550e-01
  1.8410267e-01
 -1.5630762e-01
  1.5749866e-02
 -2.7245559e-02
 -1.1335763e-01
 -4.5956179e-01
  9.3295872e-03
 -7.2162509e-02
  5.8810645e-01
  6.5487474e-02
  1.4858772e-02
 -2.0851979e-01
  1.0576766e+00
 -7.9808682e-01
 -1.5369536e-01
 -1.3520770e-01
  1.0165700e-01
  8.0181658e-02
 -2.1606117e-02
 -8.5154943e-02
 -4.5278478e-01
 -2.1304727e-02
 -1.7881180e-01
  7.9745241e-03
  4.9863985e-01
  1.6484305e-01
 -2.8705576e-01
 -5.1532060e-02
 -6.3639767e-03
 -1.2469603e-01
  1.3312143e+00
  3.4186375e-01
 -7.9636067e-02
 -4.7106061e-02
 -1.4416602e-01
 -1.6224232e-02
  2.9324830e-01
 -3.3261426e-02
 -1.6425744e-01
 -1.6809359e-01
  2.1059939e-01
 -2.8546789e-01
 -4.4051006e-02
  1.5202849e-01
  1.7321102e-01
  2.6454538e-01
  9.9643588e-02
  8.6458907e-02
  2.2090569e-01
 -8.7097242e-02
  2.5281820e-01
  1.0194302e-01
  1.2209636e-01
 -2.7734718e-01
  8.4480584e-02
  9.0279803e-02
 -1.6535440e-01
 -2.5689209e-01
  3.0467671e-01
 -9.9004976e-02
 -3.1910864e-01
 -5.0157648e-02
 -1.9219141e-02
 -4.2333305e-02
 -2.7511269e-01
  5.9757513e-01
  1.3781153e-01
 -3.1145829e-01
  1.5446541e-01
 -1.6655210e-01
 -2.1494788e-01
 -1.4640386e-01
 -2.0606410e-02
  5.7121265e-01
 -7.7108189e-02
  9.0845436e-02
 -2.4621321e-02
  1.4942330e+00
  9.1361687e-02
  9.4996706e-02
  1.8138522e-01
 -3.9233595e-01
 -2.0486671e-02
 -5.7450265e-02
 -3.5044089e-02
  1.0210101e-01
  2.8177723e-03
 -8.3839752e-02
 -6.8521481e-03
  1.8302497e-02
  2.8860426e-01
 -7.1999938e-03
 -4.2140704e-02
  6.7660779e-02
  2.9147100e-01
  1.5709141e-01
 -1.4677280e-01
 -1.4310160e-01
 -1.0506070e-01
 -3.5071656e-01
  1.9245285e-01
 -1.3157873e-01
 -2.6929972e-01
 -8.6273246e-02
 -1.4135568e-01
 -4.2105094e-01
  2.2565093e-02
 -1.7845793e-02
  6.3912272e-01
 -1.0226600e-02
  5.5650856e-02
 -9.7415641e-02
 -2.5120094e-02
  6.7264271e-01
  4.5195580e-02
  2.2448722e-01
  9.5551230e-02
 -5.7280794e-02
 -3.3780649e-01
 -3.0886410e-02
 -2.3032151e-02
 -6.8611242e-03
  2.1909256e-01
  2.6341337e-01
 -1.7995007e-02
  7.8790456e-02
 -6.3662790e-03
  2.2358010e-03
  2.2919744e-01
 -1.8576610e-01
 -2.2204456e-01
  3.4810850e-01
 -9.6771210e-02
  5.6773950e-03
 -1.9044830e-01
 -3.9711362e-01
  1.5771219e-01
 -1.1336529e-01
 -2.7382466e-01
  3.4830946e-01
 -2.8317082e-01
  1.5417680e-02
  1.4940920e-01
 -3.2481607e-03
 -7.4562998e-03
 -1.1056076e-01
 -2.7390015e-01
 -2.2844505e-02
 -1.8237971e-01
 -4.8119867e-01
  2.5222188e-01
 -6.0248964e-02
 -4.7261994e-02
  5.5690336e-01
 -3.2802843e-02
 -8.8839233e-02
  1.1166904e-02
 -6.3758604e-02
  7.2117016e-02
  2.7657334e-02
  1.5662493e-01
  2.7015626e-01
 -7.8333758e-02
 -2.0542543e-02
 -4.5045491e-02
  1.5953317e-01
 -1.3687257e-02
 -2.3068348e-01
  1.8786915e-02
 -1.6965146e-01
 -5.7171568e-02
 -1.1166486e-01
  9.6220747e-02
  6.8226200e-01
  9.5285632e-02
 -1.7836083e-01
  8.7698773e-02
 -3.1775671e-01
 -1.2780106e-01
  1.4954002e-01
 -1.3181512e-01
 -3.9050013e-01
 -8.7459072e-02
  1.7921647e-02
 -3.8029504e-01
  1.9172774e-01
  5.9419769e-01
  5.5913515e-02
 -3.2906197e-02
  1.1765908e-01
 -1.0236591e+00
  2.8845859e-01
  3.7716022e-01
 -2.7425191e-01
  6.8459541e-02
 -2.3771975e-02
 -2.0023111e-01
 -4.8570949e-01
  1.5434368e-01
 -8.1094511e-02
 -1.6736951e-02
 -1.1840770e-01
 -8.1307188e-02
  5.5934172e-02
 -9.0426907e-02
 -1.3595925e-01
 -5.3453147e-02
  2.6895562e-01
 -3.9259098e-02
  2.2017419e-01
 -8.9552775e-02
  2.3193225e-01
  5.6816127e-02
 -1.7874530e-01
 -2.7481893e-02
  1.0262426e-01
  1.7428234e-02
 -6.8804018e-02
 -5.2201360e-02
  3.0929789e-01
 -2.4215585e-01
  6.0252912e-02
  1.7075069e-01
 -2.1368170e-01
 -4.0244907e-02
 -1.2172208e-01
 -2.9596028e-01
  9.5042355e-02
 -5.0177809e-02
 -9.8940313e-02
 -4.2644441e-02
  1.7670102e-01
 -2.0687056e-01
  4.8232693e-02
  3.6817603e-02
 -7.4799478e-02
  3.6899235e-02
 -1.3857764e-01
  1.1872073e-01
 -3.0217616e-02
 -5.8078639e-02
 -3.4958375e-01
 -6.4241372e-02
  1.8654999e-01
  2.4041019e-01
 -3.1133682e-01
  2.2103085e-01
  2.7123414e-02
 -1.2264295e-01
 -3.7199721e-02
  5.7972278e-03
  6.7609839e-02
  2.4069607e-01
  2.4460815e-02
  1.0986454e-01
  1.2342808e-01
  2.1661825e-01
 -1.1533979e-01
 -4.5963317e-02
  3.2230303e-01
 -1.7303212e-01
 -2.2987536e-01
  1.5901566e-01
 -6.8041272e-02
 -1.3733138e-01
  3.2164672e-01
  7.5525992e-02
 -2.1353655e-04
 -3.9966959e-01
 -4.0926162e-02
  1.2550199e-01
 -8.0421150e-02
  1.0747923e-01
 -1.1277506e-03
  1.9309458e-01
  6.9774583e-02
  4.1786399e-02
 -5.4672826e-02
  1.3102601e-01
  6.9509678e-02
 -8.2338698e-02
 -6.8236180e-02
 -2.7802899e-01
 -1.0322884e-01
  3.4680806e-02
 -7.8383845e-01
  8.8222593e-02
  1.8832134e-01
  1.8905148e-01
  4.1778613e-02
 -1.6670649e-01
  5.8184136e-02
 -7.8911729e-02
  1.2741029e-01
 -6.5921940e-02
  4.6803588e-01
  1.3585618e-02
  1.6192965e-02
 -4.1156593e-01
  1.6471369e-02
  3.5757813e-01
 -1.1192603e-01
 -6.6970125e-02
  2.9155073e-01
 -1.8155560e-02
 -2.7477074e-01
 -4.3070123e-01
 -8.2438231e-02
 -3.3595794e-01
 -3.9618686e-01
  3.4696609e-04
 -2.7581859e-01
  4.5186725e-02
  8.7707222e-02
 -2.3431958e-01
 -8.9873932e-02
  2.3991689e-03
 -1.5876850e-01
  5.2090190e-02
  2.8924540e-01
 -3.7222680e-02
 -1.2722540e-01
 -2.5096167e-02
  8.1843108e-02
  1.1990740e-01
 -4.5429671e-01
 -1.4788805e-01
 -1.7754054e-01
  8.9268857e-01
  3.8175103e-01
 -6.3547119e-02
 -3.4791216e-01
 -2.7646840e-02
 -2.4329001e-01
  9.5978431e-02
  1.5771493e-01
 -1.5324879e-01
 -5.2004922e-02
 -3.4874931e-02
 -3.1439055e-02
  2.6515016e-01
  4.0043332e-02
 -1.4166719e-01
 -3.1841096e-01
  1.1063854e-01
 -5.7627493e-01
  1.4223468e-01
 -2.7033836e-01
  1.1700559e+00
  2.5223251e-02
 -7.4899137e-02
  1.8553662e-01
 -1.0925160e-01
 -4.3213421e-01
  8.0322728e-02
 -7.1224295e-02
 -1.0771053e-01
 -3.7822276e-02
 -1.4588812e-01
  4.8831217e-03
 -1.1038404e-02
  6.6029385e-02
 -3.6759821e-01
  6.1617941e-02
  1.1845402e-01
 -1.1484064e-03
 -1.2730363e-01
 -9.6528322e-01
 -1.2063486e-01
  4.9230695e-02
  4.6992939e-02
  3.4867831e-02
  7.8503013e-02
  1.5152502e-01
  6.1636962e-02
 -1.5072235e-01
  3.6958151e-02
 -3.1675088e-01
 -2.6466560e-01
  9.4723731e-01
  2.3774284e-01
 -1.4434017e-01
  1.3563427e-01
  1.5218048e-01
 -7.4147016e-02
  2.6766413e-01
 -5.6114793e-01
 -9.8339342e-02
  1.3930972e-01
 -3.4896377e-01
 -8.6476415e-02
 -3.4664765e-02
  1.5759598e-01
  2.7560335e-01
 -8.3127737e-02
  1.7973289e-01
  2.8679320e-01
 -3.2180247e-01
  1.1060496e-01
 -1.2018958e-01
 -1.4217103e-01
  6.1381288e-02
  1.4418015e-01
  1.5819690e-01
 -3.9898908e-01
  1.9062708e-01
 -2.5957000e-01
  9.6712649e-02
 -2.7865973e-01
 -5.8813315e-02
 -2.1105510e-01
 -1.6480781e-02
  1.7357601e-01
  1.0530716e-02
  8.4001143e-03
 -7.7443972e-02
  1.5629843e-01
 -1.5878633e-01
  2.2464962e-01
  5.3771269e-02
 -1.2485934e-01
  1.9789055e-01
 -2.0786114e-02
  5.4187840e-01
  2.8646929e-02
  1.8582322e-02
 -9.3053669e-02
  3.0193651e-01
 -1.2952019e-01
 -2.9865034e-02
  2.7354389e-01
 -4.1588515e-02
  1.0391115e-01
  5.3555369e-01
 -5.6030744e-01
 -1.1082341e-01
 -3.0526757e-01
  3.7046301e-01
 -2.7100447e-01
  2.2509520e-01
  3.4764968e-03
 -7.3962554e-02
 -9.3670376e-02
 -2.3150356e-01
 -2.7998589e-02
 -4.6607971e-02
 -3.5400918e-01
 -3.3920535e-01
  1.1554006e-01
 -8.7690127e-01
  1.8893427e-01
 -4.8464917e-02
 -3.5269141e-01
  1.4731573e-01
  1.6851173e-01
  1.5988463e-01
  1.4843042e-02
  2.2196293e-02
  8.3806917e-02
  6.9737506e-01
 -5.4757726e-01
  6.4414167e-01
 -3.0810794e-01
  5.2618980e-01
 -6.5391570e-02
 -1.1017273e-01
  3.6367801e-01
 -1.1692786e-01
  1.4851171e-01
 -5.8483154e-01
 -4.0765938e-01
  2.3583393e-01
  5.0307371e-02
 -3.1763160e-01
  1.3381356e-01
 -2.6158711e-01
 -9.2708200e-02
  3.4484315e-01
 -1.7931107e-01
  6.4100027e-01
 -2.4079821e-01
  2.6481399e-01
  3.3975774e-01
  8.5175261e-03
  2.0771556e-02
  4.5542706e-02
  9.6289515e-02
 -1.1942125e-01
 -4.8493098e-02
 -8.3488755e-02
 -1.6751456e-01
 -3.1629300e-01
  1.7046565e-01
  4.8118892e-01
 -1.0614122e-01
  1.2411834e-01
 -7.1331248e-02
 -6.5687329e-02
 -4.9040578e-02
  6.5736637e-02
 -2.6268553e-02
  1.1268224e-01
 -1.8767217e-01
  8.7891437e-02
 -1.6341920e-01
 -2.7499862e-02
  1.1380581e-02
 -2.6057652e-01
  7.5012803e-02
 -6.1006639e-02
  4.4826105e-01
 -1.2645286e-01
 -6.1801955e-02
 -3.4011532e-02
  2.0682064e-01
  8.1916526e-02
  1.2917703e-01
 -1.4676681e-01
 -7.2594583e-02
  1.1551752e-01
  2.1223221e-02
 -2.3537503e-01
 -1.7097591e-01
 -4.8404086e-02
 -8.6513177e-02
  2.7781166e-04
  1.2643981e-01
  3.6320558e-01
  3.6567077e-02
 -1.8452331e-03
 -1.1228696e-01
  2.3833346e-01
 -1.3804948e+00
 -1.4146723e-01
 -1.2319189e+00
 -1.1838955e-01
 -7.0810072e-02
  3.8769614e-02
  2.1971081e-01
  6.0217828e-04
 -1.9153099e-01
  1.7604272e-01
  2.5839265e-03
  4.3470275e-01
  5.1779389e-02
 -1.0292359e-02
  1.3001481e-01
 -9.7306825e-02
  6.2337074e-02
  2.6314095e-01
  1.1497550e-01
  1.2800714e-01
  2.5110674e-01
  1.3016552e-01
  2.9474106e-01
 -1.5323691e-01
 -3.7164727e-01
  1.0841759e-01
  1.6040910e-02
 -3.0402029e-01
  1.3431670e-01
  1.7872636e-01
 -6.1476257e-02
 -3.1053862e-01
  2.2934189e-01
  2.0746905e-01
 -1.6113123e-01
 -2.0447750e-01
 -2.7574250e-02
 -1.3391337e-02
 -7.1857519e-02
 -8.7599866e-02
  4.0723115e-01
 -2.3044269e-01
  2.9109013e-01
  3.0165660e-01
 -8.4461883e-02
  1.2308800e-01
  3.3036858e-01
  1.6108913e-02
  1.6220771e-01
  2.5427210e-01
  3.2646749e-02
 -1.5477714e-01
 -4.9857312e-01
  4.5510751e-01
  7.1831858e-03
 -5.5105811e-01
  2.2545290e-01
 -3.3787507e-01
 -7.7087745e-02
  7.6862440e-02
  1.9833712e-01
 -3.1282094e-01
 -3.0141351e-01
 -4.8562211e-01
 -1.6345738e-01
 -6.9609568e-02
  1.2433685e+00
 -6.1604392e-02
  5.2183889e-02
 -1.4725491e-02
  9.4457990e-01
 -1.6300394e-01
  2.0645601e-01
 -1.7367335e-01
  2.7841085e-01
  6.7648143e-02
 -2.2065122e-02
 -1.9786637e-03
  1.7951125e-02
 -1.2806278e-01
 -1.6602722e-01
  3.4087399e-01
  4.9648100e-01
 -7.4522674e-02
  1.4546728e-01
  3.8846530e-02
 -1.1264534e-01
  1.6220820e-01
 -2.2033432e-02
  2.6303336e-01
  1.3050771e-01
  1.4035349e-01
 -2.4816196e-02
 -1.1159863e-02
 -4.9322546e-02
 -2.6184505e-01
  2.3012795e-01
 -7.9154242e-03
 -2.5028795e-01
  1.7618185e-01
 -3.2214585e-01
  7.2831605e-03
  1.9499090e-01
 -3.3181161e-02
 -1.0569777e-01
 -8.1104457e-01
  1.7051470e-01
  4.3025967e-02
 -1.8410735e-01
  3.1712573e-02
 -8.9948103e-02
  3.5075117e-03
  1.7526463e-01
  3.5489306e-01
  4.6430361e-02
  1.5845792e-01
  4.9188327e-02
  9.5177323e-02
  9.4486102e-02
  2.9494739e-01
 -1.5214160e-01
  1.0061112e-01
  2.0938928e-01
  1.2725560e-01
 -4.3819111e-02
  6.3130043e-02
 -1.3570324e-02
 -4.3672290e-01
 -3.6254731e-01
  2.4718438e-01
 -2.4871168e-01
  7.2103694e-02
 -1.9828218e-01
  8.6580701e-02
 -7.4282505e-02
  7.4871495e-02
 -9.9895641e-02
 -1.2144502e-01
  4.8136488e-02
  1.1676531e-01
 -3.1934860e-01
 -1.6464135e-01
  1.3424426e-01
 -1.8766411e-02
 -2.8114969e-01
  3.5889924e-01
 -6.6405088e-02
  5.0473493e-01
 -1.5384236e-01
  5.0988770e-01
 -2.9336842e-02
  2.2685707e-01
  7.1682408e-02
 -3.6329873e-02
  3.5644092e-02
  1.5177703e-01
 -1.0714564e-01
  3.9426422e-01
 -2.2056696e-01
  4.9497560e-04
 -9.9544697e-02
  2.2753277e-01
 -2.2865419e-01
  5.3528778e-02
 -1.5982121e-01
 -1.7781770e-02
 -1.7306091e-02
 -1.3940836e-01
 -1.5441203e-02
 -2.6926851e-01
 -1.6080536e-02
 -2.4933986e-01
 -4.4367481e-02
  3.7714891e-02
  4.4255108e-03
  4.7496250e-01
  1.0831211e-01
 -3.5468671e-01
  6.5400034e-02
  2.9543567e-01
  8.1318721e-02
 -1.6569237e-01
 -1.5120223e-01
  2.0407289e-01
  1.2250615e-01
  6.4429305e-02
  1.6070412e-01
 -4.2300817e-01
 -4.5437855e-01
  1.1863441e+00
  9.4282448e-01
  2.6866265e-02
  1.1661144e+00
  1.1483015e+00
  3.3856171e-01
  1.1678736e-02
 -4.2110285e-01
  9.2895782e-01
 -7.6244205e-02
  1.3064489e-01
 -1.8323235e-01
 -1.5723020e-01
 -4.7261027e-01
 -3.5053226e-01
  1.0583904e+00
  1.9210538e-01
  3.2589349e-01
 -9.3234533e-01
 -4.0512818e-01
 -4.9628782e-01
 -1.3292181e+00
  2.2213550e+00
 -3.0551851e-01
  1.8317826e-02
 -6.9325767e-02
 -1.8031669e-01
  1.7354066e-02
  3.0273044e-01
  2.2294126e+00
 -1.5908446e+00
  3.3064985e-01
 -1.1141936e+00
 -9.3334652e-03
 -2.7150854e-02
  1.5202014e-01
  6.2591970e-01
  3.9131913e-01
  3.7498400e-02
 -2.4673533e-02
 -6.4037696e-02
 -5.5523455e-01
 -2.6295286e-01
  1.6068675e-01
  9.7788906e-01
  1.1266034e+00
  3.9112866e-01
  2.5632879e-01
  8.4606695e-01
  1.0161979e+00
 -2.3143758e-01
  1.8358475e-01
 -5.9458766e-02
  1.9420863e+00
 -1.2868159e-01
 -6.3214105e-01
  1.0383598e+00
 -4.9638193e-02
  5.8116364e-01
  2.2149812e-01
 -4.5990241e-01
 -1.2552073e+00
 -1.2774059e-01
  4.9839601e-02
 -9.9473499e-02
  1.3647597e-01
 -6.0868595e-02
  1.0115411e+00
 -9.4036007e-01
 -8.5200138e-02
  5.3456038e-02
 -8.3698648e-01
  6.5507263e-02
  2.3457822e-01
  4.1158897e-01
 -1.9914366e-01
 -4.5537576e-01
  8.5761756e-02
  1.3183020e-01
 -3.3809999e-01
  4.7067198e-01
  8.7700635e-02
  3.5053694e-01
 -3.4199312e-01
  1.2737952e-01
  5.5055231e-01
 -1.4425290e-01
 -2.4224886e-01
  1.3130401e-01
 -5.2883871e-02
 -9.3284816e-02
 -1.9667506e-02
 -1.4433524e-01
 -3.1638625e-01
  5.7651803e-02
 -2.2744186e-02
 -4.8068661e-02
  4.0727681e-03
  3.3577845e-02
 -1.1626495e-01
  1.4083060e-02
  3.0202621e-01
 -1.6149990e-03
  1.2708898e-01
  3.3381354e-02
 -3.3231282e-01
  2.9741594e-01
  2.6740160e-02
 -2.4846560e-01
  1.2876865e-01
 -3.0966637e-01
 -1.1118271e-02
 -1.6007116e-01
  4.3043327e-02
 -1.1662923e-02
 -1.0324904e-01
 -5.2429490e-02
 -2.3907419e-02
  6.1100334e-02
 -1.9575908e+00
  6.1037071e-02
  5.1926441e-02
 -1.7930266e-01
  3.7602872e-01
 -7.1861768e-01
 -2.3511736e-01
  5.3304113e-02
 -1.0811385e-01
  3.8801855e-03
 -1.2812537e-01
 -1.1418872e-01
  1.5703607e-01
  7.6602951e-02
  3.5079899e-01
  1.3400830e-01
  3.3168149e-01
  1.4738412e-01
  2.2093366e-01
  2.1010537e-01
  2.5083391e-02
  1.2528358e-02
 -9.5645174e-02
  1.2546715e-01
  4.4426414e-01
  5.1777080e-02
  1.0342646e-01
 -5.2448772e-02
  4.6784070e-01
  2.7263701e-01
 -3.3756536e-01
  1.4726402e-01
  1.1099345e-01
  2.3072273e-01
  7.6487556e-02
 -2.9760340e-02
  1.1924370e-01
 -1.9855888e-01
  1.9310457e-01
 -1.3120541e-01
  7.5977385e-02
  1.9110078e-01
 -3.1150948e-02
  1.3168399e-01
 -1.2692027e-02
  1.0850268e-01
  1.8056604e-01
  1.7531421e-02
  1.4169490e-01
 -2.1190035e-01
  2.4906339e-01
 -3.5189867e-01
 -1.1951982e-01
  8.7045595e-02
 -3.6869187e-02
  1.4364842e+00
 -6.5171283e-01
 -3.6051741e-01
 -2.7907252e-02
 -4.8126343e-01
 -3.3207509e-01
 -1.4075520e-02
  2.6518109e-01
  1.1477187e-01
 -3.1397724e-01
 -1.8482285e+00
  3.1465286e-01
 -4.8720053e-01
  1.0178976e-01
 -5.1295120e-01
 -1.0143956e-01
 -9.6652859e-01
 -1.4271853e+00
  1.1133745e+00
 -1.0570275e+00
 -2.3443685e-03
  3.1312615e-01
 -5.5940058e-02
 -2.9335293e-01
 -1.4573683e-01
  2.6291406e-01
 -8.9477772e-01
 -1.4475994e-03
 -2.4850720e-01
  3.3916240e-03
 -2.1873989e+00
 -1.6667140e+00
  2.3024981e-01
 -9.4629949e-01
  1.7929077e-01
 -6.5178519e-01
 -3.4133375e-01
  6.1786726e-02
  4.5610470e-01
 -6.0242545e-02
 -2.6326403e-02
 -4.5382276e-02
  6.4721286e-02
  4.5539606e-01
 -8.2934655e-02
  4.5209682e-01
  3.5322183e-01
  2.1078755e-01
 -5.4001115e-02
  7.1347214e-02
  4.7295821e-01
 -1.1352956e-01
 -2.1219892e-02
  5.5456981e-02
  5.6645826e-02
 -2.8295944e-02
  1.4890866e-01
 -4.6023067e-02
  1.1425525e-02
  4.2966656e-02
  3.2221416e-01
  2.3364794e-01
  2.0442866e-03
 -2.7090377e-01
  2.0702128e-01
  2.3243524e-01
  7.2271995e-02
  3.1574482e-01
 -3.2556105e-02
  2.5438210e-01
  3.5748416e-01
  3.6988205e-01
 -1.9900580e-01
  1.1351740e-01
  5.6447618e-02
  1.3242118e-01
  1.2739699e-01
  3.7099384e-02
 -1.8774450e-02
  1.3745888e-01
  1.0852674e-01
 -1.4561445e-01
  1.7252592e-03
  8.7887481e-02
  3.0807036e-01
  3.4643799e-01
 -3.8610029e-01
  3.3088434e-01
  1.9184331e+00
 -7.5966090e-02
 -2.7974465e-01
 -2.5834697e-01
  4.2759165e-01
 -1.5186262e+00
  1.4067920e-01
 -1.7770926e+00
  3.2523280e-01
  2.5144849e+00
 -9.6692985e-01
 -3.9434534e-01
  5.2614596e-02
 -3.0659899e-01
  1.0919996e-01
  9.8268300e-01
  2.5337616e-01
 -6.0287488e-01
 -6.4577854e-01
 -2.3293890e-01
 -1.4412986e-01
 -4.2003065e-02
  3.8480836e-01
  1.1302435e+00
 -1.2334991e-01
  2.0702598e+00
  1.4021717e-02
 -1.0666399e+00
 -6.7676812e-02
 -1.7254236e-01
 -2.2318877e-01
 -1.0360814e-01
  6.9617665e-01
 -3.1347451e-01
  9.6404351e-02
 -3.7933326e-01
 -4.8552698e-01
 -3.0428225e-02
 -1.8201011e-01
  9.7781241e-02
  2.2024938e-01
 -2.4529110e-01
 -1.0233127e-01
 -3.6694345e-01
  9.6946299e-02
  1.1042825e-01
  4.3845618e-01
 -2.1118319e-01
 -1.2807214e-01
  4.8358721e-01
  1.8613072e-01
 -2.5947699e-03
  9.0676978e-02
 -1.4249709e-01
  3.4770843e-01
  6.7672199e-03
  2.4192275e-01
  9.6459851e-02
  2.5450617e-01
 -9.8051853e-02
 -5.6062501e-02
  6.6626458e-03
  2.8195804e-01
  3.7177792e-01
 -2.1508569e-01
 -4.5305882e-02
  1.3046807e-01
  2.4128953e-01
 -2.8410709e-01
  1.1136112e-01
  4.1414386e-01
  1.2463666e-02
  2.6788941e-01
 -8.5108280e-02
 -2.0433694e-02
  2.2209960e-01
 -2.3862261e-01
 -6.0209744e-03
 -1.1225551e-02
  8.0409400e-02
  2.8220299e-01
 -9.4819143e-02
 -2.0400055e-02
 -3.0800654e-03
  2.5171828e-01
  1.2633410e-01
  6.1172809e-02
  8.5784033e-02
 -2.9399905e-02
 -7.8126863e-02
 -5.6921071e-01
 -5.3503728e-01
 -4.8674729e-02
 -1.5084704e-02
 -8.0650264e-01
 -1.1472698e-01
  9.1174491e-02
 -4.0210003e-01
  5.8407363e-02
 -4.6482292e-01
 -7.3418349e-02
  3.6381889e-02
 -1.6773063e-01
  1.7991658e-02
 -2.1830226e-01
  1.1513112e-01
  6.3451126e-02
  5.5146210e-02
  1.3374490e-01
  9.1905135e-01
 -1.4096810e-01
 -2.7517179e-02
  1.0984460e-01
  8.2127098e-03
 -2.1417037e-02
 -7.3488675e-02
 -1.0910691e-01
 -2.1561397e-02
  1.1340855e-01
  9.0800956e-02
  1.2962271e-02
  3.6131900e-02
 -1.4600916e-02
  5.3971589e-02
 -6.8774737e-02
  4.9626788e-01
  1.9240503e-01
  4.1439033e-01
  1.8325818e+00
  9.3410678e-02
  5.9482706e-01
  5.4824930e-01
  6.3943607e-01
  7.5127430e-02
  8.6752459e-02
 -5.3648126e-01
 -1.1471502e-01
  3.7090617e-01
  1.4440448e+00
 -7.9612382e-02
  5.9894717e-01
  1.3926224e-01
  8.0560431e-02
  4.2313151e-02
 -5.2502543e-02
  2.2475319e-01
  2.5853559e-02
  4.3556377e-02
  4.9047679e-02
 -8.0041528e-02
 -8.5535213e-02
  7.2230741e-02
 -5.6091659e-02
 -1.1845791e-01
  1.5817583e-01
 -1.6607259e-01
 -3.7454063e-01
  6.7765310e-02
  3.4747815e-01
 -1.7428204e-02
 -8.4949926e-02
 -1.1582810e-01
 -1.6467005e-01
 -4.1982442e-02
 -1.8427020e-01
 -6.5931462e-02
  2.8824676e-02
 -3.6277328e-02
 -1.3341039e-01
 -3.9594933e-01
 -1.6939063e-01
 -2.0929271e-01
 -6.4070213e-01
  6.8256542e-02
 -5.9312899e-02
  2.6671290e-01
 -8.5445292e-02
 -2.8364222e-02
  3.3335781e-01
 -4.9161953e-01
 -2.6054472e-01
 -4.1325275e-02
  1.2280539e-01
 -1.4973290e-01
  3.8275179e-03
 -1.4094761e-01
 -1.2776361e-01
 -2.4856867e-01
 -6.1042432e-02
 -7.2546728e-02
  1.2962506e-02
 -9.8076813e-02
 -3.6873717e-02
 -1.5585354e-01
 -2.1340954e-01
 -1.6409656e-01
 -9.9327508e-04
  7.5012676e-02
 -1.7061879e-01
  3.5181083e-02
  4.8976298e-02
  2.1030432e-01
 -1.4002939e-01
 -3.3880211e-03
 -6.5662697e-02
  6.7886904e-02
  1.0613659e-01
  2.7391723e-01
  8.9207597e-02
  8.4587097e-02
  7.1598694e-02
 -2.0065305e-01
  2.3714550e-01
  9.4107285e-02
 -4.5191395e-01
  4.9261414e-03
 -3.9333802e-02
  1.5967488e-02
  1.2671530e-01
 -5.9384149e-01
  5.6503452e-02
 -2.4555618e-02
 -2.6317775e-01
 -2.5965571e-01
  1.7684656e-01
 -1.1225379e-01
  4.5294225e-01
 -3.3152393e-01
  1.7875546e-01
  9.5947847e-02
 -2.5658858e-01
 -1.4455804e-01
  7.6473907e-02
  1.5900321e-01
 -2.7520161e-02
  2.8087240e-01
  1.9952734e-01
 -2.2421812e-01
  5.5360951e-02
 -3.1472206e-01
  7.6902688e-02
  1.6136639e-01
 -1.4593691e-01
 -1.0244280e-02
  1.0177191e-02
 -2.5586277e-02
 -4.7679994e-01
 -1.2320273e-01
  5.5293776e-02
  3.8611665e-02
  2.1152174e-01
 -1.8902233e-01
  1.2928160e-01
 -6.2599838e-02
  1.1641889e-01
  1.3270840e-01
  5.9061503e-01
  1.1298083e-01
  7.7068396e-02
  1.9997159e-01
 -7.7994600e-02
  7.9208612e-02
 -2.0591664e-01
  3.9401835e-01
 -1.8013587e+00
  1.7877381e-01
 -3.6944765e-01
  2.9305083e-01
  4.5809472e-01
  3.4391487e-01
 -6.3784689e-02
  8.9006379e-02
  4.6252412e-01
 -2.9223293e-01
 -1.7782736e-01
  1.7490968e+00
  7.2400108e-02
  4.0224001e-02
  8.2038023e-02
  2.8679863e-02
 -3.4589398e-01
  4.8941631e-02
 -9.1054663e-02
 -1.1967316e-01
  1.1779825e-01
  1.3164340e-01
 -4.7145016e-02
  5.3785983e-02
  1.5892179e-01
 -9.6808009e-02
  1.4174931e-01
  1.4983481e-01
 -1.7878637e-02
  2.6717380e-01
  3.9451525e-02
  3.4429619e-01
 -2.2377199e-01
  2.4037413e-02
 -1.3279635e-02
  6.3910469e-02
 -8.0398418e-02
 -2.1214882e-01
 -1.2474988e-01
 -7.8303918e-02
 -2.3933512e-01
  2.6355854e-01
 -6.2582254e-02
  1.1468773e-01
  5.1649302e-01
 -1.2235297e-01
 -2.4742673e-01
  4.6836534e-01
 -1.8163964e-01
 -1.4698178e-01
 -1.3711651e-01
 -2.2280921e-01
 -1.0766103e-01
 -8.0138864e-03
  1.8080342e-01
 -9.7194932e-02
 -2.8130591e-01
 -1.7450292e-01
 -2.6404266e-03
  3.3751611e-02
  1.6709146e-01
  6.8616025e-02
 -3.1706339e-01
 -2.0516005e-01
  5.5904102e-02
  8.4005699e-02
 -1.7293084e-02
  3.0934432e-01
 -1.1411177e-01
  4.2104846e-01
 -3.9471203e-01
 -1.1447535e-01
  7.5157785e-01
  2.6793492e-01
 -1.3867112e-01
 -3.8427275e-01
  6.2267321e-01
 -1.0726276e-01
  2.9620549e-01
  3.2277912e-02
 -1.0570413e-01
  2.5208488e-01
 -9.9950626e-02
  3.0809596e-01
 -1.9767401e-01
  9.1993314e-01
 -8.1872657e-02
 -6.2735863e-03
  1.3146257e-01
  6.1192304e-02
  2.9254580e-01
  7.4443454e-01
  9.1932908e-02
 -4.1536763e-03
 -5.1427405e-02
 -2.3873809e-01
  1.3329084e-01
  4.8687022e-02
  5.1092971e-03
  9.4436035e-02
 -1.7171703e-01
 -2.9586375e-02
 -3.8811207e-02
 -1.6658279e-01
 -9.0875462e-02
  1.0285799e-01
  4.4393566e-01
 -2.0519537e-01
 -1.0271565e-01
  3.5520878e-01
  5.7395464e-01
  3.3493143e-01
  1.5073515e-01
  1.7160490e-02
  1.8958171e-01
  2.8547123e-02
  5.9472751e-02
 -1.2638508e-01
  5.3348020e-02
 -1.1204177e-02
  4.3640554e-02
  1.1642095e-01
 -8.3061233e-02
 -2.9357199e-02
 -7.0834965e-02
  1.4234363e-01
  2.4557653e-01
 -2.6051113e-03
 -3.0625769e-01
  3.0918989e-02
  4.8981667e-02
  9.5342949e-02
  1.1866041e-01
 -3.6543403e-02
 -5.4744441e-02
 -5.7566720e-01
 -2.2390980e-01
 -2.3617809e-01
 -4.9982971e-01
 -8.1242830e-02
 -9.5778845e-02
 -4.1245807e-02
  3.0761954e-01
  2.5790682e-01
  6.0458019e-02
 -6.9671847e-02
  2.7363982e-02
  3.2175206e-02
 -9.8051637e-02
 -1.7031051e-02
 -1.8819612e-01
 -3.4346782e-02
  2.2690605e-01
 -2.9334122e-01
 -2.9500759e-01
  2.2576606e-02
 -3.9419916e-02
 -1.4919411e-01
  2.1322814e-01
  8.1061088e-02
  1.0385932e-01
  1.8172474e-01
  1.8518513e-01
 -1.4399862e-01
  1.2887199e-01
  3.4441706e-02
  5.0792396e-02
  2.2424228e-02
  1.3808761e-02
  7.5714216e-02
 -1.4267032e-01
 -1.0475320e-01
  1.1358015e-01
  3.4454867e-01
 -1.4965814e-01
 -1.2955931e-02
  1.7380625e+00
 -8.3618510e-01
  7.4698406e-01
  4.9460807e-01
 -3.4214380e-01
  2.2877654e-01
  1.9516879e-01
 -1.1663859e-01
 -2.2078218e-01
  2.4934895e+00
  3.1903544e-01
  8.5795492e-02
 -7.0402163e-01
 -5.5066431e-01
  1.9212216e-01
 -4.8617803e-02
 -1.2643778e-01
 -8.0012836e-02
  1.3423638e-01
 -7.7598727e-01
  1.0640612e-01
  7.1796703e-01
  3.9953378e-01
  7.0932484e-01
 -2.1671231e-01
  1.7634027e+00
  1.0240950e-01
 -1.1355600e+00
  2.0087731e-01
  3.2345000e-01
  2.9575938e-01
  1.5744669e+00
  7.2722566e-01
 -2.7748683e-01
 -8.2605618e-01
  7.6988690e-02
 -1.1851209e+00
  9.2554703e-02
  2.1245033e-01
 -6.5366015e-02
  2.9027531e-01
 -5.5494207e-01
 -1.9078301e-01
  1.7800993e-01
  1.8862119e-01
 -4.7103498e-02
  3.9870945e-01
  1.0160863e-01
  8.9123644e-02
  1.2033338e-01
  7.4442428e-01
  1.8845636e-01
  1.2253807e-01
 -3.6978044e-02
  2.2233967e-03
 -6.7912899e-03
 -3.8088445e-02
  1.4422678e-02
  1.4614314e-05
  3.7926182e-02
 -2.2765560e-01
  4.7971714e-02
  1.0559495e-01
  5.1972705e-01
  8.8543102e-02
  1.1457966e-01
  7.6116329e-01
  4.3448856e-01
 -4.7541160e-02
 -3.4022443e-02
 -1.6991499e-01
  6.4376330e-01
 -5.2711791e-01
 -2.9101780e-01
  2.2834249e-02
  2.6848957e-01
 -1.1200447e-01
 -2.8273356e-01
  1.4390294e-02
  3.9413884e-01
  8.7584302e-02
  1.5683995e-01
 -1.4956713e-01
 -1.1158902e-02
  1.9314647e-01
 -2.6901398e-02
 -3.9340124e-02
 -6.4566061e-02
  2.8364688e-01
  4.1113801e-02
  8.3795432e-03
  2.7195913e-01
  1.4562763e-01
  7.5266443e-02
 -2.6577690e-01
 -1.5944888e-01
  8.9328691e-02
  5.8092552e-01
  2.0163467e-02
  1.1316783e-01
  1.9198863e-01
  2.0215850e-01
 -3.8039770e-02
  9.1265365e-02
  4.6327904e-02
  1.4285612e-01
  3.0118119e-02
 -1.6007921e-01
  1.4399898e-01
 -2.1436777e-02
  1.4992721e-01
 -1.9173571e-01
  1.3708538e-01
  6.1015040e-04
  1.1755437e-02
  4.6568972e-01
  5.5497050e-02
  5.0504647e-02
  1.0942189e-01
  1.3370603e-02
  4.4893053e-01
  9.4166046e-01
  3.9599717e-02
  1.8904468e-01
 -6.9208223e-01
  5.9591509e-02
 -1.6929244e-01
 -5.0307851e-02
 -1.2216499e-01
 -1.4027752e-01
  5.9270257e-01
  6.3883118e-02
  7.7573046e-02
  1.2224691e-01
  1.1007824e-01
  2.3076759e-01
 -2.3738736e-02
  7.4255478e-01
 -4.6801519e-01
  1.8396081e-01
 -1.6793139e-01
 -1.5662591e-01
  4.9132887e-01
 -2.3120192e-01
  4.1342235e-01
  5.8397423e-02
  1.0333583e-01
 -6.5468159e-03
  3.9369118e-01
  3.4306973e-01
 -3.2803118e-01
 -1.5297928e-01
  2.7276132e-01
 -6.7580879e-02
 -1.2257559e-01
 -7.3578276e-02
 -2.4881989e-02
 -8.9757949e-02
  1.2554771e-01
 -8.0532111e-02
 -1.9892600e-01
  3.1097263e-01
 -3.4921080e-02
 -7.2146404e-01
  7.8731820e-02
  8.8404015e-02
  1.9950023e-01
  4.9124263e-02
  1.3565387e-01
  1.6915399e-01
 -6.6054925e-02
  4.4586033e-02
  1.0971054e-01
 -4.3835882e-03
  7.7074260e-01
  1.4027910e-01
  2.2096401e-01
 -4.2746607e-02
 -1.4969073e-01
 -9.1743439e-02
 -1.7450951e-01
 -3.5798524e-02
  4.8918808e-01
 -1.5977386e-02
  1.1199862e-03
  1.0946735e-01
 -1.9330885e-01
  7.9945102e-03
  2.6052892e-01
 -2.1846421e-02
  3.6260381e-02
 -2.0133702e-01
  1.0694639e-01
 -6.6238195e-02
 -1.9851444e-02
 -3.5422036e-01
 -5.1699392e-04
 -4.2507220e-02
 -2.1622990e-01
 -1.8304804e-01
  2.2341672e-02
  5.6778569e-02
 -8.7166101e-02
 -2.8436318e-02
  2.6388478e-01
 -1.5306093e-01
 -2.9019484e-02
  5.1358187e-01
  2.3488505e-02
 -2.2706173e-01
  6.4103119e-02
 -1.6811356e-01
 -2.7848697e-01
 -1.2292168e-01
 -2.0241626e-01
 -9.3194038e-02
  1.3744086e-01
  5.9836589e-02
  9.5239200e-02
  3.3534836e-02
  1.6256379e-01
  3.6441290e-01
  2.8811330e-01
 -7.2264122e-03
 -2.3430442e-02
  2.4151899e-02
 -2.0367755e-01
  1.8415119e-02
  3.2676000e-02
  1.7342754e-01
 -1.2557855e-01
 -1.8799968e-01
  3.7732545e-02
 -1.3177836e-01
  2.0186976e-02
  2.8039452e-01
 -6.1723456e-02
 -1.5369450e-01
 -1.2028457e-01
  3.5389528e-02
 -2.2211291e-02
 -8.4240556e-02
 -9.4102286e-02
 -7.2569452e-02
  2.6878661e-01
  1.5881521e-01
  3.5979217e-01
  1.2025179e-01
  1.4859301e-01
  1.3573404e-01
 -1.5916488e-01
  1.5132181e-01
 -6.7030632e-01
  3.3599023e-02
 -4.6444517e-03
  2.1476164e-02
 -1.1824850e-02
  2.1953290e-02
  1.8309419e-01
 -6.5111011e-01
  1.0038068e-01
  5.2520156e-01
 -8.5159034e-02
  6.1544195e-02
  2.0176686e-02
 -7.6036163e-02
  1.9648774e-01
 -4.1504968e-02
 -1.5177964e-01
 -4.9024705e-02
 -1.4686358e+00
  3.7784094e-01
 -5.0169323e-03
  3.5439405e-01
 -6.4501941e-02
 -3.4560579e-01
  7.6568827e-02
 -7.6031052e-02
  7.0405012e-01
  2.6956850e-01
  2.1533590e-02
 -1.7201103e-01
 -2.1272795e-01
 -4.5142211e-02
 -1.3904041e-01
 -1.7494589e-02
  8.3563909e-02
  5.2851073e-02
 -1.3398813e-01
 -1.9083835e-01
  1.5830006e-01
 -1.3437678e-01
  3.3674261e-01
  2.1836612e-02
  2.4565190e-02
 -2.8237963e-02
 -1.6564927e-01
 -1.8052925e-01
  2.0073701e-02
 -1.7730820e-01
 -1.7347947e-01
  2.5718144e-01
  1.1618022e-02
  1.4995161e-01
  3.7989184e-02
 -2.8720900e-01
 -1.9547573e-01
  5.5712599e-02
  7.1462557e-02
 -1.1288480e-01
  1.0211226e-02
 -1.7612610e-02
 -4.3943524e-01
 -7.7948324e-02
 -4.0701401e-01
 -6.5290906e-02
  8.7363431e-03
  1.3599123e-01
  1.1032589e-02
  6.2871553e-02
 -5.1129997e-02
 -1.9220693e-02
 -6.6167146e-02
  1.2098244e-01
  2.0241791e-01
  5.3291512e-01
  3.7969089e-01
 -2.3272470e-01
  6.7140982e-02
 -4.3632291e-02
 -2.6373193e-01
  2.8851220e-01
  3.2422441e-01
  3.1938833e-01
  2.9022247e-02
  1.3091797e-03
  1.5738824e-01
 -1.1419403e-01
 -1.7776179e-01
  1.0277558e-02
 -4.3523768e-01
  1.1148563e-01
  4.4636697e-02
 -2.3349550e-01
  3.2282501e-01
 -1.5701671e-01
 -3.7280031e-02
  1.4998940e-01
  3.5692492e-01
 -4.1578822e-02
  7.7892333e-02
 -1.0016247e-02
 -2.8709275e-01
 -9.8089881e-02
  1.6851112e-01
 -1.3787164e-01
  9.2805047e-03
  1.5247765e-01
 -9.1755939e-01
 -7.8016631e-02
 -1.7877810e-02
 -8.4176488e-02
 -2.9342443e-01
  7.1371906e-02
 -2.2461636e-01
  9.1330051e-02
  5.6041457e-02
  1.3140777e+00
 -1.5096922e-02
  2.7093300e-01
 -2.2062281e-01
  1.1896884e-01
  8.3810091e-02
 -7.4054100e-02
 -9.0754956e-02
 -7.4397717e-03
 -6.9558397e-02
 -2.4512428e-01
 -3.0166781e-01
  4.9170915e-02
  5.0505515e-02
  1.2708801e-01
  8.3488777e-02
 -2.1759114e-01
 -1.3398567e-01
  1.2433852e-01
 -2.1420847e-01
 -1.7562047e-02
  7.8649372e-02
 -3.5997960e-01
 -4.2729825e-02
 -4.1355053e-01
  1.2645935e-01
  1.7543828e-01
  2.0068835e-02
 -1.3175474e-01
  3.8056889e-01
  1.0796866e-01
 -1.2629140e-02
  1.0218431e-01
  2.5396192e-01
 -1.9427703e-03
  1.1341020e-01
 -1.9044715e-01
  9.3647175e-02
 -9.3967140e-02
 -3.0183142e-01
 -5.3936705e-02
 -5.5050857e-02
  8.6771347e-02
  4.8561756e-02
 -1.5282859e-01
 -1.8270074e-01
 -1.9049706e-02
 -9.8856576e-02
  3.5690792e-02
 -1.6802810e-03
  1.1325784e-02
  3.8141035e-02
  3.3099103e-01
 -2.1213502e-01
 -5.8925338e-03
  9.9732488e-02
  2.1859674e-01
  1.4750535e-02
 -2.1875028e-01
  3.6144111e-01
  1.4778113e-01
 -3.2691423e-02
  2.9892296e-01
 -1.8463108e-01
 -1.5713769e-01
  4.5115754e-01
 -1.5872410e-01
  2.1966552e-02
 -2.9671602e-02
 -3.5027578e-02
 -5.2184306e-02
  1.6714104e-02
  4.4449329e-02
 -1.3245612e-01
  9.3725726e-02
  2.1600947e-01
 -6.6440947e-02
  1.9303408e-01
 -2.7710414e-01
 -1.1289692e+00
 -5.8043592e-02
 -6.7333527e-02
 -4.4439409e-02
  3.4965184e-01
 -1.7210683e-02
 -1.2630340e-01
  5.2658282e-02
 -4.7575567e-02
  1.9178329e-01
  3.4726776e-02
 -3.1317535e-01
 -2.3761411e-01
 -5.3165048e-01
 -3.0735281e-01
 -1.8228438e-01
  3.3699164e-01
 -1.1433657e-01
 -2.0624654e-01
  3.8676333e-02
  1.5744719e-01
 -5.4867041e-01
 -3.2332799e-01
 -4.3317798e-01
  3.3169621e-01
  4.5154270e-02
 -9.0688609e-02
  5.4414794e-02
 -6.9397457e-02
 -5.7206601e-01
  1.1790797e-01
  1.5651985e-01
 -1.5215373e-01
 -6.8522161e-01
  5.0323963e-02
  1.5657316e-01
 -3.2547536e-01
  4.2045448e-02
  7.3185843e-01
  2.6141552e-02
 -4.5867257e-02
 -2.1716636e-03
  4.5271635e-02
 -8.2874000e-01
 -2.4093232e-01
 -6.0297009e-02
 -4.9778587e-01
 -1.6031720e-01
  1.1932408e-01
 -2.0338924e-01
 -1.5069273e-01
  2.6762277e-01
 -6.0325783e-02
  5.8781393e-02
 -1.0028388e-01
  1.7179973e-01
  1.4013103e-01
  9.2800491e-02
 -9.6981078e-02
  1.5832570e-01
  7.3764138e-03
 -3.8480410e-01
 -1.0190073e-01
 -7.3093206e-02
 -1.6954899e-02
 -2.3440279e-01
 -4.2033162e-02
  5.2043003e-01
 -1.4894513e-02
 -1.4473718e-01
  1.8775526e-02
  4.0207587e-02
  1.4923604e-01
  1.2148292e-01
  3.0012956e-01
 -7.5197898e-02
  2.8706886e-02
  2.0204693e-02
 -1.1763395e-01
  3.1610766e-01
 -2.4827650e-01
 -4.2467523e-01
 -1.4699497e+00
  8.3484918e-01
 -5.7549942e-01
 -7.1998280e-01
 -7.2073048e-01
 -6.9062442e-02
 -5.4818070e-01
 -1.6092397e+00
  7.5029433e-01
  1.2574368e+00
 -1.0959890e-01
 -7.6943892e-01
 -9.8458827e-01
  1.2558566e+00
 -7.9047695e-02
  1.2631921e+00
 -7.6051074e-01
 -4.9879381e-01
  6.2418693e-01
  3.0531358e-02
  5.5263853e-01
 -1.6898891e-01
 -6.9882303e-02
  2.6585376e-01
 -1.6823784e-01
  3.8231859e-01
 -5.1805031e-01
  7.7555424e-01
  6.5038812e-01
 -1.5037826e-01
  1.1393988e-01
 -5.2078736e-01
 -9.4401814e-02
 -6.4901352e-02
 -2.9432843e-02
 -5.8046180e-01
  4.1981339e-01
  1.0845945e-01
  8.8867135e-02
 -1.1346436e-01
  9.9702403e-02
  2.3105446e-01
 -4.8861399e-02
 -3.9232865e-02
  4.3519917e-01
 -5.9562707e-01
  2.0916790e-02
  1.3064015e-01
 -1.3196960e-01
  3.0226603e-01
 -8.2189316e-01
  5.4956116e-02
 -1.2932803e-01
  1.4569940e-01
  3.5708681e-01
  1.1236451e-01
 -9.8274834e-02
  3.6748055e-01
  1.8763608e-01
  4.0183988e-01
 -1.3761622e-01
  2.4762149e-01
 -3.2198489e-01
 -4.2791823e-03
  8.9315265e-02
  5.4822631e-02
 -2.7995476e-01
 -3.3637792e-01
  2.1705307e-02
  1.8677267e-01
 -2.8739434e-01
 -4.3556246e-01
 -8.7547615e-02
  4.8705876e-02
 -1.0023628e-01
  3.7273884e-02
  1.9288906e-01
 -8.9487284e-02
 -5.6300920e-02
 -2.3429190e-01
 -4.3891236e-01
  2.7965254e-01
 -3.5017103e-01
  5.0924242e-02
  1.1007745e-02
 -1.6794765e-01
 -3.5666841e-01
  2.8817576e-01
  4.1837813e-03
  1.2240864e+00
  2.5038173e-02
  6.8276548e-01
 -3.1652495e-01
  4.3140333e-02
  1.0963874e+00
  7.8933001e-02
 -4.3080994e-01
 -3.8289142e-01
 -4.5863667e-01
  1.3902815e-02
  2.6884878e-01
 -6.1152760e-02
 -1.3679732e-01
  8.9568630e-02
 -1.6298181e-01
  2.9036403e-01
 -8.8300101e-02
 -7.8113876e-02
 -2.9484436e-02
  2.1989834e-01
  5.7659499e-02
 -1.3528233e-03
  6.6226617e-02
 -1.3764453e-01
  3.8415637e-02
  1.4422741e-03
  1.3381654e-01
 -8.9490533e-02
  2.4646888e-02
  3.2232162e-02
 -1.1488617e-01
 -7.2336331e-02
  2.2210956e-02
  1.3683902e-01
 -2.7588451e-01
  1.2418068e-01
  6.6848889e-02
  1.6355138e-01
 -4.8336495e-02
  9.6084364e-02
 -1.0273974e-01
 -2.4013342e-01
  1.0297988e-01
 -3.4146272e-02
 -1.6607514e-02
 -3.4463935e-02
  2.5014997e-01
 -2.6216972e-01
  5.1616544e-01
  4.3596700e-02
  3.4317657e-02
  1.5843119e-02
 -2.8047066e-02
  1.4845785e-01
  1.0887434e-02
 -9.9772811e-02
  2.5386535e-02
 -9.3811229e-02
  3.6064044e-02
 -1.7302392e-01
  1.0148210e-02
  4.6945814e-02
  1.9720401e-01
  8.0947742e-02
  9.4361790e-04
 -1.2352694e-01
  2.3923852e-01
 -1.4037541e-01
  3.2097378e-01
  1.6587055e-01
 -8.3289549e-02
  5.4315560e-02
 -8.6495295e-02
 -5.9608197e-01
  5.4739598e-02
 -5.6256719e-02
 -7.2804791e-01
  4.0007132e-01
 -1.0321565e-01
  5.6333292e-01
 -4.8299901e-02
  4.1116480e-02
 -6.9461837e-02
 -1.8255524e-01
  3.7067775e-02
 -4.4381339e-03
 -7.7731118e-02
 -5.6427765e-01
  8.0896780e-02
 -1.4240757e-01
 -4.0452145e-02
 -8.9755692e-03
  2.0451473e-02
 -4.4866285e-01
 -1.1359585e-02
  3.8892272e-01
 -4.6031699e-02
  2.6375869e-01
  1.1558978e-01
 -7.2302282e-02
  1.2183970e-02
 -1.6767947e-01
 -1.9945209e-01
  6.6302776e-02
  1.0050515e-01
  3.3859752e-02
  2.2953507e-02
 -6.7287991e-03
 -9.3433179e-02
  2.2031802e-01
  5.3882802e-01
 -2.5113780e-02
 -3.0252936e-01
 -1.2964146e+00
 -2.3728341e-01
 -9.7947419e-03
 -1.9945027e-01
 -1.2902819e-02
  3.4524330e-01
  3.6521494e-02
 -2.2364609e-02
 -4.7084883e-02
  9.3489580e-02
 -1.7006782e-01
 -2.9318023e-01
  4.0716488e-02
  7.8908473e-02
 -2.0325569e-02
 -1.9714759e-01
 -1.5269791e-01
 -5.6586218e-01
 -7.5424775e-02
  3.8966063e-01
 -2.5978225e-01
  1.9591150e-01
  6.4809024e-01
  4.6627086e-02
 -5.6436771e-01
 -3.0841094e-01
 -7.1003133e-01
 -1.6140479e-01
 -1.2350751e-01
  7.6266423e-02
 -1.0881296e-01
 -2.7208173e-01
  3.1075650e-01
 -4.4476992e-01
  4.4323245e-01
  1.0037724e+00
  5.2918762e-01
  2.0105682e-01
  1.0374144e-01
 -1.3388103e-01
  6.1882630e-02
  8.3745502e-02
  2.1355942e-01
  1.2014127e-01
  1.2917912e-01
  8.4108382e-02
 -2.0059769e-01
  3.1699423e-02
  9.5339634e-02
 -1.6169560e-01
  5.1451297e-03
 -2.0501999e-02
  2.1431893e-02
  8.3170712e-02
  4.4284068e-02
  7.2754376e-02
  4.4401008e-01
 -4.0751928e-03
  9.3593031e-02
 -1.1775002e-01
  1.0121068e-01
 -9.0807132e-02
  1.5169585e-01
 -1.1416665e-01
  1.4039205e-01
 -6.8602473e-02
  5.7054150e-01
  2.2215889e-01
 -2.4791287e-01
  3.1459090e-01
  3.6021907e-02
  8.2761966e-02
  1.5271312e-01
  8.5920376e-01
  2.4546658e-01
 -4.6138325e-01
  5.1597018e+00
  7.9668701e-01
  1.9963360e-01
 -1.0800074e+00
 -7.4933833e-01
 -1.2222506e-01
 -9.2048210e-01
 -1.1514778e-01
  1.8327450e-02
 -4.0375190e-03
 -1.2876673e-01
 -1.7510666e-01
  7.2256094e-01
  6.8947977e-01
  2.3376243e-01
  3.7640915e-03
  8.0835682e-01
 -3.1699531e-02
 -1.2897190e-01
  1.5834436e-01
  2.1516897e-01
 -2.1304199e-02
 -5.2578025e-02
  2.5982114e-02
  2.5481680e-01
 -1.7074224e-01
 -2.0565183e-01
 -2.5449982e-01
 -7.5824283e-02
  3.6518791e-01
  8.8186532e-01
  9.4822884e-02
 -1.3713458e-01
 -8.5533983e-01
 -6.1804332e-02
  4.2189607e-01
  8.3574042e-02
 -3.6776462e-01
 -4.1649899e-01
  1.6254175e-02
  1.8766050e-01
  2.3271737e-01
  2.4481811e-02
  4.9248831e-03
  3.8394925e-01
 -1.0843116e-02
 -3.9451391e-02
  7.5145239e-01
  1.2589170e-01
 -1.1888263e-02
  2.5424153e-01
 -1.3036497e+00
 -1.3027132e-02
  3.0899557e-01
 -3.5440186e-01
  6.3968904e-02
 -4.5156756e-01
  1.8167174e-01
  7.5040334e-01
  1.6495713e+00
 -2.6197166e-03
 -9.6803941e-02
  2.6810175e-01
 -8.0404663e-01
 -4.1696616e-02
  3.0064201e-01
 -3.8964647e-01
 -8.6084083e-02
  3.4934455e-03
  7.4172229e-02
 -5.3760875e-02
  1.0725503e-01
  7.7771360e-01
  4.5133147e-02
  1.8621687e-02
  7.8292247e-03
  3.9338192e-01
  3.8159171e-01
  2.0672190e+00
 -9.5204937e-01
  3.4595821e-02
 -3.7735362e-02
 -6.8142630e-02
  9.1444296e-01
  4.2604990e+00
 -2.5492203e-01
  1.7598521e+00
  7.2388071e-01
 -1.1841998e-01
 -9.3561485e-02
  3.0371103e-02
  8.9668125e-02
  9.5307082e-02
  6.9282413e-01
 -4.2171706e-02
 -1.5661088e-01
 -3.3797879e-02
  7.6038951e-01
 -3.8737349e-02
 -8.9135909e-01
  9.8855078e-02
  1.9981966e+00
  6.3028887e-02
 -8.1866853e-02
 -1.4170901e-01
 -4.0376809e-01
  4.6482685e-01
  1.1205312e+00
  5.3738230e-01
 -8.4496832e-01
 -1.3208133e-02
 -2.3148790e-01
  2.4294463e-01
 -7.5929534e-01
  4.3934390e-01
 -1.1939597e+00
 -3.2205665e-01
 -1.1462312e+00
 -2.3043467e-01
  1.0303997e-02
 -5.3013623e-01
  1.3041922e-01
 -8.5756618e-01
  2.3468260e-01
  1.4355010e-01
  1.8511808e-01
  6.0740691e-01
 -4.9732693e-02
 -3.6726779e-01
  3.5160056e-01
 -1.1908202e+00
  5.0592923e-01
 -8.8214532e-02
  1.6705042e-01
 -2.8602502e-01
  9.2158222e-01
  2.1758318e-01
  6.9022834e-01
  9.1608489e-01
  7.9574007e-01
  3.1805065e-01
 -8.4177697e-01
  1.0466708e-01
 -1.8297234e-01
 -2.9244384e-01
 -3.4265405e-01
 -1.0914043e-01
 -4.9536607e-01
  2.9145403e-02
 -8.5737145e-01
  1.1971680e-01
  3.3279377e-01
 -2.9345133e+00
 -4.1067827e-01
  1.0000023e+00
  1.7633237e+00
 -1.1974741e+00
  2.9282663e+00
  8.3291456e-02
  4.9021330e-01
  1.9117095e+00
  2.2238042e+00
  2.8408265e-01
 -2.9850331e-01
 -5.1940662e-01
 -8.7713063e-01
 -7.2391260e-01
 -1.8696804e+00
  3.6032805e-01
  6.7939067e-01
  1.8866988e-01
  1.2329128e-01
  1.1874355e+00
  1.5672623e+00
  1.1601790e-01
 -1.1565762e+00
  6.9494420e-03
  2.1627577e-01
  1.5876206e+00
 -6.3734657e-01
 -1.7311386e+00
 -5.0394368e-01
  1.3955395e-01
  1.5338279e+00
 -7.7624655e-01
  4.8900446e-01
 -1.1434527e-01
  4.8324294e-02
 -1.6552238e-01
 -1.3068323e+00
 -5.2708435e-01
 -3.4987152e-01
 -3.7175182e-01
  1.7957254e-01
  2.0839055e+00
  3.1121519e-01
  2.3267984e-01
 -1.0865066e+00
 -6.0517717e-02
  2.3336880e-01
 -5.1844901e-01
 -1.8954308e+00
 -3.7823972e-01
  1.5030594e+00
 -7.2808169e-02
  3.6661220e-01
  1.0646340e+00
  9.1381705e-01
 -6.4619291e-01
  4.9250001e-01
 -3.2671828e+00
  1.7140824e-03
 -2.5787014e-01
  7.9522640e-01
  1.7265102e-01
  4.7791764e-01
  1.5850645e+00
 -3.9651930e-01
  9.4117749e-01
 -3.9657962e+00
  1.8706477e+00
 -2.4217079e+00
  7.8035653e-02
 -4.6214136e-01
  5.0537598e-01
 -2.1539896e+00
 -4.2858350e-01
 -1.7576867e-01
  5.9851015e-01
 -1.5339617e+00
  5.8876002e-01
 -1.1079665e+00
 -1.3231260e+00
 -5.7149237e-01
  8.9621931e-02
  1.6395081e+00
 -5.5460083e-01
 -1.4023771e+00
  2.1817619e-01
 -6.7204297e-01
 -1.6985568e+00
 -5.1277190e-01
 -2.0052405e-01
  6.7769241e-01
  5.5494004e-01
  2.1693131e-01
 -6.3937600e-03
  2.0618505e+00
  6.0349226e-02
 -3.4470841e-01
  7.0803002e-02
 -5.3221303e-01
  8.1059521e-01
 -9.0706927e-01
  2.7413943e-01
 -3.2896183e+00
  1.5198675e-01
 -3.6571383e-01
  5.1053637e-01
  2.4284961e+00
  3.0372629e-01
  6.6663705e-02
 -7.9059166e-01
 -1.5802785e+00
  8.0380660e-01
  1.3609245e-01
  2.9555029e-01
 -1.9996300e+00
  6.9527763e-01
 -2.8972411e-01
  2.2243941e-01
  4.1283178e-01
  6.0935989e-02
 -4.0394008e-01
  2.1009226e-01
  7.6312119e-01
 -1.9707159e+00
 -6.7045385e-01
 -1.9445209e-01
  2.1514661e+00
  4.4728473e-01
  6.2139157e-02
 -2.6576915e-01
 -1.6816957e+00
  6.7972296e-01
 -6.5646954e-02
 -4.9235679e-02
 -3.8158137e-01
  5.2350736e-01
 -3.0063775e-01
 -2.6306024e-01
  5.6153721e-01
  5.0698441e-01
 -9.4465739e-01
 -1.7907206e-02
  4.5212403e-02
  9.2537683e-01
 -6.9291669e-01
  6.1303042e-02
  9.8580223e-01
 -1.0555215e-01
 -7.6480657e-01
  2.1719475e-01
 -1.5891986e+00
  3.2953709e-01
  1.2582560e+00
  1.6088416e-01
  2.8997090e-02
  6.1172777e-01
 -3.3924356e-01
 -1.2361046e+00
  1.2589288e+00
  7.3117755e-02
  3.5098734e+00
  3.1807855e-02
  2.5446889e-01
 -2.2585306e-01
 -4.8390254e-01
  6.9337106e-01
 -1.2195357e+00
 -6.5856516e-02
  4.3764853e-01
 -1.8280631e+00
  6.4452928e-01
  3.9590959e-02
  2.8309730e-01
 -3.2393901e+00
  2.7442664e-01
  6.7812210e-01
 -1.4343096e-01
  1.1243413e-01
 -1.0101030e+00
 -2.6904368e-01
  7.5238919e-01
  1.8558198e-01
  5.8302665e-01
 -4.1909933e-01
 -2.2060742e+00
 -5.2780652e-01
  7.2572352e-03
 -1.4055820e+00
 -1.0817409e+00
 -8.1147388e-02
 -5.4963124e-01
 -7.3839504e-01
  2.5675654e+00
  1.4718927e+00
  3.9137116e-01
 -1.3165125e-01
 -4.6532732e-01
 -1.0903317e-02
 -6.3973153e-01
 -1.3585902e-02
  4.6567881e-01
 -1.5241583e-01
 -1.2545362e-01
  2.2783667e-01
  2.5677090e+00
 -1.9080448e-01
 -6.5769851e-01
 -1.2977308e-01
  1.2415347e+00
 -4.4008098e-03
 -4.9046069e-02
 -6.6937521e-02
  1.6436207e-01
 -8.7932026e-01
 -1.0696901e-01
 -3.7716362e-01
 -1.3241557e+00
 -5.4356176e-01
 -4.7987467e-01
  1.2323695e-01
  8.4563124e-01
  8.4151410e-02
  6.1870525e-03
  2.4472761e-01
  2.7689846e+00
 -8.1690395e-01
  5.4107189e-01
 -9.9212535e-02
 -2.8299835e-01
 -1.9882469e-01
 -1.8053821e-01
  1.2743323e-01
  2.1014283e+00
  1.9509085e+00
  9.2662913e-01
  1.0209569e-01
 -7.3675174e-01
  9.9015343e-01
 -8.2425475e-02
 -4.2483792e-02
  2.3554769e+00
  1.4646293e+00
 -5.1055644e-03
 -7.8187145e-02
  5.2184319e-01
  3.0478299e-01
  1.6758878e+00
  5.9610192e-02
  8.6584032e-02
  4.9200550e-02
  1.1963985e+00
  2.0989773e-01
  1.5959427e-01
  8.9862514e-01
 -2.9816391e+00
 -1.4579877e+00
  9.2388414e-02
 -1.5377626e-01
  9.4716229e-02
  5.8185220e-01
  5.2984573e-02
  4.9831226e-02
  1.0705272e+00
  1.0317202e-01
 -9.7914457e-02
  8.4806305e-01
  4.4253114e-01
 -3.4908104e-01
 -7.9680550e-01
 -1.0787040e+00
 -5.8641469e-01
  1.9464728e-01
 -5.4756492e-01
  6.5497033e-02
 -8.4294367e-01
  2.2593014e+00
  6.1113584e-01
 -1.7415613e+00
  2.4562247e+00
  2.1545329e+00
  1.3286132e+00
  4.6076495e-02
  7.4299127e-01
  1.8754351e+00
 -8.8589936e-01
  8.3660710e-01
 -1.2233201e+00
  3.6133927e-01
 -1.8597856e+00
  9.2564172e-01
  2.6326330e+00
 -6.4276212e-01
 -1.1013035e+00
  2.2716059e-01
  1.0260297e-02
  8.8685310e-01
  5.2292949e-01
  4.3084419e-01
 -5.1671058e-01
 -5.5811864e-01
 -8.1304722e-02
 -1.2259699e-01
  2.4657247e+00
  2.2504982e-03
  6.4526904e-01
  7.4997747e-01
  2.9402676e-01
  4.3195742e-01
  1.4409198e+00
  7.0493954e-01
  1.6893744e+00
 -1.0975759e-02
 -1.2121366e+00
 -5.3521387e-02
  1.6100992e+00
  1.6525023e-01
  1.7924602e+00
  3.7682879e-01
 -3.8403636e-01
  1.8651679e-01
  3.9534900e-02
  3.5279402e-01
 -1.1055129e-01
  1.6569244e+00
 -7.8831583e-01
  3.6425489e-01
  8.8271052e-01
  1.2103873e+00
 -1.5222614e+00
  1.3426818e+00
  2.8917596e+00
  1.5276681e+00
 -1.8065181e+00
  1.3177696e+00
  1.9458940e+00
 -9.1612232e-01
 -3.3556083e-01
  5.1620018e-01
  2.7998331e+00
  8.8057458e-01
 -4.9703914e-01
 -6.7205107e-01
  1.8512419e+00
  2.1669314e+00
  8.1235433e-01
  1.1107179e-01
  1.0277880e+00
 -1.1350296e-02
  1.8468792e+00
 -1.1620951e+00
 -1.3959347e+00
 -2.1347859e+00
 -2.2010306e-01
  1.8325515e-01
 -1.0972025e+00
  1.8553938e-01
  1.5674350e-01
 -1.2931570e-01
 -2.4297066e+00
 -1.2138376e+00
 -2.1767914e+00
  2.9592440e-01
 -2.1253724e+00
 -2.6618266e+00
  1.1156802e+00
 -2.0197836e-01
  3.5570974e+00
  5.9628558e-01
 -4.9568501e-01
 -9.6133399e-01
 -1.5510080e+00
 -8.1288993e-01
  9.9113673e-01
  9.0049791e-01
  1.7817391e+00
 -1.5652239e-01
 -2.4273483e-01
 -1.7276250e+00
 -1.3267760e+00
 -1.0227534e-01
 -1.0920498e+00
 -6.4744875e-02
  7.3674321e-01
 -6.3152546e-01
  4.5241955e-01
  1.2862313e-01
  6.0005361e-01
  1.0810198e+00
 -1.7784590e-01
  5.4136032e-01
  3.6149967e+00
  3.2334554e+00
  1.4341296e+00
  6.3525510e-01
  1.6670909e+00
  2.2261040e+00
 -6.3381118e-01
 -5.0290489e-01
  1.5281792e+00
  4.7787070e-01
  6.1473745e-01
 -1.8595049e-01
  8.7017685e-01
  6.0818154e-01
  9.8898160e-01
 -1.7124567e+00
  5.5193353e-01
 -8.5172385e-02
 -8.9175725e-01
  2.3353672e+00
 -6.2897462e-01
  2.2555823e-02
  8.7164843e-01
 -4.2314807e-01
  2.7251644e+00
  2.9327640e-01
  1.6949432e+00
 -7.6481909e-01
  2.2855254e-01
  1.6232468e-01
 -1.5982592e+00
  3.0276694e+00
 -7.4461496e-01
  1.3919013e+00
  1.1917378e+00
 -6.9228113e-01
 -5.4440802e-01
  5.1713035e-02
  3.2706447e+00
 -2.3047056e+00
 -6.7285830e-01
  1.1277626e-02
  6.2171632e-01
 -1.0909922e+00
 -4.2903222e-02
  1.9260761e-01
 -2.7653792e+00
  1.6220602e+00
  1.1044880e+00
  3.8148973e-02
 -1.4349284e+00
 -8.4186989e-01
  3.9493892e-01
 -2.1365397e-01
  3.2461858e-01
 -2.3390107e+00
 -1.2554660e-01
  8.3025843e-01
  1.7664857e-01
 -1.6838878e+00
 -3.5741910e-01
  6.1118454e-01
  5.2172363e-01
  3.0235969e-02
 -1.1205367e-01
  1.0959914e+00
 -6.6660717e-02
  3.5724112e-01
 -6.7416185e-01
 -6.2030393e-01
  4.7078100e-01
  2.8557025e-02
  1.8667495e+00
  2.2272003e+00
 -4.0259013e-01
 -9.0841454e-01
 -3.2337803e-01
  2.8280869e-01
 -5.1355052e-01
 -1.0034990e-01
 -6.3244438e-01
  2.1815264e-01
  9.9237627e-01
 -5.0303876e-01
  8.6668050e-01
  2.1956580e+00
 -3.0453223e-01
  8.5143024e-01
 -1.3341516e+00
 -1.9525222e-01
 -9.9166751e-02
 -2.4078034e-02
 -6.3345134e-02
 -1.2149378e+00
  9.6761346e-01
 -3.9901721e-01
  1.0526454e-01
  4.6151832e-01
  1.3154723e-01
  6.2172216e-01
  3.0700481e-01
  2.0352511e+00
 -6.9720274e-01
  9.8901063e-02
 -4.6642682e-01
  1.0200233e+00
 -6.9721526e-01
  5.2335043e-03
 -2.3267232e-01
  2.6053998e-01
  4.6372609e-03
  1.4175370e-01
 -1.9643195e-01
 -2.5408080e-01
  3.2980531e-02
 -7.4845409e-01
  2.1782629e-01
  1.0108631e+00
  7.2543308e-02
 -1.0661886e-02
  2.5605323e+00
 -1.5214673e-01
 -9.4847064e-03
  7.8368407e-01
 -1.2161893e+00
 -2.6819718e-01
  3.3181265e-01
  3.1893742e-01
 -3.5323712e-01
  3.6198916e+00
 -2.2398315e-01
  2.0306175e+00
  3.3243928e+00
  1.0954331e-01
 -6.4071757e-01
 -3.7312951e-02
 -3.0804086e-01
  8.9052635e-01
 -8.2930565e-01
  1.8241765e+00
 -1.5449643e-01
  2.4374931e+00
  2.7510669e+00
  5.7686037e-01
  5.4573172e-01
  3.0586107e-02
  2.7635425e-01
  2.3496248e-01
 -5.2274090e-01
  4.0374178e-01
 -1.5764289e+00
  3.5520715e-01
 -1.3399284e+00
  5.6634104e-01
 -1.8464301e+00
  8.3212353e-02
  1.1131489e+00
 -6.7980684e-02
  1.0818528e-01
  4.4762185e-01
  1.9133492e+00
 -3.5091348e-02
  2.5051981e-01
 -3.7282236e-02
  1.3878789e+00
  1.6993621e-01
  3.0346560e+00
  2.3745828e+00
  5.4083025e-01
 -9.4542533e-01
  8.0742031e-01
 -1.1363399e-01
  1.0759283e+00
  9.7059900e-01
 -5.6605309e-01
  3.0245093e-01
 -2.6283796e+00
 -1.4428530e+00
  1.3340405e-01
  7.2353142e-01
 -9.0252572e-01
  1.4047251e+00
  9.1297460e-01
  1.3046648e-01
  5.0604690e-02
 -8.0724746e-01
 -2.1914522e-01
  1.3033736e-01
  4.2050022e-01
 -4.1628766e-01
 -6.3135928e-01
 -2.2132543e-01
  2.3475924e+00
  7.2257966e-01
 -1.9367455e+00
  2.5380796e-01
 -2.1340534e-02
 -1.5684747e+00
  1.0429055e-03
  6.8294066e-01
  6.6395223e-01
 -4.2868915e-01
  8.3419877e-01
 -4.2438533e-02
  6.2247902e-01
  7.7842109e-02
  6.4079201e-01
  5.3917503e-01
  9.6318161e-01
 -4.3110494e-02
 -2.6910606e-01
  1.1027488e+00
  3.4622410e-01
 -3.4024736e-01
 -2.1279772e-01
  8.5142642e-01
  2.5244486e-01
  7.6887131e-02
  5.7717323e-01
  1.3360448e+00
 -1.2508908e-01
  1.1925812e+00
 -6.8688816e-01
  9.5670931e-03
 -5.0239339e-02
  4.9681199e-01
  4.7507337e-01
  2.7229795e-01
  1.7267218e-01
 -4.0480590e-01
 -1.1389197e+00
  3.9781564e-01
 -6.0151797e-02
  1.2639050e+00
 -4.0859559e-01
 -8.7066758e-01
 -1.2674099e+00
  3.8992155e-01
  1.1473844e+00
  1.0387903e+00
  2.8541902e-01
 -2.5994005e+00
 -4.0638021e-01
  1.2364928e-01
  4.4880328e-01
  1.8397517e+00
 -7.5273860e-01
 -7.0612228e-01
 -3.2778639e-01
  1.0272863e+00
  1.4319199e-01
  3.8892800e-01
 -8.1311899e-01
 -3.4693040e-02
 -1.3918539e+00
  2.0023382e-01
  4.4002998e-01
  6.0466766e-01
 -1.2939919e+00
 -1.4269016e+00
  8.0854878e-02
  3.0174890e+00
 -2.0208344e-01
 -9.8445362e-01
 -2.4842867e-01
  1.9365737e+00
 -5.6288227e-02
 -1.8050065e+00
 -4.7986677e-01
  9.8417632e-02
 -1.3475145e-01
  6.2339473e-01
 -3.9086502e-02
  5.6754214e-01
 -2.0645277e-01
  3.3788395e-01
  7.6758005e-02
 -1.6720295e-01
  8.6451381e-02
  3.6004585e-01
  2.0808389e+00
 -1.3382879e+00
  3.1776589e-01
 -2.1041183e+00
  1.3217775e+00
  2.0045366e+00
 -1.0938495e-03
 -4.7983548e-01
 -9.1041207e-01
 -1.1456082e+00
  3.5073245e-01
  1.7243906e+00
 -1.5505761e+00
  9.4746345e-01
 -6.9025427e-02
 -9.2750698e-01
  3.3886367e-01
  9.8313689e-02
 -1.9494428e-01
 -1.4971156e-01
  8.0137044e-01
  6.5888651e-02
  1.0197382e-01
  7.7638668e-01
  2.4710243e+00
  1.5231928e+00
 -5.1012093e-01
 -3.7363318e-01
  2.0775647e-01
 -6.0031611e-01
 -4.0818474e-01
 -3.6704931e-01
 -5.8906651e-01
 -9.7839594e-02
  3.0929741e-02
 -2.7573922e-01
 -4.0081695e-01
  1.4474120e+00
  2.4332947e-01
  2.8917626e-01
  2.6594278e-01
  1.2902750e+00
  4.2340711e-01
  1.4027464e+00
 -2.6844001e-01
 -6.1561888e-01
 -6.0621247e-02
  9.2620826e-01
  3.4086496e-01
  7.5353913e-02
 -1.0131162e-01
 -4.1988721e+00
 -1.3530785e-01
 -2.9629752e-01
 -6.3021022e-01
  1.3132061e+00
  1.2380027e+00
 -4.2434758e-01
 -2.5774386e+00
  7.4362732e-02
 -1.1153832e-01
  2.0211257e-01
 -1.4325564e+00
 -1.7748604e+00
 -1.1386249e+00
 -1.5467856e+00
  1.7257080e+00
  4.3678969e-01
 -1.0283424e+00
 -5.0286390e-02
  1.1515554e+00
  2.3396840e+00
  4.2027071e-02
 -2.6152003e-01
 -1.9427390e-01
  1.4177336e+00
 -2.3472700e-01
 -4.4031170e-01
  4.2312661e-01
  4.1461816e-01
  1.0614667e+00
 -4.3330318e-01
  1.3672940e+00
  3.1538624e-01
  1.0656956e+00
  6.7493459e-03
  1.0165281e+00
  4.4128162e-01
  6.4622831e-01
 -2.6568654e-01
  1.6886961e-01
  3.3924583e-01
 -5.1927918e-01
 -1.5580899e-01
  2.3359172e-02
  2.3359172e-02
  2.3359172e-02
  2.3359172e-02
  2.3359172e-02
  2.3359172e-02
  2.3359172e-02
  2.3359172e-02
  2.3359172e-02
  3.7800722e-02
  3.7800722e-02
  3.7800722e-02
  3.7800722e-02
  3.7800722e-02
  3.7800722e-02
  3.7800722e-02
  2.9012233e-02
  2.9012233e-02
  2.9012233e-02
  2.9012233e-02
  2.9012233e-02
  2.9012233e-02
  2.9012233e-02
  1.3580502e-02
  1.3580502e-02
  1.3580502e-02
  1.3580502e-02
  1.3580502e-02
  1.3580502e-02
  1.3580502e-02
  5.7021868e-03
  5.7021868e-03
  5.7021868e-03
  5.7021868e-03
  5.7021868e-03
  5.7021868e-03
  5.7021868e-03
  1.2225810e-02
  1.2225810e-02
  1.2225810e-02
  1.2225810e-02
  1.2225810e-02
  1.2225810e-02
  1.2225810e-02
