nep4 2 Cu Se 
cutoff 7 5 100 44
n_max 8 6
basis_size 12 12
l_max 4 2 0
ANN 50 0
  1.2260356e-03
 -2.4128079e-03
  1.9344041e-03
 -8.6810719e-04
  2.4771469e-02
  1.2659211e-02
  1.8469949e-01
 -1.1959544e-03
 -3.7259914e-04
  8.7471297e-03
  1.8849580e-03
 -9.4987806e-03
  2.4394644e-03
 -4.1062450e-03
  1.8672801e-03
  1.9613174e-03
  1.8715672e-03
 -1.8172370e-03
  4.5210337e-03
  1.0954082e-04
 -8.4138691e-04
 -1.7306615e-03
  8.1979809e-04
  4.3833721e-03
  6.1307549e-03
  7.9555539e-05
  2.2349888e-02
  1.2663701e-03
  2.3191087e-02
 -1.3214990e-03
 -2.6299562e-03
  4.5489687e-03
 -1.6829919e-03
 -5.0536599e-03
  7.5512864e-03
 -3.3428520e-01
  3.7203927e-03
 -4.3317699e-03
 -9.1800010e-03
 -1.8689621e-03
  4.2041787e-03
 -1.1272408e-02
 -1.0025189e-04
  4.5910385e-04
  6.5005003e-03
 -3.9355359e-03
  6.0057268e-04
  3.4429808e-03
  1.1524743e-02
  4.1456975e-02
  9.6244185e-05
  1.0617468e-01
 -4.5090094e-03
 -8.4307813e-04
  2.4114540e-03
  1.1380718e-03
 -3.7178557e-04
 -7.3461812e-03
  2.4414686e-03
  1.4621601e-04
  8.5944384e-03
  4.6608792e-04
  1.0103820e-03
  2.6094057e-03
  1.2391582e-03
 -4.4801598e-03
 -2.3223893e-04
  3.4911237e-03
  1.6823761e-03
 -1.5363140e-03
 -1.6117922e-03
  9.1615634e-04
  1.0783460e-02
 -5.2363686e-03
  3.6987765e-03
  4.6215067e-03
 -5.1680384e-03
 -1.1293284e-02
  1.5271228e-03
 -1.5815550e-02
 -1.6197104e-03
 -3.2314381e-03
 -6.7846072e-03
 -7.0083397e-04
 -1.3840856e-02
  1.1277222e-03
  5.1726494e-03
 -3.9283689e-03
  1.6764877e-03
  4.0946300e-03
 -3.4384370e-02
  1.1019071e-03
 -1.4909120e+00
 -1.8396147e-01
  2.8342178e-01
  6.0730368e-01
  3.5534613e-02
 -6.6903286e-04
 -5.3096749e-03
  3.0657086e-03
  3.4484753e-04
 -6.7228702e-04
 -4.0650759e-03
  4.2123371e-04
 -3.8468983e-02
 -4.4451602e-04
  2.3144435e-06
 -1.7056648e-03
 -6.0582650e-05
  2.6106136e-03
  1.2036851e-03
  3.6897496e-03
  4.7517740e-03
  6.4640248e-04
 -2.6738466e-04
  4.9466714e-03
  2.9466927e-04
 -4.1418313e-04
 -5.6311321e-03
  3.0836268e-04
 -7.0589397e-04
 -2.9421526e-03
 -3.4378557e-03
  9.4940290e-03
  1.1043525e-02
  4.9048210e-03
  1.3693509e-04
 -2.9393185e-03
 -4.7666561e-03
 -3.4389556e-03
  1.5456320e-03
 -5.3240743e-04
  2.9455838e-03
  2.2588631e-03
 -3.6249149e-03
 -2.1638009e-03
  1.1541224e-02
  5.0494527e-03
 -6.4957183e-04
 -1.3321234e-02
 -3.3664717e-03
  1.2245857e-02
 -3.1569221e-03
  1.3573305e-03
 -8.6107459e-03
  3.4832853e-04
  4.5597893e-03
 -6.4729678e-04
  3.8861281e-03
 -2.3259218e-03
 -2.1504115e-03
  2.8419280e-03
 -2.8309594e-03
  2.2811694e-03
  6.3565806e-03
  1.9962084e-03
  3.5360835e-03
 -1.0772771e-03
 -3.1310790e-03
  1.3820347e-03
 -2.1203926e-03
  9.0738409e-04
 -6.1495644e-03
  6.3033015e-03
 -5.2803557e-04
 -3.8498621e-03
 -9.9869212e-04
  3.8235038e-04
  6.3365028e-04
  2.3602729e-04
  6.1916350e-04
  7.1679533e-04
 -1.3192536e-03
  1.9889737e-03
 -1.6204100e-03
 -1.4280980e-03
  8.1224488e-03
  3.9814403e-03
  4.5764565e-02
  6.9265157e-02
 -3.0288979e-01
  1.0603433e+00
  1.1210582e+00
 -6.3403629e-02
 -1.3684378e+00
 -5.6946264e-03
  4.9311817e-03
  1.4045468e-01
  3.2715511e-04
  1.2283458e-04
  3.8556871e-04
  4.5678946e-03
  2.1096658e-02
 -2.8857780e-03
  4.9666326e-02
 -1.3929475e-03
  1.7216168e-01
 -1.7534036e-03
  9.7328193e-02
  1.9584587e-03
  2.0486861e-03
 -1.0977646e-02
 -3.6822113e-01
 -3.0525583e-01
 -1.2352059e-02
 -5.2380938e-02
  2.9197640e-03
  9.7958773e-01
  1.6451400e-02
  3.2092899e-03
  2.8537551e-03
  7.9603409e-03
  3.4336324e-03
  3.3391279e-01
 -7.8175170e-04
  2.2434991e-02
  1.3245917e-03
  1.7635443e-03
  2.7104659e-04
 -4.8761289e-03
  4.8862961e-03
  3.7818907e-03
  5.1390212e-03
 -2.2596112e-03
 -3.7391289e-04
 -3.3175002e-03
 -1.3046401e-03
  5.2080315e-02
 -2.1970656e-03
 -6.5242359e-04
 -4.0221412e-04
 -2.3291633e-03
  8.7380735e-03
  5.8269063e-03
 -5.3780479e-03
 -2.9510569e-03
 -1.5026631e-03
  4.1124220e-03
 -1.5597698e-02
  1.7982104e-03
  2.5214499e-03
  1.6589141e-02
  1.3145253e-04
 -1.8213309e-03
 -4.6035149e-03
  3.0303970e-03
 -2.8240145e-03
 -5.2324519e-04
 -1.6096873e-04
  1.6911997e-04
 -2.1660812e-03
 -4.3107881e-03
 -1.5002034e-03
  1.3439042e-03
  2.4108374e-03
 -7.9230720e-04
 -2.3986546e-03
  2.7972246e-03
  3.7057255e-04
  1.4020259e-03
  8.1344480e-03
 -3.4210379e-03
  3.3645728e-03
 -4.3937634e-03
 -2.4868436e-03
 -5.5470071e-03
  4.7750450e-03
 -1.5276321e-04
 -2.3353142e-01
  4.8026237e-01
 -1.3017145e-01
 -4.9193025e-02
 -2.0380481e-05
 -1.0268443e-03
  1.9568158e-03
 -8.4967203e-03
  4.5168842e-04
  3.7994094e-03
  4.0902365e-03
 -1.9665740e-03
 -7.5069843e-03
 -2.0843856e-03
  1.3482471e-03
  4.7623054e-03
  1.0193886e-02
  7.0809189e-04
  8.3840778e-04
 -1.1869843e-04
 -1.4542358e-03
  5.5707162e-03
  5.1925033e-03
  3.0649577e-03
 -4.9588317e-04
  4.8541119e-03
  9.9886069e-03
 -3.0566419e-03
  2.2729370e-04
 -3.9343657e-03
 -4.8969043e-03
 -5.9893574e-03
 -2.0754847e-03
 -9.6880849e-03
 -3.0518775e-03
 -3.4399426e-03
 -4.1034701e-03
  2.1497379e-03
  1.1975476e-02
 -1.7587350e-03
 -1.0675347e-03
 -3.8438193e-03
 -2.4843558e-03
 -5.8632606e-01
 -3.5392905e-03
 -1.1976208e-03
 -1.8457744e-03
  5.4785347e-04
  1.4311395e-03
  7.4792525e-04
 -2.1700212e-03
 -1.1498999e-03
  4.4228762e-04
 -5.5842279e-03
 -7.7734450e-03
 -2.6255904e-04
  3.4672879e-03
  2.6489459e-03
 -1.1289530e-02
  1.5878854e-03
  6.3722590e-03
  1.9957502e-03
 -4.0104985e-03
 -5.6296256e-03
 -6.8426076e-03
  2.7531735e-03
  2.1492580e-03
 -7.7197789e-03
  3.7298733e-03
 -6.8707750e-03
  3.3348836e-03
  5.1323501e-03
 -4.6160556e-03
 -6.6158096e-03
  6.8583796e-03
  9.9225827e-03
  5.4856646e-03
 -2.0454344e-03
  2.5842912e-03
  2.9278190e-03
 -1.2351742e-03
  1.9989561e-02
 -1.8912568e-03
 -2.0282120e-03
 -6.2841251e-03
  9.2097912e-03
 -2.7844673e-03
  3.4426502e-03
 -6.2020433e-01
 -3.8444386e-03
  5.8646846e-01
 -9.4619507e-01
 -1.0330836e-01
 -4.5476118e-03
  7.3895894e-04
  1.5394118e-03
 -2.3520047e-02
  1.0038556e+00
  4.8825599e-04
  3.7430827e-02
  3.3053190e-03
  2.9570202e-03
 -6.7926035e-04
 -3.9034176e-03
  4.1457531e-03
  7.6943979e-02
 -8.6077349e-04
 -2.1833960e-02
 -1.0586593e-03
 -6.1584724e-04
  1.3694207e-03
  6.7063617e-03
 -2.8331876e-01
  9.5817940e-03
  3.0194409e-03
  7.0746869e-02
  7.0585473e-03
  3.0671661e-03
  5.1083334e-04
 -1.2972968e-02
 -8.6347420e-05
 -1.5327504e-03
 -2.4089036e-03
 -1.8694387e-04
  5.5733649e-04
  5.1117665e-03
  8.6387707e-04
 -5.0477352e-04
  1.9806512e-01
 -4.4273823e-02
  3.0803046e-04
  1.3751253e-01
  2.7749982e-01
  1.6146261e-02
  8.3538452e-03
  3.5073462e-01
 -7.3866680e-02
 -2.0611100e-02
  4.9893777e-03
  1.9880557e-01
  3.7437625e-02
  5.8727770e-04
  1.4117484e-01
 -4.1131026e-01
  1.3520944e-02
  1.1571478e-03
  2.5300572e-02
  4.2932606e-01
  2.5831118e-02
  1.3790476e-01
 -9.2714122e-03
  1.5450719e-01
  6.2445169e-03
  3.5306498e-01
 -5.3377587e-02
  2.7311602e-01
 -1.4564631e-02
  9.0519607e-04
  2.1386286e-02
  1.8312778e-02
  1.4801203e-01
 -3.2075010e-02
 -4.8588049e-03
 -3.0623763e-03
  5.5958232e-04
 -9.0689980e-04
  3.8474486e-03
 -1.6783832e-03
 -6.5310158e-02
 -6.8911759e-04
 -4.4754101e-04
  3.5441705e-04
  2.1926980e-03
  9.9897608e-03
  1.7500752e-04
  4.7837216e-02
  9.3402434e-03
 -8.7898277e-04
  1.9385654e-03
  1.9307539e-05
 -6.4082383e-03
 -2.6116574e-03
  5.9021101e-03
  4.2631472e-03
 -8.0231787e-04
 -2.0817967e-01
  1.8731148e-04
 -6.3671516e-03
  3.0506996e-03
  2.3661817e-03
 -2.6941262e-03
  2.6942682e-03
 -9.4406831e-05
  8.8396412e-04
  1.4019606e-02
 -6.7876163e-03
 -5.3928355e-03
 -5.6796689e-03
 -5.2294618e-04
 -4.0132384e-04
 -3.4631283e-03
 -3.4477322e-03
 -2.5937054e-03
  1.7022290e-03
  8.4565266e-04
 -5.5519911e-03
 -1.9192440e-04
  3.6286241e-03
  3.9326684e-03
 -7.2693697e-04
  8.1110548e-04
  4.6099462e-03
 -1.2056577e-03
 -3.8612003e-03
  8.1769014e-03
  2.2685621e-04
 -8.9484833e-02
 -1.3009029e-03
 -6.0129794e-05
  9.9655089e-04
 -5.1940314e-02
  6.7260492e-01
  2.8023896e-01
 -4.7598070e-01
 -2.5384463e-02
  8.0180552e-04
  1.5823975e-03
 -2.2623721e-03
  8.5160084e-04
 -2.8037666e-03
 -9.2189964e-03
 -5.5716708e-02
  1.5477859e-04
 -1.7996978e-03
 -2.4699313e-03
  3.6257601e-03
 -1.1276344e-03
 -4.1470147e-04
  2.2415835e-03
  8.3560392e-04
 -3.0392688e-03
 -9.7966958e-03
 -1.4582794e-03
  3.8531758e-02
 -9.7211739e-03
  8.7010540e-02
 -1.0373152e-04
 -7.2339084e-03
 -1.1174520e-04
  1.1426242e-02
  1.2830922e-03
 -5.4249458e-04
 -5.0493698e-03
  3.6461656e-03
 -2.8319430e-04
  3.2208927e-03
  7.4490746e-03
 -1.4520056e-02
  1.7095794e-03
  2.5350414e-03
 -7.2741737e-03
 -1.7471941e-02
  7.6947239e-04
 -2.0980823e-03
 -2.3787488e-01
 -1.2644534e-01
 -2.9404552e-03
  5.7426345e-02
  1.0655567e-01
 -4.5537129e-03
  1.0549823e-02
 -8.7409709e-03
 -1.4309360e-03
 -4.2139562e-03
 -1.6408073e-03
 -5.8658343e-02
 -1.3023084e-03
 -3.6825688e-04
  6.9337117e-04
 -6.6926545e-03
 -4.8964885e-03
  5.1493611e-04
 -1.3676665e-03
 -3.0068221e-02
 -5.3284410e-04
 -4.0923124e-03
  3.5094325e-03
 -9.9620327e-02
 -7.6356131e-01
  6.7062296e-02
 -2.5956635e-03
  1.0471089e-03
  1.3346483e-03
  3.2639715e-03
 -4.9329852e-03
  1.5417561e-03
  1.8139518e-03
 -4.5751929e-03
  5.9244549e-04
  4.8040031e-03
  5.8532367e-03
  7.9443224e-04
  2.8944686e-03
  1.6008166e-03
 -3.9987545e-03
 -1.8893678e-02
  1.3927353e-03
 -2.7396227e-03
  1.3306496e-02
 -2.1205130e-03
 -1.5079041e-04
 -1.7378452e-01
 -7.2157788e-03
 -3.8171834e-03
  5.7179749e-04
  9.2996279e-04
 -1.8012152e-03
  3.0848812e-03
  1.1927273e-02
 -9.7075838e-04
 -5.5620796e-03
  1.3789392e-02
 -7.5609819e-03
 -1.4729934e-03
 -2.7124081e-03
 -7.2393157e-03
 -2.6594845e-03
  7.1566775e-03
  3.5922183e-04
 -5.3299060e-03
 -5.0652132e-05
  3.9202790e-03
  3.6438883e-03
  1.9669314e-03
  4.1045113e-03
 -1.1319881e-03
  5.7102339e-03
  4.7550136e-03
  2.2214786e-03
 -2.0893910e-03
  9.8661780e-03
 -9.3183508e-03
  3.1449308e-03
  1.2436934e-03
  2.4908539e-03
 -2.4782929e-03
 -6.7881080e-03
  1.1453805e-02
  2.5090501e-03
  6.3285716e-03
 -2.8018262e-03
  8.3144632e-04
 -7.3937327e-02
  2.5994906e-02
  1.0070354e-01
  2.9873746e-03
 -1.7462997e-03
  2.0069620e-03
 -7.8126732e-03
  8.5976254e-03
 -6.3966112e-03
  1.9371905e-04
 -3.9302334e-03
 -5.2481401e-03
 -2.0676120e-03
  2.9769412e-03
 -1.3351371e-03
 -8.8910852e-04
 -3.4533271e-03
  5.6161657e-03
  1.0938471e-04
  1.5872824e-03
 -1.1712167e-03
  7.1404226e-02
  1.2956674e-03
  8.0565130e-03
 -8.1163337e-03
  2.0132198e-03
  1.2345602e-03
  3.3189142e-03
 -1.1922025e-02
  2.3792917e-03
 -9.1608977e-03
 -3.8853788e-03
 -1.6327794e-03
 -9.4236364e-04
 -5.4475507e-03
 -3.2154035e-03
  4.5245816e-03
 -2.4421478e-03
  7.1847811e-03
  2.4304888e-03
 -1.8660659e-03
 -4.4282764e-04
 -1.1120968e-02
 -1.0129695e-03
 -1.9843173e-03
 -2.2014699e-04
  9.9333711e-03
  8.9097042e-03
 -1.2203018e-02
 -1.6309987e-03
  1.4227310e-02
  1.0497317e-02
  6.5609883e-03
  3.3037802e-03
  1.9965284e-02
  3.8329896e-03
 -2.5908402e-03
  3.9129737e-03
  1.6939354e-03
  3.0103738e-03
 -6.4276764e-04
 -1.4627338e-03
 -3.0152921e-03
  1.2788793e-02
  3.9199237e-03
 -9.1558937e-03
 -3.5913166e-02
 -5.6675067e-03
  5.0069141e-04
 -6.6672969e-03
  5.3529199e-03
  7.3186429e-03
  4.5793345e-03
 -9.0582725e-03
  2.3306173e-03
  2.7082134e-03
 -7.6700030e-03
  6.0278561e-04
  7.3164077e-03
 -1.7168457e-03
 -3.3762965e-01
 -3.5727848e-03
  5.0255093e-03
  2.3497087e-03
  4.4532558e-03
  2.8771083e-03
 -6.6586086e-03
 -4.2871051e-03
 -1.3717802e-03
 -1.3098756e-03
 -4.5357939e-02
 -5.7234650e-04
 -5.2150409e-03
  7.7427193e-03
 -6.9612749e-03
  9.7559160e-03
  7.7723819e-03
  3.9608283e-03
 -3.4226004e-03
 -3.6958253e-03
  1.9220597e-03
 -2.3403979e-04
 -1.6492172e-03
 -2.3182537e-03
 -1.5101325e-02
 -3.4288545e-03
  4.1177901e-03
 -3.9144582e-04
  4.6474152e-04
  3.9629103e-03
  3.0853231e-03
  6.6739641e-04
 -4.7213719e-03
  1.3513848e-03
  1.1068823e-02
  8.7844916e-03
  3.1373629e-03
  3.5378640e-04
 -2.0222266e-03
  1.1468051e-03
  5.4159616e-03
 -6.1820250e-04
 -1.1454027e-03
 -2.1107944e-03
  2.4370616e-05
  5.3375834e-03
  2.6661397e-03
  4.7494459e-04
 -6.8815686e-03
 -1.1870626e-03
  3.5924444e-01
  1.3102260e-01
  3.4565985e-02
  2.7017215e-01
  3.7157974e-01
 -4.0489590e-01
 -7.7929966e-02
 -4.3009380e-03
  2.7099234e-01
  2.1040483e-01
  1.9891393e-01
  2.0992081e-01
  5.4804313e-01
  7.4078457e-04
 -5.6688455e-03
 -6.3918894e-03
  6.4203492e-03
  5.2382786e-02
  1.7759359e-02
 -1.3270630e-01
  9.8545868e-03
  1.6722332e-01
  2.4484193e-01
  7.5066099e-03
 -1.3564843e-01
  1.5932579e-03
  1.6292788e-01
 -2.0182580e-01
  1.9240928e-03
  1.6092222e-02
  1.0572848e-02
 -7.7992931e-02
  5.3840787e-03
  6.8704553e-02
 -1.4060333e-01
  5.6439772e-04
  4.7390694e-03
 -4.3177474e-03
 -3.0104464e-01
  8.7401897e-02
 -4.8937998e-04
 -2.0621322e-02
 -4.0844659e-04
 -2.3254796e-03
  2.3755007e-03
 -3.8425999e-03
 -2.3607195e-03
 -2.8046041e-03
  1.9062913e-03
 -6.2644249e-03
 -4.7204625e-03
  1.9753214e-03
  2.0392274e-03
  1.0115384e-03
  1.8287408e-03
  2.9285233e-03
  3.7666119e-03
  1.4830031e-05
  1.2013509e-02
 -8.4890006e-03
  5.6107654e-03
 -7.0647773e-05
 -1.3468536e-03
  1.2628461e-03
  2.8481304e-03
 -4.2299395e-03
 -1.3300106e-03
  2.1759146e-03
  5.6278538e-03
 -2.5738049e-01
 -9.1007333e-03
  1.4579879e-03
  2.2079109e-03
 -1.2929260e-03
 -2.7813078e-03
 -1.2039327e-03
 -5.2750595e-03
 -1.5053564e-03
  8.7242216e-02
  3.4749351e-04
  5.1519601e-03
  6.0507772e-04
  1.6615671e-04
  7.7702170e-03
  1.2773887e-02
  1.0130944e-02
  3.8693156e-02
  4.7803842e-02
 -2.0102868e-02
  1.0027112e-03
 -3.4894225e-01
 -5.7951164e-01
  1.7984196e-03
  2.7175778e-01
  7.3403120e-05
  3.4366740e-04
 -1.2288904e-01
 -1.3274676e-01
 -1.6055036e-03
 -1.1454436e-02
 -1.2239230e-01
  7.8701852e-03
  3.5115795e-03
 -2.0370167e-03
  5.2987725e-01
 -2.9493697e-02
  1.9057827e-02
  6.4405883e-03
  1.2316118e-01
 -1.8550012e-02
 -9.4177686e-02
 -6.0111240e-02
  1.1896820e-02
 -3.3400753e-03
 -3.2944196e-01
 -6.2020560e-04
 -1.2948973e-02
 -1.3002627e-02
  1.8589827e-03
  3.4539592e-02
  8.8508442e-02
  1.0362349e-03
  3.7849240e-04
 -1.6002022e-03
  3.2864776e-03
 -1.1373479e-03
  3.0325651e-03
 -5.4585175e-03
 -9.5508043e-03
  3.5112826e-03
  1.4333350e-02
  5.6370245e-03
 -1.9665342e-03
 -1.4103019e-03
 -4.6395073e-03
  6.1488813e-03
  4.1544475e-03
 -3.9547076e-03
  2.6121009e-03
 -2.2540314e-03
  2.9213845e-03
  3.7682624e-04
  1.3775124e-03
 -2.5276153e-04
  2.2497030e-03
 -1.1076814e-03
  3.8814081e-03
 -3.1527577e-03
 -3.4738722e-04
 -1.9669970e-03
  1.1432877e-04
 -1.0512688e-03
  1.2442727e-03
 -2.4445346e-03
 -4.4675102e-03
 -1.2809569e-03
  8.1559166e-04
  3.0768295e-03
 -1.1051670e-03
 -1.3119504e-03
 -2.2570172e-03
 -7.8431534e-05
 -3.2669567e-03
  5.8218348e-03
  2.7632383e-03
  3.5008802e-03
 -4.7362857e-03
  2.6920910e-03
 -2.3536270e-03
 -8.1176423e-03
  3.6041706e-03
 -4.3530408e-03
  1.5856849e-03
 -1.0263519e-03
  1.3211200e-03
  2.0389087e-03
 -9.9608330e-03
  2.7281591e-03
  1.7241068e-01
  7.0872726e-03
 -4.3503488e-03
  2.5989926e-01
 -6.7556966e-03
 -2.7021817e-03
  1.4523496e-03
  1.2661817e-03
  3.5530655e-05
  4.5627011e-03
 -1.1471706e-04
 -1.7145762e-03
 -2.0403875e-04
  4.3373210e-03
  1.6315292e-03
  3.1737369e-03
  1.9482616e-03
  1.1108870e-03
 -2.7833220e-03
 -9.7649347e-04
  6.0658605e-04
  2.7697210e-03
 -1.2324043e-03
  2.0371787e-03
 -1.3065647e-02
 -4.7464715e-03
 -8.1024384e-03
 -1.9804251e-03
 -7.2422705e-04
 -8.8742506e-03
  3.2555466e-03
  8.1303553e-04
  6.5496331e-03
  4.1682967e-03
  4.8902696e-03
 -2.6579096e-04
  9.8056531e-05
 -3.1790831e-03
  1.1932962e-03
  1.0238992e-03
  1.6991515e-03
  3.5449071e-03
  6.8513326e-02
  2.6174216e-03
 -2.8007838e-01
 -3.9190985e-02
 -1.0141080e-01
  6.7797834e-01
  1.3348602e-02
 -1.1160129e-02
 -5.8847950e-03
 -1.1268032e-02
  5.8388227e-04
 -1.9894917e-03
 -2.0573527e-01
  1.1383331e-03
 -2.9553971e-03
  8.4788131e-04
  1.6815073e-03
 -2.2053695e-03
  2.7950406e-03
 -1.6252343e-02
  1.0309816e-02
 -1.6461347e-03
 -4.0440119e-04
 -3.0573424e-02
  1.9589582e-01
  7.0078075e-02
 -1.1544821e-02
  4.5552040e-03
 -6.6461442e-03
  1.2448360e-03
 -4.3706740e-03
  4.0779121e-02
  5.0338749e-03
 -7.7557564e-04
  4.0740259e-03
 -3.3588468e-03
 -4.8216316e-03
 -1.7588299e-03
 -3.4647714e-03
  5.3812549e-03
 -1.5696343e-03
  2.1286398e-02
 -7.9772130e-02
 -4.4360748e-03
  2.8729322e-04
 -2.0592429e-03
 -3.5345486e-01
 -1.7941087e-03
  1.1795795e-03
  1.1678671e-03
  2.1265079e-03
  8.0928369e-04
  1.2759219e-03
 -2.4674335e-03
  4.9318401e-03
 -3.4463468e-03
 -2.0113452e-03
 -6.9291056e-03
  2.7226736e-03
 -9.2956622e-04
  1.6085831e-02
  7.4418709e-03
  1.6466498e-03
  5.9154851e-04
 -1.2515746e-03
 -8.5148197e-03
  9.9607185e-04
  6.3729146e-04
 -2.3151173e-03
  8.8969566e-04
  1.4785824e-03
 -2.9405688e-03
  1.8986271e-03
  5.8676268e-04
  2.0162957e-03
  6.5440512e-03
  1.9439267e-03
 -3.1667682e-03
 -3.0784323e-03
 -3.5678633e-03
 -2.0455949e-03
  2.6112045e-03
  3.2154231e-03
 -5.3137913e-03
  3.6684331e-04
 -1.1020352e-03
 -2.6065807e-03
  4.0383548e-03
 -1.3048613e-02
  6.3447803e-02
  8.8473551e-02
 -2.8012456e-02
  7.2335750e-02
  8.7726238e-04
 -1.2242930e-01
  1.1930089e-03
  2.1352362e-02
  1.0876283e-02
  4.3689408e-03
 -2.4201812e-03
  1.9671887e-02
  4.8181131e-02
  9.9451607e-04
 -3.1522114e-03
 -5.9270585e-04
  5.2703121e-03
 -7.9179987e-02
 -1.7943591e-02
 -1.6149789e-03
  3.6865927e-03
 -3.1600290e-03
  7.4534630e-04
  1.0673136e-02
  6.8227249e-01
  3.4801677e-02
 -1.2532165e-03
  1.3980217e-02
  1.8199787e-03
 -4.0449034e-03
 -4.2300085e-03
  2.3940711e-03
 -8.8143966e-04
 -9.8347338e-03
 -3.0302876e-03
 -8.8363385e-04
  1.4143354e-02
  4.0380601e-03
 -8.5150293e-04
  8.0643231e-03
 -1.4224139e-03
 -2.7383375e-03
 -3.0448514e-03
  9.8072924e-05
  1.0659797e-03
 -4.4230753e-01
  2.4724868e-05
  2.6148376e-03
 -9.3558859e-03
 -7.7037868e-05
 -7.5089181e-04
 -1.0231457e-02
 -1.7243728e-02
  5.6389213e-04
 -3.3226428e-03
 -5.8807773e-03
  2.4325009e-03
  1.9438077e-03
 -1.3200148e-03
 -6.7446250e-03
 -8.6290046e-04
  1.5678991e-02
  1.6091841e-03
 -6.8327691e-03
 -5.4332294e-04
  4.7811125e-03
  2.5096550e-03
  4.6900539e-03
  4.6757953e-03
 -9.4344397e-04
 -2.8689706e-04
 -9.6300145e-04
 -2.5373967e-03
  7.6915370e-05
  5.8315101e-04
 -1.1537469e-02
 -4.8997514e-03
  1.4303846e-04
  5.9828311e-03
  1.6813114e-03
 -3.6602337e-03
  1.0481763e-03
  4.8933756e-03
  1.1227778e-04
  2.4132859e-03
 -1.9323861e-03
 -3.9311578e-03
 -9.1587584e-03
  1.3518491e-02
  5.9578824e-04
 -3.9362926e-03
  6.0089529e-02
 -1.0453304e-04
 -3.0478006e-03
  9.4296806e-04
  5.8412426e-03
  7.3073073e-03
 -6.3795131e-05
  1.3911653e-03
  1.6719697e-04
 -3.5799108e-03
  1.1139177e-04
  1.0612053e-03
  6.5761879e-03
  3.2053492e-03
 -1.0517209e-02
  3.4629987e-03
  5.4953876e-03
 -1.7389776e-03
  2.8154387e-03
 -2.5512953e-03
  1.4936563e-02
 -1.6612865e-03
 -1.2532873e-03
 -4.7544840e-05
 -2.3639385e-04
  1.3400178e-02
 -2.9048624e-03
  1.8066543e-03
 -1.5257007e-02
  1.6382582e-03
  4.4842605e-03
  5.8451411e-03
 -2.3879483e-04
  1.1989956e-03
  1.8339748e-03
 -4.9741273e-03
  1.8706386e-03
  5.3838035e-03
  5.2209329e-02
 -1.4128583e-03
  3.3169098e-03
 -8.0080226e-04
 -6.4859843e-01
 -2.1820057e-03
  2.5746885e-03
 -2.3957288e-03
 -8.0134801e-04
  4.9932688e-03
 -7.2278565e-04
  5.7993345e-03
 -2.4423893e-03
  5.3115329e-04
  3.9242464e-03
 -5.5271719e-04
 -6.7432411e-03
 -3.7401607e-03
 -2.2851429e-03
 -2.0957359e-03
 -1.8504786e-04
  9.6131682e-01
 -8.6610392e-03
  2.8710074e-03
  4.5557306e-03
 -4.6257395e-04
  2.0304702e-03
 -7.5053391e-03
  5.9780141e-04
  5.5741321e-04
  4.7226669e-03
  1.0325511e-01
  6.6445912e-03
 -3.7082937e-06
  4.7725951e-03
  1.6893793e-03
 -2.8175449e-03
 -3.1716626e-03
 -2.8644359e-01
 -4.3183053e-04
 -7.0492709e-03
  9.6947188e-04
  4.5220610e-03
  2.2935604e-03
  6.3998438e-02
 -7.3879206e-01
  1.7605433e-01
  3.4440184e-01
 -5.2722223e-02
  1.2888693e+00
  4.8284179e-01
 -6.7824782e-03
  2.0351218e-02
  3.9915559e-03
  3.1610902e-02
  1.0998799e-02
  3.2193840e-02
  7.2194762e-03
  4.1479494e-02
 -1.3364214e-01
  1.1884791e-03
 -1.2265179e-02
 -7.9088099e-03
  1.1714347e-02
  5.9514148e-03
 -4.5206647e-02
  7.9574756e-02
  1.2316422e-01
 -2.1720489e-03
  2.7571030e-02
  3.3532926e-03
 -3.7208316e-04
 -2.2782800e-03
  7.3277252e-04
  4.5060803e-04
 -2.5345052e-03
 -4.6553905e-04
 -4.9131025e-02
 -6.4189300e-02
 -1.7828427e-02
 -1.4007385e-02
 -8.6560962e-05
  2.0260843e-03
  9.3787478e-04
 -1.4706071e-03
  1.6778222e-01
  1.3627313e-02
 -1.3598460e-03
 -6.2299299e-04
 -1.6498608e-03
  1.8019025e-03
 -6.4666481e-03
 -5.8549095e-04
 -2.4206147e-03
  2.3685354e-03
  6.1298627e-01
  5.3511281e-03
  1.8561699e-03
  2.1184017e-03
  2.9682771e-03
 -4.2515872e-03
 -1.7581191e-03
 -3.9261412e-03
 -1.5092360e-04
  1.3127704e-02
 -2.9665162e-04
  5.4610311e-05
 -8.7664678e-04
 -4.0294561e-03
 -2.7462256e-03
  4.6017487e-03
  3.2071238e-03
 -1.7229952e-03
  1.4866285e-02
 -2.5162401e-03
 -6.4083552e-03
 -1.5464181e-03
  1.9450524e-03
 -4.1236845e-04
 -8.4343873e-04
  4.3400018e-03
 -4.4911867e-03
 -1.9353017e-03
  9.2102541e-04
  4.5400430e-03
  7.3638521e-03
 -2.5250439e-03
 -1.1301482e-03
  1.2772670e-04
 -9.3332678e-03
  1.8619490e-03
 -4.2499681e-03
 -5.6450903e-01
  3.6080083e-01
  6.9244552e-01
  4.1955680e-01
 -4.9753353e-01
  7.3050159e-01
  2.5920451e-01
 -7.6848555e-01
  1.2787578e+00
 -5.7015200e-03
  2.8580827e-01
  1.3312261e+00
 -6.3618958e-01
  6.4000624e-01
  1.2064917e-01
  9.6820253e-01
  2.0485176e-01
  3.2279241e-01
  1.0933094e+00
  1.4629324e-03
  6.6476279e-01
  3.9227545e-01
  3.0035254e-01
 -2.3072164e-03
  1.5114249e+00
  2.6554568e+00
 -1.4567865e+00
  5.1198351e-01
  3.2592546e-02
  8.8309318e-01
  1.9616760e-01
  7.1682042e-01
  8.5692900e-01
 -5.3494638e-01
  5.0865877e-02
  7.2261554e-01
  3.8997018e-01
  2.4565291e-03
 -4.5821417e-02
  2.4464421e-01
 -5.7795397e-03
 -5.5986452e-01
  7.0687240e-01
  3.7746150e-02
 -5.2057370e-04
  3.1556580e-03
  3.9099297e-03
 -2.2587320e-03
  1.3340836e-03
  7.1791363e-01
  2.5833640e-03
 -2.4363236e-04
 -3.3080420e-03
 -1.5910035e-03
  6.0497685e-03
  8.7991304e-04
  4.7441414e-03
  2.5851203e-03
  4.8411740e-03
  9.3468521e-03
  5.3760512e-03
  1.7863803e-03
  2.1697907e-03
  1.8095665e-02
  6.8792226e-03
  1.3407730e-02
 -1.1859952e-02
  6.2286295e-04
  1.0754081e-04
  1.3655862e-03
  7.0625060e-04
 -1.0364238e-02
 -3.3752299e-03
 -1.0951795e-03
 -1.0850645e-02
 -9.1098510e-03
 -6.7614140e-03
  8.0911675e-03
  3.4598487e-03
  3.5531626e-03
 -3.2970686e-03
  2.6409952e-03
 -2.7466058e-03
  3.1945659e-03
  9.9456441e-03
  1.7087221e-03
  7.6067698e-04
 -3.3847247e-03
  1.2687844e+00
 -1.0858500e+00
 -9.5104128e-01
  1.3817292e+00
 -4.9928728e-01
 -1.5995705e+00
  1.2964622e+00
 -8.8425523e-01
  4.7450163e-03
 -1.4756179e-01
  1.9811939e-03
  1.0796165e-03
  2.8149998e-03
 -8.0037117e-03
  3.0429695e-02
  1.8262413e-01
  1.4145389e-01
 -3.5960084e-01
 -7.0959465e-03
  1.7084605e-01
 -5.5616432e-01
  4.1885597e-01
 -8.5963383e-02
  1.9015968e-01
  1.2610187e-01
  2.4087030e-01
  2.6093438e-01
  1.9557497e-01
  1.9473492e-01
 -1.2845749e-01
  1.1178395e-01
  4.0261072e-01
  1.7594159e-02
 -8.3152157e-01
  4.8579890e-03
 -2.5985062e-01
  6.5787486e-04
 -6.8580676e-03
  1.5183968e-02
  1.2183139e-01
 -6.9493260e-03
  2.6312596e-01
  1.5559536e-01
 -3.2896041e-03
  1.6298022e-02
 -5.0473819e-03
  7.0367265e-04
  3.2527611e-02
  5.9381716e-02
  6.6721283e-02
 -4.6288642e-01
 -5.1164579e-01
 -2.6669107e-02
 -8.8313101e-03
  3.1573266e-02
  9.1107292e-03
  5.5949204e-03
  1.3770611e-04
  4.9353611e-02
  9.7591601e-02
 -1.7707979e-03
  5.5151707e-03
  1.1267437e-03
  7.9379845e-03
 -1.1502663e-01
  3.4022266e-03
 -2.4362905e-02
  5.5144811e-03
  3.3944912e-02
  8.0051012e-02
 -2.6701340e-03
 -1.8512035e-02
  1.8491141e-02
 -3.1339645e-02
  1.4557019e-02
 -8.3277188e-03
 -5.4413951e-03
 -4.1474380e-02
 -1.3550216e-03
 -3.6468278e-04
  8.4759673e-04
 -3.2011657e-03
 -2.6424201e-03
 -4.9594082e-03
 -1.8745337e-02
  2.9514343e-02
  6.5103387e-03
  5.8276538e-02
  5.6798700e-03
 -5.0897028e-02
 -7.4797701e-03
  2.8773362e-04
 -6.4384163e-05
 -1.0525715e-01
  4.9701896e-01
  1.0909619e-01
  8.3811895e-04
 -3.2948935e-03
 -7.0104185e-03
  3.9892062e-03
 -3.6541503e-03
  2.3335752e-03
 -3.9284928e-03
  6.7307260e-03
  4.0181819e-04
  7.6077944e-03
 -3.2340467e-03
  1.7089293e-03
  1.7347414e-03
  7.9566089e-04
 -1.2569677e-03
  1.9376375e-03
  6.6394298e-03
  5.3752970e-05
 -1.4725414e-03
  2.1251473e-03
 -5.6608277e-04
 -6.8322103e-03
  1.7911224e-01
 -3.3815508e-03
 -5.5991241e-04
 -1.7975521e-03
  8.3211242e-05
  3.5203411e-04
  1.3971913e-03
  1.3124824e-02
  1.8315598e-01
  4.4206227e-03
 -2.0120477e-03
  6.5362211e-03
  3.0647498e-03
 -4.9010077e-03
 -3.6967602e-02
 -6.1403806e-03
 -1.4641896e-02
  3.1639393e-03
 -1.9242177e-03
  6.2933150e-03
  4.0362874e-01
 -4.3268939e-03
  4.1378825e-03
 -1.9179935e-04
  4.7855768e-03
  2.3889402e-03
  4.9332087e-03
 -6.6693155e-03
  1.8610010e-03
  3.5701701e-03
 -8.6467965e-03
  6.0393859e-04
  8.7073375e-04
 -5.6462474e-03
 -1.7988821e-03
  6.1215193e-04
 -8.8533051e-03
 -5.4225943e-04
  2.1155800e-03
  1.1222706e-03
  2.9221685e-03
 -8.8983653e-03
  3.7040692e-03
 -2.5698922e-03
 -2.6071300e-03
  1.7472197e-03
 -3.0522032e-03
 -2.7705482e-03
  1.1811560e-04
  8.3046164e-03
 -2.1126645e-03
  7.1562468e-03
  4.4065481e-03
  9.2456779e-03
 -1.7852335e-03
  1.7046696e-06
  3.4031057e-04
 -4.4543985e-03
 -3.1935357e-02
  1.6039014e-03
  5.1335187e-04
 -3.4685570e-03
 -5.5998623e-01
  3.2442190e-02
  7.8480206e-03
 -5.9982115e-01
 -3.4283283e-03
 -1.9735747e-03
 -4.6867644e-03
 -5.9017184e-04
 -5.2655675e-03
  4.0825279e-03
 -9.3944056e-04
 -1.9866172e-03
  1.2306585e-02
 -2.0289454e-03
  3.4438325e-03
  2.6068883e-06
 -9.6983369e-03
 -3.3218611e-03
 -2.4651168e-03
 -4.5055375e-03
  4.2073867e-01
 -3.2304707e-03
  7.2170994e-03
 -9.2387712e-04
 -8.7808622e-03
 -5.4107001e-03
 -1.5968490e-02
  4.9061319e-03
  1.3836632e-03
  7.2378335e-03
 -4.1111521e-03
  3.2190721e-02
  8.2758721e-03
  4.7331210e-03
  8.8013969e-03
 -7.4149701e-03
  4.6884459e-03
 -2.0188065e-03
  2.4334888e-04
 -1.3369631e-03
  7.1863937e-03
  9.2940405e-04
  1.9946718e-03
 -2.4873244e-03
 -1.7495428e-03
 -1.4579476e-02
 -4.5800637e-03
 -5.6012156e-03
  1.2621138e-02
 -2.8757120e-03
 -5.0472156e-03
 -4.2458193e-04
 -2.7509611e-03
  3.4102853e-03
  4.3735704e-03
 -7.3592050e-04
  8.8343909e-04
  3.6283541e-02
 -7.5544156e-03
  1.6699686e-03
  1.6672121e-03
  1.0362875e-03
  7.2887065e-03
 -2.2555641e-03
 -1.1960509e-02
 -9.0402877e-04
  7.3007046e-04
  7.2780913e-03
 -1.3695201e-03
  2.9977513e-03
  9.8271924e-04
 -7.7117467e-05
 -1.5821781e-03
 -5.4822476e-03
 -2.6323488e-03
  1.4145890e-03
 -2.7022889e+00
  2.0753287e-03
 -2.3235043e-03
 -1.8230912e-03
  5.8811065e-03
  1.4584259e-02
 -1.4998647e-03
  8.6362530e-03
 -1.2146202e-03
 -3.7527210e-01
 -1.5788710e-03
  1.6516128e-01
 -8.8166721e-02
  2.7065614e-01
 -1.2031589e-01
  7.3993318e-03
 -1.2845187e-02
  2.2125398e-03
  4.4224539e-04
  1.8961666e-03
  2.2412536e-03
  6.8636066e-03
 -4.1872710e-03
 -1.9169765e-02
  3.1143229e-03
 -1.0575850e-02
  1.7213688e-03
  7.6689688e-03
  1.6843763e-03
  3.1968234e-03
 -6.1044336e-04
  1.0852831e-03
 -2.3808391e-03
  3.2061138e-03
  6.1158184e-04
  8.0931670e-05
 -2.3598385e-03
  2.5987368e-02
 -9.7476575e-04
  1.6553063e-03
 -2.8173691e-03
  2.7482400e-03
 -1.4523801e-03
  2.8260166e-03
 -7.6766801e-04
 -1.2224069e-02
 -1.0732351e-03
 -3.0963722e-04
 -7.4190348e-03
  6.2479805e-03
  6.8202857e-03
 -9.0062944e-03
  3.0045185e-02
 -3.9476109e-01
  4.5035888e-02
  5.1634107e-04
  7.9946443e-02
  8.5721755e-01
  3.5671378e-04
 -1.4830199e-02
  2.4268979e-03
 -2.2234400e-04
  4.6054670e-03
  4.4516882e-01
  5.0076731e-03
  3.0260687e-03
  2.3488367e-03
  1.8074280e-02
 -8.7326160e-04
 -1.3074453e-03
 -1.3487586e-03
  1.2299547e-02
 -1.9473283e-03
  6.4210254e-03
 -7.3960139e-03
  3.1427834e-03
  1.1500744e-02
  7.0870328e-03
  3.2389921e-03
  2.8477240e-04
  1.5515989e-02
 -5.2404436e-03
  9.1482475e-03
  4.0144351e-04
 -6.4641484e-03
 -5.3631766e-03
 -2.4440205e-03
  8.9517335e-04
 -4.0513156e-03
 -5.0293613e-04
  6.6285352e-03
  1.0566938e-03
 -6.9446146e-04
  1.5888061e-02
 -1.6604144e-03
 -2.6474260e-03
 -2.4112904e-01
  3.8780503e-02
  4.3915242e-01
 -4.9153808e-01
 -1.1315569e+00
 -5.2539206e-01
  5.8570057e-01
  4.1169766e-01
 -9.5453508e-02
 -2.6234499e-01
 -2.3288715e-01
 -1.1462365e+00
 -2.2789450e-02
 -5.7197440e-01
 -3.5126552e-01
  4.7991240e-01
 -6.7383191e-04
 -5.2779276e-02
 -6.9040173e-01
 -1.0048858e-03
 -4.9651867e-01
  4.4007473e-02
  1.7953749e-01
 -1.4601845e-01
  2.6318517e-01
 -9.2332309e-01
 -1.0260890e-01
  5.4132313e-01
  2.1203503e-01
 -2.5528058e-01
 -5.7231539e-01
 -1.6408730e-03
 -6.1511517e-02
 -1.3881189e+00
  1.2973209e-01
  1.5971194e-01
 -1.1742786e-01
  1.1801865e-02
  3.0794172e-04
 -3.3530567e-02
  1.1553678e-01
 -4.8047375e-02
  1.2738419e-02
 -3.2017326e-01
 -2.5642577e-01
  4.9148637e-01
  3.6392853e-01
  4.2350867e-01
 -5.3017776e-02
  8.7439042e-01
  1.6695536e+00
 -1.6978168e+00
  1.4546777e+00
 -6.5855430e-03
 -4.7246969e-01
 -6.9228476e-01
 -2.2522427e-01
 -6.5427351e-01
 -1.2480108e+00
  1.2459197e+00
 -1.2807689e-02
  9.6518017e-02
 -2.7732685e-02
 -1.9031845e-02
  1.7489196e-01
  1.5143166e+00
 -2.0048928e-02
 -1.0507457e-03
  6.0677562e-02
 -9.3892419e-01
 -9.5176804e-01
 -5.9322709e-01
  2.0885721e-03
  2.3881546e-01
 -7.2256841e-02
 -1.9704718e-02
 -3.5595790e-01
  5.7293151e-02
  3.5521367e-03
 -2.2723200e-03
  1.5769082e-01
  1.4919603e-03
  7.0912647e-03
 -4.4118343e-03
  1.5653953e-03
 -2.3579411e-02
  2.4275493e-03
  1.8764636e-03
 -5.8003288e-02
  3.8707510e-01
  2.2094198e-01
 -3.5417542e-01
  1.0653753e+00
  1.6547689e+00
  1.5617802e+00
  4.5487356e-01
  5.5623269e-03
  1.7189996e-02
  3.8251698e-01
  1.3253966e-03
  6.4591109e-03
  2.1623787e-01
 -3.1606182e-03
 -4.0205285e-01
 -1.0653901e-01
 -5.3152799e-05
  7.4133174e-03
 -2.5302407e-01
 -2.1786961e-01
 -3.6362448e-01
  8.6032651e-02
  2.7401061e-03
  1.4110827e-01
 -1.0177968e-01
 -1.9449918e-04
 -1.4822857e-01
  1.8671144e+00
 -1.1178774e-01
 -6.0461671e-03
 -1.3367911e-01
 -1.7275762e-02
  4.0859973e-01
  4.6115428e-01
  4.0780920e-01
  6.9511909e-05
  3.9984765e-03
 -2.9188173e-03
 -2.5955334e-03
  1.3102113e-02
  1.0050572e-03
 -1.4641911e-01
  7.4569567e-04
  3.0079073e-01
 -6.2384725e-01
 -4.0919852e-01
 -9.3341726e-01
  8.1489992e-01
 -4.8742332e-02
 -6.3225132e-01
 -1.1323524e-01
 -5.7345241e-01
  2.4902630e-01
  1.1457958e-01
 -5.0159127e-01
  2.7634391e-01
  1.3646758e-01
  3.2332718e+00
 -6.7035937e-01
  7.2477597e-01
  3.0523632e-02
  9.5777315e-01
  1.5236022e+00
  1.4384769e-01
 -3.4375855e-01
 -8.1067219e-02
  4.2991424e-01
  1.8364255e+00
  6.7390782e-01
  1.1858196e+00
 -9.1291338e-02
 -3.3141622e-01
 -1.3945297e-02
  3.8531920e-01
  9.4180471e-01
  1.1042684e+00
 -5.6329588e-03
  1.9575052e-01
 -1.5991596e+00
  4.3202722e-01
  2.3643845e-03
 -4.2303721e-03
  4.7640009e-03
 -2.3389897e-01
  1.9370104e-01
 -1.4559768e+00
 -8.6859152e-02
  4.6804054e-03
  2.9126164e-03
 -5.9760632e-03
  3.3945455e-03
  1.1200939e-03
  3.0786232e-03
 -7.6208739e-03
  6.4457068e-05
 -1.0849210e-02
  1.1119522e-02
 -1.6469488e-04
 -9.7237859e-04
 -4.1520875e-03
  2.6331109e-04
 -6.8312460e-03
  7.6479797e-04
 -2.5970456e-03
 -2.1455009e-03
  7.5251930e-03
  4.0394543e-03
 -4.7089914e-03
  6.5214414e-04
  6.6022072e-03
 -4.7846623e-03
 -7.4568251e-03
 -9.1593398e-04
 -2.0190649e-02
 -6.6494243e-04
  2.3364853e-03
  7.6480943e-04
  1.5391138e-03
 -9.6285308e-04
  4.9519655e-04
 -8.1245592e-03
 -8.1008663e-03
  9.7090891e-03
 -1.8274097e-03
  3.6392272e-03
  3.5245866e-03
 -1.9670974e-03
  3.5419883e-03
  2.1812250e-04
  1.6811347e-03
  7.9189893e-03
 -1.1669819e-02
  7.5289411e-03
 -6.2005193e-04
  9.2450473e-03
  9.4553886e-04
  3.8184058e-03
 -5.6330990e-03
 -1.5304437e-03
 -4.8478346e-04
 -3.2225992e-03
 -2.5590120e-03
 -5.5710161e-03
  8.6692668e-04
  1.2031530e-03
 -1.7530785e-04
  1.4628537e-03
 -2.8658269e-03
 -2.7895533e-04
 -6.2551000e-04
 -2.0544936e-03
 -1.1982879e-03
  7.7856932e-04
 -2.3474430e-03
  3.2159504e-03
 -3.3163649e-03
 -9.6509524e-05
 -4.4442806e-03
  4.0488541e-03
  3.1858361e-03
 -2.3113456e-04
 -5.7755085e-03
 -1.8270774e-04
 -1.1523674e-03
 -1.1319068e-03
 -6.9001375e-04
  3.0916736e-03
  7.2652902e-03
  1.0494363e-03
  1.4149701e-03
 -2.7210859e-03
 -3.4830538e-03
  1.7345016e-03
  9.3569662e-03
  2.8694109e-03
 -1.7395087e-03
 -6.0366336e-03
  1.5677582e-03
 -1.8601754e-03
  8.3383697e-04
  5.5715883e-01
  1.9554440e-03
 -1.2360711e-01
  2.5263692e-03
  8.8878479e-03
 -1.6245781e-03
  6.6124526e-04
  1.5797606e-03
  1.6372796e-03
  1.3734850e-03
  2.7085221e-04
  6.2643839e-03
 -1.2180706e-02
 -1.1603549e-02
  1.3423936e-03
 -5.1367795e-04
  5.5346740e-03
 -4.0597157e-03
  3.1919377e-03
  9.8181714e-04
  9.6688792e-03
 -7.9009280e-04
  2.0356923e-03
  1.7231905e-01
  2.4192838e-03
  6.6372133e-03
 -1.0231747e-03
 -8.9576666e-04
 -3.2392482e-03
 -2.1451721e-03
 -2.0812578e-03
 -2.6215995e-03
 -1.2255849e-02
 -3.3918661e-03
 -5.5885466e-05
 -2.3395345e-03
  7.1251357e-05
 -5.2575264e-03
 -4.3100151e-03
 -8.6630434e-03
 -9.6076634e-04
 -1.0667776e-03
 -6.4133517e-02
  8.1957355e-03
 -1.3430351e+00
  3.0774841e-02
  2.8157443e-01
 -5.6964317e-03
  4.5153815e-03
  5.8995240e-04
 -7.3953760e-03
 -1.5822464e-03
  5.8525987e-03
 -3.9617191e-03
 -7.1446656e-04
  1.3655971e-01
  7.3482385e-03
  7.8685209e-03
 -6.8480978e-03
 -1.2791664e-03
  1.4985162e-02
  4.7302688e-03
 -2.6104583e-03
  2.5504739e-03
  5.3107874e-03
 -5.9414390e-03
 -3.3330854e-03
  5.6470251e-03
  2.6716930e-03
  2.6902233e-03
 -7.0552547e-03
 -1.6844256e-03
  2.3510843e-03
  5.9189391e-03
 -4.3609301e-03
  6.8491972e-03
 -6.5194201e-03
 -8.9384858e-03
  1.0345080e-03
 -1.1059671e-03
  2.1832515e-03
 -2.6253299e-03
  2.7625391e-03
  6.2871373e-01
  4.8143312e-01
 -8.0869567e-01
 -1.4567895e+00
 -7.9098934e-01
  3.7892789e-01
  4.2638198e-01
  6.6315454e-01
 -1.7215827e-01
 -4.8241967e-01
 -3.3168876e-01
  3.9817527e-04
  5.1024478e-02
  8.4387410e-01
 -4.0203562e-01
 -7.0051283e-02
 -1.0566845e-02
 -2.9571953e-01
 -4.5186263e-01
 -1.2166742e-03
 -1.2072752e-01
  6.5227129e-02
  1.0775013e-02
 -6.4416938e-03
 -2.5626981e-01
 -2.1008141e-01
  2.5926790e-01
  1.8113643e-01
 -4.1699365e-01
  8.6472534e-02
 -3.2424724e-01
 -5.0968148e-02
 -2.4533141e-01
  2.0609060e-02
  2.1768868e-01
 -1.2760396e-01
  4.6088141e-01
  9.0386569e-03
  1.2848132e-03
 -2.1272469e-03
  5.8213640e-03
 -1.7869571e-02
 -9.8842122e-03
  3.4282429e-03
 -5.0318956e-01
  2.4483438e-01
 -3.8734660e-01
  1.3069686e+00
 -4.5523298e-01
 -4.9046692e-01
  9.3887046e-02
  3.0989644e-01
 -9.1442758e-01
 -1.2907346e-01
 -2.1486501e-03
 -3.7641552e-01
 -1.1152029e-03
  4.4818699e-01
 -2.5421327e-03
 -3.9699808e-01
 -2.8365007e-01
  4.9216609e-02
 -6.1044979e-01
 -2.4733897e-01
  3.5130996e-01
 -3.7784258e-01
  1.1920824e-01
 -5.0135219e-01
 -1.7575996e-01
 -8.4571198e-02
  5.3228751e-02
 -1.5567730e-01
  3.3364525e-01
  3.1221896e-01
 -3.3579864e-02
 -3.0995816e-01
 -7.5406945e-01
 -9.2172408e-03
 -3.4405625e-01
  1.4038789e-03
  9.4730273e-02
  1.4260134e-03
  1.2252500e-04
 -2.2815689e-02
  1.8055515e-01
 -2.9615980e-01
 -9.6541651e-02
  5.7346025e-04
 -1.8561981e-04
 -4.0589503e-04
  3.0179018e-01
 -4.8417882e-03
 -5.0279224e-01
 -3.7880355e-04
 -4.4150274e-02
 -1.1045286e-03
  4.3981117e-03
 -2.0730158e-02
  7.0240647e-03
  4.0992457e-01
  2.6593083e-03
  1.2827443e-03
  6.9996428e-01
 -1.2700015e-02
 -1.0454237e-02
 -4.1230601e-01
 -4.0315939e-03
  4.8679224e-01
  1.8187084e-03
 -5.5538607e-03
 -3.2704917e-01
  7.2852350e-03
  3.0877995e-01
  7.8463519e-01
 -1.1705050e-03
  1.5772684e-02
 -5.7374482e-04
 -2.3702746e-03
  3.3699543e+00
  1.9306208e-03
 -1.0352000e-01
 -2.0889297e-01
 -2.1992048e-04
  1.6163602e-03
  6.3574421e-01
  1.0931311e-02
 -1.2392559e-03
  3.4732521e-02
 -1.5169400e+00
  9.7394204e-01
 -5.5445369e-02
  7.6235145e-02
  7.7237873e-03
  2.0968609e+00
 -1.1583598e-01
 -4.2934733e-04
  2.7714703e+00
 -1.5886359e+00
  6.7189634e-02
  8.0884963e-02
 -5.4935705e-02
  2.5214872e-03
  5.4971802e-01
 -5.5721034e-03
  2.2425337e-01
  2.0671194e-02
 -4.1554561e-01
  4.8503327e-01
 -1.8362932e-02
 -2.5663170e-01
 -9.4011657e-02
  4.2588677e-02
 -5.3592846e-02
  2.0739406e-01
  9.4212703e-03
  7.9127669e-01
  2.1257410e-03
 -5.9345514e-01
 -5.1921807e-02
  5.8830444e-02
 -1.8488821e-01
  1.4540530e-02
  1.5114638e-01
 -3.9125539e-02
 -3.7025812e-03
 -5.0037835e-02
  6.3754010e-01
  4.2032264e-02
  4.6134642e-01
  5.3166924e-03
  5.0385046e-01
  5.5419874e-01
 -3.7559878e-02
  2.6211945e-02
 -2.1847649e-01
 -3.2440789e-02
  1.5316631e-01
  2.9481503e-01
 -1.1921058e+00
 -3.2676318e-01
 -4.7746918e-01
  4.8213738e-01
 -1.8230358e-02
 -2.4526785e-01
  2.2729065e-01
 -6.7960161e-01
 -1.0591900e+00
 -7.1425402e-01
 -8.1183977e-04
  4.7010655e-04
 -1.7945594e-03
 -7.8667924e-03
  5.9964941e-03
  1.4243199e-03
  9.3774399e-04
 -5.3140463e-04
  9.4398879e-04
 -3.5950576e-03
 -8.4296241e-03
 -3.8566098e-03
  6.5853419e-03
  5.3508226e-03
  1.8844705e-03
  9.1696996e-03
  3.2335590e-03
 -1.5303311e-03
  3.6030526e-03
 -6.8758596e-03
 -1.4606572e-03
 -4.2443778e-03
 -4.1738125e-03
 -2.4734000e-03
 -2.9847771e-03
 -6.8568941e-03
 -4.2794642e-04
  1.4302663e-03
  4.5008026e-05
  1.2028657e-03
  1.1693023e-01
 -7.3096710e-03
 -1.3533835e-02
  4.7107102e-04
  3.9746454e-03
  4.1345255e-03
  8.7847915e-03
 -9.5120799e-03
 -5.8138906e-03
  3.3893622e-04
 -1.5707535e-01
  5.8844769e-03
  1.5134419e-03
 -3.1190412e-03
 -5.6301891e-03
 -6.7333500e-03
 -4.7481005e-04
 -6.4686812e-03
  4.1412611e-02
  3.1182938e-03
  1.7925620e-03
 -2.5809554e-03
  9.5698121e-04
  7.5089885e-03
  8.5289115e-03
  2.4717236e-03
  2.1114736e-03
  1.2794213e-02
  3.0275357e-03
  2.7390644e-03
 -3.0576529e-03
  1.0864690e-02
  5.1091326e-04
 -1.1257297e-02
 -2.0524545e-03
 -4.4565066e-05
  2.6091319e-03
 -8.6059468e-03
  1.1832550e-02
 -3.6949699e-03
 -6.8691786e-04
  9.4301468e-03
  6.6810157e-03
 -9.8937121e-04
  1.6696537e-02
 -4.2508807e-04
  3.0738330e-03
  2.3480258e-03
 -6.6305692e-03
  5.8906414e-03
 -3.6827393e-03
 -8.4336475e-04
  6.7961458e-03
  2.1702000e-03
  2.9190253e-03
  8.3459560e-03
  7.6887873e-04
 -2.1594993e-03
  9.9943532e-04
  7.8427559e-04
 -9.9050417e-04
 -7.2430875e-03
  5.9480593e-03
  3.4384874e-03
 -2.3571178e-03
 -1.9863984e-03
  7.4415146e-03
  4.1034436e-03
 -1.6415541e-03
 -1.6922706e-03
 -5.0340462e-03
 -7.4929623e-03
 -7.3938584e-03
 -5.2718371e-03
 -8.5863546e-03
  2.7091762e-03
 -7.6824250e-03
 -1.1076651e-02
 -5.1009990e-03
 -4.7102808e-03
  4.2678555e-03
 -3.5995425e-04
 -7.3858802e-03
  4.5619076e-03
  2.6981684e-04
 -2.4420442e-04
 -1.1525499e-03
  1.4012470e-04
  8.2926359e-04
  3.4427675e-03
  5.2195559e-03
  4.1592824e-03
 -1.8693380e-02
 -2.4123122e-03
 -8.8319357e-04
 -4.0884251e-03
 -5.4381264e-04
 -2.9139796e-03
  5.6304499e-03
 -1.1927856e-02
  5.9559434e-03
 -4.3395339e-03
  2.8826770e-01
 -4.1785829e-02
  4.9303528e-02
 -2.9808383e-03
  3.7462991e-02
  6.2624454e-02
 -2.3712774e-01
 -4.3853637e-02
 -9.9169657e-02
  5.7964355e-02
  4.1457243e-02
 -5.2251482e-01
 -2.2035770e-01
  5.0103587e-01
 -4.7892923e-03
  2.7997104e-02
 -5.8082219e-02
  3.1887256e-02
 -1.8740376e-02
 -8.3634090e-01
 -4.5178747e-01
 -1.4915801e-02
 -2.7486810e-01
  6.9050388e-03
  1.7511426e-03
  2.0910984e-01
 -1.2655319e-03
  3.6230463e-01
  3.9000679e-03
 -1.8089122e-01
 -2.7489332e-03
 -2.5769630e-01
  2.4619888e-01
 -2.1370497e-02
 -3.1516671e-02
 -1.0234422e-01
  2.1687448e-03
 -3.1876482e-02
 -7.9106800e-03
  1.9489117e-01
  7.3761195e-02
  5.1003015e-03
 -2.0226609e-02
  2.9969325e-03
 -1.1311363e-01
  5.7288930e-02
  1.3602650e-01
  1.3036129e-01
 -1.5505867e-01
  7.4076384e-01
 -3.1983316e-01
  1.4068420e-01
  8.7055348e-02
 -7.8563914e-02
 -2.2985359e-01
  4.2554629e-03
  1.4107301e-02
 -9.8461920e-01
 -4.3109963e-03
  1.1481466e-01
 -1.5170849e-03
 -8.3980002e-02
 -2.5324139e-01
 -4.4830340e-01
  1.1120641e-02
  5.3164624e-02
 -3.5115036e-01
  4.9852855e-03
 -8.0030507e-01
  1.9028930e-01
 -7.0209965e-02
 -2.1110414e-02
  2.6532803e-03
 -2.4624325e-03
 -1.7216095e-01
 -5.8076788e-02
  4.2245039e-01
  4.9262393e-02
 -1.2058504e-01
 -2.6624408e-01
  2.7963299e-02
  6.5116077e-03
 -9.0786545e-03
  8.7273739e-02
  2.3606785e-02
 -2.9356077e-03
 -3.1070197e-03
 -3.0659739e-02
 -3.1644833e-01
 -3.6490869e-03
  5.1245588e-01
 -5.1705164e-01
 -4.1334310e-01
  9.5625210e-01
  6.8154291e-04
 -4.3704163e-02
  1.7650598e-01
 -5.6847424e-04
 -4.1226397e-04
 -3.3959362e-04
 -3.4203459e-02
 -8.4285876e-03
 -1.0381679e-02
  2.0862821e-02
  3.7756176e-03
  3.6937211e-02
  6.9808029e-02
 -1.1382451e-02
  1.3545421e-02
  7.7390186e-03
 -1.7244448e-03
 -6.3168118e-06
 -9.6640876e-03
 -7.5722154e-04
 -9.2057459e-04
  5.7783788e-03
 -8.2655344e-03
 -1.1105393e-02
 -4.3946262e-03
 -1.4144051e-03
  4.8946678e-03
 -5.3189751e-03
 -5.9122953e-04
  1.1915206e-03
 -6.9157253e-03
  3.8558524e-03
  3.2321764e-03
  1.1017818e-02
  5.3891116e-03
  2.1635797e-03
 -1.6716786e-03
 -2.4448868e-04
 -2.2556214e-03
  2.5805905e-03
  3.9566336e-03
 -2.4530031e-03
  1.4839851e-03
 -6.2741512e-03
  2.7674425e-03
  1.5658172e-03
  5.5911327e-03
 -2.1490874e-03
 -1.8252129e-03
  2.9723370e-03
  2.2441510e-04
  1.3382440e-02
 -8.5252002e-03
 -1.8280694e-03
 -4.0281174e-04
 -1.8641914e-03
  1.4003029e-04
 -1.7537964e-03
 -2.0604380e-03
 -1.0544669e-03
 -3.0500731e-05
 -2.3197015e-03
 -5.9680371e-03
  3.0330833e-02
  8.4768451e-04
 -8.8601094e-04
 -8.5204490e-05
  2.1857370e-03
 -3.2432985e-03
 -2.7299443e-02
 -5.1227519e-03
 -2.2939965e-04
  1.2569602e-03
 -1.0337605e-02
 -9.6171722e-03
 -1.8666192e-03
  2.1737553e-03
  3.8130365e-03
 -4.5807594e-03
 -1.5459217e-03
 -2.4468147e-03
  3.2423278e-03
  1.0835913e-03
  3.6241091e-03
  4.0119747e-04
  4.4322847e-03
 -6.0988078e-03
  8.3202180e-03
  3.0200910e-03
 -2.9550486e-03
 -3.6853417e-03
  2.4081022e-03
 -4.4520749e-03
  8.4042561e-04
 -8.3133928e-04
 -2.3057591e-03
 -4.2776028e-03
  1.2363696e-04
 -8.4288412e-04
 -1.0146375e-02
  6.8656392e-03
  4.8836845e-04
  9.5113169e-04
 -3.4152800e-03
  2.7699191e-03
 -9.0340609e-03
 -1.1493498e-03
 -1.4995725e-03
 -3.8273053e-03
 -5.5722045e-03
 -2.2624282e-04
  8.5984368e-04
  3.7785831e-03
  2.5018204e-03
 -2.2776346e-03
  3.9023296e-03
  1.0692135e-03
 -1.0410392e-03
  1.5691833e-03
  5.2837869e-03
  3.3429144e-03
 -4.3132640e-03
 -3.6737639e-03
 -1.3922630e-03
  7.4037700e-04
 -4.3526902e-03
 -1.5119296e-03
 -5.0132382e-03
  2.1857660e-02
 -1.0458600e-01
  2.9904740e-03
  3.5650700e-01
  1.6092522e-03
 -8.9913851e-04
 -1.1954887e-03
  3.7308605e-03
 -2.1689937e-02
  4.9566821e-04
  2.4444249e-03
 -5.3453181e-02
  4.7252672e-03
 -9.1404961e-03
 -3.9947378e-03
 -3.4933567e-01
  2.2332326e-03
  3.8040164e-03
 -7.7402793e-02
 -2.8660635e-03
 -3.5883237e-03
  8.7569817e-04
 -3.8503250e-04
  7.9741364e-04
  1.0449401e-02
 -1.6771931e-03
 -4.5355223e-03
  3.6386685e-03
 -1.5446608e-03
  3.1052313e-03
  5.9409195e-04
  1.3379823e-02
  2.1222841e-03
 -1.2597560e-03
  3.0296131e-03
 -9.7023677e-03
  3.7316740e-03
 -3.7882634e-04
  3.6418722e-03
  6.3028322e-03
 -2.0808659e-03
  2.9902766e-03
  8.4755821e-03
 -1.7337207e-03
  8.3371617e-02
  1.0271396e-01
  6.1093606e-02
  1.4238401e-01
 -9.9136949e-02
  1.6268821e-02
 -5.1311601e-02
  3.7353588e-03
  4.7106491e-03
  3.2963790e-03
 -4.3029441e-03
  1.9015053e-01
 -1.4242524e-01
 -1.7694212e-03
 -1.7694414e-02
  3.9543593e-03
  1.1125257e-02
  1.5841053e-03
  6.2617119e-03
  1.1474608e-03
  4.4641262e-03
 -6.0300650e-03
  4.2330139e-04
  2.3785175e-03
 -2.0062849e-03
  1.3984907e-03
 -3.1243502e-03
 -7.0847962e-03
 -8.9995749e-04
 -2.3573530e-03
 -4.9843006e-03
  3.5351765e-04
 -4.7874261e-02
 -1.8364708e-04
 -3.6024032e-03
 -2.7491126e-02
 -1.2322245e-02
  2.3483550e-03
 -5.4289203e-04
 -9.3411356e-02
 -1.5514686e-03
  9.1093569e-04
  6.6623557e-03
 -1.0882532e-03
  1.7806001e-01
  2.4914052e-03
 -1.5101477e-03
 -1.4120721e-02
 -2.9541436e-03
  9.5163481e-03
  8.9800470e-03
 -1.1688882e-03
 -6.0298913e-03
  1.3203563e-03
 -1.2907886e-03
 -1.2162244e-03
  8.5316168e-04
  2.9938612e-03
  3.9269248e-04
 -3.1060895e-03
 -1.3233707e-02
  1.1850587e-03
 -3.7576188e-04
 -8.3033898e-04
 -1.3126029e-02
 -5.5603456e-04
 -3.1364397e-03
 -1.7108792e-03
 -4.3700710e-03
 -3.1117152e-03
  2.1938828e-03
  4.5480346e-03
  4.5333477e-03
  7.7546085e-04
  3.3833128e-03
  3.6820690e-03
  9.2050247e-03
  6.6129132e-03
 -2.5689437e-03
 -2.3638750e-03
  3.0691754e-03
  3.0753191e-03
  2.3493108e-04
  3.3150041e-03
  1.3781246e-03
  1.2267298e-02
 -3.2085576e-05
  2.4723308e-01
 -9.5940789e-04
  1.5113077e-02
  2.8716331e-02
  7.0024334e-02
 -4.0041767e-03
  1.5518061e-02
  3.9756694e-03
  7.0750911e-04
  8.5154876e-02
 -5.6079584e-03
 -5.9063554e-02
  1.5647544e-01
  1.7559322e-03
  2.7314797e-02
 -3.6423538e-02
  7.3029563e-02
  3.6598572e-03
 -1.1560920e-02
  5.7910513e-02
  1.7202396e-03
 -5.8550220e-03
 -7.3465491e-03
 -2.3582550e-03
  7.6231025e-03
 -3.7656881e-02
 -2.1195826e-03
 -1.5940866e-02
 -9.8312180e-04
 -7.7139479e-03
 -3.2541800e-02
  7.2414435e-02
 -4.7919396e-02
 -2.4743455e-02
 -1.1755900e-02
  3.0249024e-03
 -6.2137223e-03
 -7.0117897e-04
  6.2120229e-01
  2.8665070e-03
  7.0431983e-05
 -1.2469775e-02
 -1.8224431e-02
 -2.4179122e+00
 -3.4478776e-02
 -7.9210836e-01
  3.4641424e-01
  1.5635528e-02
  4.2459521e-01
  5.4381553e-02
  1.5390800e+00
  1.9560510e+00
 -1.0258294e-01
 -2.8893009e-02
  1.8294839e-03
  9.3103647e-03
 -1.7699483e-04
 -1.8274591e-03
 -2.8516778e-03
  5.7177051e-05
 -2.6112830e-02
 -2.1313958e-02
 -5.9498213e-02
 -1.3414012e-02
 -3.7869469e-03
  5.9502159e-04
 -2.4121322e-03
  8.1941737e-03
 -1.3724973e-03
 -1.6293358e-03
  1.8689299e-01
 -3.2715348e-03
 -7.3683977e-02
  4.4459952e-03
 -1.3596226e-03
 -1.4074931e-03
  3.8476693e-03
  5.9816344e-03
 -3.7955614e-03
  2.8126323e-04
 -2.6495580e-03
 -1.0286038e-02
  2.2849890e-03
 -9.9355972e-04
 -2.7952199e-03
 -4.4173095e-03
 -1.3438948e-02
 -6.9191470e-03
  1.4522185e-03
  6.5797716e-02
  8.6254077e-03
  8.1932091e-04
  7.4642855e-01
 -4.2478464e-04
  1.7778622e-03
 -8.4648214e-02
 -8.8934517e-03
  2.5992794e-03
  6.1741187e-03
  8.3469751e-04
  2.6115149e-04
  1.8270616e-03
  5.1071318e-03
 -1.7507322e-03
 -1.2214568e-03
  4.2230575e-03
 -1.0305876e-03
  4.7405474e-03
  2.9043281e-03
  1.6430819e-03
  2.1323444e-02
 -1.5561283e-02
  1.7309492e-03
 -1.4153614e-02
  4.3958584e-03
  1.2308559e-03
 -2.1468271e-03
 -4.5076595e-05
 -2.9088906e-03
  1.6317238e-03
  1.4028852e-03
  1.3406853e-03
 -5.6839767e-03
 -8.4716948e-03
 -2.4096631e-03
  3.2745618e-02
  8.9972094e-03
  6.1029755e-04
 -8.5653411e-04
 -7.3373206e-03
 -1.8226345e-03
  1.6174958e+00
 -1.6987051e+00
  4.3304178e-01
 -4.5019117e-01
  5.9904420e-01
 -1.2972813e+00
  7.6662146e-02
 -1.4908932e-02
 -1.0833899e-01
 -9.2785472e-01
  3.8027880e-01
  1.0166193e+00
 -1.2626290e-01
 -6.2249631e-01
 -4.1828582e-01
  8.8535565e-01
 -7.6852001e-02
 -1.0724933e+00
  1.2301841e+00
 -4.0750751e-01
  7.8040999e-01
 -5.0719619e-01
  9.2392451e-01
 -7.0144647e-01
  6.5131044e-01
  2.7754915e-01
 -5.2364558e-01
 -1.8611535e-01
 -8.3958171e-02
  1.3403052e+00
  6.5101199e-02
 -1.9264248e-01
  2.8367254e-01
 -7.1510971e-01
 -2.9357838e-02
  5.9807442e-02
  9.9696845e-01
  1.3751554e-01
  1.0541235e-02
 -5.2445197e-01
 -2.3336002e-01
 -1.4693759e-02
  1.2854497e-01
  6.4498806e-01
 -1.5108465e-03
  1.9542086e-03
  1.2851917e-03
  6.8009254e-03
 -3.8263770e-03
 -1.0204820e-02
 -5.4803619e-04
 -1.0423278e-04
 -5.4837186e-03
 -7.1793655e-03
  8.4973210e-03
 -1.6738661e-04
  9.1812119e-04
  2.9840092e-03
  3.4479015e-03
 -4.1744288e-02
  1.8117519e-03
  9.3395368e-04
  5.2504212e-04
  3.8618583e-04
 -1.3983679e-03
  1.0010656e-03
  1.8712522e-03
 -1.0516017e-03
 -2.7549800e-03
  5.0671459e-03
 -1.7174147e-03
  4.5928415e-03
  5.3600897e-03
 -2.0487648e-03
 -1.3990647e-03
 -5.0844406e-03
  1.9591101e-03
  1.4288840e-04
  8.8409288e-06
  1.0701495e-03
  1.0462720e-02
  1.0593398e-02
 -5.0155027e-04
 -7.2943009e-03
 -1.1737309e-03
  1.7122958e-03
 -5.3252710e-04
 -1.5622039e-03
 -1.8725676e-02
  9.1974495e-04
  1.9433440e-03
  7.6809973e-02
  1.6641526e-01
 -1.1812429e-02
 -5.7188720e-02
  6.5361482e-01
  1.4001753e-03
  3.8753776e-03
  6.7863137e-02
  2.2702920e-03
  3.4556680e-04
  8.7760366e-02
  3.8377706e-02
  2.9910482e-02
  9.0437790e-04
 -6.2705739e-03
  5.7773781e-05
 -2.4165735e-03
  3.0580955e-02
 -6.2369211e-03
  2.1684514e-03
  2.0149089e-03
 -5.1540630e-03
  9.0905838e-04
  1.9652625e-03
  5.1715854e-04
  2.6368855e-03
 -2.0837213e-03
 -8.3781090e-03
 -6.0996274e-03
 -3.1258815e-03
 -2.2164363e-02
  1.4178770e-02
 -1.1521394e-03
 -9.4309347e-03
  3.1019896e-03
  7.1316678e-04
  3.6196599e-03
  2.0925751e-02
 -1.2360563e-03
 -4.2314185e-03
  1.2768507e-04
 -9.9574542e-04
  2.6920710e-03
 -5.7162249e-01
 -2.6390795e-03
 -2.8980938e-03
 -1.0227887e-03
  1.1967374e-03
  1.9700611e-03
  2.5050133e-03
  1.4193887e-03
 -5.1293371e-04
  2.5575887e-03
 -1.9466372e-03
 -4.7224205e-02
 -3.8402644e-03
 -2.2270209e-03
  2.4343100e-03
 -7.8397840e-03
  3.3620112e-03
 -7.8644576e-03
 -3.4760271e-04
 -1.3164938e-03
  3.1440645e-03
 -5.5418257e-03
  1.0447404e-03
 -4.0627792e-03
  2.4867270e-03
  1.9177680e-03
 -1.3207134e-03
  1.0832457e-03
  3.6817212e-03
  2.2380198e-03
 -6.8191150e-03
  3.1233107e-04
 -2.3787352e-03
  2.0299430e-03
 -1.0161335e-03
 -4.0008794e-03
 -4.4255343e-04
  1.5902899e-03
 -1.1519656e-03
  6.6553866e-03
  2.5461251e-03
 -5.2951830e-03
  2.5374824e-03
 -2.3546044e-03
  1.0344267e-02
  1.6973135e-03
 -2.0880338e-02
 -3.6329940e-01
  7.5765280e-03
 -1.6735720e-02
  1.9155380e-03
 -4.7256732e-03
 -7.0059802e-03
  4.1998052e-03
 -3.1228720e-03
 -7.6597543e-03
  4.1049412e-03
  1.4099450e-04
  1.2192529e-03
  3.4054695e-03
 -3.6113344e-03
  1.4722798e-02
  9.8326290e-04
 -9.5536867e-03
  4.4939741e-03
  1.5067968e-01
  1.9231618e-03
 -8.2393561e-04
 -5.8266945e-05
 -4.1777450e-03
  3.3599185e-03
  2.5398666e-03
  8.0623385e-03
 -8.9914305e-03
 -3.8034171e-03
  1.6492566e-03
 -1.6404910e-03
  3.4464215e-04
 -1.7189241e-03
 -9.1128855e-04
  4.4510711e-04
 -1.9949507e-03
 -2.5719786e-03
 -3.8283565e-03
 -4.2578741e-03
 -2.6307378e-03
 -1.1502102e-03
  2.2003206e-03
  4.1715212e-02
  1.6163918e-03
  2.1520221e-01
  4.4808135e-04
  2.4405707e-01
  1.6752088e-03
 -2.3562512e-03
 -9.3262694e-05
  2.5407197e-03
 -8.6879998e-04
 -5.3702813e-04
 -3.0087231e-02
  1.1141071e-02
 -9.0251258e-03
  2.1246539e-03
 -1.4133408e-02
 -1.5801354e-03
  1.8393582e-03
 -2.6631462e-03
 -9.8580820e-03
  3.3187333e-03
  4.0174900e-03
 -2.4510315e-03
 -2.6062964e-03
  6.0183224e-03
 -8.1229786e-04
  9.0942364e-03
 -3.8424192e-04
  1.8422992e-04
  6.1781271e-03
  3.8625329e-04
  4.5329584e-03
  7.9020392e-03
  7.3361647e-04
  1.7675846e-03
  5.1696453e-04
  9.3068392e-04
 -6.3072955e-03
 -1.4028478e-03
  6.9557880e-03
 -7.4095326e-04
 -3.0430318e-03
 -3.1446800e-01
  2.3780492e-01
 -5.4362915e-02
 -1.9722627e-01
  2.7544951e-01
 -6.8777561e-02
 -1.0281097e-01
  6.4149708e-02
 -1.4756432e-01
  3.0918334e-02
 -1.6468833e-01
  3.7778842e-03
 -8.2578115e-02
  1.0037778e-01
 -3.7788165e-01
  6.7218877e-03
 -3.0274829e-02
  7.3591725e-04
  1.5946303e-01
 -5.7613827e-02
  4.3542363e-02
 -4.9473592e-03
  4.4977828e-03
  1.4748790e-03
 -3.7634972e-01
  3.3834811e-02
 -2.6943654e-02
 -1.1713707e-03
 -1.8220538e-02
 -2.9661753e-03
 -1.2131252e-02
 -5.3681705e-02
  9.2357203e-02
 -3.3191413e-02
 -4.9695704e-02
 -2.9673377e-02
 -1.5571855e-01
 -1.7508402e-02
 -3.3273179e-02
  1.4312596e-02
  9.2587195e-04
 -1.6069144e-03
 -2.4970897e-02
  1.5631510e-03
 -2.3892354e-03
 -1.8549895e-02
  8.4515791e-03
 -1.0024226e-02
 -9.0940297e-04
  6.5142782e-03
  6.6481344e-04
  4.2278823e-02
  2.5009979e-02
  1.6241472e-03
  7.7090315e-03
  5.6816470e-03
  3.0500416e-03
  4.8906184e-03
  3.7106231e-04
  6.0966733e-05
 -8.9566689e-03
  4.6370304e-03
  3.3632341e-01
 -3.2191092e-04
  1.3039017e-02
  1.4766185e-02
 -1.6924649e-03
 -3.2004475e-04
 -7.9712411e-04
 -4.8435987e-03
 -3.1083863e-04
 -3.3300596e-03
 -4.6688807e-01
  1.0561161e-03
  3.2437060e-03
 -4.7614696e-03
  1.7991276e-03
  1.6199052e-03
 -4.0962538e-03
 -1.5262249e-02
  3.4914613e-01
 -1.7308388e-04
 -6.6720028e-03
  1.7336260e-04
  2.9989518e-05
 -3.3643327e-04
  1.7168090e-03
  2.7206452e-03
 -1.8523009e-01
  3.1383133e-03
 -5.6785643e-01
 -9.2764211e-01
 -1.9047564e-01
  1.3548485e+00
 -3.9533503e-02
  2.8353342e-01
  2.6565900e+00
 -1.9271125e-01
  1.5816795e-02
 -5.8256382e-01
  3.1887135e-03
  7.0446073e-03
 -1.6511191e-01
  8.3344635e-03
 -5.5381693e-03
  4.4281259e-03
 -2.4006359e-02
 -5.3582895e-01
 -3.4084502e-03
  4.8705321e-03
 -1.9364546e-03
 -1.2214766e-02
  2.2988161e-04
 -3.5032246e-01
 -1.2710230e-02
  2.8836315e-03
 -1.5651375e-01
 -1.0648970e-02
  1.6632880e-03
 -1.1568775e-02
  3.5720587e-02
 -1.2505590e-03
  2.0479434e-03
  3.0224118e-03
  7.2645023e-04
  6.7414721e-03
 -5.5691898e-03
  1.1541467e-03
  2.2501349e-03
 -4.6157278e-04
 -8.3974528e-04
 -2.8547994e-03
  1.5961970e-01
  3.4328364e-02
  2.6318925e-03
  1.1107502e-01
  1.4171795e-02
 -5.9573855e-02
  2.2182277e-01
 -2.3926683e-03
  4.0594448e-04
  5.9373160e-03
 -2.1077359e-02
 -1.5874765e-03
  1.6222196e-02
 -3.5092585e-02
  2.7766344e-03
 -4.1324971e-03
  5.0274208e-03
  8.7988796e-03
 -7.8967744e-03
  1.0451216e-02
 -5.7157599e-03
  5.0850334e-03
  1.0774061e-02
  1.8470548e-04
 -9.1872236e-04
 -1.0845332e-03
  1.2004938e-02
  4.9622881e-04
  5.8526788e-03
  3.2100882e-03
 -6.2996228e-03
  2.5089912e-04
  1.0824107e-02
  2.1107197e-03
 -1.9521356e-03
  5.3752377e-03
  1.9352911e-02
 -4.5700087e-03
 -2.8380242e-03
 -6.5798550e-03
 -2.7877034e-04
  1.5296077e-03
 -7.5022564e-03
  6.1926870e-03
 -1.6007494e-04
  4.2945932e-04
  1.9000919e-03
 -1.5379536e-01
  8.3239961e-01
 -6.8827730e-04
  1.3420951e-03
  2.7148146e-04
 -1.3839698e-03
  6.8789409e-03
 -2.5038987e-03
  2.1801426e-03
 -2.5742115e-03
 -1.7551346e-02
  2.4287702e-04
 -1.7185869e-03
  3.2398950e-03
  1.6494808e-03
  4.7132112e-03
 -3.4020965e-03
  6.5340730e-03
 -2.6317490e-03
 -1.5662136e-03
 -2.6770582e-04
 -3.6571913e-03
 -2.6126064e-03
  5.1408801e-03
 -5.4225102e-02
  8.4534977e-03
  6.1125108e-03
 -8.8648442e-03
 -3.8310420e-05
 -1.3858987e-03
 -7.4746978e-04
  1.1555629e-03
  3.9023573e-03
  5.4261540e-03
 -3.8908066e-03
  2.5193063e-03
 -3.5065261e-04
 -1.2684886e-02
 -5.4161891e-04
  5.5334419e-03
  8.0005759e-03
 -2.7772665e-01
  8.0762655e-02
 -3.5789594e-02
  4.5793504e-01
  5.8533353e-01
  1.0660820e+00
 -9.5635659e-01
 -1.9309004e-01
  4.9656667e-03
  2.8604011e-03
 -1.5829036e-02
 -3.6676895e-02
  9.8622881e-02
 -7.5015253e-01
  3.8344350e-02
 -3.1170414e-03
  5.0285212e-03
 -1.8445639e-01
  2.4543276e-01
  6.3395482e-01
  3.5277796e-01
  1.3699836e-02
  3.5338486e-03
 -4.9534270e-01
  1.0394166e-01
 -4.9126633e-02
  3.3065194e-01
 -1.3591884e-01
  7.3224362e-03
 -1.0421325e-01
  7.5542286e-02
  1.8722920e-01
 -3.1934214e-01
  4.5719091e-04
  2.5831717e-01
  9.3539461e-02
  8.6858450e-04
  6.2314095e-03
  2.3483001e-02
 -9.6338280e-02
 -3.3246274e-03
 -4.8370874e-03
 -3.8512284e-05
  1.1456752e-02
  3.8323523e-03
  1.0436298e-02
  3.3765700e-02
 -4.8974855e-03
  1.0479132e-03
 -3.2346642e-01
  1.9718224e-01
 -8.0428226e-03
 -1.0148399e-02
  2.7310473e-01
 -8.8203344e-03
  9.1313751e-04
 -1.0677244e-03
 -1.2873988e-01
  6.3316203e-03
 -2.3938352e-02
  1.6483711e-02
 -4.5025844e-02
 -1.7324812e-04
  9.2217043e-02
 -8.5504157e-03
 -7.5634681e-03
  1.3156804e-03
  6.1036684e-03
  6.7585185e-03
 -3.9171674e-03
  2.8261221e-03
 -4.7822718e-02
  1.4013672e-02
  4.8703523e-03
  9.2719682e-05
  9.4811613e-04
 -1.9608084e-03
  5.9090620e-03
  6.6955812e-02
  7.5179222e-03
  1.2584994e-02
 -3.4973887e-03
  3.0385498e-03
 -2.9282572e-03
  1.1828516e-03
  6.2493409e-04
 -1.7583813e-04
  1.3011890e-03
  5.7361750e-03
 -2.5284366e-04
  8.3440663e-03
 -3.2463236e-04
 -7.8953337e-03
 -4.3919785e-03
 -3.6861759e-04
 -4.4426518e-03
  3.5421967e-03
  1.5049385e-03
  1.1688253e-02
 -5.2508782e-04
 -6.8180817e-03
  3.4399475e-03
  6.9931904e-03
  1.6347485e-03
  1.4436941e-03
  1.0867165e-03
 -4.8831309e-04
 -4.0274806e-04
  1.3072941e-02
  1.1427512e-03
  2.9153703e-03
  1.7177003e-03
 -8.9561380e-04
  7.8831782e-04
 -4.5422986e-03
  2.3413019e-03
 -1.9303717e-02
 -1.0266599e-03
  3.7401752e-03
 -6.7384892e-05
  1.5113223e-03
 -1.9602298e-03
 -5.6581787e-04
 -1.7936039e-04
 -2.3108199e-03
  8.9516264e-04
  9.8461960e-04
 -4.9302666e-03
  1.0261729e-02
 -2.3247343e-03
 -1.5452038e-04
 -1.7921603e-03
 -1.1732720e-03
  1.6777165e-03
  4.9216242e-04
  1.7829417e-03
  9.5331585e-03
  2.3717538e-03
  2.8184576e-02
 -1.0302263e-01
 -1.4797406e-05
 -1.1851673e-02
 -1.4924241e-02
  7.1941863e-04
 -4.6595125e-04
  8.0046535e-02
  8.5269473e-03
 -8.5205603e-03
  3.5225027e-03
 -3.0978238e-03
 -9.9321548e-04
 -2.2716483e-03
 -1.0336683e-02
 -2.7166398e-03
  3.5179383e-04
  5.1102987e-03
 -1.6134803e-03
  1.2705813e-03
 -6.1593009e-03
  7.8284983e-03
 -1.3818922e-03
  2.4691820e-02
 -7.5990045e-03
 -3.9923014e-03
 -4.1043037e-03
 -4.9257306e-03
 -4.9809355e-04
 -9.3659759e-03
  7.4881334e-03
 -9.7336847e-04
  7.4879406e-04
 -7.7346917e-03
 -3.4256098e-03
  1.2909125e-03
  1.7826965e-03
  3.0263083e-03
  6.4909995e-01
 -1.0941143e+00
  3.8887316e-01
  2.9111502e-01
  2.4875583e-01
  3.7071496e-01
 -1.4929891e+00
  2.9202834e-01
  9.2930727e-02
 -6.7346311e-01
 -8.3620232e-01
  2.7468660e-01
 -5.8548808e-01
 -3.0758728e-03
  7.5140178e-02
  1.2586650e-02
 -5.7078290e-01
  4.7504503e-02
  3.7168136e-01
  4.8944796e-04
  5.6777567e-01
 -2.6611513e-01
 -3.8806966e-01
 -1.0325953e+00
 -3.2507786e-01
  1.2402307e-01
  6.6511035e-02
 -2.5324136e-01
 -8.6100268e-01
 -1.6032152e-01
 -3.0306324e-01
 -4.6864736e-01
  1.5069477e-01
 -5.5217439e-01
 -2.4964677e-01
 -4.9175046e-02
 -3.7984914e-01
 -9.1048842e-03
 -2.4248983e-03
  5.5185487e-03
  2.0165609e-02
  2.5991208e-03
 -8.3944006e-03
 -1.1766955e-01
 -2.2621818e-02
  6.6267694e-03
  5.3847324e-02
 -2.8769907e-03
 -1.2909926e-02
 -2.9175494e-02
  8.0866078e-03
  2.3739187e-03
  4.5761775e-04
 -2.7718935e-03
  6.8168291e-03
  1.6481811e-03
  3.1716097e-03
  1.0721251e-01
 -1.6920010e-02
  1.1914346e-03
 -5.9614587e-04
 -1.3074429e-03
  9.8335044e-04
 -3.2919110e-04
 -3.9740995e-04
  5.6901192e-03
  5.5168301e-04
  1.1626587e-02
  2.1849640e-03
 -8.5519468e-03
 -3.8184910e-03
  8.4404746e-04
 -4.0169898e-03
  1.0515810e-03
  3.9216230e-04
  3.2683846e-04
 -3.4686960e-03
 -1.3575610e-02
  3.8879653e-03
  3.5375520e-03
 -9.1304211e-04
 -1.3563228e-03
 -1.5474742e-02
  1.6403723e-03
  1.4900053e-03
  9.6990075e-03
 -2.6818126e-04
  3.4038064e-03
  4.4825142e-03
 -1.6245956e-02
  1.1758446e-02
 -1.3699930e-03
 -9.1130380e-04
  8.6267473e-04
 -2.6507875e-02
  3.1810293e-03
  1.1085928e-02
  2.2414969e-03
 -8.6822215e-04
 -4.5994355e-05
  3.8739403e-03
  7.3842872e-03
 -6.1789122e-03
 -1.8308699e-03
  6.4340988e-03
  5.5574300e-04
 -1.0965851e-03
  4.9023535e-03
 -6.6807820e-04
 -2.3230230e-03
  6.4864662e-03
  2.6887637e-03
  1.9491869e-03
 -1.1361849e-03
 -7.2399741e-03
  5.1986901e-03
 -3.4752936e-04
  2.3750588e-04
 -5.1922724e-03
 -5.7182100e-05
 -4.8749888e-04
 -1.7382713e-02
 -8.9961171e-01
  1.6151505e-04
  2.0206454e-03
  1.2548405e-02
  1.0070358e-03
  1.2119993e-04
 -5.2742879e-03
  6.2863587e-04
 -9.3205590e-03
 -3.3484827e-04
 -3.4052452e-01
  3.5710565e-03
 -1.0931180e-01
 -1.3264789e-01
  2.1532203e-01
 -1.2118386e+00
 -1.2624003e-01
  1.6113308e-01
 -2.7188197e-02
  3.1785555e-03
  1.9466277e-02
  5.6708311e-03
  1.2651840e-03
  7.6138452e-02
  2.0850562e-02
 -5.6011626e-04
  2.8363335e-01
 -2.1831288e-03
 -1.2666123e-02
  4.2014109e-04
 -1.4622331e-03
  4.5068278e-03
  1.1775980e-02
  2.4534833e-02
  4.2540282e-03
  7.1712057e-03
  1.1385386e+00
  5.7061673e-03
  5.0155586e-03
  1.7801512e-03
 -6.5088796e-04
  6.1724549e-03
 -1.1040020e-01
  2.0723569e-03
 -3.8838410e-03
 -8.5143633e-03
  9.8276241e-03
 -2.9545275e-03
 -5.8465404e-03
  1.8189137e-04
  2.7431413e-03
 -8.9310121e-04
 -9.6857408e-04
  3.6658170e-03
  1.4137599e-01
  3.4188390e-01
 -1.3150280e-02
 -6.6049379e-01
  1.4624706e-01
  2.0224959e-01
  3.4957847e-01
  1.4797725e-01
  4.2947330e-02
  2.5964447e-03
 -3.8080676e-03
  1.1320310e-02
  3.9243340e-03
 -2.7963379e-01
 -5.2704761e-04
 -2.2202551e-02
  1.8922625e-02
 -1.4779520e-03
 -2.7590105e-04
 -4.6818278e-04
 -1.4037726e-02
 -3.3213613e-03
  2.8021492e-03
  4.3478226e-03
 -5.0364928e-03
 -1.5671283e-02
  2.3563178e-03
 -1.1639331e-01
  6.1863270e-02
 -4.7884369e-04
  9.8913098e-03
  3.2898381e-02
  3.9105960e-03
  7.4274585e-02
  6.5768719e-02
  9.4014069e-04
  1.0600540e-02
 -3.0072124e-04
  5.0642169e-03
 -4.8423046e-03
 -1.3878448e-03
 -1.2879432e-03
  7.0199044e-04
 -2.3969880e-03
  1.3530016e-04
 -2.0373834e-03
  1.3043775e-01
 -5.8910903e-02
  1.5361168e-03
 -3.4651843e-01
  4.8013497e-04
 -7.2980240e-02
 -1.0559537e-02
 -5.0131259e-03
 -2.1474419e-02
  5.4293927e-03
  2.6319977e-03
 -1.2960726e-01
 -5.3396984e-04
 -9.4923694e-03
  1.3574973e-03
 -2.6601652e-02
 -2.9276300e-02
  3.6221889e-03
  2.8351558e-04
 -4.1512758e-03
 -2.3048653e-03
 -7.9863158e-04
  6.3716550e-04
 -1.7149094e-04
  3.7930384e-03
 -1.1589107e-02
 -2.0635019e-03
  1.5535620e-03
 -3.8703573e-03
  2.7233255e-03
  4.0699532e-03
 -7.0662558e-04
  1.6150847e-02
  1.0448078e-02
  5.4920977e-03
  5.7551684e-03
 -2.9980624e-03
 -1.0272079e-03
 -2.6440786e-03
 -1.0529918e-02
 -1.6807069e-03
  6.4022536e-03
  2.4001184e-01
  5.7192791e-02
  3.3353674e-01
  7.2195143e-01
  4.0197664e-01
 -8.7266482e-02
 -4.3910810e-01
 -1.6275026e-01
 -3.0497180e-03
  2.0757729e-01
  1.4115734e-01
 -3.7748849e-01
  2.0246747e-01
  3.0170032e-01
  2.3804826e-01
 -1.1991448e+00
  7.2751123e-01
  1.1881551e-02
 -6.5336518e-02
 -1.8152821e-01
  1.4738764e-01
  3.9783126e-01
 -3.3150041e-03
  1.6028826e-01
  1.6330056e-03
  3.3028623e-01
  2.4137397e-01
 -8.2597488e-01
  1.8359233e-01
  7.7219130e-03
  5.0173849e-01
  6.2922323e-01
 -9.4949277e-03
 -2.0048349e-01
 -5.8427817e-01
 -2.6541612e-01
  8.6506671e-01
  1.0011006e-01
  5.7015210e-02
 -3.3797362e-01
 -3.5511643e-01
 -1.9714143e-03
  2.3938131e-01
  2.3761833e-01
 -5.0241137e-01
 -1.0399411e-01
  4.5247193e-02
 -3.2344505e-01
 -5.4968733e-01
 -1.9133441e-01
  2.7988219e-01
  1.0077535e+00
  5.0958735e-01
 -5.2355129e-01
  9.2240196e-01
 -6.9827461e-01
 -1.5642320e+00
  1.2811635e+00
 -6.8522133e-02
  5.4165906e-01
 -1.6293921e-01
  4.4687995e-01
  7.9448938e-01
 -9.8887034e-02
 -6.4858544e-01
  1.8336833e-01
  3.4473492e-03
 -1.1140099e+00
 -3.5024744e-01
 -6.2323916e-01
 -2.1077052e-01
  3.2251065e+00
 -4.2927545e-01
 -2.1812681e-03
 -1.4539147e-03
 -6.3791715e-02
 -2.2275440e-02
 -6.7943853e-01
  8.9200217e-01
 -1.9885173e-01
 -9.9957719e-02
 -9.7723650e-03
 -1.5100805e-02
  1.2009903e-02
  9.7394630e-02
 -2.4322642e-04
 -6.8188142e-03
 -5.0489238e-04
 -1.8739073e-01
  1.5516922e-02
 -2.3022659e-01
 -4.2028129e-02
 -3.6638176e-01
  4.6239015e-01
 -6.5785743e-02
  1.9293691e-01
  1.0999886e+00
 -3.2300085e-01
 -1.0767128e-02
 -1.8275422e-01
  1.6121216e-01
 -5.1626223e-01
 -8.5194364e-02
  7.1220245e-04
 -1.1029146e-02
  1.0396948e-03
 -5.0873053e-03
 -5.2504140e-01
 -4.4996464e-03
  1.2566004e-02
 -1.9541907e-01
  2.7875026e-04
 -5.5171099e-02
 -3.5029106e-02
 -1.0541312e-03
 -3.4738820e-02
 -2.2679457e-01
 -2.8822576e-03
 -3.6459479e-03
 -5.9086219e-03
  3.8099056e-01
  7.6967245e-03
 -8.5753100e-03
 -3.1050441e-03
  5.1714238e-02
  2.5751069e-07
 -5.5181319e-03
  4.9266201e-02
 -1.7919834e-03
  2.6133698e-03
 -2.6402947e-02
 -7.7363141e-03
 -1.0935799e-03
 -2.7285977e-03
 -4.3226983e-03
 -4.2720851e-03
 -1.9260612e-03
  1.1078878e-01
  1.1625118e-02
  3.0310061e-02
  5.9731392e-04
 -2.1677276e-03
  8.8872509e-03
  1.6572796e-03
 -1.2759749e-02
  2.6550975e-02
  3.3607974e-03
  4.8800700e-04
 -4.6288869e-03
  5.9560738e-03
  4.6734228e-03
 -1.4669327e-03
  3.0095551e-02
  3.2636342e-03
 -1.2740633e-04
 -5.5358862e-04
  3.6238605e-04
 -2.9563444e-02
  3.7209182e-03
  3.6955113e-03
 -8.2950138e-02
 -1.0137673e-03
 -5.3111231e-04
 -6.7226961e-03
  9.1209691e-03
 -1.5989916e-02
  2.6112248e-04
 -3.5284850e-04
 -7.9840627e-03
 -4.5564859e-03
 -8.7188929e-03
  1.2633710e-03
  1.0437817e-02
 -3.7768332e-03
 -8.8934069e-03
 -6.8810033e-03
 -5.5264090e-03
  6.7446590e-04
  9.0341130e-04
 -3.6711167e-03
  5.2185383e-02
  8.3099359e-01
  5.1736622e-03
  1.7793886e-03
  3.8462854e-03
 -1.5477408e-03
  3.4231674e-03
 -1.6348106e-03
  1.6329712e-03
 -9.0454938e-04
  6.1682041e-04
 -2.8678707e-03
  1.9386627e-03
  8.6651120e-04
 -7.9178007e-04
 -5.7283198e-03
  1.6115676e-03
 -2.1414703e-01
  8.3095051e-04
 -3.0081584e-03
 -4.4617103e-04
  2.7041275e-03
 -1.4783724e-03
 -2.5510436e-01
  9.3533359e-03
 -3.2196927e-03
  5.1139798e-03
 -1.0809002e-03
 -1.8829928e-03
 -1.0631359e-01
  1.8527005e-03
 -1.1787036e-02
 -9.9646521e-04
 -8.2122942e-04
  6.3929711e-03
  9.3635645e-06
  3.2219565e-03
 -1.5189467e-03
 -8.0837347e-03
 -4.4120136e-01
  1.2785449e+00
 -3.0558508e-02
 -4.9114130e-03
  6.9468729e-02
 -1.9178635e-01
 -4.3235347e-01
  2.6652452e-01
  5.8112442e-02
  4.6135429e-01
  2.5347682e-02
 -7.7586120e-01
  8.6427146e-01
  2.6773998e-01
  4.7756433e-02
  5.5753416e-01
  2.2424541e-02
  1.9553526e-01
 -5.9232726e-03
 -1.8559541e-01
  5.6953304e-03
 -1.4866884e-01
 -5.5345654e-02
  9.3381846e-04
  4.8137377e-03
 -2.3133831e-02
  1.3409214e-01
  3.5433978e-01
 -2.7042076e-01
  2.5850409e-01
  2.8339565e-02
  7.7266307e-03
  4.3100774e-01
  2.7730783e-02
  3.8627771e-01
 -1.1376417e+00
  5.4876972e-02
  8.7708101e-02
  6.3894847e-03
  1.1338025e-02
 -1.0340177e-02
 -1.0641239e-01
 -2.8970041e-03
  2.2927212e-02
  3.5486985e-02
 -6.4923503e-03
 -1.5839873e-02
  6.8450987e-01
 -5.7901138e-01
  5.8562718e-03
 -1.1222138e-01
 -1.3575623e-03
  1.2538920e-02
  5.5878520e-01
 -1.1715940e-03
 -1.4350597e-02
 -1.1625395e-03
  2.8701797e-03
 -3.4794068e-01
 -1.1106743e-02
 -3.9198031e-03
  1.6029066e-03
 -1.6760495e-03
  4.7504283e-03
  1.5223457e-03
  6.6897604e-03
  3.1164843e-03
 -3.6881911e-03
 -2.4769492e-03
 -9.4905775e-04
 -4.4039715e-02
  7.4679367e-03
  1.6630112e-01
 -1.1121228e-02
  4.0965546e-03
 -5.6505329e-03
 -9.9570828e-04
  2.8299104e-04
 -9.8252520e-03
  2.4000879e-03
  9.3160290e-03
 -1.1575266e-02
  1.3776459e-02
  5.1897275e-04
 -2.0162468e-03
 -9.9209498e-04
 -6.2125325e-03
  6.9372328e-03
 -4.9007265e-04
  8.4566754e-01
 -1.0657472e-03
 -2.1665463e-01
  1.6549214e+00
  1.3843498e+00
  1.0903096e+00
  4.4595312e-02
  2.8603485e-01
 -3.8666117e-01
 -1.5969736e-03
  8.4800937e-05
 -3.6564223e-02
  3.9990717e-03
 -9.1314614e-02
 -8.2566917e-02
 -1.0646338e-02
 -7.3652901e-04
  5.4656714e-04
  2.0641780e-02
 -2.3739324e-03
 -5.1879897e-03
  6.7447126e-03
 -1.8548726e-03
  1.7101923e-03
  1.3022935e-02
  2.0470422e-04
  7.4427519e-03
 -9.4121799e-02
 -3.7362566e-04
  3.7521690e-03
  7.0190881e-03
 -8.8999246e-04
  9.5555522e-03
  5.5387495e-03
  9.0591027e-04
  6.4573539e-03
 -8.2143227e-04
 -4.4147330e-03
 -4.2254403e-03
 -3.5286215e-03
 -2.2887762e-03
  1.2092055e-03
 -1.1917267e-03
  2.2333232e-05
  1.1540850e-03
  3.1513986e-03
 -1.2991495e-03
 -5.4261661e-03
  3.6399402e-03
 -7.6284804e-03
 -1.6127655e-05
  6.2663847e-04
 -4.1219862e-03
 -2.9828721e-03
  2.2856910e-03
 -2.9495652e-03
 -4.8533874e-03
 -4.7054980e-03
 -1.2672953e-03
  1.6577664e-03
 -2.9736662e-03
  1.4438311e-03
 -1.2243446e-04
  7.5345514e-03
  3.1616776e-03
  3.7436476e-03
 -1.1439811e-04
 -4.5525678e-04
 -5.9914980e-03
  1.8030826e-03
 -1.5000791e-03
 -8.4599452e-03
 -4.5161215e-03
 -1.4153022e-03
  1.1350776e-03
 -4.3929606e-03
  1.7831288e-03
  1.3270983e-03
  1.0511445e-02
 -2.3553306e-03
 -6.9205528e-03
 -7.1265241e-03
 -1.7183383e-03
  1.2511681e-01
 -1.1835494e-03
  7.9172179e-03
  8.4228494e-04
  2.7065189e-03
 -8.7219253e-03
 -4.4933422e-03
  6.6298491e-04
 -7.0048950e-04
 -8.2470747e-03
 -4.3254453e-03
  1.9201094e-03
  9.7033400e-03
  4.1635446e-03
 -2.6270223e-04
  8.9959963e-04
  2.4358027e-03
  5.8792625e-03
 -7.8131224e-04
  6.4647775e-03
 -1.4477390e-03
  8.4428594e-04
 -1.1397932e-03
  1.8813717e-04
 -5.3705652e-03
 -1.1925665e-02
 -4.5996425e-03
 -9.4932253e-03
  3.7535592e-03
  3.6949238e-01
  7.1469592e-03
 -2.9270363e-04
  1.1610925e-02
  1.8499977e-03
 -9.6143410e-04
 -4.7080428e-04
 -2.2757845e-03
  5.7957456e-03
 -2.9287015e-03
  8.8615969e-02
  5.2298862e-03
 -1.6341984e-03
  1.2176463e-03
  3.8807909e-03
 -8.0682607e-03
 -5.7684318e-03
 -8.7771816e-03
  2.2232700e-03
  1.4317823e-03
  1.1712018e-01
  1.1671722e-02
  3.9595157e-01
 -2.2686482e-03
 -1.6077285e-01
  1.1665121e-01
 -1.9375929e-01
 -3.7390370e-02
 -4.2500153e-01
  1.1729564e-01
 -3.2547650e-01
  8.4778918e-03
  2.1007822e-01
 -4.6478823e-01
  9.1380969e-02
 -1.5885931e-02
  9.8124541e-02
 -8.7125272e-02
 -1.2783746e-01
  9.3141776e-03
 -6.4904749e-02
 -9.5978733e-03
 -3.5907107e-04
  2.4943652e-02
  1.2397420e-01
  4.0152748e-03
  3.7115649e-03
 -1.9245712e-01
  1.8359096e-01
  3.9641839e-03
  2.6081279e-03
  1.2258875e-01
  3.7839674e-04
  2.4881465e-02
  7.3806033e-02
  2.6264405e-03
  1.4828359e-01
  1.9676783e-03
  8.4726308e-03
 -2.4469623e-02
 -7.6751605e-02
 -9.2741230e-04
  1.3397554e-03
  1.0909406e-02
  3.0045974e-04
  1.1585864e-03
  6.8108109e-03
 -4.4484222e-03
  8.5350433e-03
  1.4194332e-03
 -6.0031754e-03
 -7.0143410e-04
 -7.6898449e-04
 -2.8919080e-01
 -3.5516364e-03
 -3.7393691e-03
  3.4929216e-03
 -7.3791958e-02
 -9.3644941e-03
  1.1815572e-03
 -6.0869218e-03
  1.7164377e-02
  6.5162126e-03
  3.0818947e-03
  4.7598793e-03
  1.0371138e-04
 -3.9292239e-03
  2.4029466e-03
 -2.7656887e-04
 -1.5153165e-03
  8.4053855e-03
  5.5309338e-04
  4.9947778e-04
 -6.8833870e-03
 -5.0991918e-03
 -4.9291495e-03
 -3.3957104e-03
  4.2633275e-03
 -2.7603894e-03
 -4.4877934e-03
 -3.3287029e-03
  3.6231100e-03
  3.0167637e-04
  1.1918263e-03
 -2.2361502e-03
  1.7704832e-04
 -2.7244259e-03
 -5.9553641e-03
  1.4093149e-01
 -1.1558673e+00
 -3.9569188e-02
 -2.0653143e-04
 -5.0338823e-02
  6.5796787e-01
 -6.0900533e-01
  4.1618362e-01
  5.1893926e-01
  1.2190820e-01
  2.2511533e-01
  3.2693364e-02
 -1.6088107e-01
  1.8760035e+00
  1.9263378e-03
  3.7182197e-03
 -6.8302110e-02
  9.7011929e-05
  5.3827578e-01
 -1.5529782e-03
  8.2746428e-01
 -5.1389630e-03
 -1.2711459e-03
  1.8028783e-03
 -5.9627346e-04
  4.7938642e-03
 -1.0151123e-01
  1.8355304e+00
 -9.5394196e-04
 -1.0832630e-02
 -9.8715303e-04
 -2.0408046e-02
 -2.8601335e-02
 -2.6164263e-01
 -4.0391278e-03
  4.2591454e-04
 -1.6860323e-01
 -9.6579990e-04
  2.3047524e-03
  4.7135781e-03
 -6.8592457e-03
 -3.1452680e-03
  1.8030812e-04
 -1.8963483e-03
 -5.1373979e-03
 -1.2487168e-02
  3.7999784e-03
 -3.1127017e-02
  4.1995770e-03
 -9.1628172e-03
 -6.0036415e-03
  4.9743004e-02
 -4.7445827e-04
  7.1782013e-03
  2.6185692e-03
  1.5501035e-03
 -6.1962991e-03
  1.6462121e-03
 -6.4429180e-03
  3.0706364e-03
 -2.1570562e-01
 -5.4805051e-04
 -1.8103285e-02
  1.8966915e-02
  3.3019134e-03
 -2.1018457e+00
 -2.5373488e-03
  2.8184562e-03
  2.6898496e-03
  1.8032434e-03
  7.2586408e-04
  4.5547746e-03
 -9.1307368e-03
  3.7900007e-03
  6.9719208e-03
  3.9134058e-03
  4.8114799e-02
  9.0363761e-04
  2.4450878e-02
  6.4175380e-03
 -3.2431083e-03
 -1.9636271e-03
 -1.2027351e-03
  2.8314244e-03
 -6.4831050e-03
 -1.0027499e-03
  8.5699651e-04
  1.9269357e-03
  5.8576586e-03
  6.8676653e-03
 -1.8473113e-03
 -9.8079094e-04
 -6.4102579e-03
  3.7412839e-03
 -5.7760044e-06
  1.2625317e-04
  1.8029800e-03
  8.2159991e-04
  3.2450128e-03
 -1.1422706e-03
 -7.3647168e-03
 -5.4993895e-03
  3.8414132e-03
  2.6703859e-03
  1.3054111e-03
  4.5599809e-04
 -3.9362785e-05
 -9.7233942e-03
  1.1754729e-04
 -4.5063915e-03
  1.4376666e-02
  9.7266480e-04
 -1.5170698e-03
 -5.0182752e-03
  5.1594421e-04
 -2.3324643e-03
 -6.5950525e-04
  1.2568450e-03
  2.5365353e-04
 -1.8755010e-03
  9.6870922e-03
  9.7202451e-04
  8.9801475e-03
 -6.5729325e-04
 -3.2847340e-03
 -2.4858662e-03
  3.2141288e-03
 -3.1129669e-03
  3.2026228e-04
 -4.2758090e-03
  8.5454537e-03
  6.9519784e-04
  5.7501131e-04
 -1.9044327e-03
  7.7889045e-04
  7.6458198e-01
  2.7666043e-02
 -8.0298156e-02
 -9.3104951e-03
 -4.8673111e-03
  3.3820888e-01
 -9.6197063e-03
 -1.1883041e-02
 -3.3830139e-01
 -5.6247735e-01
 -1.3788518e-02
 -1.3104680e+00
  1.8611995e-03
 -1.3838160e-01
 -5.1553445e-03
 -2.1844995e-03
  2.0495255e-02
 -3.1220621e-01
  2.9648473e-03
 -3.7848353e-01
  3.3286136e-02
  3.9940529e-02
  5.7018536e-01
 -4.6615645e-01
 -2.0167308e-01
  2.9955939e-03
 -7.9459018e-01
 -1.3135083e-02
 -4.5387624e-03
 -9.5159626e-01
  5.3012693e-01
  6.0841966e-01
 -1.0324498e+00
 -3.2079546e-03
 -2.5795144e-01
 -5.5915061e-02
  6.6566621e-03
 -1.8420862e-01
  1.2373483e-01
  2.9763145e+00
  4.1650678e-03
 -3.5583025e-03
  2.4470253e-01
  3.2689974e-02
  7.4580222e-01
 -8.0041531e-03
 -1.2817876e-03
  1.1529852e-04
 -5.6769252e-02
 -2.2534729e-04
 -8.7805414e-01
 -1.2618821e+00
 -3.4336829e-01
 -4.9162176e-02
 -2.7465280e-03
  1.9436444e-01
 -2.7376416e-01
 -1.5520141e-03
 -5.1218897e-01
 -1.8186764e-01
 -3.2637689e-01
  1.8521509e+00
 -6.7441729e-03
 -2.1269763e-01
  6.3501351e-02
  5.8136761e-02
  1.5728134e-01
 -4.9750903e-01
 -1.0054495e-01
 -2.4922696e-01
  2.2196768e-01
  2.0439123e-01
  5.2607936e-01
  1.7937946e-01
 -8.3145145e-03
  1.6140139e-01
 -8.2932913e-01
 -1.6386797e-01
 -1.1449923e-01
 -5.8573675e-01
  4.1687566e-01
  1.1392282e+00
  1.4934874e+00
 -5.2909124e-01
 -4.9988016e-01
 -2.6439184e-01
 -2.6343417e-01
  6.4727718e-01
  1.5844722e+00
  1.1217309e-01
 -9.5116682e-03
  4.5733545e-02
  4.0876457e-01
  2.6828155e-02
 -3.2663766e-01
 -7.3939927e-02
  9.1639557e-04
  3.1816537e+00
 -4.1134870e-01
  9.6633297e-01
  2.1601522e-01
  1.6823868e+00
  2.4195241e-02
  3.4289696e-05
 -7.4742132e-01
  9.3678601e-02
 -1.5176740e-01
  1.3805582e-01
  1.3957075e+00
 -1.4676332e+00
  1.3006238e+00
  3.2117549e-01
  3.1525505e+00
  1.8773969e-01
 -8.6227186e-02
  1.0569073e-01
 -2.8515932e-01
  4.3866478e-02
 -5.6947070e-01
 -1.3762045e-02
  9.9531180e-01
  2.3799645e-02
 -8.4995854e-01
  1.5616538e-01
 -2.9041144e-01
 -1.1753658e+00
 -2.0104028e-01
  1.0290440e+00
 -1.1802347e+00
  1.1463257e-02
  1.2082756e-01
 -8.1496370e-01
 -4.3308374e-01
  4.6274665e-01
  2.0291602e-02
  6.1996478e-01
 -3.5628062e-01
  1.6141766e+00
 -4.3153036e-01
  1.1018411e+00
  4.4205856e-01
  6.9070280e-01
  1.5873034e-01
 -2.5565878e-01
 -2.3893020e-01
  1.3174704e-01
  2.6865667e-01
  5.3454047e-01
  4.0875694e-01
 -8.9287919e-01
 -3.6698582e-03
  7.7257818e-01
 -6.7987078e-01
 -1.0101030e-01
  4.5091868e-03
 -1.5116308e-04
  3.2724357e+00
  2.7771911e-04
  1.5592466e-01
 -3.5038355e-01
 -2.4998684e+00
  1.3856552e-02
  7.6305330e-01
 -4.8632702e-01
 -2.0478767e-01
  5.0542080e-01
  1.2095053e-01
  2.9575342e-01
  2.8319421e+00
 -6.5063750e-03
 -6.7933649e-01
 -5.7775766e-01
  3.9158085e-01
  8.0857962e-02
 -1.3180088e-03
 -3.8799047e-01
  2.9072878e-01
 -5.4813266e-02
  3.7985632e-01
 -1.1881656e-01
 -9.4050044e-01
  2.7765661e-01
  8.2922173e-01
  1.0320111e-01
  1.1110315e+00
 -6.9443442e-02
 -1.6251605e+00
 -2.2518605e-01
 -6.0507059e-01
  9.7825766e-01
 -8.8299597e-03
 -2.0051446e+00
  2.3003906e-01
  7.1649212e-01
  1.1113855e+00
 -1.3619978e+00
 -1.1612053e+00
  1.0257479e-01
  9.8465782e-01
 -5.4837322e-01
 -2.1555305e-01
  3.6352155e-01
 -3.0094531e-01
 -1.8140860e+00
 -1.4020976e+00
 -4.6497472e-02
 -3.1278977e-01
 -1.4948596e-02
 -1.6998935e-02
 -4.4882006e-04
  6.8645293e-01
 -9.6052200e-01
 -2.9157525e-01
 -2.8992423e-01
 -3.6443409e-01
 -2.5922770e-02
 -2.8459170e-01
 -4.3958440e-02
  4.3306810e-01
  8.0962574e-01
 -1.1238151e+00
  2.7995175e-03
 -7.3849851e-01
 -4.4777259e-02
 -2.9940143e-01
 -8.8888980e-02
 -2.3544939e-01
 -3.4883257e-03
 -2.7851487e-02
  5.6766532e-03
 -1.4868642e+00
  6.5696903e-02
 -9.6026450e-01
  2.7799653e-03
 -9.6567446e-01
 -5.1922232e-01
 -3.0926877e-01
 -2.2281204e-01
  1.1474184e+00
 -3.1440750e-01
 -7.2655803e-01
  8.8260759e-04
  3.5443425e-01
  1.0326689e+00
 -2.4048077e-01
  3.4467492e-03
  8.3052850e-01
 -6.5566696e-02
 -3.9137673e-01
 -6.6634935e-01
 -3.4114850e-01
  1.2224700e-01
 -7.1745723e-01
  2.0204207e-01
 -1.2583584e+00
  6.8844326e-02
  2.3530819e+00
 -2.8458029e-01
 -5.7602311e-03
 -1.1680801e-02
  4.1443083e-02
  7.0057047e-04
 -2.3054106e-03
  1.2585548e-01
 -5.4198809e-02
 -3.1629944e-01
 -1.6040394e-01
 -5.5995728e-03
  1.3715546e-01
 -3.7544131e-01
 -1.3731883e-01
 -2.2470197e-02
  2.8342965e+00
  1.6796855e-03
 -3.0562532e-01
  3.5619545e-01
 -1.2209241e+00
 -2.2915672e-01
  3.2551713e-02
 -2.0261018e-01
  5.0423926e-01
 -8.0391243e-02
 -4.7417143e-01
 -9.1928333e-02
  1.7819777e-02
  1.5231499e-02
 -4.7648397e-01
  6.6779929e-01
  3.8858342e-01
  1.2191916e+00
 -5.8629924e-01
 -3.8080342e-04
  4.6614958e-03
 -8.8146806e-02
 -3.6209407e-01
  6.8213201e-01
  5.2516210e-01
  1.0944439e-02
  8.1501651e-01
 -7.6481298e-02
  3.5752842e-01
 -7.3873806e-01
  6.7726171e-01
  1.2244108e-01
  4.0539271e-01
 -1.8779313e-02
 -6.6812301e-01
  9.0186024e-01
 -7.1527380e-01
 -8.3553427e-01
  7.1092549e-04
  1.9307140e-01
 -1.1422405e-02
 -5.0036842e-04
  9.7330070e-01
 -4.5627332e-01
  1.2151761e-01
  3.9748713e-02
 -1.4466136e+00
 -1.0901465e+00
  5.0149763e-01
  7.0996629e-03
 -1.9839841e-01
  3.6954537e-02
 -1.5606402e-01
  1.2029316e-02
 -9.9125063e-01
 -9.9138522e-01
 -3.6188668e-01
 -4.4632313e-01
 -1.0065055e+00
  1.9885136e-01
  7.4506223e-01
  5.9100809e-03
 -2.7685244e+00
  3.0686143e-03
 -6.4619547e-01
  4.1652381e-02
  1.8807454e-01
 -6.6137958e-01
 -5.7809472e-01
 -4.8053724e-01
  2.5956371e-04
  2.8396832e-02
 -7.8160781e-01
  2.2915072e+00
 -8.5506409e-01
  1.8034422e-01
 -1.4096037e+00
  1.8133976e-02
 -1.6666292e+00
  1.2959616e-01
 -1.9926061e-01
 -9.9704295e-02
 -9.4069767e-01
 -8.4372468e-02
 -1.8965490e+00
  1.3248277e-01
  1.3263471e-01
 -1.3909151e-01
  1.9674339e+00
  7.7034295e-01
  1.6141412e-01
  3.4576535e-01
  6.3564688e-02
 -2.3189317e-01
  1.9348308e-01
 -5.4437634e-02
  1.8782261e-01
  1.6967551e+00
  1.9888321e+00
  1.1922961e+00
  5.2745566e-02
 -1.4375588e+00
  8.7062317e-01
  1.3846214e+00
  1.7716764e+00
 -1.0740931e-01
  1.7087568e+00
 -2.8480682e-01
 -3.4916422e-01
  1.4298935e+00
 -1.2337749e+00
  6.6839868e-01
  3.8364547e-01
 -2.8615987e-01
 -1.6844533e-02
  2.8245777e-03
  7.3446041e-01
  1.1797326e+00
  1.8833375e-02
  1.2077127e+00
  1.2691778e-02
  7.1813524e-01
  7.7885520e-01
  5.3392619e-01
 -1.4079098e+00
  1.6424086e+00
  1.2240201e+00
  3.2886404e-01
  8.6181021e-01
  9.0663105e-01
  1.1046667e+00
  8.3613262e-02
  2.7984164e+00
  2.3906003e-01
  9.4079453e-01
  8.1627578e-02
  1.0227813e+00
 -2.5853583e-01
 -2.1299558e+00
 -7.6085180e-01
  9.1008935e-03
  4.7229100e-02
 -8.7019410e-03
  1.5846784e-03
 -3.6489046e-03
  6.0637828e-02
 -7.8590818e-02
 -1.0933334e-03
  7.5879082e-02
 -4.5656085e-02
 -1.4716551e+00
 -1.9648983e-01
  4.0135932e-01
  3.9132163e-01
  4.3079409e-01
  8.0304667e-02
  1.4555082e-01
  1.3247195e-02
  5.3911831e-02
 -6.1401278e-02
  4.2287725e-01
  8.9856412e-04
 -2.4334896e-01
 -1.1489593e+00
  6.4337060e-02
  5.2873516e-01
 -1.6761445e-01
  2.5119562e+00
 -1.2716287e-01
  3.3134577e-04
 -7.2550946e-01
  6.1798638e-01
  9.7641772e-01
  6.3821274e-01
 -7.5705335e-02
 -8.9413422e-01
 -9.1367376e-01
  7.9822415e-01
  5.2035147e-01
 -1.3923196e+00
 -1.2756021e-01
  1.7829338e-01
  2.2330025e-01
 -5.9793942e-02
  8.1285095e-01
  3.6270425e-01
 -1.0585426e-01
  1.0387634e-01
  9.2414951e-01
 -8.8219077e-04
 -7.2680408e-01
 -1.3420957e+00
 -5.4958248e-01
  2.6515195e-01
 -1.6931549e-01
 -1.2694801e+00
 -4.2270696e-01
 -3.5512604e-02
  1.7216725e-02
  1.2204441e+00
 -2.6474234e-01
  8.0908471e-01
 -1.8844922e+00
  8.0355632e-01
  1.4263065e+00
 -1.5438011e+00
 -5.0987357e-01
 -1.0711162e+00
 -3.2465228e-01
 -8.7708578e-02
 -1.6119090e+00
  5.4481429e-01
  2.1609564e-01
  5.4946494e-01
  3.4486437e-01
 -1.1011720e+00
 -3.8544717e-01
 -4.5287213e-01
  2.7658999e-01
 -4.4058657e+00
  1.6170993e+00
  2.2006874e-01
 -5.7613975e-01
 -7.7419960e-01
  1.4785596e+00
  9.9125253e-03
 -6.6421783e-01
 -2.8685170e-01
  3.2369798e-01
 -2.8408968e-01
 -3.1117547e-01
  1.9143869e+00
  2.1175668e+00
 -1.7394407e+00
 -1.4786857e-01
 -1.4992999e+00
  8.0611604e-01
  6.6658938e-01
  2.0739807e-02
  2.9104334e-01
 -7.2382784e-01
 -1.3597073e-02
  1.2029149e-01
  1.8556364e+00
 -3.1684828e-01
 -3.2730889e+00
  1.6087642e+00
  2.2405403e+00
 -4.4078641e-03
 -2.4850319e-01
 -1.2493151e-01
 -2.9479389e+00
  1.5448108e-01
  5.9664130e-01
  1.6786499e-02
 -9.1097671e-01
 -7.2542620e-01
 -8.5385191e-01
  1.0949852e+00
  1.9933032e-02
  2.0672908e+00
 -3.0368740e-02
 -4.5116286e+00
  2.8578988e-01
  1.5311089e+00
  1.1118284e+00
 -7.0255530e-01
 -8.9334369e-01
 -5.7239616e-01
 -7.1701401e-01
  2.7112475e-01
  8.9308602e-01
 -1.6915830e+00
 -5.5738854e-01
  1.1084547e+00
  4.1789658e-02
 -2.0403057e-02
  5.8732265e-01
 -4.0502226e-01
 -1.1808003e+00
  6.9845396e-01
  4.9908608e-03
  5.3190756e-01
  7.5447816e-01
 -6.7822105e-01
 -8.8643104e-01
 -4.3610257e-01
 -2.1385887e-01
 -7.1271896e-01
 -1.9040135e+00
  5.2721816e-01
  1.3013617e+00
  3.3567238e-01
 -8.7001938e-01
  8.0478865e-01
  7.7714080e-01
 -1.2249193e-01
  4.6332619e-01
  1.2615414e-02
 -2.4132298e-03
  1.8599834e-03
  9.8605091e-03
 -1.6027343e-01
  6.0849375e-01
 -1.0718468e-03
 -4.0415768e-02
 -1.0355514e-01
 -1.3316289e+00
  1.1064301e+00
  6.4391792e-01
  7.2099447e-01
  5.3639668e-01
 -4.4335577e-01
  3.2276143e-03
 -5.1414180e-01
 -5.7739061e-01
  5.1541217e-02
  3.9822048e-01
 -1.5835917e-01
  2.6050614e-02
 -3.5723466e-01
  1.2458489e+00
  8.0792832e-01
 -1.0696300e-01
 -3.4930912e-01
 -6.3747779e-02
  6.4450055e-01
 -2.0559038e-01
  2.6068628e-02
  2.7200086e+00
 -1.6356781e-01
  7.0977676e-01
  2.4750134e-01
  9.7463530e-01
  3.2412791e-01
  1.9874370e-01
 -1.0473831e+00
  6.6213566e-01
  1.2453094e+00
 -4.1912785e-01
 -1.4551990e+00
  6.3652742e-01
  3.9672261e-01
 -4.7307596e-01
 -1.0244162e+00
  7.3050666e-01
  9.7806078e-01
 -1.3136786e+00
  6.2077912e-03
 -1.1208379e+00
  6.6061881e-03
  1.3015152e+00
  3.8711014e-01
 -9.2948057e-02
  7.5889891e-01
 -7.1500671e-01
 -7.5250226e-01
  1.6564399e-03
 -2.3409688e-01
  4.4914344e-01
  1.8970462e+00
 -1.8297631e+00
 -6.9078392e-01
  7.2522330e-01
  5.7429349e-01
  3.0494916e-01
 -1.0462570e+00
 -2.0652866e+00
 -2.1338394e+00
 -1.4289383e+00
  3.5839453e-01
  1.4260925e+00
 -4.2784354e-01
  3.8810619e-04
  1.2387857e+00
  8.1143761e-01
  2.6844764e-01
 -2.8366911e-01
  4.7394704e-02
 -6.0319924e-01
 -3.2050360e-04
 -3.7717241e-01
 -4.7886789e-01
  7.9956271e-02
 -2.0967873e-02
 -1.7033674e-01
 -1.3230498e+00
  1.2589490e+00
  1.9671869e-01
 -2.6033169e-02
 -8.1462705e-01
  9.4250071e-01
  2.6465285e-01
 -7.4842542e-01
 -3.3939251e-01
  2.3030117e-01
 -1.0348738e-02
 -3.2242349e-01
  1.4333255e+00
 -1.1033014e+00
  1.3951503e-01
 -1.9677845e-01
  4.0038535e-01
 -2.0456085e+00
 -2.9077500e-01
 -1.1637221e-02
  2.2049220e+00
  7.7028030e-01
 -3.4288311e-01
  2.6055297e-01
 -8.8020706e-01
 -1.3673691e+00
 -2.6836884e+00
 -2.4224699e+00
 -3.6274877e+00
 -2.0644290e+00
 -4.7137919e-03
  4.5254347e-01
 -5.9720522e-01
  1.4301572e+00
 -5.0536931e-01
 -7.0379752e-01
 -3.6207658e-01
  7.0957404e-01
 -5.7565951e-01
 -3.4182948e-01
 -1.7900714e+00
 -5.2647704e-01
  8.2088798e-02
  2.2287594e-01
 -1.4069846e+00
  1.5158696e-01
 -1.1755461e-01
 -1.7975703e-01
  2.1230289e-01
  2.0825975e+00
 -1.8571252e-01
 -8.0731757e-02
  6.7218237e-02
 -4.7902083e-01
  2.7272743e-01
 -2.6397243e-01
 -1.5076579e-01
 -2.2902796e+00
  2.1363607e-01
 -7.3244888e-01
 -1.5109296e-01
 -1.4460558e+00
  1.8040247e-01
 -4.2179954e-01
  1.0971099e+00
  1.5323886e+00
 -1.5105519e+00
 -7.0592964e-01
  7.1907282e-02
  4.8997381e-01
 -1.2962105e+00
  3.7575944e-04
 -4.2613444e-01
  1.8943610e-02
  1.0976696e+00
 -8.4720731e-02
  8.0818641e-01
  1.5820954e+00
 -4.4595143e-01
 -7.2427380e-01
 -6.4417504e-02
 -3.1514129e-01
 -5.7145488e-01
 -2.7942155e-03
 -6.1809957e-02
 -7.1730763e-01
  5.5452466e-01
 -6.1299402e-01
  6.5052021e-01
 -1.6783125e+00
 -5.4993564e-01
 -7.0706487e-01
 -6.5067075e-03
 -1.3205966e+00
 -5.8675045e-01
 -9.0099766e-04
 -9.3296862e-01
  9.5538902e-01
  1.2258631e+00
 -9.4928205e-01
 -1.0036995e+00
  7.3727852e-01
  1.1156937e+00
 -2.9279244e-01
  2.7846423e-01
  5.6907690e-01
 -7.5798355e-02
 -2.4127658e-01
  7.3351431e-01
  7.8832328e-01
 -6.9610202e-01
 -4.5497146e-01
  3.3096370e-01
  9.8119354e-01
 -3.8346896e-01
 -3.2567862e-01
 -9.1901213e-01
  9.4025493e-01
  9.6809357e-02
 -6.2870306e-01
 -1.0985343e-01
  6.7407703e-01
 -1.1659478e+00
 -1.1222856e-01
  4.4864810e-01
 -8.2479584e-01
  1.2935764e+00
  1.1310973e+00
 -1.0717025e-02
  1.9059623e+00
 -1.0215698e+00
 -4.6343651e-01
 -1.4319855e+00
  2.0755397e-01
  1.7954752e+00
  6.0475665e-01
  1.1892247e+00
 -7.5331330e-01
  1.9040289e+00
  3.0690154e-01
 -7.1184355e-01
  8.8085902e-01
 -1.0104710e+00
 -1.6117168e-03
 -5.8473945e-01
 -8.5764816e-03
 -2.8478172e-01
  2.1865134e+00
  4.2044511e-01
  6.0212952e-01
 -4.3111029e-01
  1.4927952e+00
  7.5289595e-01
 -2.7671680e-01
 -1.1840014e+00
  2.3515310e-02
 -8.0647962e-03
  2.3917013e-01
 -1.4143285e+00
  5.7044071e-01
  1.6578464e-03
  5.1376468e-01
 -7.1753877e-01
  1.7261617e+00
 -1.6078469e-03
  6.3136047e-01
 -1.6691217e-02
  7.8684103e-01
 -6.0409170e-01
 -1.6854885e-01
 -8.4149867e-02
  7.2369164e-01
  6.1642945e-01
  8.4882510e-01
 -8.7831348e-02
  1.4906079e-03
 -9.5338070e-01
 -2.3553402e+00
 -2.3815408e-02
  2.5957686e-01
  6.7334282e-01
  2.9962692e+00
 -1.3159724e+00
  2.7363202e-01
  9.4676101e-01
  1.2152741e+00
  6.2159979e-01
  1.4283499e-01
  2.6439235e-01
 -5.4417831e-01
 -9.7259039e-01
  1.2230103e-01
  1.4447864e+00
  4.1375640e-01
 -3.8185388e-01
  1.4764918e-01
  7.4107629e-01
  1.6715518e-01
  1.3425401e+00
  4.3512002e-01
 -2.8116795e-01
 -2.9073188e-01
 -3.7054601e-01
 -9.9967513e-04
 -7.5428677e-01
 -1.3921901e-02
 -2.4367917e+00
  1.0184559e+00
  3.7933996e-01
  4.7776988e-01
 -4.7102660e-01
 -3.1418290e-03
  7.6661330e-01
  4.7260961e-01
  9.8867714e-01
  5.5253482e-01
  3.9470318e-01
  3.1161427e-01
  1.6276782e+00
  5.4896021e-01
  9.4169790e-01
 -1.3513883e+00
 -4.0650994e-01
 -1.9468534e+00
  5.0645679e-01
 -4.1344608e-03
  4.7243945e-03
 -4.2229119e-01
 -1.2671919e+00
 -5.7366531e-02
 -1.2478337e-01
  3.2149851e-01
  4.3837985e-01
 -2.7332604e-01
  6.4369482e-01
 -1.6021622e+00
  4.4441876e-01
  2.0977715e-03
  3.1906196e-01
 -1.0566084e+00
 -1.1984266e+00
 -1.4990892e-01
  1.7539959e-01
  8.5643917e-01
  9.7559547e-01
  1.0625355e+00
  4.2608309e-01
 -1.2579944e+00
 -4.6084179e-03
  9.7780958e-02
  3.3829135e-01
 -1.5578235e+00
  5.0666541e-02
 -7.7778208e-01
 -1.0348403e+00
  9.4333060e-02
  7.5117463e-01
 -3.7184176e-01
 -2.1900687e+00
 -1.8968487e-01
  1.2452129e+00
  3.5278210e-01
 -1.1049389e+00
 -1.3701196e+00
 -2.1643312e-01
 -3.7440607e-01
 -2.4931464e-01
 -3.3835319e-01
 -3.3788192e-01
 -2.0311795e-01
  9.8119847e-02
  4.0662724e-01
  2.3359172e-02
  2.3359172e-02
  2.3359172e-02
  2.3359172e-02
  2.3359172e-02
  2.3359172e-02
  2.3359172e-02
  2.3359172e-02
  2.3359172e-02
  3.7800722e-02
  3.7800722e-02
  3.7800722e-02
  3.7800722e-02
  3.7800722e-02
  3.7800722e-02
  3.7800722e-02
  2.9012233e-02
  2.9012233e-02
  2.9012233e-02
  2.9012233e-02
  2.9012233e-02
  2.9012233e-02
  2.9012233e-02
  1.3580502e-02
  1.3580502e-02
  1.3580502e-02
  1.3580502e-02
  1.3580502e-02
  1.3580502e-02
  1.3580502e-02
  5.7021868e-03
  5.7021868e-03
  5.7021868e-03
  5.7021868e-03
  5.7021868e-03
  5.7021868e-03
  5.7021868e-03
  1.2225810e-02
  1.2225810e-02
  1.2225810e-02
  1.2225810e-02
  1.2225810e-02
  1.2225810e-02
  1.2225810e-02
