nep4 2 Cu Se 
cutoff 7 5 100 44
n_max 8 6
basis_size 12 12
l_max 4 2 0
ANN 50 0
 -4.0765575e-01
 -9.4378978e-02
  5.5587542e-01
 -2.6880497e-01
  6.9055699e-02
  6.6960305e-01
  7.1711075e-01
 -1.7588854e-01
 -5.5285871e-01
 -1.9945070e-01
  1.2057221e+00
  3.5519183e-01
 -4.5956690e-02
 -1.3340833e-02
  1.2363760e-01
  4.6013993e-01
  2.3245184e-01
 -3.1938532e-01
 -1.6081133e-01
  7.6847285e-01
 -3.6582896e-01
  9.1505468e-02
 -3.5022604e-01
  4.3582016e-01
 -9.9845603e-02
 -7.0335418e-01
  4.7602442e-01
  4.5701501e-01
  2.5439566e-01
 -1.1542549e+00
  3.9617044e-01
 -4.2755130e-01
 -5.2606297e-01
  5.2677221e-03
  1.2283844e-01
 -4.4136977e-01
  7.5539298e-02
  7.7642328e-01
  7.6287788e-01
  3.7956193e-02
 -2.2680227e-01
  4.2684320e-01
 -5.3349566e-02
 -4.7115546e-01
  1.7765135e-01
 -3.5850111e-01
 -3.4481847e-01
  2.9870352e-02
  4.4853753e-01
  1.0412867e-01
  9.7912234e-01
 -2.5855479e-01
 -3.2022738e-01
  2.4776883e-01
  6.0349565e-02
 -3.6397937e-01
 -5.7891184e-01
 -3.3553851e-01
  1.3432561e-01
  5.5849373e-01
  2.0894611e-01
 -2.5281352e-01
  2.1674367e-02
  4.0292703e-02
  1.8412524e-01
  7.5770773e-02
 -2.2316681e-01
  6.2147051e-02
  5.0705159e-01
  1.1616334e-01
  1.5795849e-02
  2.5928605e-01
  4.5847204e-01
  2.7845019e-01
 -5.2257534e-02
  1.8675503e-01
  2.3559588e-01
 -1.2809791e-01
 -2.8605285e-01
 -4.4306882e-02
  1.3265848e-01
  4.0779072e-01
  2.7312753e-01
  1.6018704e-01
 -1.3847547e+00
 -5.0778806e-02
  4.2000884e-01
 -4.3934382e-02
 -1.2150270e-01
  6.6149563e-01
 -3.7948474e-01
  1.7518118e-01
 -2.2363577e+00
 -4.3893269e-01
  1.1100293e+00
  1.2321440e+00
  2.9779300e-01
 -8.9328373e-03
 -5.8596343e-02
 -2.8376594e-01
  2.1029963e-01
  1.7854013e-01
 -6.0328811e-01
 -1.0717667e-01
 -3.2875527e-02
 -3.5994776e-02
 -4.6847990e-01
 -2.2770217e-01
 -2.5023392e-01
 -1.0346885e-01
  3.7649751e-01
 -1.0846198e-01
 -6.8885118e-01
  2.2626922e-02
 -4.8408225e-01
  2.7464458e-01
 -9.3260884e-01
 -1.0870985e-01
  1.1917417e-01
  1.0982776e-01
 -6.3712513e-01
  1.1288235e-01
  5.6518751e-01
  2.9921108e-01
  2.8866157e-01
  2.2536695e-01
  2.1422970e-01
  7.3321927e-01
  1.8875089e-01
 -2.6350617e-01
  1.4122240e-02
  6.5191603e-01
 -4.7602445e-01
  1.9897250e-02
 -1.9201155e-01
 -1.0443383e-01
  6.1920041e-01
  3.3012658e-02
 -9.3968534e-01
  1.7490289e-01
  1.0558075e-01
 -2.9680932e-01
  5.4423422e-01
  6.3750958e-01
  5.9029922e-02
 -6.8939066e-01
  6.9411695e-01
  2.4704286e-01
  2.8228855e-01
  5.7713544e-01
 -5.1907712e-01
 -8.2873926e-02
  3.1722820e-01
  1.0209600e+00
  3.1082454e-01
 -6.6420048e-01
  4.0063387e-01
 -1.4965811e-01
 -3.4655333e-02
  1.9732263e-02
 -4.2246751e-02
 -1.0718733e-01
 -2.3323748e-01
  1.7803907e-04
 -5.2733219e-01
  3.7139472e-02
  4.3826377e-01
  1.2810284e-01
  5.4050352e-02
  2.7730348e-02
 -8.2812190e-02
 -3.4362832e-01
 -6.4967081e-02
 -4.8198313e-01
  2.8886485e-01
  7.5816564e-02
  8.1065392e-01
 -4.1617954e-01
 -5.2899830e-03
  3.9383766e-01
 -7.0618576e-01
  1.1268213e+00
  1.5437020e+00
 -4.4308253e-02
 -1.5442050e+00
  1.9774073e-01
  1.4893303e-02
  9.6958987e-02
  1.8528500e-01
 -1.7372847e-01
 -1.3409469e-02
  1.0108431e-01
  1.7238879e-01
  2.7307424e-01
 -7.8465223e-02
  1.9541436e-01
  5.3828001e-01
  3.0067149e-01
  1.0091510e-01
 -2.2751942e-02
  1.0074100e-01
  4.6858820e-01
 -1.0005226e-01
 -2.5258452e-02
 -1.4965532e-02
 -8.8312589e-03
  4.1890904e-02
  9.7838587e-01
  1.1353367e-02
  1.7453785e-01
  2.0145914e-02
 -8.7919906e-02
 -6.6740352e-01
  1.9632056e-01
 -6.3772100e-01
 -2.5616929e-01
 -2.4720250e-01
  4.3329331e-01
  6.5614611e-02
 -2.0465879e-01
  1.5318207e-03
 -4.6396159e-02
 -5.6280404e-01
  1.2387636e-01
 -3.4179729e-01
 -1.9460365e-02
 -1.3608812e-01
 -5.5372375e-01
 -5.5662215e-02
 -6.5960318e-01
 -1.9835693e-01
 -2.6074794e-01
 -1.9511357e-01
  7.0992976e-02
 -3.4264207e-01
  3.5160819e-01
 -4.7362287e-02
 -5.8067209e-01
 -1.5189007e-02
 -6.4500797e-01
  2.8698888e-01
 -2.2329416e-02
 -1.5081543e-01
 -1.5840296e-01
 -4.1014664e-02
 -5.8108461e-01
  2.8812781e-01
  3.5008672e-01
  5.2775331e-02
  1.9529301e-01
 -8.3572000e-01
  1.2269048e-01
 -3.5412109e-01
  6.5470517e-01
 -1.4344785e-01
  5.9835687e-02
  1.4776339e-01
 -8.5461766e-02
  1.3963881e+00
 -5.2322078e-01
  1.4263444e-02
 -4.4555917e-01
 -1.1356732e-01
  2.1817330e-01
 -4.7609037e-01
  1.0688800e+00
 -3.9711753e-01
  2.0245783e-01
 -9.5540321e-01
  4.4189602e-01
  1.0311159e-01
 -4.7595862e-01
  4.3760529e-01
 -2.1479651e-02
  1.3402751e-01
  2.5115794e-01
 -2.5881612e-01
  2.5740984e-01
 -2.5637636e-01
 -1.6708179e-01
 -1.9326775e-01
 -2.2074035e-01
 -1.6527432e-01
  1.2275973e-01
  5.3749430e-01
 -1.6561635e-01
 -1.2081705e-01
 -2.0747913e-01
 -1.3564628e-01
 -1.3791689e-01
  1.7824836e-02
  1.2931730e-01
  1.5702882e-01
 -1.4595054e-03
 -2.4712172e-01
  4.6735242e-01
  2.0437039e-02
 -1.8529640e-01
 -6.2429711e-02
 -6.6164374e-02
  4.3775626e-03
  1.0884710e-01
  1.5274659e-03
  2.1403097e-01
  3.7241912e-01
  1.4575504e-01
  1.2114240e-01
 -6.3084310e-01
  5.3508109e-01
 -2.0483184e-01
  2.6682147e-01
 -5.8225971e-01
 -1.6946226e-01
 -1.0542066e+00
 -2.1782647e-01
  6.7811601e-02
 -3.2572139e-02
  1.0608926e-01
 -1.7981298e-01
 -7.3759776e-01
  1.7089586e-01
  1.4808813e-01
  1.8933721e-01
  5.0140494e-01
 -1.7207611e-02
 -3.7204760e-01
 -5.0616419e-01
  2.9749393e-02
 -1.7958184e-01
  2.9856300e-01
  8.4634520e-02
  6.8705580e-03
 -2.1573600e-01
  5.9670005e-02
 -3.7204131e-02
  1.0083735e-01
  1.0334165e-01
  2.2795898e-01
  1.9405568e-01
  7.2488755e-01
  2.1597905e-01
 -2.8451109e-01
  1.9337559e-01
  3.4709918e-01
 -1.0093915e-01
  1.7244020e-01
 -1.8985038e-01
 -5.7868313e-02
 -5.2994531e-02
  1.8187940e-01
  7.2264813e-02
 -1.7297110e-01
 -3.6067179e-01
  2.8277237e-02
  1.2921044e-01
 -1.4152327e-01
 -6.4145923e-01
  1.7483458e-02
  7.4767852e-01
 -9.1163158e-01
  1.3501446e-01
  3.7754899e-01
 -5.0396168e-01
 -1.3268020e-02
 -8.2127258e-02
  1.1407720e+00
 -3.3311728e-01
  8.1146085e-01
 -1.8099050e-01
  1.4831308e-01
  2.5346303e-01
 -2.1396108e-01
  2.6855344e-01
  1.6123514e-01
 -2.3326918e-01
  1.0672562e-02
  3.3746684e-01
  8.6934015e-02
  3.4015615e-02
  2.7060479e-01
 -4.1605324e-01
  2.9199913e-01
  5.3533539e-03
 -3.4338608e-03
  3.6164202e-02
  3.9166823e-01
  7.3885028e-03
  1.0726818e-01
  3.4948397e-01
 -3.1960189e-02
  9.0833008e-02
  8.4353186e-02
  3.3038351e-01
 -2.8966677e-01
 -2.1241313e-01
 -7.0891887e-02
  2.5340793e-01
  3.0547582e-02
  6.4784598e-01
  1.1892515e+00
  6.6891050e-01
 -3.0837714e-04
 -5.0438610e-03
  5.9130496e-01
 -4.6617296e-01
  5.2519935e-01
 -2.5792280e-01
 -4.0177059e-01
  8.7064415e-02
  2.7088267e-01
 -1.8907669e-01
 -1.0935845e+00
 -2.3956418e-01
  3.1467944e-01
 -2.5804502e-01
 -8.9092799e-02
  8.3447210e-02
 -6.9977045e-01
 -2.8054896e-01
  2.7055883e-01
  2.8274179e-01
  5.9526283e-01
 -2.3458123e-01
  4.2510903e-01
 -1.4504507e-01
  5.0865434e-02
  4.5397811e-02
 -8.3456665e-02
  2.1034355e-01
  9.6336588e-02
  1.4727263e-01
  5.7640299e-02
  2.5941017e-01
 -1.7037056e-01
 -8.7058254e-02
 -1.1829118e-01
 -1.6920018e-01
 -1.8667921e-01
 -3.1363878e-01
 -1.9197246e-01
  2.0239873e-01
  1.9206098e-01
 -2.0218661e-01
  3.6077157e-01
  6.5096486e-01
 -4.5743957e-01
 -3.1620210e-01
 -3.0333884e-03
  9.4439141e-02
 -1.2961592e-01
 -2.8298274e-01
  1.8007644e-01
 -7.1498990e-02
 -4.9838048e-01
 -4.9420404e-01
  7.7068418e-02
 -6.0381047e-02
  2.0996733e-01
 -2.3812129e-01
  1.4689614e-01
  1.2301671e-01
 -6.5523750e-01
  8.0449367e-01
  3.3267077e-02
 -1.8067087e-01
 -3.0161679e-01
 -1.2412306e-01
  1.2448478e-01
  3.4649336e-01
  9.4964571e-02
  3.1007481e-01
  6.3193184e-01
  9.3878582e-03
  5.1882726e-01
  2.4175659e-01
 -7.3062465e-02
  3.9697140e-03
 -4.0608704e-01
 -7.6574080e-02
  1.9570974e-01
  2.3102704e-01
  1.3229054e-01
  3.7492551e-02
  2.5910586e-01
  1.1702552e-01
 -3.2895088e-02
 -6.6285467e-01
  9.5973656e-02
 -8.2737815e-01
  8.0371118e-01
  1.4004515e-01
 -2.7400276e-01
  1.6792060e-01
 -4.4139102e-02
 -1.2440696e-01
 -2.0460263e-01
 -6.2621558e-01
 -1.1708637e-01
 -1.6138755e-01
  8.9364749e-01
 -3.7781671e-01
  9.6312866e-02
  4.1967344e-02
  1.1036913e-01
 -2.9674566e-01
  1.1265809e-01
 -2.0766741e-01
  3.4342572e-01
 -4.1123841e-02
 -2.0922825e-01
 -4.4646272e-01
 -3.3615050e-01
 -1.2610842e-01
  4.3594983e-01
 -4.0637895e-02
  1.5653443e-01
 -1.0448208e-01
 -1.0872003e-01
  1.0004885e-01
 -3.4895921e-01
 -4.3507248e-02
  2.1535538e-02
 -3.2935318e-02
 -5.7259458e-01
  2.2332332e-01
  3.1707424e-01
 -4.9386740e-01
 -3.7417164e-01
 -4.3735847e-01
 -2.1005876e-01
  1.6122217e-01
  6.4985484e-02
 -1.2648873e-01
 -6.3010788e-01
  6.1528802e-01
  1.0794379e-01
 -6.0554099e-01
  6.8312210e-01
  2.8524742e-02
  6.5319844e-02
  1.4110276e-01
 -2.7746439e-01
 -3.9282482e-02
  1.1620088e-01
 -5.1468265e-01
  7.8006107e-01
  2.5871433e-02
 -7.0062619e-01
 -5.2957469e-01
 -2.4793945e-02
  2.0295052e-01
  1.6221836e-01
 -9.3287244e-02
 -1.9021790e-01
 -3.2205299e-01
  1.7498291e-01
 -1.4124161e+00
  9.3559682e-01
  5.3316194e-01
  2.0361808e-01
  4.9809672e-02
  7.9991788e-02
  1.4318848e-01
 -3.3684683e-01
 -5.8867741e-01
  1.4021824e-01
 -1.8725930e-01
  9.2376232e-02
  5.2379787e-01
  1.2105745e-01
 -3.1524831e-01
  4.4966045e-01
  3.8127097e-01
  3.6161113e-01
 -7.9126394e-01
  2.6586294e-01
 -1.7368218e-01
  4.4161595e-02
 -2.8622082e-01
 -5.4302990e-01
 -1.2650108e-01
  1.1078228e-01
  1.5840763e-02
  1.6728550e-01
 -7.6376542e-02
  9.0334505e-01
  1.5910019e-01
  3.7401289e-02
 -3.1500500e-01
  2.9092181e-01
 -7.7153975e-01
  3.7863731e-01
 -7.5977510e-01
 -1.5906196e-02
 -3.1540237e-02
 -3.4389487e-01
 -6.5923262e-01
 -7.2748661e-03
 -7.3920555e-02
  4.9268034e-01
  3.9710168e-02
 -5.2015615e-01
 -1.9446847e-01
 -4.1508377e-01
  1.1080736e-01
 -1.6474837e-01
  1.3679682e-01
  1.3652165e-02
  1.0029391e-01
  6.1354645e-02
  3.4253022e-01
 -4.0201032e-01
 -2.4792583e-01
  5.1629341e-01
  6.2360920e-02
  2.1057376e-01
 -1.8223076e-01
 -4.3961361e-01
  2.5190806e-01
 -6.0802317e-01
 -9.3035065e-02
  1.3345677e-01
 -1.8609658e-01
  5.8407314e-02
  3.2807272e-02
  1.0513717e-01
 -7.0953882e-01
  5.5022351e-02
  7.6713882e-02
  3.6598694e-01
 -1.8718597e-02
  3.7494367e-01
 -1.4072863e+00
  3.7172568e-01
  4.5369467e-01
  3.5220769e-01
  4.8422995e-01
 -6.0003914e-02
  1.0715008e-02
 -6.4101517e-02
 -6.7593890e-01
  7.8213525e-01
  4.6504114e-02
  1.4704472e-01
  2.9135606e-01
  4.3635121e-01
 -8.1322521e-02
  8.3420612e-02
 -5.0288814e-01
  2.4878208e-01
 -3.2758543e-01
 -2.4841911e-01
  4.9561399e-01
  1.8524672e-01
 -2.1351807e-02
 -1.4105171e-01
  6.8304583e-02
  4.1120321e-01
  1.0948224e-01
 -4.5634724e-02
 -5.8306925e-02
  7.5970553e-02
  8.8032633e-02
  4.4589585e-01
  1.7589320e-01
  4.1522425e-01
  1.8180628e-01
  4.2197329e-01
 -1.4113995e-01
 -1.6774731e-02
 -1.5671451e-02
 -4.8339599e-01
  3.2473040e-01
 -2.1482721e-02
  7.0675373e-02
 -2.6468730e-01
  3.9341536e-01
 -1.9847378e-01
 -1.7441855e-01
  8.7706983e-02
 -1.1323754e-01
  2.7006909e-01
 -1.2305807e-02
 -3.0940935e-02
 -3.9664125e-01
  1.4300951e-01
 -3.9417711e-01
 -1.2606829e-01
  2.5566906e-01
  1.5582176e-01
 -1.0483718e-02
  1.5001391e-01
 -6.3251138e-02
  3.3144817e-01
  5.4629669e-02
  2.0101243e-01
  1.7031765e-01
  1.4358629e-01
  1.0809259e-01
 -5.6114006e-01
 -6.5304315e-01
 -1.8280505e-01
 -6.3756481e-04
 -1.1089655e-01
 -4.7203604e-02
  4.0784773e-01
 -3.8051805e-01
 -8.7257288e-02
 -1.1694282e+00
 -1.6737038e-01
  6.3096829e-02
  1.8033010e-01
  4.3866158e-02
 -4.8838064e-02
  1.6850039e-01
 -1.4605442e-01
 -6.6299409e-01
  4.5813662e-01
  1.1525404e-01
  3.7847015e-01
 -7.7234879e-02
 -1.9333825e-01
 -8.1404597e-02
  4.0236640e-01
  1.2761852e-01
  1.0551187e-01
 -1.2929627e-01
  1.1143616e-01
 -3.1526962e-01
  2.2314958e-01
  2.7560916e-02
 -1.7491117e-01
  2.1903610e-01
 -1.3792987e-01
  1.0440512e+00
  2.4778672e-02
 -2.3764552e-01
 -7.3165959e-01
  3.0538175e-01
 -3.2410085e-01
  6.3204730e-01
 -2.0766430e-01
 -2.3442957e-01
 -3.4545399e-02
  4.0137395e-02
 -2.0176552e-02
 -2.0020673e-01
  1.9750763e-03
 -4.5594245e-02
 -5.5480504e-01
 -1.4089835e-01
  7.6193847e-03
 -1.4854814e-01
  6.5006453e-01
  1.8246961e-01
 -6.0222930e-01
 -3.8099244e-01
 -2.4180155e-02
  1.4790637e+00
  7.8729205e-02
 -5.0474215e-01
  2.5661099e-01
 -2.0306720e-01
 -1.7908929e-01
  2.4606347e-02
  1.0580421e-01
 -6.2741920e-02
 -4.6450913e-02
 -1.9052997e-02
  3.3005524e-01
  2.2814144e-01
  2.5785511e-02
  1.1926670e-01
 -8.1510895e-01
 -2.1154743e-02
  8.5095674e-02
 -1.1052798e-01
 -6.8445861e-01
 -6.0703915e-01
 -7.3305734e-02
  5.9475794e-02
 -1.4538917e-01
  9.2363313e-02
 -1.9621396e-01
  1.1970000e-01
  3.7970099e-01
  1.0450170e-01
 -4.0011784e-01
 -9.2570192e-01
 -1.8750535e-01
 -4.7291899e-01
  9.0448856e-02
  4.6679515e-01
  3.2574141e-01
  3.8716736e-01
  4.0467057e-01
  1.7465867e-02
  8.8991350e-01
  7.5390494e-01
 -7.6584972e-02
 -3.0701444e-01
  3.6642030e-02
  2.1922458e-02
 -4.7492054e-01
  2.7088371e-01
  1.0561382e+00
 -1.3577464e-01
 -1.0200989e-01
  4.2260909e-03
  1.9132698e-02
 -1.4465024e-01
 -2.6934447e-02
  1.9345738e-01
  3.7466237e-01
 -7.7724390e-02
 -1.1053655e-01
  2.3173645e-02
  1.6064739e-01
 -2.6017311e-01
 -5.5504769e-01
 -1.2141379e-01
  3.0387511e-02
 -2.8245345e-01
  8.3424389e-02
  4.0801443e-02
 -1.6400078e-01
  2.2327538e-01
  1.2678616e-01
 -4.7256473e-02
  6.4320736e-02
 -1.0174979e-02
 -1.0224079e-01
  2.8696841e-01
 -6.5214777e-01
  4.2168665e-01
  1.5538597e-02
  4.9191305e-01
 -1.0666618e-01
  3.7850689e-02
  3.3460602e-01
 -4.2291686e-01
 -7.1672285e-01
  1.3896273e-01
  3.5016546e-01
 -1.0949048e-01
  7.3590946e-01
 -1.0629977e-01
 -4.6868572e-01
 -4.0795720e-01
 -5.1563239e-01
 -7.6414473e-02
 -1.7108608e-02
  2.7526891e-01
  3.7883937e-01
  1.5706530e+00
 -5.1860787e-02
  2.2311978e-01
 -1.4638913e-01
  8.1565343e-02
  6.1540455e-02
  4.3364443e-02
 -4.3742901e-01
 -2.2854987e-01
 -1.9486849e-01
  3.1151962e-01
  4.9280390e-01
 -2.0175579e-01
  2.2080949e-01
 -1.2673205e-01
  8.2257114e-02
  3.9208375e-02
 -3.4610933e-01
 -3.5414657e-01
  1.0848813e-01
  3.0375037e-01
 -7.3161468e-02
  1.8277486e-01
 -1.7731582e-01
 -1.6091320e-01
 -2.3012921e-01
 -2.3549522e-01
  5.9787977e-01
  1.1879908e+00
 -7.3654041e-02
  7.5119130e-02
  3.0234724e-01
 -1.1929636e-01
  4.7319303e-03
 -1.8763855e-01
  6.1472547e-01
 -1.1945596e-01
 -5.9620202e-01
 -6.9655143e-02
 -1.9946851e-01
 -3.6111057e-02
  4.0501913e-01
  7.7219330e-02
  8.1686497e-01
 -7.5167847e-01
 -2.2347161e-01
 -5.4381089e-03
  3.9015704e-01
 -2.3183841e-01
  3.0377483e-01
  2.2531611e-01
 -2.2028644e-02
  2.3158233e-01
 -9.1274846e-01
  8.2448699e-02
 -2.7485453e-02
  1.7002334e-01
  4.1483110e-01
 -1.0275808e-01
 -1.7713591e-01
 -5.6734759e-01
 -1.3579692e-01
 -4.3505484e-01
 -1.1347586e-01
  4.9310738e-01
  9.9303998e-02
  2.3794350e-01
  9.3609132e-02
 -4.1859436e-01
 -3.2121861e-01
  8.5400379e-01
 -1.8933631e-01
 -3.5803273e-01
  2.0704541e-01
 -1.3474885e-01
  3.4148470e-02
  6.1070418e-01
  5.2380884e-01
  2.2167353e-01
 -2.9208475e-01
  3.0693629e-01
  1.6774587e-01
 -2.6259524e-01
 -4.6814188e-02
 -2.4941649e-01
  5.7278013e-01
 -5.9928197e-01
 -8.3694106e-01
  1.2439119e-01
 -6.3825279e-01
 -2.3941462e-01
 -1.5895989e+00
 -1.2800811e-01
  2.9522970e-01
  1.3304294e-02
  1.0060386e-01
 -7.7436201e-02
  4.6608411e-02
  6.4948767e-02
 -3.1430224e-01
  5.3415745e-03
  3.5645241e-01
 -1.6879256e-01
 -1.8290709e-01
 -2.7005896e-01
 -1.2945572e-01
  1.2750914e-02
  5.8847435e-02
  4.8932031e-01
  5.9310484e-01
  2.5518969e-01
  2.8594935e-01
  3.5194886e-01
  3.0958128e-01
 -4.5392036e-01
  1.4292373e-01
  1.9178770e-01
 -1.4694512e-01
 -3.3359435e-01
 -2.1813853e-01
 -6.8170652e-02
  9.6447605e-01
  5.8988845e-01
  1.3447352e-01
  2.8972134e-02
  4.5293951e-01
  1.9735855e-01
  3.5527956e-01
  1.0336644e-02
 -4.2883497e-02
 -1.0796715e-01
  5.0213326e-02
 -4.4145358e-01
 -1.7217787e-01
  1.3470088e-01
 -6.8665142e-03
  4.4129467e-01
 -5.4922169e-01
 -4.5834728e-02
 -3.8282499e-02
  2.6351750e-01
  2.3617300e-01
  1.6668497e-01
 -1.5747029e-02
 -2.2898696e-02
 -5.2465949e-02
  9.3248636e-02
  1.4623775e-01
  3.1386036e-02
  1.0831502e-01
  2.2455572e-01
  2.2051202e-01
  2.6301250e-01
 -4.1163307e-01
 -4.0473494e-01
  4.6004824e-02
 -3.0118805e-01
  1.6969390e-01
  1.1412737e-01
  1.5469988e-01
 -1.4337298e-02
  5.9982514e-01
 -1.2628257e+00
 -4.0318224e-01
 -3.6362287e-01
 -2.9860127e-01
  1.6522367e-01
  2.7360231e-01
 -1.6692527e-01
 -2.8041914e-01
 -8.7020463e-01
  4.0820771e-01
  3.0558720e-01
  7.6116735e-01
  8.3591759e-01
 -2.5635142e-02
  2.0533007e-01
  4.5613611e-01
  1.0338517e-01
  5.1393107e-02
  2.9713526e-01
  4.2543158e-02
  1.4371832e-01
  6.3053608e-01
  4.6728918e-01
 -1.5707308e-01
  2.5574848e-02
 -3.1446245e-01
 -3.8045371e-01
 -3.4205385e-02
 -2.8438464e-01
  3.3741896e-03
 -3.3904356e-01
 -1.5757796e-01
 -3.9122042e-01
 -9.8099068e-02
  2.2844303e-01
  7.2179608e-02
 -9.8047242e-02
  3.2941663e-01
 -3.5486546e-01
 -1.4591810e-01
 -2.0006624e-01
 -3.4062572e-02
 -1.3683417e-01
 -3.9014515e-01
  3.5007644e-01
 -7.1497804e-01
  3.0539525e-01
  1.4600009e-01
  2.0846230e-01
 -8.3572313e-02
  2.4659519e-01
 -3.2339352e-01
  6.5052912e-02
  4.2134795e-01
 -1.5331653e-01
  7.3485866e-02
 -3.4292066e-01
 -3.7372181e-01
 -3.1216764e-01
 -1.6845999e-02
 -2.2624332e-02
 -4.5317400e-01
  7.2676077e-02
 -3.2888746e-01
  1.7662960e-01
 -2.4523979e-01
  1.4396867e-01
 -2.5378656e-01
  1.6360447e-01
 -1.1719301e-02
 -5.7287689e-02
 -5.0187178e-02
 -5.4332596e-01
 -5.2678268e-02
 -3.1014837e-02
 -1.1995343e-01
  1.1130589e-01
 -2.3375043e-01
  4.4540647e-01
 -1.4532812e-02
 -7.6837999e-01
 -2.3661578e-01
  5.6549585e-01
  3.5535952e-01
  1.4110540e-01
 -2.6571938e-01
  2.6878574e-01
  4.7982404e-01
 -1.8278749e+00
 -8.0794066e-01
  2.4058306e-01
  3.0852881e-01
  1.3619673e-01
  1.8237598e-01
 -2.9508623e-01
  1.1941849e-01
 -2.8165245e-01
 -8.2288317e-02
  1.2203743e-01
 -2.7516818e-01
 -5.5942273e-01
  2.9907477e-01
  1.7283189e-01
  1.0266433e-02
 -3.3662605e-01
  5.9458002e-02
 -4.1504529e-01
 -5.7599358e-03
  1.6138675e+00
 -1.0132750e-01
 -3.0771345e-01
 -4.3745005e-01
 -2.3783028e-01
 -2.8900430e-01
 -3.7253195e-01
 -6.0337547e-02
  1.8261096e-01
 -2.8846510e-02
  1.6830561e-01
  1.7308596e-01
 -1.7073770e-01
  2.0627712e-01
 -1.3643764e-01
  6.7676894e-02
 -4.3129912e-01
 -2.9230011e-01
  1.0221849e-01
 -4.7795482e-02
 -7.3704505e-01
  2.5949660e-01
 -1.0873987e-01
  8.0570225e-03
  1.1439968e+00
 -1.7370354e-01
  6.1072372e-03
  8.8296402e-01
 -3.2255456e-02
 -5.7735533e-01
  4.0665075e-01
  1.4028654e-01
  2.9408213e-01
 -9.7524431e-03
  2.5594720e-01
 -9.2506453e-02
  1.5887415e-01
 -1.0918161e-01
 -5.0563700e-02
  2.4010816e-01
 -5.1417965e-02
  1.8747613e-01
  3.3114451e-01
  6.0802624e-02
  6.4491101e-02
 -9.9645451e-02
  1.0650893e-01
 -1.9211888e-01
 -1.7011341e-01
  1.2707412e-01
  1.2003806e-01
 -7.5256683e-02
 -1.9212528e-01
  1.8232805e-01
 -5.5883445e-02
 -8.0582872e-02
 -7.3624868e-04
 -1.2679596e-01
 -2.8172508e-01
  2.3447409e-01
  8.8040367e-02
  1.3334730e-01
  1.3204661e-01
 -6.1371528e-02
 -2.4447311e-01
  4.5458299e-01
  1.8112269e-01
 -2.5803545e-03
 -7.7534640e-01
 -4.2887896e-01
 -9.9023990e-02
 -7.3597401e-01
  4.2216528e-02
  4.9251699e-01
 -9.2365175e-02
 -1.1247805e-01
 -5.8965075e-01
 -4.8876184e-01
 -6.7159804e-03
  6.7763433e-02
  2.3345137e-01
 -5.8064812e-01
 -3.3659911e-01
  2.2641981e-03
  3.5092860e-01
  9.5231378e-01
 -5.2727675e-01
  4.2543378e-02
 -1.3487437e-01
  2.2984734e-01
  1.9978479e-02
 -1.6168718e-01
  1.4617185e-01
  5.3168470e-01
  1.7066225e-01
  8.2141733e-01
 -1.1345888e-02
 -1.4178541e-01
 -6.5672308e-01
  4.8942402e-01
  2.2262250e-01
  5.7011139e-01
 -2.3638502e-01
 -5.5272002e-02
 -1.8678902e-01
  6.6537154e-03
 -4.3861711e-01
 -1.5432401e-01
  5.2108403e-02
 -1.5619883e-01
 -7.4766628e-02
  6.6650492e-01
 -1.9216038e-01
  1.5089788e+00
  5.0633758e-01
 -1.5074620e-01
 -1.8904209e-01
  2.3481846e-02
  2.8309044e-01
  8.0605254e-02
  3.3960648e-02
 -4.6095960e-02
  2.8090996e-01
 -2.6319528e-01
  3.2393172e-01
 -6.7104712e-02
 -2.8205237e-01
  8.0050178e-02
 -2.3319046e-01
  8.8660598e-01
  2.3271021e-02
  1.7706405e-01
  1.0451111e-01
 -1.6896065e-01
  2.3254950e-02
  5.0681281e-01
 -3.8630819e-01
  1.0251027e-01
 -7.7401824e-02
 -1.6009547e-03
  1.6248764e-01
 -5.6341636e-01
 -1.6851681e-01
  1.6609484e-01
 -9.7463168e-02
  5.4673851e-02
  7.2463632e-02
 -2.8838310e-02
  2.0828068e-01
  3.4623137e-01
 -4.7508445e-01
 -4.8454201e-01
 -9.7274542e-02
  1.0494253e-01
  5.5428481e-01
 -7.7814639e-01
  5.0916296e-01
 -2.5007194e-01
  1.8452826e-01
  3.2043380e-01
 -6.4741209e-02
  3.8234472e-02
 -3.9395070e-01
 -2.9332447e-01
  9.4254076e-02
  1.7461219e-01
  6.1725259e-02
  8.3614871e-02
  2.3800120e-02
 -1.5230921e-01
 -2.9954568e-01
 -9.9452384e-02
  9.9309646e-02
  6.2181242e-02
  1.2884814e-01
 -6.7978650e-02
  2.8888118e-01
 -5.6068562e-03
  2.6593050e-01
  1.1122823e-02
 -6.3918076e-02
  4.8085213e-01
 -7.9258397e-02
 -5.7460207e-01
  4.0023330e-01
 -1.3610858e-01
  2.7579391e-01
 -2.9951632e-01
 -3.7846065e-01
  1.6915828e-02
  2.8476945e-01
  2.5883958e-01
  9.1007568e-02
 -2.3996489e-01
  7.7093852e-01
  1.0187926e-01
 -5.6495041e-01
  3.7600330e-01
  7.9311782e-01
  4.3860689e-01
 -4.9527276e-01
  7.0330518e-01
  2.6899120e-01
 -7.6479048e-01
  1.4715800e+00
 -1.4035949e-01
  1.7242453e-01
  2.6565769e+00
 -4.2036757e-01
  8.4611791e-01
 -1.7245489e-01
  1.1573464e+00
 -2.3849651e-02
  1.2820786e+00
  1.1681492e+00
  5.9777224e-01
  7.2589725e-01
  3.3012092e-01
  5.1772958e-01
  5.0601530e-01
  1.3819287e+00
  2.6517251e+00
 -1.8087075e+00
  6.0254091e-01
  9.6505471e-03
  1.2743047e+00
  3.9956689e-01
  9.8079228e-01
  7.8706938e-01
 -6.6196144e-01
 -3.0673856e-02
  6.2509674e-01
  3.4224078e-01
  1.6866861e-01
 -4.2471450e-02
  3.0828086e-01
 -3.6188185e-01
 -4.9829155e-01
  1.3310547e+00
  1.1050536e-01
 -3.6247271e-01
  7.9689652e-02
  6.8575245e-01
 -4.7853342e-01
  3.4410426e-01
  1.3943735e+00
 -1.1297382e-01
  1.2191832e-03
  4.1347370e-04
 -9.9559084e-02
 -1.4556013e-02
 -2.1258381e-01
  6.0003388e-01
  1.9699970e-01
  8.6262457e-02
 -3.8780603e-01
  7.2691984e-02
 -4.6849850e-01
 -2.5638217e-01
  1.6383402e-01
 -2.7184568e-02
 -7.4332058e-02
  6.1757910e-01
 -1.5331303e-01
  1.8818727e-01
 -8.4082752e-02
 -3.6513412e-01
  2.2745381e-01
 -1.4784833e+00
 -2.4908388e-01
  8.5787505e-02
  6.8901980e-01
 -3.6003232e-01
  2.0117402e-02
  3.3586465e-02
 -1.0817539e-02
  3.8213021e-01
  1.4942706e-01
 -5.8285391e-01
  3.1822145e-01
 -3.9585796e-01
 -6.9906580e-01
 -1.5916654e-01
  5.9108889e-01
  1.3402985e+00
 -1.5214647e+00
 -1.0575097e+00
  1.8094524e+00
 -4.8080358e-01
 -1.5928646e+00
  1.4308183e+00
 -9.0863276e-01
  1.2260922e-02
  2.5118995e-02
  1.6802180e-01
  5.5695111e-01
  6.7677307e-01
  3.0093563e-01
  3.0546110e-02
 -9.0972349e-02
  7.8447267e-02
 -2.0926470e-01
  2.1456549e-02
 -8.9870170e-02
 -1.0807984e+00
  6.1400211e-01
  2.8397453e-01
 -3.5295686e-01
 -1.2495052e-01
  4.0963575e-02
  4.8301840e-01
  7.3202260e-02
 -5.1028185e-02
 -3.2927659e-01
 -4.1775241e-01
  5.8365333e-01
  8.1053102e-01
 -1.1655247e+00
  5.9177030e-02
 -8.2916492e-01
 -2.0070612e-01
  1.9315311e-01
  3.3984149e-01
  1.9144669e-01
  1.0823166e-01
 -2.2897090e-01
  7.4258476e-01
 -1.8070638e-02
 -2.9150891e-01
  3.8185045e-01
 -3.2464966e-02
  4.5542154e-02
 -7.1004052e-03
  1.2304790e-01
 -1.7629605e-02
 -2.0056844e+00
  3.6618289e-01
 -3.6521390e-01
  9.6557558e-02
  7.1279202e-03
 -6.8238616e-02
 -9.1230586e-02
  5.1014060e-01
 -1.3795488e-01
  1.6157411e-01
  2.6304409e-01
  2.1584181e-01
  1.2052009e-01
  7.0760392e-02
 -7.6564126e-02
  1.6907629e-01
  1.0911839e-01
 -1.2108141e-01
  6.7719197e-01
  5.0565547e-01
  3.7648690e-01
  1.7227125e-01
  3.9107744e-03
  1.0630111e-01
  1.2752002e-01
  4.4690168e-01
  8.4071606e-02
 -4.3510690e-02
 -6.5750301e-01
  4.0574625e-02
  1.0377575e-01
 -1.4084210e-01
  2.0835979e-01
 -2.4630478e-01
 -1.8146834e-01
 -7.6832198e-02
 -7.3760398e-02
  7.2313204e-02
 -3.9650971e-01
 -2.2772537e-01
 -3.8378718e-01
  4.9293905e-02
 -1.2184778e-01
  5.0625467e-01
  4.0728810e-01
 -3.4839291e-02
  3.8127008e-01
 -2.4941547e-01
  2.3250120e-02
  1.8018869e-01
  2.6207784e-01
  1.5086582e-01
  2.3480310e-01
 -2.2792655e-01
 -6.6609651e-01
 -6.4715147e-01
  1.7612942e-01
  2.0260808e-01
 -1.7578110e-01
  1.4451997e-01
 -2.2784954e-01
  1.1855687e-01
  7.3741943e-02
  8.5888171e-01
 -1.5130767e-01
 -4.1365105e-01
  1.3174495e-01
 -7.0860803e-02
  6.1665997e-03
 -1.7897560e-01
 -1.9943106e-01
  4.6154398e-01
 -9.9433295e-02
 -5.1689845e-01
 -1.8699296e-01
  1.7987265e-01
  3.2650113e-02
 -4.5657149e-01
  2.0073366e-01
 -2.0430855e-01
  2.1246523e-01
  3.1992700e-03
  2.5790033e-01
  3.4794074e-01
 -1.0002436e-02
 -6.7794003e-02
  1.1588807e-01
  5.4615527e-01
  9.9879169e-01
 -8.5518467e-01
 -1.9950417e-01
  2.9838195e-01
  5.4645948e-02
  2.7719814e-01
  2.1151384e-02
  1.2337638e-01
  7.5988978e-01
 -1.6492534e-01
 -7.4827194e-01
  3.1849140e-01
 -4.4855765e-01
 -1.7614123e-01
  2.7788699e-01
 -7.2866693e-02
 -6.4992711e-02
 -4.2957726e-01
  1.1906531e-01
  3.1091294e-01
  2.4145913e-01
  5.9562672e-02
 -1.8203795e-01
  2.2174765e-01
  3.6890784e-01
  5.6861594e-02
  2.0666614e-02
  7.5887895e-01
 -5.9711999e-01
  1.7353499e-01
 -5.9178394e-01
  3.5231572e-01
  6.7980140e-01
  3.0590247e-02
 -1.8359367e-02
 -1.9931793e-01
 -5.8279753e-01
  2.1775378e-02
  6.4311355e-02
 -2.0447987e-01
  3.1735191e-01
 -7.3379827e-01
  3.5675278e-01
  1.5006854e-02
 -5.4819912e-01
  1.5340032e-01
  6.8177390e-01
 -1.9697569e-01
  1.2304037e-01
 -4.1048424e-03
 -1.7506139e-01
  3.1438491e-01
  3.3318751e-02
  6.1617658e-02
  1.5187614e-01
  3.3831783e-03
 -5.3858650e-01
  4.5236847e-01
 -3.0876333e-01
 -7.7364884e-02
  8.8041532e-01
  6.9697517e-01
  3.0224308e-02
 -1.3562569e-01
  6.4858478e-01
 -6.2542096e-02
  2.2952600e-01
  2.6231977e-01
  1.2262034e-01
 -3.6196652e-01
 -7.8064221e-01
  1.8576492e-02
  1.2347006e-01
 -3.2767293e-01
 -4.0305203e-01
  2.7019528e-01
 -4.6663907e-01
 -5.6127280e-02
 -2.2823395e-01
  1.9424942e-01
 -1.3994721e-01
 -3.4180649e-02
 -3.3121192e-01
 -1.3828109e-01
 -2.5206013e-02
 -6.1498666e-01
 -3.5063681e-01
  2.9750833e-02
 -1.4449652e-01
  2.6661041e-01
 -2.3729568e-03
  1.8386763e-01
  2.0758775e-01
 -6.9453545e-02
 -1.4148089e-01
  1.1682914e-01
  1.9386867e-02
 -1.1430259e-02
 -6.9045472e-01
 -2.8470051e-01
  5.2906913e-01
 -2.4032731e-01
 -9.7509116e-02
 -3.1232020e-01
 -1.5180764e-01
  1.6800651e-01
  2.7018368e-01
 -4.4385731e-02
 -3.0983853e-01
  3.8319886e-01
  1.4495694e-02
 -7.7419072e-02
  2.4132580e-03
 -1.6874509e-01
 -9.6137509e-02
 -4.5997322e-02
 -1.7203405e-01
 -2.7636673e+00
  7.4429043e-02
  1.2381119e-01
 -3.2607019e-02
  6.3053265e-02
  2.3599054e-01
  3.5092611e-02
  6.3039787e-02
 -2.2372328e-01
 -4.0761513e-01
  1.2955892e-01
  1.1820955e+00
 -4.5509917e-01
  2.0488349e-01
 -4.5856008e-01
  1.2279418e-01
 -1.7256732e-01
  1.0007410e-01
 -5.3560042e-01
  9.1836840e-02
  1.5491679e-02
 -2.3963481e-02
 -1.6517885e-01
  1.7331310e-01
  7.6528203e-01
 -1.2909451e+00
 -4.8804295e-01
  4.3509224e-01
  1.0298491e-01
  1.3767351e-01
 -2.0933554e-01
  1.6382386e-01
  1.2467390e-01
 -2.9811773e-01
  1.2443808e-01
  3.3401169e-02
 -8.0641195e-02
  1.4943716e-01
 -1.8531021e-01
  1.6005942e-01
 -2.0057426e-01
 -2.6793611e-01
 -2.7772993e-01
 -2.9743718e-02
 -1.6658349e-02
  2.5275624e-01
  7.1857721e-01
  1.5148495e-01
 -8.9681253e-02
 -4.9777412e-01
 -1.0975775e-01
  3.4724206e-01
 -1.4094657e-01
 -5.6486309e-01
  2.0123726e-01
  2.7459221e-02
 -4.9928267e-02
  1.1158788e+00
 -4.6901394e-02
 -3.5598669e-02
  2.5087973e-01
 -4.1035199e-01
  1.4853313e-02
  5.9002215e-01
 -1.3203809e-02
 -4.9261846e-02
  1.0409263e-02
  1.1562646e-01
 -1.9567904e-01
 -3.9118090e-01
  2.5712037e-01
  9.2198811e-02
 -3.3948022e-01
 -7.3127735e-01
  7.5001374e-02
 -1.0240823e-05
  9.5143676e-02
 -1.6211414e-01
 -3.3462870e-01
  4.5194617e-01
  6.0658991e-01
  4.6125475e-01
 -1.7583892e-01
 -2.2438401e-01
  3.5653964e-03
 -2.5283945e-01
  1.3225634e-01
 -1.3167354e-01
  2.1033916e-01
 -5.2192945e-02
  2.0818679e-01
 -5.8549565e-01
 -8.5176758e-02
 -3.6626603e-02
  2.0761308e-01
  1.6882758e-01
 -1.3260989e-01
  1.2532344e-01
  4.8485127e-01
 -5.9524983e-01
 -1.2326565e+00
 -4.8871380e-01
  5.3630340e-01
  4.0939021e-01
  1.9753249e-01
 -6.9417804e-01
 -1.5839931e-02
 -7.3095012e-01
  1.5806863e-01
 -7.2341871e-01
 -8.0229926e-01
  2.5916407e-01
 -8.2819369e-03
  1.0850843e-01
 -8.9229828e-01
  1.5149029e-01
 -3.8163832e-01
 -1.3055307e-01
  1.7788915e-01
 -4.4813088e-01
  1.1710608e+00
 -1.3708479e+00
  2.4621820e-01
  8.1752455e-01
  4.1204807e-01
 -4.1837457e-01
 -5.8721471e-01
  2.2173592e-01
 -2.1150079e-02
 -1.8712884e+00
 -1.4820166e-01
  8.7572210e-02
  5.4042388e-02
 -3.9529175e-02
 -1.1697225e-01
 -3.7878886e-01
  1.7034897e-01
 -3.0994919e-01
  4.3008536e-01
 -8.5410428e-01
 -2.2588022e-01
  8.9394748e-01
  3.4812644e-01
  5.1889950e-01
 -9.3512267e-02
  8.4805566e-01
  1.6753684e+00
 -1.7475665e+00
  1.8044275e+00
  1.0932971e-01
 -1.6181818e-01
 -9.8698956e-01
  6.0772378e-02
  4.8287010e-01
 -1.9213885e+00
  1.1293422e+00
  3.6226007e-01
  2.9389575e-01
 -4.2595959e-01
 -7.0654136e-01
  4.7318348e-01
  2.1971109e+00
 -5.4425323e-01
  1.5140468e-01
  3.6735848e-01
 -2.8292463e+00
 -6.7949980e-01
 -1.6635419e+00
 -4.4353816e-01
  1.3839848e-01
 -5.6887496e-01
 -1.4289415e-01
 -5.0356734e-01
  6.7883193e-01
 -2.4581200e-02
 -2.3797831e-01
  1.2549877e-01
  3.7786952e-01
 -3.1639698e-01
 -2.6008648e-01
 -6.1213797e-01
  4.1892879e-02
  4.9133014e-02
  4.0758130e-01
 -1.9448006e-01
  4.2785898e-01
  3.7957186e-01
 -2.0314522e-01
  1.0958133e+00
  1.7461938e+00
  1.5857416e+00
  4.7916055e-01
 -1.5237947e-01
  7.9396829e-02
  7.6554978e-01
 -6.5974668e-02
  3.3249462e-01
  1.0950069e-01
  6.0578763e-02
 -1.2370189e-01
 -2.6045749e-01
  1.1442813e+00
 -6.2886113e-01
 -1.2020868e-01
 -2.4630114e-01
 -9.9693280e-01
  6.0474592e-01
 -2.4667934e-01
  2.8485927e-01
 -1.6915414e-01
  1.5588954e-01
  1.7608033e-02
  2.5417442e+00
 -1.1967658e-01
 -1.1802271e-01
 -1.8760371e-01
  7.5542793e-02
  9.9039328e-01
  2.6760554e-01
  2.6451476e-02
 -3.6133742e-03
  7.0615813e-02
  7.6032209e-01
 -5.1887208e-01
 -4.2019317e-01
 -1.5669118e-01
 -3.4364936e-01
  1.5266569e-01
  5.5755717e-01
 -6.4598995e-01
 -3.6706203e-01
 -1.0645349e+00
  8.0311787e-01
 -9.9354930e-02
 -6.2555766e-01
 -8.6800568e-02
 -5.9469342e-01
  1.9919947e-01
  1.2675433e-01
 -4.6652102e-01
  1.1805707e+00
  2.3038252e-01
  4.9008141e+00
 -1.0941535e+00
  7.2680312e-01
 -2.2769727e-02
  1.1997155e+00
  2.5158846e+00
  1.3598497e-01
 -4.3026951e-01
 -8.1183575e-02
  1.2208068e+00
  3.1374750e+00
  1.0001636e+00
  1.2999026e+00
  1.3551860e-01
 -4.3151969e-01
 -3.4107324e-02
  1.1243709e+00
  1.7734402e+00
  2.0969498e+00
  2.5809970e-01
  4.7843558e-01
 -2.1613643e+00
  4.4745898e-01
  2.0877947e-01
 -5.2471548e-01
  2.2554578e-01
 -8.3658290e-01
  7.5924176e-01
 -1.5840101e+00
 -2.3264331e-01
  1.0315433e-01
  3.7532572e-02
  3.6141999e-02
 -3.6379305e-01
  1.4385459e+00
  8.2702078e-02
 -4.2089674e-01
 -2.2323518e-01
  2.7420956e-01
 -8.5442126e-02
 -1.6418760e-01
 -3.6798096e-01
 -5.2405655e-02
  2.1736287e-01
 -2.7463549e-01
 -6.4514101e-01
  6.3918263e-02
 -2.5083430e-02
 -2.5075126e-01
 -2.2840042e-01
  2.2244602e-01
 -1.0369357e-01
 -1.5023109e-02
 -3.0373913e-01
 -2.4530688e-01
 -1.1760307e-01
 -2.0886046e-01
  8.4958804e-01
 -3.6472735e-01
  2.7855515e-01
  1.2551527e-01
  7.5416872e-03
  4.7460926e-01
 -2.0950432e-01
 -2.3111609e-01
 -4.3569934e-01
  4.5072738e-02
 -4.7878286e-01
  1.1683234e-01
 -1.2027806e-02
 -1.8222427e-01
 -2.9464531e-01
  1.1736466e-01
  2.6938015e-01
  1.1891329e-01
 -8.4688179e-03
 -1.5952033e-01
  4.7948298e-01
  1.3519405e-01
 -3.6281240e-01
  2.9617065e-01
 -1.9273195e-01
 -3.9585806e-02
  2.2595814e-01
  4.1615967e-02
 -7.0459133e-01
  1.4070463e-01
  3.9449966e-01
 -5.7919364e-02
  8.0580419e-01
  3.2805353e-01
 -3.4374869e-01
 -5.4246638e-02
 -2.6501215e-01
  9.5678851e-02
 -2.1128617e-02
 -2.4486418e-01
 -5.1102406e-01
  1.8300948e-01
  5.3331208e-01
  9.6398761e-04
  9.2660123e-01
 -6.8994820e-02
  2.4629706e-01
 -1.9731040e-01
 -4.5478314e-01
 -3.3412510e-01
  1.4705224e-01
 -3.4967009e-03
  4.9989277e-01
 -4.4844385e-02
  2.1806668e-01
 -3.4081891e-02
  1.9671768e-01
 -2.6483941e-01
 -2.1942559e-01
  7.3341781e-01
 -3.3320110e-02
  1.1729645e+00
 -1.9347648e-01
 -5.9173360e-02
 -1.9310811e-01
  7.5586241e-01
  1.5351614e+00
 -1.9294144e-01
 -7.7620333e-01
  3.2314967e-02
  5.0075650e-02
 -4.3708676e-01
  2.1491663e-01
  6.9811499e-01
 -1.5502566e-02
 -1.2618905e-01
  3.0196759e-01
 -2.4235677e-02
 -8.4422238e-02
 -2.4955681e-02
  3.1794369e-01
  2.6937026e-01
  2.1823144e-01
  7.5864783e-03
  1.9388071e-01
  2.5132951e-01
  1.8136033e-01
 -1.5291585e-01
  1.7978269e-01
  1.6440855e-01
 -4.2521063e-02
  4.2877264e-02
 -6.7487568e-02
  6.5411583e-02
 -3.8553503e-01
  1.5970346e-02
  2.9269713e-01
 -2.0541105e-01
 -7.5145620e-01
  1.0902800e-01
 -3.0123606e-01
  3.1911108e-01
  5.5459523e-01
  3.3752725e-01
  6.0150199e-02
  4.5800000e-01
  1.3335316e-01
  3.4798631e-01
  8.7233208e-02
  7.8976810e-02
 -1.4269216e+00
  7.5641572e-02
  2.8855327e-01
 -9.3523651e-02
  3.0676597e-01
 -1.8762536e-01
  2.4891718e-01
 -5.5467945e-01
  2.3232959e-02
  3.0585754e-01
  5.0171252e-02
  2.3838772e-01
 -4.9916290e-02
 -2.4081492e-01
  8.2447901e-02
  1.0301153e-01
 -3.5889991e-02
  1.4336485e-01
  2.4884868e-01
  2.4340950e-01
 -1.6345404e-01
 -1.2713490e-01
 -2.4249692e-01
  4.5210409e-01
  2.2080848e-01
  1.4346115e-01
  2.0395702e-01
 -7.0107788e-02
 -2.3981808e-01
 -3.4885760e-02
  4.9959081e-01
 -5.5064702e-01
  6.4719558e-02
  3.8348904e-01
 -1.9397788e-02
  1.1671354e-01
 -3.3179611e-01
 -1.4561717e-01
 -3.2387891e-01
  7.0612556e-01
  6.2337077e-01
 -7.2618657e-01
 -1.4507403e+00
 -7.0576346e-01
  3.5740912e-01
  4.5074621e-01
  6.6680521e-01
 -3.8632104e-01
 -6.8365574e-02
 -3.4110746e-01
  4.5892090e-01
  8.9582438e-03
  4.0799543e-01
 -3.0021557e-01
 -4.8732422e-02
 -4.6519536e-01
 -3.4874892e-01
 -1.8697640e-01
 -1.4229463e-02
 -9.4270569e-01
  1.1819462e-01
  1.2087838e-01
 -2.1476014e-01
 -1.3824922e-01
  1.3915554e-01
 -4.1936571e-03
  4.3425789e-01
 -4.4886464e-01
  6.4208597e-02
 -2.0007360e+00
  1.6010053e-01
 -1.5370480e+00
  1.2026550e-02
  8.8262677e-01
 -2.4991998e-01
 -2.3129992e-01
  3.8260528e-01
 -4.2294886e-02
  4.9406993e-01
  5.3986889e-01
 -1.1776645e-01
  1.4873666e-01
 -3.7225273e-01
 -3.4544048e-01
  3.5602921e-01
 -4.7662663e-01
  1.2204646e+00
 -5.1876169e-01
 -3.9735201e-01
  1.0739921e-01
  2.3511252e-01
 -8.0757940e-01
 -2.3558111e-01
  2.4244967e-01
 -6.3001558e-02
  7.4845061e-02
  1.5666489e-02
 -1.9468974e-01
 -8.6741537e-02
 -6.7428267e-01
 -1.0690802e-01
 -5.6902599e-01
 -2.0041475e-01
  4.5122528e-01
 -5.8293045e-01
  1.5704185e-01
 -7.9801239e-02
 -3.6208010e-01
 -1.4317583e-01
 -1.3849908e-03
  6.0461961e-02
  2.9681733e-01
  4.8369512e-01
 -2.4318616e-01
 -3.3000946e-02
 -1.9847208e-01
 -2.1421723e-02
  8.1365258e-03
 -2.8418675e-01
 -4.1564044e-02
 -3.2551110e-01
  5.3215984e-02
 -1.8470223e-01
  1.3199544e-02
 -1.0717711e+00
 -1.1966538e-01
 -6.3211226e-01
  7.2652483e-01
  2.6571462e-01
  8.6670083e-01
 -6.7654115e-01
 -7.6485831e-01
 -2.3922022e-01
  5.6885546e-01
  3.9311361e-02
 -7.7070594e-03
  4.7183484e-02
 -3.4636626e-01
  1.9530869e-01
  1.4500444e-01
  1.5612273e-03
  3.4122849e+00
  6.0220343e-01
  1.3456267e-01
 -4.3225348e-01
 -4.3382820e-02
  5.9794056e-01
 -9.8156109e-02
 -7.1943298e-02
 -3.9110389e-01
  2.8301260e-01
  4.2504859e-01
  1.2160236e+00
  7.6083995e-02
  4.5947325e-01
 -5.9881914e-02
  7.2589889e-02
  3.3958793e+00
  1.8605670e-01
 -1.5918953e-02
 -7.4477553e-01
  1.2962978e-01
 -4.0897650e-01
  7.2696334e-01
 -9.7814433e-02
 -6.7494649e-01
 -1.3194679e-01
 -1.6761771e+00
  9.7272229e-01
 -8.3263710e-02
  9.8483726e-02
  7.6463722e-02
  2.6689355e+00
  9.0529762e-02
 -1.6787779e-01
  2.8327677e+00
 -1.7356527e+00
  5.4110203e-02
  7.5689495e-02
 -6.1153177e-02
  1.8163422e-02
  7.7109104e-01
 -1.1739635e-01
  1.6648734e-01
  3.5989359e-02
 -5.3050327e-01
  2.9090372e-01
 -2.0544725e-02
 -4.6182957e-01
 -4.9832974e-02
  6.9571003e-02
  8.8105643e-01
 -3.0330333e-03
  1.9638697e-02
  5.2934545e-01
 -7.1148857e-02
 -6.1567026e-01
 -4.5101676e-02
  7.9198785e-02
 -9.1457725e-02
  6.8133228e-02
  1.4422759e-01
 -3.5436891e-02
 -5.4080293e-02
 -4.1147107e-03
  7.6534206e-01
 -2.7435215e-02
  4.3127072e-01
 -1.5243752e-02
  4.8756021e-01
  5.9307593e-01
 -4.8148379e-02
  1.8485308e-01
 -1.6912638e-01
 -1.8924328e-02
  1.4763391e-01
  4.1497469e-01
 -1.1853248e+00
 -2.3689961e-01
 -2.0083074e-01
  4.6077111e-01
  2.1101795e-02
  1.8438199e-01
  2.9336149e-01
 -9.8011923e-01
 -9.2251611e-01
 -5.1847655e-01
 -1.5268937e-01
  7.0011586e-02
 -3.0389668e-02
  3.7738943e-01
  4.3406844e-01
 -1.0463865e-01
  3.4573847e-01
 -4.4758096e-01
  2.3333948e-02
 -1.4110947e-01
 -1.1576628e-03
 -1.5918764e-01
 -6.4694591e-02
  4.2819601e-02
 -1.0829373e-01
 -1.1998902e-01
 -2.3646322e-01
  2.7063258e-02
 -5.4134506e-01
 -4.0510696e-01
  4.4214096e-02
 -3.3322075e-01
 -3.5652541e-02
  1.3727024e-01
  2.5497705e-01
  1.6858108e-01
 -1.7330189e-01
  1.5227519e-01
 -1.6681142e-02
 -1.6861729e-02
  2.6026574e-01
  1.3590172e-01
 -9.5228568e-02
  1.5043567e-01
  7.8147069e-02
  4.2353374e-01
 -2.2935399e-01
  2.0902883e-03
  3.9336607e-02
  2.5417989e-01
 -2.7228257e-01
  2.0025769e-01
 -1.5570048e-02
 -6.5188712e-01
  5.5556661e-01
  8.4690166e-01
 -9.8832957e-02
  4.7810933e-01
  2.2271391e-02
  6.4325732e-01
  6.3893443e-01
 -1.2500802e-01
 -2.6627252e-01
  8.6862333e-02
 -6.5714195e-02
  2.6167995e-01
  1.0339712e-01
 -2.0163688e-01
 -3.2570717e-01
  9.8639742e-02
  5.5439174e-01
 -4.4995877e-01
  4.7279114e-01
  3.4956685e-01
 -2.8892305e-01
  1.4398035e-02
 -3.9645630e-01
  2.8149292e-01
 -2.1659786e-01
 -2.7020949e-01
 -1.3121362e-01
  4.2891055e-03
  1.2686741e-01
  1.6885602e-01
  1.6860068e-03
 -3.3845514e-01
 -3.3731198e-01
  1.5690221e-01
  1.0340075e-01
 -1.4852998e-01
  1.5000232e-01
  9.6723691e-02
 -1.9711867e-02
  2.0146509e-01
  6.7711079e-01
  6.2259946e-02
  4.1802481e-01
 -1.2396591e-02
  9.7157821e-02
  4.4421795e-01
 -6.2568861e-01
  4.7396637e-02
 -8.7717138e-02
  5.2575433e-01
  1.5386975e-01
  8.5375547e-02
 -1.1251528e-02
 -3.4804630e-01
 -1.8570341e-02
 -1.2761050e-01
 -7.9580091e-02
  1.5840761e-01
  3.1314880e-01
 -2.9703546e-02
  2.9241285e-01
 -4.5049316e-01
  1.3102821e-01
  5.3418416e-01
  1.6070154e-01
  2.8173447e-01
 -8.0864632e-01
 -8.7140135e-02
 -2.3688099e-01
  3.6193633e-01
 -6.9508933e-02
 -1.1841724e-01
  4.6413317e-01
  5.1820293e-02
 -1.9829094e-02
  1.1460747e-01
  1.6952577e-01
 -2.0831180e-01
  5.6289218e-02
 -9.0185761e-01
 -3.0964404e-01
 -1.0487565e-01
 -4.0197539e-01
  1.3656426e-02
  1.1629325e-01
  2.1177527e-01
  1.0913689e-02
  8.2197553e-01
  3.4144101e-01
 -1.4131026e-01
  3.8715395e-01
 -4.9026811e-01
 -5.3237498e-02
 -5.2669257e-01
 -4.6339250e-01
  2.8754973e-01
  1.7679070e-01
  3.1130740e-01
  3.8019236e-02
  1.9009680e-01
  6.7746675e-01
  2.3604999e-01
  1.3848591e-01
  1.7339192e-01
 -1.0802238e-01
 -5.1695681e-01
 -3.1648006e-02
  1.4956546e-01
 -1.7976245e-01
  2.6578701e-01
  3.2138124e-02
  4.0091899e-01
  1.7354798e-01
  3.2844138e-01
 -7.4110031e-03
 -2.8117359e-01
 -3.4001300e-01
 -5.4527307e-01
 -5.6214496e-02
 -2.6429534e-01
  8.1846483e-02
 -5.0092453e-01
  4.5189986e-01
  5.0377363e-01
  3.0540186e-01
 -1.6370124e-01
 -7.0001192e-02
 -2.1912679e-01
  8.9007411e-03
 -1.1451930e-01
  8.6942002e-02
  2.7978718e-01
 -1.3582399e-01
 -1.5266728e-02
 -3.5972137e-02
  2.0043012e-01
 -1.5795988e-01
  7.9999506e-01
 -5.2958436e-02
  5.0919160e-02
 -1.7850916e-01
 -4.6367478e-01
  1.5450014e-01
  2.4498275e-01
 -1.4755854e-01
 -3.6117354e-01
  3.1172750e-03
 -3.8133711e-02
 -5.8276989e-02
  7.7898286e-02
 -2.6324399e-02
 -3.9031151e-01
  7.4634627e-02
 -8.8001266e-02
 -1.2165687e-01
 -5.4586649e-02
 -3.2252818e-01
  6.2732869e-01
  1.3300060e-01
 -7.0489839e-02
  2.8359520e-01
 -7.4498288e-02
 -1.5130451e-01
  5.3533381e-01
 -9.1137074e-02
  5.9229904e-01
 -4.2558113e-01
  8.9706317e-02
  2.4031475e-01
  2.2170742e-01
  9.1539115e-01
  1.5870911e-01
 -1.8736182e-01
 -7.9999346e-01
 -4.8918605e-01
  6.6083357e-02
 -5.8213329e-01
  5.0078575e-02
  5.5853778e-01
 -3.9115965e-01
 -8.5225368e-01
  1.2655470e+00
  6.8062943e-01
  5.6988079e-02
 -3.1089279e-01
 -4.1648382e-01
 -2.3428884e-01
 -1.6565199e-01
 -3.9344642e-01
 -4.8559138e-01
 -7.9993270e-02
  2.5977907e-01
  1.0433141e-03
  4.7714349e-02
  1.4472178e-01
  5.4046050e-02
  7.4125588e-02
  1.8625130e-01
 -1.3663793e-01
  4.5092094e-01
  1.6534165e-01
  1.1328869e-01
  3.3864242e-01
  1.6373418e-01
 -7.9130843e-02
 -2.5510731e-01
  6.4575844e-02
  1.9807988e-01
  2.0751725e-01
 -6.2747627e-02
  3.3974767e-01
 -4.7292161e-01
  8.9325063e-02
 -5.0263792e-02
  4.2604643e-01
 -1.3585044e-01
  1.8635345e-01
  5.8061945e-01
 -1.1667354e-01
 -2.2941042e-01
  1.5604310e-02
  5.3653587e-02
  2.6590580e-01
  5.0237354e-02
  2.1126339e-01
 -8.1233656e-01
 -2.9473308e-01
  4.7124118e-02
 -9.1206118e-02
  4.9420804e-01
  1.1818589e-01
 -2.1973187e-01
  9.9935293e-02
 -8.9633413e-02
 -2.7959242e-02
  1.2980865e-01
 -4.4510707e-01
 -3.2884488e-01
  2.3901662e-01
  5.3406233e-01
 -2.6569960e-01
 -4.2107797e-01
  1.4180572e-01
  3.1300345e-01
  2.1155798e-01
 -8.3258972e-03
  1.0532533e-01
  1.6199370e-01
 -6.6284545e-02
  5.6016326e-01
  1.0715625e-01
  4.9558863e-01
 -1.4018989e-01
  5.7074107e-02
 -1.2332099e-01
 -3.6155768e-02
 -5.3031988e-02
 -2.5591284e-01
 -3.5670090e-01
 -3.7350041e-01
  2.5406191e-01
 -4.4919591e-02
  1.3914317e-01
 -2.7906561e-01
 -1.6149192e-01
 -6.1039511e-02
 -2.7349314e-01
 -8.2737434e-01
  3.0205125e-01
 -1.2015150e-01
 -5.2538472e-01
  3.8100285e-03
  2.3347303e-02
 -1.6387053e-01
  3.2551053e-01
  1.3946404e-01
 -5.4912735e-02
 -3.0025640e-01
  6.6180885e-02
  9.8780066e-02
 -1.2920225e-02
 -8.4971972e-03
 -2.2585705e-01
  3.9994663e-01
 -4.4556269e-01
 -2.3011379e-01
 -1.5516615e-01
  2.6176572e-01
 -7.0527233e-02
 -2.9931609e-02
  6.9673121e-01
  7.1787126e-02
 -3.5213521e-01
  3.3497836e-02
  3.7506369e-01
 -7.8854769e-02
  1.0317656e-01
  7.0181227e-01
 -9.1933846e-02
 -3.5345533e+00
  3.7698200e-01
 -5.6526709e-02
  4.6605694e-01
  1.9503292e-01
 -6.4085597e-01
  7.5458246e-01
 -3.7691109e-03
 -5.0188422e-01
  2.0679481e-01
 -1.5835303e-01
 -4.2843834e-01
 -1.7846087e-01
 -2.5146839e-01
  9.2556745e-01
  2.7688673e-01
 -5.8527280e-02
  3.8232124e-01
 -2.3953866e-02
 -1.4312282e-01
  5.3324193e-01
 -3.1018689e-02
 -8.3714046e-02
 -7.8498252e-02
  5.9416674e-02
  3.1215879e-01
 -7.6973718e-01
 -1.0351369e-02
  1.2821408e-01
  3.2619283e-01
  5.4127908e-01
 -1.5137498e-01
 -3.9304012e-01
 -7.1456991e-02
  7.8528583e-02
  3.7648922e-01
 -9.4823204e-02
  3.4199499e-02
 -3.4517753e-01
 -8.5711867e-02
  2.2374317e-03
 -3.8327545e-01
 -3.0802661e-01
 -1.8197058e-01
  9.7031973e-02
  3.7233990e-02
  9.9203289e-02
 -1.8136853e-01
  6.0778826e-02
 -9.5531769e-02
  5.4673636e-01
  1.1846003e-01
 -6.0559303e-02
  3.0993509e-01
  2.4407545e-01
  2.6994014e-01
 -2.8764389e-02
  1.7846286e-01
 -1.7333902e-02
 -2.3510236e-01
 -8.2442544e-02
  1.9777320e-01
 -1.5073098e-01
  5.6226287e-02
  1.8647303e-01
 -2.0018843e-01
 -7.2207235e-02
  1.6749908e-01
 -5.2826226e-01
  5.8217782e-01
 -1.1060622e-01
  3.9501154e-01
 -3.4327004e-02
  1.4475292e-02
 -1.2983333e-01
  1.5777701e-01
 -1.0767557e-01
 -3.0172235e-01
 -4.0227786e-02
 -4.0839463e-03
  1.8157274e-02
  1.7985772e-01
 -8.5775679e-01
 -7.2525156e-01
 -5.3233451e-01
  8.3190262e-02
 -4.3105668e-01
 -8.9555159e-02
  1.6266891e-01
 -5.6829706e-02
 -1.3684037e-01
  4.1685596e-01
  1.7677058e-01
  2.1122919e-01
 -3.9226335e-01
 -2.2335914e-01
  1.5705138e-01
 -6.7454237e-01
 -3.4094289e-02
 -5.9911352e-01
  4.9644771e-01
 -3.7187833e-02
  7.2414082e-01
  2.2388307e-02
 -4.4545341e-01
 -4.3949336e-03
 -6.9778293e-02
 -9.3438733e-01
  1.5544540e-01
 -1.0495363e-01
  1.2905809e-01
  6.3585353e-01
  4.1842696e-01
  5.6074107e-01
 -2.5815058e-01
  1.3942480e-01
 -3.2810879e-01
 -4.5621452e-01
 -1.9818638e-01
  9.1564655e-02
  1.2212306e-01
  3.4111354e-01
 -6.2316496e-02
  9.3066633e-02
 -6.2034172e-01
 -2.4866112e-02
 -4.9036387e-02
 -3.1727511e-01
 -2.4229047e-01
  7.2466403e-02
  2.1612479e-01
  1.4822960e-01
  2.4851051e-01
 -1.0185816e-01
  1.6455804e-01
  1.5530197e-01
 -1.6968921e-01
 -6.3861795e-02
  3.4649819e-03
  4.4877085e-01
  4.4178296e-02
  2.4079438e-01
  4.5386174e-01
 -4.8465845e-01
  4.4245702e-01
 -3.2653626e-02
  5.2758718e-01
 -9.1284163e-02
 -1.7811687e-01
  8.2772858e-03
  5.5034441e-01
 -1.2784979e-01
 -6.8839150e-03
  2.1732023e-01
 -5.1014668e-01
 -1.8134408e-02
 -5.6690198e-01
  2.3553522e-01
  1.6455357e-01
 -3.7722889e-01
  3.9863312e-01
  3.2735467e-01
  4.4488549e-01
  1.8519777e-01
  8.0196045e-02
  2.9997301e-01
 -1.7601451e-01
 -2.7699214e-01
  1.9978119e-01
  3.3406278e-01
 -8.1832969e-01
 -3.6978769e-01
  5.0114855e-02
  9.8060422e-02
  4.8845738e-01
 -1.3501656e-01
  1.0146269e-01
 -1.3495630e-02
  4.8970360e-01
 -5.3488318e-02
  6.5611964e-01
  2.0796652e-01
  1.4714524e-01
 -1.9618136e-01
  2.0303772e-01
 -2.5043461e+00
 -2.8991914e-01
 -8.9008659e-01
  3.0799738e-01
  2.7382609e-01
  4.5491600e-01
  8.4323823e-02
  1.7257745e+00
  2.4114454e+00
 -5.2552100e-02
  2.6021309e-02
  5.1069435e-02
  3.4139770e-01
 -8.4163320e-01
 -6.6722274e-02
  3.9692357e-02
  2.5082096e-01
 -1.7006697e-01
 -7.3525566e-01
 -9.3183744e-01
 -9.0690780e-01
  2.9768822e-01
 -4.5962501e-01
 -3.5722876e-01
  1.1472058e-01
  3.9535917e-02
  2.7736077e-01
  4.0237853e-01
  4.1474793e-03
 -2.9485311e-02
 -7.5487994e-02
 -2.6509133e-01
  1.0341287e+00
  7.2095251e-01
 -7.8941114e-02
  1.6034950e-01
  1.2893991e-01
  6.1864331e-03
  2.8724989e-01
 -5.2804329e-02
  5.2261001e-01
  1.4981458e-01
  7.6383792e-02
  3.3052512e-02
  9.2854208e-01
 -2.9857227e-01
 -4.6960151e-01
  6.5921563e-01
 -2.1894117e-01
  1.0276905e+00
 -5.6086028e-01
 -1.0023741e-01
 -2.7957052e-01
 -9.5377803e-02
 -2.8327936e-01
  5.6093559e-02
 -1.6351816e-01
  4.9656793e-02
 -1.4443105e-02
  2.0455761e-01
 -5.7918698e-02
 -5.5311948e-01
 -2.4116580e-01
 -1.6450413e-01
  4.8995376e-01
 -5.7772118e-01
 -7.1234065e-01
  9.5733054e-02
 -3.0860993e-01
  2.0682146e-01
 -9.3053699e-02
  8.7529607e-02
 -1.7165828e-01
 -3.5343111e-01
  2.0251897e-01
  1.8351027e-01
 -7.9394245e-01
 -1.9254252e-01
  7.7618152e-02
  5.8239795e-02
  1.7651300e-01
 -2.1938571e-01
  4.9487260e-01
  1.4626303e-01
  1.4256918e-01
 -2.0505294e-01
 -2.5365055e-01
 -3.4647563e-01
  1.6173843e+00
 -1.3299083e+00
  4.2093942e-01
 -4.1722715e-01
  5.9281117e-01
 -1.3008118e+00
  7.6853983e-02
  1.5087863e-02
 -1.2475450e-01
 -1.3398856e+00
  4.7225130e-01
  1.1983260e+00
  7.3048785e-02
 -6.9464749e-01
 -3.9165765e-01
  8.4250331e-01
 -1.1538532e-02
 -1.1364415e+00
  1.9304909e+00
 -5.8288896e-01
  7.9149556e-01
 -1.2333769e+00
  9.8502618e-01
 -9.4396710e-01
  7.8960210e-01
  3.3033103e-01
 -4.5794278e-01
 -2.7648786e-01
  3.4693569e-01
  1.1946158e+00
  6.4478301e-02
 -2.4817255e-01
  4.8884851e-01
 -9.3242270e-01
 -2.6181749e-01
  7.6367688e-01
  1.1804222e+00
  1.1365566e-02
  1.9539088e-01
 -4.5010638e-01
 -3.2040527e-01
 -1.0645384e-01
  4.5486115e-02
  1.2451615e-01
 -4.4726899e-01
  5.2945471e-01
 -2.4138589e-01
 -5.3952351e-02
 -1.1270875e-01
 -2.5101610e-02
  1.9661781e-01
  5.8774984e-01
 -2.1884051e-01
  7.4432272e-01
 -7.9931356e-03
 -2.2985259e-01
  2.8453097e-01
 -3.1354076e-01
  5.8519520e-02
  3.4666814e-02
  7.0785350e-01
  1.6012125e-01
  4.4254083e-02
  5.6951565e-01
 -2.6779485e-01
  2.1396486e-01
  2.6393238e-01
 -1.2395781e-02
  2.6289475e-01
  1.9339283e-01
  4.4506483e-02
  3.4483263e-01
 -3.2701254e-01
  5.0429213e-01
 -5.8738387e-01
  1.0220176e-01
  3.6941910e-01
  2.1993893e-01
 -5.6725103e-01
 -5.7681046e-02
  6.3205928e-02
  8.9447272e-01
 -3.3757102e-01
  3.0921286e-01
 -3.6370334e-01
 -3.1760372e-02
 -3.0372126e-02
  4.1647464e-01
  1.9915666e-01
 -7.8692973e-01
 -1.3519430e-01
  9.5702827e-02
  1.8270358e-01
 -2.6600122e-01
 -6.1540700e-02
  6.7337787e-01
  3.5172263e-01
 -2.0293793e-01
  9.0095505e-02
 -8.4635377e-02
 -1.6406499e-01
 -6.1739952e-04
 -9.5667839e-02
 -5.6031466e-02
 -7.5487620e-01
  1.5711306e-01
 -8.6222932e-02
 -2.3822780e-01
  5.0417893e-02
 -2.8726803e-02
  3.8824987e-01
  7.9846129e-02
 -1.6590495e-01
  5.7790792e-01
  6.2065445e-02
 -6.1642397e-02
  1.5725428e-01
 -9.2355072e-02
 -3.1400737e-01
 -8.4645623e-01
 -1.4664781e-01
 -1.8483061e-01
  7.5786519e-01
 -3.2295585e-02
 -5.2806001e-02
  4.6834916e-02
  3.1698644e-01
  1.1229379e-01
 -2.4612729e-02
 -1.2927699e-01
 -1.2635136e-01
  2.2653805e-01
 -1.7444883e-01
  1.0002106e-01
 -7.0629656e-01
 -6.7638718e-03
 -1.3001895e-01
 -3.5368316e-02
  5.9491503e-01
  1.5388891e-01
  1.7255993e-01
  1.6435099e-01
 -5.1777475e-02
 -3.2245883e-01
 -2.4882279e-01
 -1.0256831e-01
 -4.3497339e-01
 -1.5839229e+00
 -2.2114359e-01
  3.1167501e-01
  7.6464616e-02
 -1.2475103e-01
 -5.3396121e-02
  3.6547355e-02
 -8.7462425e-02
 -1.9305068e-01
 -1.0071816e-01
  3.5347167e-01
  1.0717362e-01
  4.0393212e-01
 -1.7597416e-01
  6.4494842e-01
 -1.3183987e-01
 -5.8445521e-02
 -2.7738476e-01
  6.3852035e-02
  1.8504524e-01
  2.4068564e-01
  7.0654458e-01
 -1.9024685e-03
  3.2337546e-01
 -9.2459098e-02
 -9.0333961e-02
  4.4485641e-01
  3.4541467e-01
  4.5083949e-01
 -9.3476981e-01
  1.2886590e-01
 -3.3817095e-01
  5.9474999e-01
  4.8811293e-01
 -1.0456556e+00
  2.5334634e-02
  2.2588775e-01
  8.6982891e-02
 -4.3443087e-01
  7.0233412e-02
  4.8642251e-01
  2.8025812e-01
  1.8795374e-01
  3.0063963e-01
 -7.2140262e-02
 -3.0434722e-01
  8.8511482e-02
  1.5876071e-01
 -7.5697333e-01
 -5.8334164e-02
  8.4897965e-02
  4.7744498e-01
  1.4620641e-01
  2.2302411e-01
 -2.1497615e-02
  2.7081096e-01
  4.9402371e-01
  1.6165584e-01
 -5.9696877e-01
 -3.6514556e-01
  3.9251894e-01
  6.0103104e-02
  9.3080205e-01
  8.0971889e-02
 -2.2603486e-01
 -6.5794289e-02
 -1.5337491e-01
  1.5832162e-01
 -2.4867810e-01
 -1.7818469e-01
 -4.1854927e-01
 -2.4823634e-02
 -1.5462252e-01
 -1.2133420e-01
  1.3613239e-01
 -1.5426706e-01
  2.7903123e-03
 -1.6595544e-01
 -8.5446693e-02
  3.3792400e-01
 -7.7186488e-02
 -5.3998935e-01
 -9.5191926e-01
  3.4053293e-01
 -1.0114729e-01
 -3.1595039e-01
  2.3650087e-01
  1.7066285e-01
 -5.6107670e-01
 -5.0913596e-01
 -5.8818185e-01
  3.3690006e-02
  3.8504112e-03
  1.7403629e-01
 -3.7260556e-01
  1.1761227e-01
 -4.5952342e-02
 -6.3536388e-01
 -7.2043031e-02
 -5.4625756e-01
  1.9296519e-01
 -7.8663610e-02
 -4.7562945e-01
 -3.6245632e-01
 -4.9830809e-01
 -1.0003359e-01
  2.3847604e-01
  1.9769439e-01
 -5.0266874e-01
 -1.0669198e-01
 -3.8582063e-01
 -5.3710170e-02
  1.1882441e-01
 -6.8552918e-03
  5.9071469e-01
 -1.9555363e-01
  1.3666557e-02
 -1.4009310e-01
  5.5174464e-01
  1.1261875e-01
 -6.4911574e-01
  2.3742570e-03
 -5.7306882e-02
 -4.0703997e-02
 -6.3855089e-02
  3.3499891e-01
  1.0241549e-01
 -5.9387571e-01
 -2.4334224e-01
  1.5800220e-01
 -1.8569753e-02
 -6.7942522e-02
 -6.9677413e-01
 -1.5050074e-01
 -1.5392451e-01
 -1.0877467e-01
 -2.1061422e-01
  3.0249715e-01
 -3.4275493e-01
  3.9139596e-01
  3.7154008e-02
 -5.0433177e-01
 -1.2832368e-02
 -2.6670170e-01
  2.9048678e-02
  1.9731355e-01
 -2.3555805e-01
  2.5670242e-01
  2.7745303e-02
  9.0336598e-02
 -2.6697841e-01
 -1.6586113e-01
  5.7546165e-02
 -7.7472478e-02
  3.6201006e-01
  1.2704317e-01
  2.0285228e-01
  2.3474570e-01
  5.4665852e-01
  1.7803013e-01
 -5.8950806e-01
  4.0408313e-02
  4.6189874e-02
  1.0561922e-01
 -3.9474651e-01
 -1.5269962e-01
  1.8740827e-02
 -2.3881188e-02
 -3.2222405e-02
  2.5772285e-01
 -1.1176629e-01
 -6.9910549e-02
 -5.6858581e-01
 -7.7372491e-02
 -3.9089805e-01
  4.5379582e-01
  3.4755066e-02
  1.0825960e-01
  2.5303027e-01
  8.2886718e-02
 -6.1095655e-02
  1.4441080e-01
  1.7595392e-01
  8.3704837e-02
 -4.5441353e-01
 -1.1937527e-01
  6.5872692e-02
 -1.2585598e-01
 -2.8013757e-01
 -9.5192283e-01
 -2.0927254e-02
 -1.5417562e-01
 -2.0553759e-01
 -1.2457977e-01
 -1.0037316e-01
  4.4809082e-01
  9.3645096e-01
  9.9074966e-01
 -3.2971299e-01
 -3.4021923e-01
  1.9051096e-01
  1.9087121e-02
 -1.5106182e-01
 -6.3099855e-01
 -3.2158661e-01
 -2.1702778e-01
  2.6735494e-01
 -6.9653648e-01
 -9.2069662e-01
 -7.5077623e-02
  1.3503217e+00
 -2.2333287e-01
  3.1095740e-01
  2.9147127e+00
 -3.8029876e-01
 -1.2620976e-02
 -1.0863407e+00
 -2.8940085e-01
 -2.8822368e-01
  2.9625569e-02
  4.6826807e-01
  2.2628485e-01
  5.1350087e-02
  1.9726145e-01
 -7.9548204e-01
  3.3087730e-01
 -5.1749361e-01
  2.2747575e-01
  1.9875305e-02
 -6.0034309e-02
 -2.4682766e-02
 -1.8096272e-02
 -6.1985612e-01
 -4.4415551e-01
  6.9071770e-02
 -1.9268978e-01
 -2.8698799e-01
  5.7267779e-01
 -5.0315470e-02
  2.2238222e-01
  3.9295700e-01
  4.0114096e-01
 -1.4655307e-01
  2.9539114e-01
  1.9327588e-01
 -4.4737067e-02
 -6.7386156e-01
 -1.1182748e-02
  1.3108385e-01
  2.0524409e-01
  6.3425827e-01
  4.7132809e-02
 -4.4563293e-02
 -3.1711075e-01
 -1.6166607e-01
  2.5903389e-01
  3.3996302e-01
 -4.5759298e-02
  1.0236497e-01
  2.3174863e-01
  3.8959733e-01
 -1.0320311e-01
  2.4122904e-01
 -7.7132992e-02
 -1.4313625e-01
  2.1662083e-01
 -1.3521932e-01
  2.2260004e-01
  2.4672894e-01
 -3.9794177e-02
  1.3393235e-01
  1.5235279e-02
 -8.9174695e-03
 -1.0171086e-01
 -7.8289539e-02
  1.5143196e-01
 -3.4846494e-01
  2.1296525e-01
 -1.8246025e-01
 -2.3728471e-02
  2.0191205e-01
  1.7293419e-01
  1.5912677e-01
  4.7105506e-02
  2.4781764e-01
  3.9473325e-02
 -4.8079312e-01
 -1.1000673e-01
 -3.0193812e-01
 -8.7481803e-01
 -2.0500378e-01
 -1.8575692e-01
 -3.0795676e-01
 -3.7797466e-01
 -1.5851362e-01
  6.6075182e-01
  1.1565286e-01
  1.1266996e+00
  4.3320656e-02
  1.7046434e-01
 -1.8609750e-01
 -2.5233749e-02
 -1.0048532e-01
  2.3522453e-01
  2.5712186e-01
 -4.6672426e-02
 -1.2551153e+00
 -2.1660817e-01
 -4.0068057e-01
 -1.6354841e-01
  1.8121167e-01
  6.6238277e-02
  2.2259127e-01
  5.5238277e-02
  3.4713723e-02
 -1.3073413e-01
 -3.6580142e-01
 -9.3811721e-02
  1.3716969e-01
  4.0848675e-01
 -1.2839347e-01
 -3.3347085e-01
  6.6204977e-01
 -5.2987523e-02
  7.1868795e-01
  3.1159905e-01
 -3.1984919e-01
  4.1112240e-02
  6.2784001e-02
 -1.4666347e-01
  6.8813279e-02
  5.2685138e-02
 -3.2320705e-01
 -3.1309453e-01
 -7.2558741e-03
  1.0707895e-01
  1.3724619e-01
 -3.7345389e-01
 -3.9846553e-03
  2.2892846e-02
  3.6014503e-01
  5.4506803e-01
  1.1048927e+00
 -9.4738936e-01
 -1.0632357e-01
 -4.6082452e-02
 -1.0880189e-01
  2.5882146e-01
  2.2412302e-01
  4.7061779e-02
 -6.9707197e-01
  3.6290973e-01
 -2.7615577e-01
 -6.1095273e-01
  5.6943391e-02
  3.0907452e-01
  1.6225485e+00
  7.4056441e-01
  6.2929457e-01
  5.8559215e-01
 -4.8638135e-01
  1.7377098e-01
 -7.8102469e-01
  6.9717443e-01
 -2.3317078e-01
  8.1458390e-01
 -4.3356165e-01
 -2.5667721e-01
  4.9789530e-01
 -6.3585925e-01
  2.4381123e-01
  2.0152313e-01
  2.6703900e-01
  1.1602069e-01
 -6.9404840e-02
  1.2070785e-01
 -4.8901689e-01
 -7.0909345e-01
  5.2932162e-02
 -2.6473200e-01
 -4.1380152e-01
  8.7530889e-02
  1.4811029e-01
  1.0444383e-01
 -1.5430547e-02
  2.1383491e-01
 -6.0540462e-01
  2.5221056e-01
  3.7864572e-01
 -1.9296753e-01
  2.8182473e-03
 -1.2928332e-01
  5.6676340e-01
  7.3100084e-01
  9.7250335e-02
 -2.6592451e-01
  2.9156074e-01
 -1.1043631e-01
 -2.3346759e-02
  5.9553050e-02
  1.7542750e-01
 -4.7567472e-01
 -3.4189394e-01
 -8.5236931e-01
  1.9086476e-01
 -5.5297399e-01
 -1.0657147e-01
 -3.7397167e-01
  5.6770548e-02
  2.8494751e-02
 -6.3551567e-02
  3.3373928e-01
 -5.8543539e-01
 -3.1510320e-01
  8.3482392e-02
 -4.3346751e-01
  1.9966057e-01
  2.5248957e-01
  2.2436245e-01
  2.8675640e-01
  1.9444653e-01
  3.8024727e-02
  6.5691262e-02
 -4.5851690e-01
 -3.2664310e-02
  4.3865585e-01
 -1.1496160e-02
  5.3176086e-02
 -6.4314145e-01
  2.8870842e-01
  4.5364165e-01
 -1.0462328e-01
 -2.5568375e-01
 -2.9277783e-02
  6.2535673e-01
 -1.9506212e+00
 -2.4894314e-01
  3.9684302e-01
 -5.9170067e-02
  5.0361108e-02
  1.0578181e-01
 -4.1342863e-01
 -1.1716226e-01
  1.6733877e-02
  5.1226312e-01
  1.9372799e-01
  4.0023601e-01
  1.5712433e-02
 -2.5352526e-02
  6.9312096e-02
 -4.6107551e-01
 -3.8706511e-03
  5.1819640e-01
 -1.2048231e-02
 -1.4884213e-01
 -1.5864381e-01
  1.2277748e-01
  3.6045378e-01
 -1.5458205e-01
 -4.0208232e-01
  2.6203904e-02
  5.5888844e-01
  2.7585074e-02
  3.7762800e-01
 -1.3285795e-01
  3.4387060e-02
 -5.0898667e-02
  4.0254065e-01
  1.0795340e-01
 -9.5780790e-02
  1.7508063e-01
  4.5352936e-01
 -2.0963530e-01
  1.8337370e-01
 -9.5554553e-03
 -8.1862412e-02
 -1.2261751e+00
 -1.7620269e-02
 -1.0174651e+00
  1.1513774e-01
  7.4666679e-02
 -2.2686659e-01
 -1.1934491e-01
 -1.9903585e-02
  5.3253442e-02
 -5.3779267e-02
  2.3413104e-01
  1.3935134e-02
  5.8944799e-02
  1.2377545e-01
 -3.6830905e-01
 -4.0581998e-01
  4.2801831e-02
  1.1985796e-02
  2.6498216e-01
  3.3763042e-01
 -2.5861856e-01
 -3.4844819e-02
 -6.8999994e-01
  1.5807480e-01
 -4.6041161e-01
  3.5174318e-02
 -1.7742899e-01
  3.2868624e-02
 -4.5586050e-02
 -2.3209730e-01
  9.8305307e-02
  2.2007044e-01
  1.9035932e-01
 -1.0088011e-01
 -4.7937304e-02
 -6.4620972e-02
  1.4221245e-01
  7.0295972e-01
 -9.0390670e-01
  3.9918569e-01
  3.1116450e-01
  3.1857297e-01
  3.6512291e-01
 -1.4856619e+00
  2.9488420e-01
  1.0654099e-01
 -6.1393338e-01
 -6.6195321e-01
  5.3702950e-01
 -7.6306081e-01
 -4.3367407e-01
  1.6910862e-03
 -5.6807566e-02
 -8.6021763e-01
  2.1821991e-01
  7.3815274e-01
 -6.3099593e-02
  6.1055607e-01
 -6.6228777e-01
  3.2759141e-02
 -1.4802123e+00
 -1.6973907e-01
 -5.0026697e-01
  6.4593774e-01
 -3.1884071e-01
 -1.0542872e+00
 -4.6027052e-01
 -5.8902150e-01
 -8.0354148e-01
  3.1981686e-01
 -5.3346902e-01
 -2.2419155e-01
  8.2828090e-02
 -6.3865042e-01
 -2.8459811e-01
 -7.7618450e-02
  7.7877474e-01
  1.0479326e-01
  1.7035946e-01
  3.8087195e-01
  1.6919900e-01
  1.8243740e-01
  3.8141644e-01
  2.2026311e-01
  3.3052173e-02
  1.2221554e-01
 -9.7356892e-01
  1.3063118e-01
  2.1192219e-02
 -1.1272196e-01
  2.3059916e-01
  2.4383986e-01
 -9.7381026e-02
  5.6743670e-01
  3.4378564e-01
 -9.7515814e-02
 -4.4339951e-02
 -2.0509543e-01
  4.0427364e-02
  1.1264072e-01
  3.3897948e-01
  4.3677875e-01
 -6.9405757e-02
 -2.3252402e-01
 -3.8998812e-01
  2.9560962e-01
  1.1319838e-02
  1.1376551e-01
 -3.7011608e-01
 -9.7004205e-02
  1.6092714e+00
 -9.4766444e-01
  2.4597976e-02
  3.8073456e-01
 -3.5001174e-02
  5.8159554e-01
 -5.8634188e-03
  3.9167938e-01
 -5.8216602e-01
  4.2726737e-01
 -1.1907064e-01
  4.7662236e-02
  6.3161910e-01
 -1.6015382e-01
  3.0390802e-01
 -5.0085086e-01
 -8.0840275e-02
  7.2764173e-02
 -4.6742958e-01
 -1.2679116e-01
  3.7943821e-02
 -5.4575682e-02
  2.2823539e-01
  2.6297626e-01
 -1.4840426e-01
  1.0215819e+00
 -3.0974764e-01
  3.7880921e-01
 -2.3368508e-02
 -2.4518669e-02
  2.4004667e-03
 -5.2781469e-01
  3.7176076e-01
  1.0061757e-01
 -1.3351105e-01
  8.2520354e-01
  1.1255670e-01
  1.2393483e-01
 -4.4468619e-02
 -2.9878610e-01
 -1.8038084e-01
  3.1224638e-01
  4.0266111e-02
  2.4827841e-01
  3.1205413e-01
 -1.3456140e-01
 -2.3968508e-02
  4.7451001e-01
  1.7487821e-01
 -9.3750846e-01
 -3.4175403e-03
 -4.1059360e-01
  1.2446754e-01
 -6.4618401e-02
 -1.5817820e-01
 -3.0904812e-01
 -7.3026615e-01
  2.5200629e-01
  1.6143720e-01
 -3.9317322e-01
 -7.6298796e-02
 -1.4427605e-01
 -3.8905966e-01
  3.3672208e-01
 -1.2564077e+00
 -9.8470829e-02
  2.9154480e-01
 -1.1737911e-01
 -5.9642520e-02
 -1.8081713e-01
  1.0278077e-01
 -4.5354389e-02
  3.6263889e-01
  4.2647645e-01
 -1.2623715e-01
  2.6361051e-01
 -1.4101237e-01
 -4.5757386e-01
 -4.2281032e-01
  1.0774039e+00
 -3.1117044e-02
  1.8639404e-01
  8.5107479e-03
 -1.8864012e-01
 -1.5651569e-01
  1.4177828e+00
  8.8538706e-02
 -4.5959288e-01
  6.7022401e-01
  9.0048321e-02
 -8.9093387e-01
  4.2801550e-01
  4.0041238e-01
 -4.8099048e-03
  6.6296913e-02
 -1.0094798e-01
 -3.7366256e-01
  4.4567522e-01
  6.5398887e-02
  1.1029770e-01
 -4.6973389e-01
  2.1547237e-01
  5.5847955e-01
  4.9215894e-02
  4.0150556e-01
 -3.1430006e-01
 -1.1366426e+00
  3.3824438e-01
  7.9566985e-02
  4.2020512e-01
  2.8060886e-01
 -2.3374704e-01
  9.7210065e-02
  3.3649465e-01
 -4.0077192e-01
  9.4575234e-02
 -1.5189353e-02
 -1.4856157e-01
 -6.6442007e-01
 -8.6760640e-02
  2.1530578e-01
 -1.2295026e-01
 -2.3861685e-01
  1.3772027e-01
 -3.0250585e-01
 -1.5792775e-01
  1.0465208e-01
 -1.2648716e+00
 -4.7938916e-01
 -1.5625790e-01
 -5.9109336e-01
  3.1549606e-01
  1.1468457e-01
  5.3653491e-01
  2.2445183e-02
 -1.5820518e-02
 -3.2760912e-01
 -3.9927877e-02
 -3.3379477e-01
 -5.4576248e-02
 -2.9134631e-02
  1.5614517e-01
 -1.8157561e-01
 -1.1821707e-02
 -3.0396033e-02
 -1.9477007e-01
  3.3720234e-01
  1.8221703e-01
 -5.5174422e-01
  3.4831661e-01
 -5.6464833e-01
  2.5838423e-01
 -4.1498646e-01
 -7.5792335e-02
 -2.7879601e-02
 -3.6805730e-02
  3.3185649e-01
  4.3386716e-01
  1.0016628e-01
  1.0931069e-01
 -9.8289028e-02
 -3.3342201e-02
 -4.7272190e-02
  1.5541402e-01
 -3.1240833e-01
 -2.1450077e-01
  3.6179513e-01
  1.8778224e-01
  1.0707031e-01
  5.9815831e-02
 -1.3938101e-01
  4.1390494e-01
  4.0183391e-02
 -1.7976657e-02
  1.2959036e-01
 -4.9380288e-03
  1.7532604e-02
  3.3544105e-01
  1.5942510e-02
  2.6852220e-01
 -1.5089417e-01
 -2.6662868e-01
  1.0300697e-01
 -2.9658254e-02
  1.8762912e-01
  1.5195065e+00
  3.7318429e-01
 -1.6212863e-01
 -5.3971734e-02
  4.9388006e-02
 -4.3030344e-02
  4.0150446e-01
  2.1678872e-01
  2.4441567e-01
  7.7913481e-01
  3.7107053e-01
 -7.6947041e-02
 -3.4145057e-01
 -1.6200690e-01
 -3.3883430e-02
  3.2688993e-01
  1.3463719e-01
  2.4669649e-01
 -3.5327680e-02
  1.8566810e-01
 -1.4270002e-01
 -1.5515949e+00
  8.6209869e-01
  2.0128672e-01
  3.3371803e-01
 -5.0565273e-01
  6.5313661e-01
  1.2279721e-01
 -1.7189442e-01
  1.2885216e-02
 -5.5753384e-02
  6.3609755e-01
  5.4761481e-01
 -1.0018750e+00
 -3.9758465e-01
  1.0016017e-01
  4.0984568e-01
 -5.4041110e-02
  2.8578514e-01
 -9.1809052e-01
  2.3632991e-01
  1.3911162e-01
  3.8860220e-01
 -3.6730368e-02
 -3.1282812e-01
 -3.5565951e-01
 -3.1043130e-01
 -2.2380072e-01
  4.7917750e-01
 -4.7853891e-02
 -5.5271900e-01
 -2.3518842e-01
  5.6801904e-02
 -3.4389862e-01
 -5.4055643e-01
 -2.0578811e-01
  2.6206467e-01
  1.1042600e+00
  3.5884055e-01
 -6.6972744e-01
  9.5799953e-01
 -6.0179943e-01
 -2.1421709e+00
  1.4094503e+00
 -9.9322057e-01
  8.3255023e-01
 -2.4078934e+00
  2.7834111e-01
  1.1540128e+00
  5.5436671e-02
 -6.2020648e-01
 -3.4740800e-01
 -3.7334588e-01
 -1.2311056e+00
 -6.2308699e-01
 -9.9393612e-01
 -1.7981358e-01
  3.2415247e+00
 -7.9717481e-01
 -2.8706249e-02
  3.6346492e-01
 -7.5374204e-01
  7.0952833e-01
 -7.3561102e-01
  1.4274912e+00
 -1.4705604e-01
 -1.7228937e-01
 -1.3337117e-01
 -4.8094327e-03
  5.2172709e-01
  4.0775189e-01
 -1.5484521e-01
  2.5692923e-02
  9.3155496e-02
 -1.7738587e-01
  5.4709952e-02
 -3.2608947e-01
 -9.3731540e-04
 -2.4219427e-02
  8.1177115e-01
 -4.1592047e-02
 -2.4174800e-02
  7.0930016e-01
 -2.1864446e-02
 -9.8455563e-02
 -8.8733506e-01
 -1.6305262e-01
 -1.4164760e+00
  4.2505786e-01
  1.9367775e-03
 -2.3414199e-01
  3.7884703e-01
 -1.0101124e+00
  1.8561944e-01
 -2.0953152e-01
  2.6326060e-02
  5.9335262e-02
  6.5774225e-02
 -2.3442344e-01
 -2.9070992e-02
  2.8107747e-02
  2.0021646e-01
  3.0179456e-01
 -3.3913657e-01
 -5.0841594e-01
  3.1604066e-01
  4.8270050e-01
  4.7195079e-03
 -4.0331796e-01
  1.7020051e+00
  2.5222182e-01
 -3.6435157e-01
  1.0405004e-01
 -1.1352262e-01
  7.1700293e-01
  1.7245495e-01
  1.5420014e-01
 -1.7515216e-02
 -1.1855718e-03
 -1.3777997e-01
 -1.9301553e-01
  8.8650830e-02
 -7.5072896e-01
  4.9961740e-01
  8.6485469e-01
  8.9486301e-02
  6.7582510e-02
 -1.3011514e-01
 -3.0207157e-01
  1.9575891e-01
  2.8105378e-01
  2.4520878e-01
 -7.3920488e-03
 -1.3077267e-01
  6.6027665e-01
  2.0281665e-01
 -3.4560162e-01
  6.5739149e-01
 -1.1273894e-01
  2.9981642e-03
 -3.8411759e-02
 -8.5546643e-02
  5.6493755e-02
  2.2030541e-01
 -4.7403637e-01
 -1.0851958e-02
 -1.3209578e-01
 -1.2904713e-01
  3.4209721e-02
  2.6035661e-01
  1.8232611e-01
 -1.8728773e-01
  2.3941299e-02
  9.2192329e-03
 -1.3358864e-01
 -1.3513921e-01
  1.3413571e-02
 -2.0829180e-01
 -5.4002479e-02
  1.3924332e-02
  3.1782338e-01
 -8.8241562e-02
 -2.6530555e-02
  2.3420937e-02
 -7.8321910e-01
  5.6318110e-01
 -1.1616603e-01
  3.1677812e-01
  6.2933564e-02
  1.4570946e-02
 -2.3461270e-01
  7.4768764e-01
 -3.7771767e-01
 -1.1635213e-01
 -3.2766737e-02
 -2.9287794e-01
 -6.4216071e-01
  2.4089424e-01
 -1.3426562e-01
  1.9282231e-01
 -3.2833438e-02
 -4.6921471e-01
 -2.7040222e-01
 -3.8435766e-01
 -5.2825195e-01
 -3.8324594e-02
 -2.9325926e-01
 -5.4673482e-02
 -2.4112879e-01
 -4.6606568e-01
  3.0448757e-02
 -1.2448592e-01
  7.5953275e-02
 -9.5415866e-01
  2.5980687e-01
  1.0955123e+00
 -3.7589198e-01
  2.1318516e-01
  1.2889984e-01
  1.0711146e-01
  2.4551064e-02
  4.9114201e-02
  3.0761194e-01
  4.7755963e-01
  4.0196371e-01
 -4.4114906e-01
  1.2846805e+00
  5.0969464e-01
 -1.9784458e-03
  4.3372314e-02
 -2.2592553e-01
 -4.8776072e-01
  1.6617459e-01
  8.1575319e-02
  6.4709061e-01
  1.1258368e-01
 -1.2868967e+00
  2.5785494e-01
 -1.4031279e-01
 -1.6990352e-02
  5.5755740e-01
  1.9319856e-01
 -2.8549945e-01
 -6.3839138e-02
 -2.7022338e-01
  9.8032542e-02
  2.9509714e-01
  1.4425276e-01
  8.3417624e-01
  2.2324456e-01
  8.5319005e-02
  4.7460851e-01
 -1.8789600e-01
 -2.9881757e-01
  2.1553159e-01
  3.7211504e-02
  1.0371004e+00
  8.2530332e-01
 -1.4246227e-01
  6.6283673e-02
 -1.0351471e+00
  1.7249100e-01
  8.4275819e-02
 -9.9260062e-02
 -6.4462870e-01
  1.1165302e-01
  2.5671405e-01
 -4.7319657e-01
 -3.4906596e-01
  1.8337145e-03
  5.0508205e-02
 -5.7125956e-01
  7.0687377e-01
 -3.2633486e-01
  2.2638990e-01
 -2.2515106e-01
 -5.7754380e-01
  7.6204695e-02
  6.1909175e-01
  3.2803226e-02
  4.3118536e-02
  2.7815190e-01
  6.0160398e-02
  8.2598329e-02
 -3.3658388e-01
  7.8966461e-02
 -1.8136436e-01
  4.0607266e-02
 -6.2346991e-02
 -3.0556378e-01
 -2.7574474e-01
  2.6985511e-02
  5.1984083e-02
 -7.4605083e-01
  1.3788183e-01
 -4.6633381e-01
 -5.2694473e-02
 -5.0533992e-01
  2.7915370e-01
  2.6172183e-02
  1.6163662e-01
 -4.2988989e-01
 -1.0938361e-01
  4.1984671e-01
  5.3678751e-02
 -4.6611226e-01
  4.2887606e-02
 -5.1377743e-01
  1.5986323e-01
 -6.6150540e-01
  2.2052772e-02
  1.6478878e-01
  3.8343333e-02
 -6.1851814e-02
  1.1105387e+00
 -1.5984222e-02
 -1.4457047e-01
  1.5459023e+00
  1.7272727e+00
  1.1079516e+00
  3.1985108e-02
  6.5363032e-01
 -9.6927750e-01
  1.6076181e-02
  3.2557976e-01
  4.9140874e-02
  6.0309071e-02
 -4.5966247e-01
 -3.5875073e-01
 -1.0791107e-01
 -1.3370793e-01
 -1.2975691e-01
 -5.3474881e-02
  6.9939399e-01
 -3.8236114e-01
 -1.3916551e-01
 -5.2978116e-01
  1.3524868e-01
  4.5155355e-01
  3.7446108e-01
 -1.1888495e-01
 -3.9878768e-01
 -6.9147736e-02
 -2.8497452e-01
  2.7512512e-01
  5.1266313e-01
 -1.9388619e-01
  9.9666700e-02
  3.4026596e-01
  1.7861816e-01
  3.1860179e-01
  7.8778788e-02
  2.7523905e-01
  1.7393874e-01
 -6.6663824e-02
  3.4734541e-01
  2.4785811e-01
 -2.4153803e-02
 -5.9926838e-01
 -1.0079710e-01
 -2.1250421e-01
  1.4169189e-01
 -6.5964228e-01
  1.0496367e+00
  3.3209625e-01
  6.1310858e-01
  1.7371620e-01
  5.4225814e-02
 -3.5105237e-01
 -6.7129835e-02
  1.5283822e-01
  7.5106129e-02
 -3.5031188e-01
 -1.5012708e-01
 -1.3001911e-01
  7.9476669e-02
  1.9538622e-01
 -8.9599974e-02
  7.1339093e-02
  4.7341454e-01
  2.6178443e-01
  2.0552431e-01
  1.2828343e-01
  1.0285714e-01
  3.0445805e-01
  8.8776238e-03
  2.1759316e-02
 -7.6090276e-02
  6.0265666e-01
 -2.9678696e-01
 -1.9118415e-01
 -1.5263487e-02
  2.0298392e-01
  2.6953839e-02
  4.1022658e-02
  1.6126959e-01
  5.9968293e-02
  1.1379974e-01
  1.1946927e-01
 -4.9953026e-01
 -1.8727797e-01
 -4.9468809e-01
 -4.3581415e-02
 -8.5011590e-01
 -5.0074929e-01
  3.6467105e-01
 -7.3482114e-01
 -7.6277956e-02
  1.2115417e-01
  2.7213660e-01
  1.2419455e-02
  1.4908386e-02
  2.1435006e-01
 -2.9919016e-01
 -8.9028940e-02
  3.7708893e-01
 -4.6063510e-01
 -3.1565329e-01
 -2.7865660e-01
 -6.1896816e-02
 -4.5500514e-01
 -1.9686435e-01
 -1.5915933e-01
 -1.1895870e-01
 -1.4913864e-02
 -2.4829179e-01
  1.9186519e+00
  2.7858686e-01
  5.8034313e-01
  5.1371753e-03
 -6.8266886e-01
  2.2617953e-02
 -3.6470532e-01
  8.3709909e-03
  3.4158733e-03
  7.3300406e-02
 -3.1766933e-01
 -1.5152674e-03
 -6.6564506e-01
 -1.3443653e-01
  8.5001700e-03
  8.1624940e-02
  2.4175406e-02
 -3.6740670e-01
 -6.1110474e-02
  5.5786800e-01
  3.0478439e-01
 -2.5665128e-01
  4.6972114e-01
 -8.9219056e-02
 -2.5961047e-01
  7.3156968e-02
  2.4371255e-02
 -3.4416264e-01
 -2.6664641e-01
  7.9706684e-02
 -4.7231936e-01
 -2.5865999e-01
  2.4122152e-01
 -1.8070400e-01
 -6.3542664e-02
  2.3282964e-02
  2.0413336e-01
  3.7635878e-01
 -2.2552447e-02
  1.0029153e-01
 -2.7295440e-01
  1.6522063e-01
  5.3486037e-01
  4.6494451e-01
 -2.0800278e-01
 -3.5570207e-01
  5.1906538e-01
 -5.0156021e-01
 -1.2366214e-01
 -3.1725913e-01
  5.6272689e-02
  4.1512057e-01
 -2.7367715e-03
  1.9124407e-01
 -9.1475852e-02
 -2.8746948e-02
  1.9054255e-01
 -5.7313293e-01
 -1.5770130e-01
  3.7283063e-01
  6.1382008e-01
 -5.0401554e-02
  1.3071564e-01
  2.5012779e-01
 -2.7364436e-01
  8.3419532e-02
 -7.5990908e-02
 -3.5469410e-01
  3.2849693e-01
  3.4896693e-01
 -1.6043873e-01
  3.7988466e-01
  9.0546530e-01
 -3.1160253e-01
  3.1665298e-01
  2.9838997e-01
 -2.5544086e-02
  2.5010856e-02
 -1.3345632e-01
 -2.1898662e-01
 -2.5646847e-01
 -3.3612397e-01
  2.2489551e-01
  7.5334251e-02
  6.2041644e-02
  6.3662457e-01
 -1.3740173e-01
  6.4402652e-01
  4.6628934e-01
  4.1307652e-01
 -3.9488634e-01
  2.3398051e-01
  7.2658077e-02
  3.1342736e-01
 -1.9049239e-01
  5.7660455e-01
 -3.2274164e-02
 -1.7014727e-01
 -5.7071652e-03
 -1.6779527e-02
 -1.8841514e-01
 -2.2529495e-01
 -3.0192125e-01
  1.6354337e-02
 -8.0890968e-02
 -3.8378611e-01
  1.5632232e-01
 -1.1341946e-01
  1.8208380e-01
 -1.2150748e+00
 -5.1921014e-02
 -5.4235276e-02
 -1.4030421e-01
  5.8884120e-01
 -6.0707170e-01
  4.0839124e-01
  5.2736276e-01
 -1.7190117e-02
  7.5367486e-01
 -1.1092165e-01
 -4.1292864e-01
  2.3035116e+00
 -3.9631295e-01
  6.2759891e-02
 -1.6386263e-01
  3.8499114e-01
  9.1587901e-01
 -1.6626862e-01
  7.2584873e-01
  2.2709592e-01
  7.4524647e-01
  1.9096856e-01
 -1.0397097e-01
 -6.4842176e-01
 -1.7363037e-01
  2.8920977e+00
 -7.3457435e-02
  2.4116217e-01
 -5.9078526e-01
  1.2821091e-02
 -3.6363173e-02
  1.7169731e-02
 -6.4882018e-02
 -5.4983306e-01
 -2.0550916e-01
 -9.1242659e-01
 -1.5802918e-02
  6.2616810e-02
  5.9405035e-01
  2.3161638e-01
 -7.8059152e-02
  3.0055803e-01
  1.7568108e+00
 -3.9205903e-01
 -2.3163381e-01
 -1.0069784e+00
  3.2271421e-01
  1.6399024e-01
 -3.4037086e-01
  4.2686403e-01
 -8.4783725e-02
 -2.2039141e-01
  2.7705184e-01
 -1.8432722e+00
 -1.6217151e-01
  2.0553914e-01
 -5.2680463e-02
 -3.8552251e-02
 -4.8370865e-01
  2.5664443e-01
 -4.3419197e-01
  6.3431770e-02
  4.4029599e-01
 -2.1712987e+00
  4.4757947e-02
 -1.9616640e-01
 -4.4019005e-01
  7.3540188e-02
  3.3567971e-01
  1.3788491e-02
  1.0507829e-01
 -1.0448261e+00
  8.6542808e-02
  9.0783411e-01
 -1.0227324e-02
  1.0722827e-01
  2.7817297e-01
 -4.3498227e-01
 -2.7117279e-01
 -4.4732261e-01
  1.4294739e-01
  4.5612189e-01
 -2.1861060e-01
  4.6367776e-01
  1.5589978e-01
  1.4413387e-01
 -1.6152281e-01
  1.1270298e-01
  1.0609755e-01
 -3.3359298e-01
  9.6079968e-02
  4.4991773e-02
 -8.7732375e-02
  1.2565326e-02
 -1.4364962e-03
  5.3664505e-02
 -2.5565633e-01
 -1.6678105e-01
  3.0913711e-02
 -2.0787337e-01
  3.2447299e-01
  9.8007566e-01
  2.6814404e-01
  4.6688572e-01
 -1.4141303e-01
  5.1509476e-01
  2.9801098e-01
  8.4151477e-02
 -2.7829483e-01
 -7.9663128e-02
  4.6367079e-02
  2.3879470e-02
 -1.4476080e-01
 -3.6451027e-01
  4.6312350e-01
  1.8077293e-01
  8.7606214e-02
 -3.2060757e-01
 -3.0398721e-01
  7.2638243e-02
 -5.5983096e-01
  2.6050612e-01
 -1.6042504e-01
 -3.2963422e-01
  5.1495147e-01
  3.2817349e-01
  2.3869760e-01
 -7.7531807e-02
  1.9937764e-01
  3.1962678e-01
 -5.5560470e-01
 -1.9906017e-01
  2.4918044e-01
  9.4129384e-01
  7.6878175e-02
 -2.0120850e-01
  2.1083365e-01
  2.2297312e-01
  6.4909035e-01
  2.7655882e-01
  4.8678882e-02
 -5.4294342e-01
 -7.6109743e-01
  5.2488512e-01
 -1.3086288e+00
  4.9033386e-01
 -3.4789118e-01
 -2.8574616e-01
  3.4115294e-01
 -1.1730092e+00
 -2.8965846e-02
 -4.7182426e-01
 -4.7436807e-01
  6.0019773e-01
  3.3004344e-02
  5.3564626e-01
 -1.0854062e+00
  1.2396719e-01
  2.4929783e-01
 -8.2908851e-01
  7.9723373e-02
 -2.7121348e-02
 -8.2820284e-01
  1.4134575e+00
  3.9782888e-01
 -1.1721538e+00
 -3.0109517e-02
 -1.6135503e-01
  6.2018704e-01
 -3.9802685e-01
 -3.5167021e-01
 -4.4386230e-02
  3.1703417e+00
  5.2253479e-01
  2.6069382e-01
  3.5172963e-01
  1.1228204e-01
  8.2458973e-01
 -7.2895154e-02
  5.1466388e-01
 -4.4643916e-02
 -2.4427366e-01
 -1.8684270e-02
 -7.3507702e-01
 -1.0207591e+00
 -3.0990645e-01
 -1.6950767e-01
  2.9838341e-01
  1.7177534e-01
 -2.9204699e-01
  1.1960529e-01
 -8.5813975e-01
 -1.7755054e-01
 -6.3646436e-02
  1.8303461e+00
 -1.2836525e-02
 -2.1449456e-01
 -4.7835279e-03
  4.5273498e-01
  1.1968040e-01
 -7.1836501e-01
 -7.0032142e-03
 -2.0552054e-01
  1.0343999e-01
  2.0311582e-01
  4.6689919e-01
  1.4687140e-01
  3.3625640e-02
  1.0441599e-01
 -8.3099562e-01
 -1.2871981e-01
  1.2659223e-02
 -6.5418482e-01
 -4.7775397e-01
  1.2720579e+00
  1.9107071e+00
 -4.6436280e-01
 -2.5572997e-01
 -2.4019018e-01
 -1.9459260e-01
  4.0374288e-01
  1.6404637e+00
  1.4528780e-01
 -2.7446130e-02
  1.7907959e-01
  2.6159766e-01
 -9.9908203e-02
 -2.9852262e-01
 -3.0855544e-02
  8.4214568e-02
  3.0274732e+00
 -4.0067852e-01
  1.1603304e+00
  1.9031164e-01
  1.9929508e+00
  7.5527656e-01
 -2.3180220e-01
 -7.8900427e-01
  2.2660091e+00
 -1.5290537e-01
  8.4198400e-02
  1.3422211e+00
 -1.3929514e+00
  1.3769491e+00
  3.1047767e-01
  3.2526162e+00
 -6.6706210e-02
  1.5185740e-02
  3.1581739e-01
 -1.1771512e-01
 -7.6185298e-01
 -6.7754495e-01
  9.1003746e-01
  1.0188904e+00
  6.7303590e-02
 -9.8911083e-01
  6.4953946e-02
 -3.0763426e-01
 -1.3553655e+00
 -4.0697864e-01
  1.2548364e+00
 -1.1928067e+00
 -8.8028396e-03
  1.2728487e-01
 -1.6256943e+00
 -4.2292571e-01
  3.3747768e-01
  1.4948221e-01
  1.1659693e+00
 -1.2766226e-01
  1.9983125e+00
 -6.3512778e-01
  1.3326108e+00
  4.8622161e-01
  1.1274316e+00
  1.9227989e-01
 -4.6175849e-01
 -1.9545670e-01
  7.9759426e-02
  1.7513946e-01
  6.7904764e-01
  4.4835693e-01
 -8.9128470e-01
  8.8689469e-02
  1.3956102e+00
 -6.9771379e-01
 -4.9037736e-02
  9.4790369e-02
  2.3126590e-01
  3.6449592e+00
  2.4686057e-02
  4.6441529e-02
 -3.3136839e-01
 -2.5200799e+00
  7.7018686e-02
  9.7328144e-01
 -4.7060812e-01
 -3.4233335e-01
  5.2528650e-01
 -1.2194739e-01
  1.6354159e+00
  2.8403721e+00
  2.8216200e-02
 -8.8423562e-01
 -6.7425966e-01
  3.6105323e-01
 -2.7702354e-02
 -7.8875851e-03
 -9.8952299e-01
  1.7076151e-01
  9.6600480e-02
  6.0817951e-01
 -3.0550081e-01
 -1.0397978e+00
  4.1911256e-01
  9.6812540e-01
  4.4493631e-01
  9.2604220e-01
 -1.4524512e-01
 -2.1763754e+00
 -2.2921684e-01
 -6.8855345e-01
  9.6982074e-01
 -1.7952705e-02
 -2.1010609e+00
  2.8440931e-01
  8.2734770e-01
  1.0662061e+00
 -1.5855000e+00
 -1.1873353e+00
  3.0831110e-01
  1.0617589e+00
 -4.6363732e-01
 -2.6839304e-01
  9.4561952e-01
 -2.8509358e-01
 -1.7740798e+00
 -1.4889808e+00
  5.7258326e-01
 -9.2400593e-01
 -3.5554746e-01
 -5.2983868e-01
  1.7611785e-01
  7.7187568e-01
 -1.2358633e+00
 -8.0573136e-01
 -2.9486224e-01
 -3.3389121e-01
  9.6943669e-02
 -8.2857966e-02
  4.0360738e-02
  4.8474780e-01
  1.0343049e+00
 -2.2718828e+00
 -5.3024489e-01
 -9.3808746e-01
  1.2423951e-02
  4.1248468e-03
 -2.7331874e-01
  5.2633234e-03
 -3.4211449e-02
 -4.9440768e-01
  9.0103056e-03
 -1.4440197e+00
  1.1330728e-01
 -1.3152606e+00
 -2.7607593e-01
 -9.8769248e-01
 -4.8137900e-01
 -6.8426079e-01
 -1.8739432e-02
  1.2375523e+00
 -7.8980356e-01
 -1.9116911e-01
 -1.0189351e-01
  4.4182467e-01
  1.3060830e+00
 -2.5585169e-01
 -5.0744212e-01
  9.5786846e-01
  1.5051638e-01
 -1.0368770e-01
 -5.0958300e-01
 -2.1615554e-01
  3.0599114e-01
 -9.3569583e-01
  4.6321198e-01
 -1.3186260e+00
  1.5889588e-01
  2.6667955e+00
 -2.4628696e-01
  2.3817991e-01
  2.6594707e-01
  8.0388343e-01
  2.6387179e-01
 -4.7708981e-02
 -6.9252707e-02
  4.1513559e-01
 -4.5641264e-01
 -1.6246989e-01
 -2.7591944e-01
  3.3263870e-02
  9.3884543e-03
  4.7368169e-02
 -6.1348432e-01
  3.2771602e+00
 -7.6240188e-01
 -1.3794459e-01
 -3.0075353e-01
 -2.0186980e+00
  1.7608272e-02
 -2.7241063e-01
 -5.8282530e-01
  9.2842680e-01
 -1.4232835e-01
 -4.5532107e-01
  3.6567810e-01
 -1.3075341e-02
  1.7066522e-01
 -6.8624508e-01
  8.7142551e-01
  9.5576352e-01
  1.8731551e+00
 -7.2779703e-01
  1.8283528e-01
 -1.6325502e-02
  2.8741796e-02
 -3.1204084e-01
  1.0540335e+00
  5.5393690e-01
  2.4978119e-01
  9.5939022e-01
  1.0478883e-01
  5.6971377e-01
 -5.3309590e-01
  8.9467722e-01
  7.8148460e-01
  3.3799407e-01
  1.3042510e-01
 -6.8061620e-01
  1.3462248e+00
 -7.5493264e-01
 -1.2112010e+00
 -1.1910763e-02
  2.2937958e-01
 -2.9722506e-01
  3.0736130e-01
  1.1223664e+00
 -4.7172770e-01
 -2.8111941e-01
 -1.1737338e-01
 -1.5153478e+00
 -1.1344507e+00
  9.1793758e-01
  1.6429493e-01
 -3.4077770e-01
 -3.6157671e-01
 -1.1118797e-01
 -2.0178768e-01
 -1.4367816e+00
 -1.3001051e+00
 -3.4176365e-01
 -5.3219205e-01
 -9.4106716e-01
 -1.2954459e-01
  7.3582947e-01
  1.0730975e-01
 -2.8949633e+00
  1.2505899e-01
 -5.9566927e-01
  7.9673350e-02
  4.5005244e-01
 -6.8855822e-01
 -5.2641344e-01
 -7.4531335e-01
 -5.6446227e-03
  3.6410415e-03
 -8.0743879e-01
  3.1985872e+00
 -9.3168700e-01
  5.3460449e-01
 -1.4660456e+00
  3.5145336e-01
 -1.8212912e+00
 -2.3964128e-01
 -2.8350487e-01
  2.4365221e-01
 -9.2185760e-01
 -3.2124037e-01
 -2.1300838e+00
  2.6926074e-02
  1.0218026e-01
 -3.2290813e-01
  2.0128839e+00
  1.1179951e+00
  1.5424390e-01
  9.2855114e-01
 -7.9405978e-02
 -2.1927348e-01
  1.6824858e-01
 -4.4307211e-01
  5.1396358e-01
  1.6944137e+00
  2.0376937e+00
  1.3915102e+00
  5.4505713e-02
 -1.2438176e+00
  7.9745752e-01
  2.0985982e+00
  1.7984893e+00
  1.7571642e-01
  1.8910224e+00
 -4.2236322e-01
 -5.7206917e-01
  2.2291193e+00
 -1.2123859e+00
  5.8640695e-01
  4.8544353e-01
 -2.7786651e-01
 -6.1295051e-02
  1.2536462e-01
  7.2491544e-01
  1.3996507e+00
  2.2149301e-01
  1.4088426e+00
 -7.6518863e-02
  9.8312712e-01
  9.5072585e-01
  8.1529242e-01
 -1.8555593e+00
  1.5943602e+00
  1.3321736e+00
  6.2294453e-02
  8.8537478e-01
  7.3107642e-01
  1.0818243e+00
  1.3333958e-01
  2.7705944e+00
  3.8345528e-01
  1.0570674e+00
  1.5310085e-01
  9.9327493e-01
 -1.3959305e-01
 -2.3180962e+00
 -1.2323197e+00
  7.1407035e-02
  1.3600358e-01
 -5.9187997e-02
  1.7293040e-01
  4.6508861e-01
 -2.8956996e-02
 -4.0200498e-02
 -2.0778885e-01
 -2.3669492e-01
  1.0064703e-01
 -2.2505937e+00
 -4.0422946e-02
  5.8145231e-01
  2.4830081e-01
  1.3085601e+00
  5.7527059e-01
  3.1517071e-01
  9.1458656e-02
  2.1797363e-01
  2.5403860e-01
  2.5359422e-01
 -2.2371291e-01
 -2.7232921e-01
 -1.1354289e+00
  6.0406035e-01
  4.6129724e-01
 -3.0604509e-01
  2.7720983e+00
 -1.5898474e-01
  6.4716496e-02
 -8.5055739e-01
  1.2738481e+00
  9.8252892e-01
  9.1887373e-01
 -2.5781932e-01
 -1.8147080e+00
 -1.1267570e+00
  7.5853765e-01
  5.1026273e-01
 -1.7052912e+00
 -3.0645105e-01
  2.6297531e-01
  4.4514853e-01
 -2.2378132e-01
  9.1172349e-01
  1.5677515e-01
 -1.2945014e-01
  4.0873263e-02
  1.0501914e+00
 -1.1164141e-01
 -7.4019927e-01
 -1.3451006e+00
 -8.1565386e-01
  2.2615775e-01
 -1.6996615e-01
 -2.0810339e+00
 -1.2561939e+00
 -1.6835837e-01
 -1.6296816e-01
  1.1669372e+00
 -8.9010954e-01
  1.9333582e+00
 -1.8594344e+00
  7.4745524e-01
  1.8946940e+00
 -1.5236194e+00
 -4.8843738e-01
 -1.3752258e+00
 -7.7013546e-01
 -8.0139917e-01
 -1.6564367e+00
  6.4245826e-01
 -2.3899170e-02
  1.6263716e+00
  1.8967557e-01
 -1.2014663e+00
 -3.8583237e-01
 -5.7963955e-01
  2.9096305e-01
 -4.6577935e+00
  1.8578507e+00
  8.3104086e-01
 -6.6203237e-01
 -7.3810923e-01
  1.5059878e+00
 -1.3756189e-01
 -7.3160219e-01
 -3.5665861e-01
  3.2089403e-01
 -5.0666457e-01
 -2.6665816e-01
  2.1570594e+00
  2.2115903e+00
 -2.1525269e+00
 -1.7853697e-01
 -1.9062574e+00
  8.9712036e-01
  7.2195649e-01
 -1.4388810e-01
  4.0817499e-01
 -8.0356640e-01
 -7.2890364e-02
  1.1081080e-01
  1.8833085e+00
 -3.1703734e-01
 -3.7569475e+00
  1.6110861e+00
  2.2110140e+00
  2.4821958e-01
  4.5502402e-02
 -1.5900952e-01
 -3.1520538e+00
  2.0197542e-01
  3.6318004e-01
  3.6433619e-03
 -1.1003422e+00
 -4.7379097e-01
 -8.1603462e-01
  1.0653816e+00
  2.6569641e-01
  2.8683686e+00
 -6.4609736e-02
 -4.6509986e+00
  4.3991527e-01
  1.6168748e+00
  1.3213019e+00
 -6.1799556e-01
 -1.0178822e+00
 -5.7470047e-01
 -4.7828850e-01
  6.6030629e-02
  8.6910772e-01
 -1.9927412e+00
 -7.6800776e-01
  1.0919349e+00
 -1.6108257e-01
  1.1928969e-01
  7.2949147e-01
 -5.2525455e-01
 -1.2354660e+00
  8.0638295e-01
  1.7398212e-02
  5.0030071e-01
  7.8967839e-01
 -6.5262234e-01
 -9.2604160e-01
 -4.1093898e-01
 -5.7627243e-01
 -6.4236993e-01
 -2.7566137e+00
  6.0134357e-01
  1.4108868e+00
  6.0140735e-01
 -1.0416418e+00
  9.6689987e-01
  1.2252944e+00
  1.6409101e-01
  2.6205084e-01
  7.8292444e-02
 -5.4972517e-01
 -9.5290720e-02
  5.4354572e-01
 -2.8926247e-01
  7.1894532e-01
  4.8662663e-01
 -2.4112345e-01
 -7.4598384e-01
 -1.6386937e+00
  1.1481249e+00
 -3.2188833e-01
  3.4911039e-01
  1.0971053e+00
 -5.9770453e-01
  4.9434114e-01
 -4.3458208e-01
 -5.7154191e-01
  2.2050151e-01
  1.2297282e+00
 -2.3181123e-01
  3.0625913e-01
 -1.2144159e-01
  1.4894774e+00
  1.0127622e+00
 -8.9893293e-01
 -3.9836529e-01
  7.0624039e-02
  6.8775558e-01
 -1.8530163e-01
  1.0856786e-01
  3.0585427e+00
 -5.7632286e-02
  6.1330336e-01
  2.1618195e-01
  1.5702970e+00
  2.5659460e-01
  3.4739274e-01
 -1.0900050e+00
  7.1764141e-01
  1.1789893e+00
 -8.5450727e-01
 -1.7125573e+00
  8.5211128e-01
  5.0869048e-01
 -4.4621000e-01
 -1.0942955e+00
  8.7188458e-01
  1.1900802e+00
 -1.4968200e+00
 -3.0266088e-01
 -1.7511551e+00
  7.0126355e-01
  1.7217474e+00
  3.9167008e-01
 -8.0267012e-01
  1.1130217e+00
  1.2564655e-01
 -7.3582768e-01
 -2.0876402e-01
 -4.1190833e-01
  3.9255619e-01
  2.0814350e+00
 -1.2679937e+00
 -8.4908152e-01
  6.6839683e-01
  3.4506261e-01
  8.2771516e-01
 -1.4160581e+00
 -1.9717510e+00
 -2.3967736e+00
 -1.0335935e+00
  3.2889220e-01
  1.4938178e+00
 -4.7074211e-01
  4.5774989e-03
  1.6898011e+00
  1.0768343e+00
  4.4687289e-01
 -3.8043404e-01
  2.7965090e-01
 -5.4412067e-01
 -1.4875826e-01
 -4.9833867e-01
 -7.4569100e-01
  1.0247510e-01
 -2.0981495e-01
 -6.5019572e-01
 -1.7759984e+00
  1.2846980e+00
  2.7057412e-01
 -4.7587058e-01
 -9.1543084e-01
  1.2024571e+00
  3.7819803e-01
 -8.7454188e-01
 -3.2738191e-01
  9.6577808e-02
 -4.5496032e-02
 -3.0207103e-01
  1.5179571e+00
 -1.1694467e+00
  4.3626961e-01
 -2.4881732e-01
  1.0470564e+00
 -2.0812268e+00
  8.9358333e-03
 -7.6878890e-02
  2.5924795e+00
  5.4496741e-01
 -7.6820952e-01
  6.9953907e-01
 -9.7851193e-01
 -1.3911624e+00
 -2.6949825e+00
 -3.1020329e+00
 -4.3300991e+00
 -1.9881334e+00
  2.8800225e-01
  5.0927669e-01
 -8.9183056e-01
  1.6627846e+00
 -5.1824558e-01
 -2.8914097e-01
 -5.1799572e-01
  7.3999220e-01
 -5.5252117e-01
 -1.2393646e+00
 -1.7146975e+00
 -5.3760403e-01
  2.9863802e-01
  8.4041663e-02
 -1.5254139e+00
  2.9213560e-01
 -1.3540641e-02
  2.6965567e-01
  2.1741028e-01
  2.1289914e+00
 -7.1266219e-02
  1.1513212e-01
  2.3531172e-02
 -5.0748575e-01
  3.8633227e-01
 -4.5879337e-01
 -1.1950316e-01
 -2.2386096e+00
  4.3557107e-01
 -5.1140320e-01
 -1.4020863e-01
 -1.3786275e+00
  3.2468680e-01
 -4.2939302e-01
  1.2974876e+00
  1.5691330e+00
 -1.6993374e+00
 -6.1821002e-01
 -3.7008333e-01
  1.9809021e+00
 -1.4715546e+00
  7.1024820e-03
 -6.3918018e-01
  8.8078845e-01
  1.1063833e+00
  1.8868460e-01
  5.6696713e-01
  1.5044534e+00
 -3.3348411e-01
 -2.9327744e-01
 -4.9231130e-01
 -2.4409653e-01
 -5.6116629e-01
 -9.4581246e-03
 -1.9395417e-01
 -1.5836720e+00
  6.4724475e-01
 -9.0806019e-01
  5.8908337e-01
 -2.7198637e+00
 -4.9333617e-01
 -3.6029679e-01
  2.0587045e-01
 -1.2112892e+00
 -5.5636537e-01
  1.3154098e-01
 -1.1277394e+00
  1.1019375e+00
  1.1322078e+00
 -8.9022034e-01
 -9.9142569e-01
  7.4745983e-01
  1.1663541e+00
 -2.3634806e-01
  3.6605632e-01
  5.7453853e-01
  5.9445173e-02
 -4.1025791e-01
  1.0007554e+00
  1.0055455e+00
 -6.1452651e-01
 -8.8164037e-01
  4.1109601e-01
  1.2200007e+00
 -3.8730419e-01
 -2.5901327e-01
 -1.2260126e+00
  8.1286991e-01
  1.2605226e-01
 -6.9151831e-01
  1.8097955e-01
  3.1436846e-01
 -1.2752903e+00
 -5.8525968e-01
  8.1350750e-01
 -1.3897878e+00
  1.2453128e+00
  1.0153815e+00
  1.3390544e-02
  1.6007502e+00
 -9.9337757e-01
 -4.1533279e-01
 -2.7155159e+00
 -6.8667941e-02
  1.9352859e+00
  1.2433962e+00
  6.5733004e-01
 -6.0427392e-01
  2.2269292e+00
  2.1009886e-01
 -7.0624387e-01
  6.1894250e-01
 -9.4309139e-01
  1.0534791e-01
 -3.4216693e-01
 -2.5645947e-01
 -2.3789492e-01
  2.2384226e+00
  6.6170377e-01
  1.4666671e-01
 -5.4879326e-01
  1.6333083e+00
  1.2590998e+00
 -1.0245020e+00
 -1.2336798e+00
  1.5428419e-01
  3.6189847e-02
  9.7273275e-02
 -1.4357867e+00
  6.0109526e-01
 -4.0446055e-01
  5.0918514e-01
 -5.6461573e-01
  1.6047827e+00
 -2.1328555e-01
  7.3174834e-01
  3.1414807e-02
  8.7825608e-01
 -7.0349926e-01
 -4.4729602e-01
  1.1210292e-01
  2.8600800e-01
  6.7506611e-01
  9.9647671e-01
 -1.0559345e-01
 -4.1550490e-01
 -1.1456120e+00
 -2.1607425e+00
 -3.6274272e-01
  8.1829846e-01
  6.7271656e-01
  2.9621453e+00
 -1.0055156e+00
  7.3688543e-01
  1.0931560e+00
  1.5029831e+00
  9.3824470e-01
  1.5081984e-01
  5.7662290e-01
 -4.4607455e-01
 -1.4333874e+00
 -1.1313028e+00
  1.4961944e+00
  3.8917974e-01
  7.8355566e-02
  5.9501845e-01
  8.0576682e-01
  1.8349068e-01
  1.6291037e+00
  3.6685893e-01
 -3.9849198e-01
 -3.3875385e-01
 -1.0807974e-01
  1.1282761e-01
 -7.5758618e-01
 -5.6523733e-02
 -3.2238741e+00
  6.2540549e-01
  3.8698256e-01
  4.8814842e-01
 -3.0647588e-01
 -3.5134861e-01
  7.6954943e-01
  4.4917518e-01
  1.5073006e+00
 -3.5504755e-02
  3.9973497e-01
  2.5848040e-01
  2.3748095e+00
  9.7570390e-01
  1.4957510e+00
 -1.4981765e+00
 -2.4028185e-01
 -2.6307652e+00
  4.5217314e-01
  5.3573847e-01
 -1.1895901e+00
 -2.1793202e-02
 -1.8180684e+00
  5.7443070e-01
  2.1521552e-01
  3.3265057e-01
  9.3820050e-02
 -3.1229503e-02
  8.2673359e-01
 -1.6311140e+00
 -3.5770828e-01
 -1.8759070e-01
 -5.1893644e-02
 -8.5266161e-01
 -1.0887177e+00
 -1.9680855e-01
  4.5089114e-01
  1.3767532e+00
  6.9454682e-01
  1.4575565e+00
  9.9119854e-01
 -1.4477097e+00
  1.7692304e-01
 -6.2205976e-01
  1.6507722e-01
 -1.9873534e+00
  3.0124754e-01
 -1.9658015e+00
 -9.9050397e-01
 -1.8244967e-02
  1.0404563e+00
 -3.9618376e-01
 -2.6849515e+00
 -3.3767313e-02
  1.0676804e+00
  1.0944824e+00
 -1.3086170e+00
 -1.0086986e+00
 -3.8056862e-01
  2.7613008e-01
 -6.3542145e-01
  4.2319623e-01
 -4.4168431e-01
  2.0892940e-02
 -7.2797887e-02
  5.8930606e-01
  2.3359172e-02
  2.3359172e-02
  2.3359172e-02
  2.3359172e-02
  2.3359172e-02
  2.3359172e-02
  2.3359172e-02
  2.3359172e-02
  2.3359172e-02
  3.7800722e-02
  3.7800722e-02
  3.7800722e-02
  3.7800722e-02
  3.7800722e-02
  3.7800722e-02
  3.7800722e-02
  2.9012233e-02
  2.9012233e-02
  2.9012233e-02
  2.9012233e-02
  2.9012233e-02
  2.9012233e-02
  2.9012233e-02
  1.3580502e-02
  1.3580502e-02
  1.3580502e-02
  1.3580502e-02
  1.3580502e-02
  1.3580502e-02
  1.3580502e-02
  5.7021868e-03
  5.7021868e-03
  5.7021868e-03
  5.7021868e-03
  5.7021868e-03
  5.7021868e-03
  5.7021868e-03
  1.2225810e-02
  1.2225810e-02
  1.2225810e-02
  1.2225810e-02
  1.2225810e-02
  1.2225810e-02
  1.2225810e-02
