nep4 2 Cu Se 
cutoff 7 5 100 44
n_max 8 6
basis_size 12 12
l_max 4 2 0
ANN 50 0
 -4.0510705e-01
 -3.8001201e-01
 -1.0192709e-01
 -8.1103452e-02
 -1.1551578e+00
 -1.7089464e-01
  1.0545479e+00
 -3.8828772e-01
 -1.7808797e-02
  2.9063034e-01
 -5.9703606e-01
 -2.0040565e-03
  3.2406680e-02
 -9.2120981e-04
 -5.7876989e-02
  4.2031300e-01
 -8.3772658e-04
 -1.0467271e+00
 -3.2562967e-02
 -8.9887306e-02
 -3.5633266e-01
 -4.0996107e-01
  3.0269885e-01
  1.6052464e-01
 -4.7033179e-01
 -5.0584495e-01
 -2.2480983e-02
  7.1434535e-02
 -2.2936232e-02
 -3.7570396e-01
 -6.1019957e-01
 -2.6130384e-01
 -1.9025300e-01
 -3.0332223e-01
 -7.2409503e-02
 -2.7353089e-02
  1.1604700e-01
  7.2420374e-02
 -1.4364320e-01
 -2.1498901e-04
 -1.8414770e-01
 -2.7083039e-02
 -8.7365665e-02
  4.3690152e-04
  2.8497609e-03
  4.6457117e-03
 -4.8701116e-04
 -7.0732273e-04
  1.1548240e-03
 -1.0407480e-03
  1.7214122e-03
 -8.1748719e-04
 -1.5936786e-03
 -3.3576828e-03
  1.0182253e-04
 -6.4585707e-04
  1.9067969e-03
  2.1229954e-03
 -3.2971543e-04
 -2.3844326e-04
 -1.0852909e-03
  2.0539912e-03
  1.6085280e-03
 -5.6345703e-04
  1.2069003e-04
  4.8941583e-04
  1.2991163e-03
 -5.8344152e-04
 -1.4721120e-03
 -5.5330270e-03
 -8.6166966e-04
  5.3666503e-04
 -3.2948173e-04
 -6.2032067e-04
  4.0046900e-04
 -1.7524076e-03
 -9.1112533e-04
  2.8455362e-04
 -7.5552277e-03
 -5.8967057e-03
 -1.4630990e-03
 -5.0633179e-04
 -7.8181503e-04
 -8.5622800e-04
  6.1414146e-04
 -2.1652933e-02
  2.7503734e-03
  1.7614110e-03
  1.0883313e-01
  1.8501559e+00
  2.9831960e+00
 -1.0314763e+00
  2.4547148e+00
  1.5305989e+00
 -1.3824768e-01
 -1.4162406e+00
  2.6985756e-01
 -6.8249464e-01
 -5.2188993e-01
  1.2834182e-01
  1.2408378e-01
 -1.4101402e+00
  3.4685791e-01
  1.0472239e+00
 -6.0043925e-01
 -8.3135903e-02
 -1.7948489e-01
  4.1662145e-01
  1.3998173e+00
  7.8506279e-01
 -3.7200418e-01
 -7.3610395e-01
  4.0478769e-01
  2.1030144e-01
  2.9459050e-01
  3.4238201e-02
  3.7149006e-01
 -1.0221141e-01
  1.0856202e-02
  4.5977540e-02
 -9.9873796e-02
  5.3238552e-02
  5.1247084e-01
  2.3743358e-01
 -2.7393991e-01
  1.3856392e-03
  9.0263726e-04
  4.4261485e-02
 -1.7312146e-03
 -3.9010814e-01
 -3.3596188e-03
 -4.1896536e-05
 -1.0411751e-03
 -1.1912473e-03
  2.2502479e-03
 -4.7324523e-03
  3.2023902e-03
 -1.6479635e-03
  7.6978642e-04
  1.8592943e-03
  1.0081390e-03
  8.0385309e-04
  2.4320016e-04
  1.1795815e-03
  3.9419963e-04
 -6.1398506e-04
  2.8098206e-04
 -2.6232270e-03
 -4.0772205e-04
  1.7819584e-03
 -5.8553077e-04
 -6.1823073e-04
 -4.6791916e-05
 -1.9947826e-03
 -7.8593666e-04
 -1.4178586e-03
 -3.2777772e-03
  3.4185220e-04
  3.0713863e-04
 -1.2064630e-03
 -1.8845520e-03
  3.7478982e-05
  7.4782316e-04
  1.5655736e-03
  5.0397322e-04
  7.8861136e-05
 -1.8593047e-03
 -1.8773605e-03
  8.6434936e-04
 -6.6219905e-04
 -7.9829909e-04
 -1.9189247e-03
 -1.1434569e-03
 -1.7911321e-03
 -2.5995052e-03
  1.1035667e-03
 -5.1545072e-04
 -1.6464837e-03
 -1.9568673e-05
 -2.9135770e-01
  8.2720801e-02
  9.0747833e-04
  1.7832600e-02
 -6.5981999e-02
  1.3080894e-03
  1.9199300e-03
 -1.7145175e-03
  2.2492735e-05
  9.7432622e-04
  6.5899629e-05
  4.8302452e-04
  1.3862567e-03
  1.0118318e-04
  2.7689878e-03
  8.8130066e-04
 -5.9335533e-04
  1.9060732e-03
 -2.9177414e-04
 -2.3468228e-03
 -3.6464932e-03
 -1.9676420e-03
  9.7520213e-04
 -3.0909032e-03
  6.1696151e-04
  9.6707791e-04
 -2.2375491e-05
 -1.7623438e-03
 -1.7705734e-04
  2.1841374e-04
 -2.2510902e-03
  4.8998406e-04
  7.6204119e-04
 -2.9286568e-03
 -3.6660554e-03
 -1.9786452e-04
  2.9884255e-03
  4.8814758e-04
 -3.8317029e-04
 -2.6794767e-01
  3.6369138e-03
 -6.3468737e-04
  9.0329331e-01
 -5.2241707e-01
  1.1955365e-01
 -3.5716420e-01
 -1.9530044e-01
 -1.5795086e-01
  1.6099316e+00
  2.0502605e-03
  1.0475485e-02
 -5.1525682e-03
 -1.5899062e-03
 -1.3651309e-03
  2.0705282e-03
  5.4871419e-04
 -4.5510381e-03
 -2.6817597e-03
  1.3754763e-01
  3.5867139e-03
 -1.0719961e-02
 -2.6136312e-01
 -4.2589479e-03
 -1.3805723e-01
 -2.5881496e-01
 -3.6800364e-01
  9.0826809e-04
 -1.1328209e-01
 -2.3824592e-01
 -1.1131318e+00
 -1.2404317e-03
  1.8381700e-03
  7.9142378e-04
 -1.6654353e-03
  1.4520803e-03
  1.6531717e-03
 -2.5215417e-01
 -2.4332541e-04
  2.4193663e-03
  7.8414427e-04
 -1.5070227e-03
 -1.8246876e-02
 -5.7941355e-04
 -7.0551708e-02
  1.7602497e-04
  4.1341121e-04
  2.9663967e-03
  4.2576060e-02
  1.4011614e-04
  2.3799126e-01
  1.2321838e-03
 -2.2253074e-02
 -8.4089287e-02
 -1.4264742e-03
 -2.4954492e-04
  1.3621654e-01
  1.0088026e-03
 -2.3082091e-02
 -3.4552272e-03
 -6.3826687e-05
  2.4531193e-01
  2.4289895e-02
  1.0548307e-01
 -4.1075298e-04
  2.6513599e-03
  1.3050227e-01
  2.9734320e-03
  7.9909520e-04
  8.6718984e-03
  1.2511562e-01
  1.9119784e-02
 -1.1975105e-02
 -1.8607534e-02
  3.1758904e-02
  3.2845439e-04
 -3.3805075e-03
  1.0790462e-03
  2.7329936e-03
  6.8568735e-04
  1.3627921e-03
  2.5314301e-02
 -1.1224960e-03
  6.5646385e-04
 -1.6249719e-03
  2.5011047e-03
  3.5298667e-03
 -3.0177003e-03
  2.3824014e-03
  1.9539720e-03
  2.6760285e-03
  1.6851872e-04
 -2.0842508e-03
  8.2172239e-01
 -1.0769346e+00
  2.1184804e-02
  1.2400268e-03
  1.1675876e+00
 -5.8831309e-04
 -6.1545032e-04
  1.5834048e-03
 -7.3597452e-04
  8.0830447e-05
 -5.8612409e-03
 -2.6319120e-03
  2.9603289e-03
 -3.8863783e-04
  2.3111277e-03
 -1.3265230e-03
  1.3974411e-03
 -2.3131080e-04
 -6.2717660e-03
 -8.0551847e-04
 -2.8636379e-04
 -1.0460768e-03
  5.3223525e-04
 -2.7956499e-03
  5.4622300e-02
  1.9456336e-04
  5.5738188e-02
 -5.8400881e-04
 -4.1395682e-03
 -8.3281368e-04
  6.7428220e-04
 -1.6905481e-03
  7.3355524e-04
 -8.9106411e-03
  1.4034524e-03
  9.4351277e-04
 -1.1980796e-04
 -5.7687744e-04
 -1.4361152e-03
 -1.1569519e-03
  2.6870919e-03
 -5.1263459e-03
 -8.0699392e-04
 -6.3393405e-04
  5.4146885e-04
  4.1829931e-05
  1.4664095e-03
 -4.9320469e-03
 -3.1244582e-03
  3.9599900e-04
  1.1434281e-03
  1.0532476e-03
  2.2934442e-03
  9.3712166e-05
  1.7881044e-04
 -1.6139919e-04
  2.2744627e-03
  1.1060992e-04
 -1.4338882e-03
  2.9647520e-03
 -1.1903285e-03
 -1.7667660e-03
  1.0244607e-03
 -4.7003985e-03
  1.1668713e-03
  8.2412034e-02
  1.4326043e-03
 -6.7333394e-04
 -5.3254604e-02
  2.3665526e-03
 -4.2710247e-04
  1.9548397e-04
  8.5646519e-04
 -1.2097866e-03
 -7.0363533e-04
  4.7148461e-04
  1.9358232e-03
 -4.0727933e-03
  7.1343454e-03
  2.8914702e-03
 -1.0740077e-03
  5.3575548e-04
 -9.3584174e-05
  2.4467499e-03
 -1.0546910e-03
  3.0001953e-02
  2.1499456e-01
  1.1083679e-01
 -1.3174947e-01
  7.3842406e-02
  3.3850623e-03
  1.2220143e-01
 -3.7840810e-02
  5.0770369e-04
 -7.5556585e-05
 -2.0819315e-04
 -1.3256809e-03
 -3.3996726e-04
  1.8020669e-03
  1.5568240e-01
  2.3514006e-04
  2.0516384e-03
  8.0204452e-05
 -3.3072026e-03
  1.0894322e-03
  9.0429865e-02
 -2.4480518e-04
  2.5173856e-04
  1.9384836e-01
  4.6421766e-01
 -1.8303860e-03
 -1.8754526e-03
  2.0234860e-03
 -3.1047937e-04
  2.5920605e-03
 -3.1418368e-04
  1.2320821e-03
  4.1211611e-03
 -2.9629827e-03
  9.0949098e-04
  4.0263711e-03
  1.5063708e-03
 -9.7008952e-04
  6.9281342e-04
  9.8015263e-04
  4.0252446e-03
  2.9582033e-04
  3.6547601e-04
  1.0445619e-03
 -8.0433059e-01
 -8.1070918e-01
  9.8519886e-01
  8.8176250e-01
 -1.5459913e-01
  2.4555364e-01
 -1.4458256e+00
 -3.6495566e-01
 -5.3005445e-01
  6.5250800e-04
  4.2324004e-01
 -1.9303632e-04
 -3.6821831e-03
  3.9225084e-01
  1.6455469e-03
  4.9459720e-03
  1.0944890e+00
  4.0507326e-01
 -1.5808052e-01
  5.6267038e-02
 -4.3289107e-01
 -3.8120112e-01
  2.4850345e-01
  1.1012701e+00
  8.6454040e-01
  2.8820133e-01
 -9.8922825e-04
 -2.2885418e+00
  7.7122211e-01
  3.9730859e-01
 -1.3267635e-01
  2.8461435e-01
 -1.5309406e-03
 -1.4607841e-04
 -3.8652414e-01
  5.1250345e-01
 -1.1323496e-03
 -5.1394384e-03
  3.2736070e-04
  2.7976511e-04
  1.6107168e-03
 -3.6743260e-04
 -8.3279738e-05
  1.4199353e-03
 -6.2718423e-04
 -3.7059695e-03
  9.3406327e-02
 -1.9705912e-01
  1.5868837e-03
  1.2243405e-04
 -4.4783927e-04
  8.0186945e-01
 -3.3628615e-04
 -2.3653147e-04
 -6.3401804e-04
  9.9489555e-02
 -9.8997611e-04
  1.6066963e-03
 -2.8840452e-04
 -8.7035471e-05
  7.9232641e-04
  5.4955506e-03
 -4.4887359e-03
 -4.2449087e-03
  2.2865832e-03
  1.6413366e-03
 -2.8403971e-04
 -1.3723923e-04
 -3.9038071e-03
  1.2988942e-03
  6.8558007e-04
  6.0289004e-04
  3.5823837e-03
  1.0384008e-03
  6.3528761e-04
  1.1641562e-03
  9.4111206e-04
 -1.9013815e-03
 -1.1363302e-03
  1.0732219e-03
  4.8937136e-04
  1.9225687e-05
 -4.5111566e-04
  1.5342447e-03
 -5.2211893e-04
 -6.7698069e-02
  3.7986662e-03
  1.7755395e-02
 -2.8465027e-03
 -1.0160923e-01
 -5.7098287e-01
  2.4650133e-01
 -2.1877587e-03
 -1.1384773e-01
  9.0620317e-04
 -8.4959991e-02
  5.3796721e-01
 -2.1336891e-05
 -4.0151104e-03
  1.2924310e-02
  5.7198937e-05
 -1.7161614e-01
  8.3801541e-03
  1.9689608e-02
 -7.4886575e-02
  6.0999250e-01
  8.8214828e-04
 -1.0941365e-02
  4.5984361e-02
 -1.2258075e-01
  1.3825612e-03
 -4.0726643e-03
 -1.9863456e-02
 -1.0687120e-01
  2.0991612e-04
 -1.0441790e-01
 -3.5543993e-01
  1.4499241e-03
  1.3649376e-02
 -2.4412689e-03
 -6.4104861e-03
  1.1841548e-03
  3.9677380e-04
 -3.0029550e-02
 -4.5736000e-05
 -8.2767510e-04
 -1.8033199e-04
  1.1317007e-03
  2.1399546e-04
 -3.7298613e-04
 -1.4930645e-03
 -7.6945394e-04
  7.2189834e-04
 -5.4356823e-04
  1.4606524e-03
 -2.7029034e-01
 -5.8519952e-03
 -3.2454386e-02
  3.8657099e-01
 -8.0762245e-02
  3.9218934e-03
 -3.7253107e-04
 -6.4970598e-02
 -2.7172980e-03
 -2.7266287e-06
  9.8347024e-05
 -2.2646431e-03
 -6.2759630e-03
 -3.6251624e-03
 -4.9922378e-03
  1.8314929e-03
  8.3503424e-04
 -5.6987986e-02
 -2.1883454e-03
  8.5795263e-04
 -2.9971143e-03
 -1.2772334e-01
  1.4809376e-03
  1.6528674e-03
 -6.0682207e-01
 -2.4052989e-02
  5.2834582e-04
 -2.0700532e-03
 -2.0485260e-03
  1.4046856e-03
  3.4690925e-03
 -2.6463025e-04
 -5.4408354e-03
 -1.1780423e-02
  3.4838528e-03
 -1.6764770e-04
 -2.0205174e-03
 -6.8294385e-04
 -1.8079851e-03
  2.1375743e-04
 -2.7007188e-03
 -2.9108943e-03
  4.3750741e-03
 -3.6554167e-04
 -3.8493340e-04
 -2.3012719e-05
 -1.3991053e-03
 -3.0346606e-03
 -1.9677780e-03
 -1.6471135e-03
  4.5264824e-04
 -4.1279737e-03
 -2.1988410e-03
 -2.4489956e-03
  9.1277779e-04
  4.2313262e-04
  1.2031613e-03
  8.2036445e-04
 -3.8944830e-03
  3.1963398e-04
 -1.2826745e-03
 -8.3326217e-04
 -2.7812892e-03
  1.0930066e-03
  1.3850195e-03
  2.3779829e-03
 -3.1008804e-03
 -1.3630168e-03
 -4.9576396e-03
 -6.0015227e-05
  3.1863749e-03
  2.7315421e-03
  1.4159791e-03
  8.4964596e-03
  4.7510664e-04
  6.8047765e-04
 -1.0425238e-03
  8.7013096e-04
  1.1644502e-03
 -1.9120225e-03
 -2.3317845e-03
  6.7277253e-04
  6.0532568e-04
 -1.5978455e-03
  8.3147391e-04
  3.9295487e-02
  1.2920742e-03
 -1.8867376e-03
  5.8287289e-04
 -1.0616583e-03
 -9.5454731e-04
  1.0955874e-03
 -5.6938505e-01
  5.1901685e-03
  2.0647718e-04
 -3.6123844e-03
 -3.6113027e-03
  3.3763819e-04
  2.9985444e-03
  1.0079185e-03
  2.9925854e-04
 -7.1767543e-04
 -1.6406993e-06
 -3.5147829e-04
 -1.0500817e-03
  1.6041937e-03
  1.4746978e-03
 -2.7013759e-04
 -1.4671113e-03
 -1.2265401e-03
 -2.4721576e-03
 -4.8550701e-04
  3.4692913e-04
 -8.7386253e-04
  3.0195478e-03
 -8.3899021e-04
 -8.1655424e-05
 -1.5931646e-03
  3.3516510e-05
 -6.8735058e-04
 -1.6359147e-03
 -6.2219603e-03
  2.0246950e-03
 -1.2085531e-03
 -4.8876153e-03
  8.5727341e-04
 -4.2919026e-04
 -5.7638437e-03
  2.8243372e-03
 -4.8925070e-04
 -5.0247891e-04
  8.3301211e-04
  1.8051287e-04
  4.0477723e-02
 -3.9640074e-03
 -4.1463677e-04
 -9.5928425e-04
 -8.1778533e-04
 -7.9251139e-04
  7.0824361e-05
  5.6090736e-04
  2.1548625e-03
 -1.8864013e-03
  2.3257276e-03
  1.2387768e-03
  1.4848511e-03
 -1.9203025e-03
 -1.1025283e-03
  4.3465805e-04
  5.8222334e-03
  9.6301723e-05
  3.0860282e-03
 -5.4999515e-03
  1.9528265e-03
  4.9276539e-04
  1.9964802e-03
 -9.8941568e-04
  1.5046492e-03
  1.3882312e-03
  7.9925149e-04
  7.7817254e-03
 -4.1484463e-04
 -9.6272951e-04
  1.0470879e-03
  1.3843097e-03
 -6.3609902e-04
  4.6447141e-04
 -2.0459853e-03
  1.6627583e-03
 -3.1827527e-04
 -2.2913371e-03
  1.6032676e-04
  4.4931774e-03
  1.2410001e-02
 -4.1815437e-02
  4.0150139e-02
 -2.3262624e-02
  6.4490043e-02
  3.0147597e-01
 -4.3272953e-03
 -1.3549310e-01
  1.8600596e-03
 -3.6954444e-02
  2.5695494e-01
  2.6733780e-03
 -8.6742021e-02
  6.4201854e-02
  9.2131449e-03
  4.2044222e-01
  5.0247389e-01
  1.1716370e-01
 -5.7382816e-03
  7.8633673e-02
  6.2082016e-01
 -1.6429731e-01
  9.6908407e-03
  1.3041013e-01
  4.9372718e-01
  3.0860716e-01
  1.7958087e-01
 -5.2964836e-02
  9.5272036e-03
 -3.3724773e-01
 -8.8170156e-02
  2.1965735e-01
  9.7681552e-02
  1.7621444e-01
 -7.8492180e-02
  3.6969548e-01
 -5.9190248e-03
 -3.6172289e-02
  8.9779511e-02
  1.6174646e-03
  1.4663696e-01
  7.9401821e-02
 -1.1732607e+00
  2.4527877e-03
 -2.4442899e-04
  1.0806838e-03
 -3.2031906e-03
  4.4841404e-04
  5.8719248e-05
  2.7287540e-03
  2.8195947e-03
  4.2363195e-04
 -3.3398974e-03
  3.2823642e-03
  4.4320547e-04
 -3.6274837e-03
 -3.0256459e-05
  2.9405387e-04
  4.8998493e-04
  6.0233739e-05
  1.2455548e-03
  4.4887410e-03
 -2.9532617e-04
  9.3305833e-04
  4.2327782e-03
 -6.5600383e-04
 -2.1874607e-03
  3.0873313e-03
 -7.0556719e-04
  1.8037768e-05
 -6.1440194e-04
 -9.6621552e-05
  1.9207463e-03
 -1.1393732e-04
  1.8530218e-03
 -3.2561022e-04
  1.3863138e-04
 -1.0791068e-03
 -7.1867777e-04
  1.1993519e-03
  1.4378163e-03
 -2.6947711e-04
  1.2909004e-06
 -2.4964187e-01
  7.6349912e-04
  2.8215759e-03
 -8.5243303e-04
 -6.9900666e-04
 -4.7209165e-01
 -9.8258543e-01
 -1.9896579e-01
 -5.2398169e-01
 -5.1928395e-01
 -7.8718442e-01
 -2.0293137e-01
  1.5896657e-01
  8.6932324e-02
  5.7847023e-01
 -9.1416353e-01
 -1.4164450e-02
  4.5440355e-03
 -1.4006227e-01
 -1.3558171e+00
 -1.2723161e-01
 -5.0060070e-01
 -7.1376914e-01
  7.9063725e-01
  1.4711230e-04
  9.9144691e-01
 -9.6306181e-01
 -4.9338702e-02
  7.3237294e-01
 -6.7049938e-01
 -7.3154819e-01
 -1.2354526e-01
  4.2517033e-01
 -1.3774629e+00
 -2.5492648e-02
  7.5227642e-01
 -8.7456203e-01
 -6.2347059e-03
  2.7306150e-03
  2.6968333e-01
 -6.5770555e-01
 -3.8841411e-01
  8.1348315e-02
 -4.0439799e-02
 -3.6524837e-03
 -1.0294557e-01
  3.3248520e-01
 -7.2532916e-01
 -1.0500084e-04
  1.3116469e-03
  2.7872849e-04
 -1.9829320e-03
  1.5480226e-04
 -1.6010317e-03
  2.3651126e-04
 -1.8063484e-04
 -1.6317710e-03
  8.3527368e-05
 -1.0987860e-03
 -1.4762920e-03
 -1.2751137e-03
  2.5411940e-03
  1.4303009e-03
 -1.1553276e-02
  2.7891886e-03
  1.1905069e-03
  9.5957376e-02
 -2.9227752e-04
 -1.2249098e-04
  1.5563387e-03
 -4.0574258e-05
  8.2087866e-04
  1.1592103e-03
  1.2031647e-03
 -1.6503580e-03
  6.8347587e-04
 -1.1909914e-03
 -1.2406682e-04
 -7.4819679e-04
  5.4869079e-04
 -8.5418025e-04
  1.3685254e-03
 -7.2402228e-04
  1.4287293e-03
  1.1081588e-03
 -1.0126649e-03
 -1.1543086e-03
  2.5761807e-03
  1.4464257e-03
  2.4675459e-03
 -1.8407399e-03
 -3.1351782e-03
  1.3718059e-03
  3.1525314e-01
 -6.7761296e-01
 -1.5623424e+00
 -3.4625691e-01
 -4.7813410e-01
  1.8820038e-01
 -1.8114953e+00
 -1.3441921e+00
 -4.7742164e-01
  1.0681455e-04
 -9.5496457e-03
 -2.1264963e-03
 -1.0330274e-03
 -8.7108302e-01
 -4.5836985e-01
  1.7494670e-01
 -7.5366788e-02
 -2.4743145e-02
  1.9468212e-03
  2.4540222e-04
  4.2355144e-03
 -1.7317789e+00
 -3.7028142e-03
  2.1645790e-02
 -8.7613934e-01
 -1.7716417e-03
  1.0223122e-01
  1.4188031e-02
  1.9662313e-02
 -2.1108945e-01
  3.9864145e-03
 -3.1411909e-02
 -3.0996581e-03
  2.6940736e-03
 -7.3607147e-02
  2.3305169e-03
 -3.1916425e-01
  3.0413393e-03
 -6.8934506e-04
 -7.8761182e-04
  1.6910089e-03
 -9.1207974e-02
 -2.1368680e-03
 -4.3009481e-04
 -3.9785090e-04
 -8.2594267e-04
 -3.4814472e-03
 -1.5310203e-01
 -6.3693859e-03
  7.3705269e-06
  6.1355330e-02
  7.2856688e-01
  4.3000352e-01
 -7.0565462e-04
 -4.6127464e-04
  2.0234303e-03
  3.4884885e-03
 -9.3466073e-04
  4.9101515e-04
  4.4383714e-03
 -2.2552831e-03
 -8.1688992e-04
 -6.9498713e-04
  2.6828221e-03
 -9.4867393e-04
 -4.7887983e-03
 -1.1845590e-03
 -3.1953536e-03
 -4.1599327e-05
 -1.2674720e-03
 -2.6140784e-04
 -2.8424107e-03
  1.7909902e-03
 -1.6013983e-03
  6.1769434e-04
  1.5245102e-03
 -6.4562954e-04
  2.6047009e-03
 -4.7549452e-03
  6.2659656e-04
 -3.5153161e-04
  3.1220191e-03
  6.0938613e-04
 -3.9096200e-04
  4.7371406e-04
  1.8594190e-05
  4.9485196e-04
 -1.1980878e-03
 -4.7180452e-05
 -4.5311573e-04
  2.0182259e+00
 -3.5904316e-04
 -6.0188991e-04
  1.9855716e-04
 -5.2037917e-04
 -9.2457054e-04
 -8.1335107e-05
  9.2767354e-05
 -1.1233328e-03
  3.6987185e-06
 -6.1710202e-04
  5.7516401e-03
  6.6309149e-05
 -3.2363890e-04
 -3.7431405e-03
 -1.5385440e-03
  1.6484602e-03
  3.9059031e-04
  1.6438683e-03
  3.9825443e-04
 -3.1244908e-03
 -1.1892007e-03
 -1.1075877e-03
  2.0649615e-03
  9.1310951e-04
  2.7681071e-02
 -8.2177818e-01
  5.9407589e-04
  1.2763004e-03
  8.5353618e-04
  2.5033002e-04
  4.8403267e-04
  2.1743393e-04
  1.8867862e-03
  3.5064609e-04
  3.7236814e-03
  2.9482041e-04
  3.3559572e-04
  4.0403981e-04
 -2.0676320e-03
 -4.0081085e-04
  9.6322270e-04
 -3.1395126e-03
 -4.7479025e-01
 -1.7719368e-02
 -9.5020258e-01
 -3.1342706e-01
  2.6275704e-02
 -6.2644463e-03
 -1.5225227e+00
  3.2201083e-04
  4.5698241e-04
 -6.6044618e-04
 -2.8037252e-03
 -2.6141887e-03
 -2.1815550e-01
 -1.4462771e-03
  2.0960414e-01
 -2.6089104e-03
 -1.0567571e-02
 -4.4650849e-02
 -2.1884851e-03
  1.3337427e-01
 -8.0253817e-02
  3.2232195e-04
 -9.2812675e-01
 -5.3883751e-04
  3.8627523e-04
  1.3507824e-01
  1.0194334e-01
  3.0192760e-01
 -1.2756730e-03
 -5.8043990e-02
 -4.2793859e-02
 -2.9018417e-03
 -5.0269850e-02
 -2.6431717e-02
 -6.9216895e-04
 -2.5905233e-03
 -1.5225954e-04
 -7.4044066e-03
  1.8828891e-03
  1.9430025e-03
 -1.3120502e-01
  3.3201114e-04
  6.7678938e-04
  3.7856817e-03
 -3.3118305e-01
 -1.2120380e-03
 -5.0979059e-02
 -2.8652137e-02
 -4.7642952e-03
 -1.6215583e-04
 -4.6711177e-01
 -1.0986291e-03
 -7.7832083e-05
 -2.1636335e-03
 -1.2644567e-03
  2.1788166e-03
  1.1406938e-04
  6.1255367e-04
 -1.9022948e-03
  1.0867050e-05
 -6.3309015e-04
  5.8568618e-04
  5.0739909e-04
 -1.4517186e-03
 -1.1423131e-02
 -1.1725434e-03
 -8.1981458e-03
 -3.7574787e-02
 -4.0145814e-03
 -1.8469713e-03
 -7.7017725e-01
 -2.2848654e-03
 -7.8316877e-04
  3.1731540e-04
 -6.4520503e-04
  1.5609284e-04
 -5.6239328e-04
  1.9187827e-03
 -4.3703713e-03
  1.6872566e-03
  1.5449676e-03
 -2.0239959e-03
 -1.9032317e-03
 -2.3633547e-04
 -3.1001286e-03
 -5.5508071e-04
 -1.5614761e-04
  1.3357637e-03
 -1.0674618e-03
  1.3945170e-03
  7.0896843e-03
  1.4591313e-03
  1.3109419e-03
 -7.5085933e-04
 -7.6786010e-04
 -4.6345103e-04
 -1.6292508e-03
  1.5521444e-03
  2.4420844e-04
  2.9066389e-03
  3.1281242e-03
 -6.5252947e-04
  4.8689821e-04
  3.2110367e-04
  9.9621167e-05
 -1.8967059e-04
 -1.8403818e-03
 -3.0576310e-01
 -1.8835999e-06
  5.4787789e-03
 -3.6036479e-04
  1.2037836e-03
 -8.0314209e-04
 -5.2451779e-04
 -5.4701982e-04
  2.1979031e-03
  1.1886820e-03
 -7.2685878e-05
 -3.8118472e-03
  2.3132309e-03
 -2.0636267e-03
  2.4785139e-03
  1.4303689e-05
  6.5415469e-04
  6.8792078e-04
 -2.0304401e-03
 -1.5975293e-04
 -3.7222411e-03
 -1.0537402e-03
 -7.6348276e-04
 -2.5897289e-03
  3.2241989e-03
  4.0155156e-03
 -7.8547299e-02
  1.8401893e-02
  5.8560145e-01
  3.1888082e-03
 -2.9212139e-03
  5.2371240e-01
  2.4952912e-03
 -5.9395768e-03
 -7.2600972e-04
 -1.2249250e-03
  3.3070440e-03
  9.7587530e-05
 -7.6148484e-04
  4.8820108e-01
  1.2626142e-03
 -5.5584440e-04
 -8.0274814e-04
  1.1713304e-04
 -2.6890130e-03
 -1.4791163e-04
  1.5718483e-03
  3.4042904e-03
 -1.2257175e-03
 -1.3244018e-01
 -1.0178394e-03
 -4.9540866e-03
  1.4387022e-04
 -1.6376240e-03
  1.3030344e-03
  2.1319643e-03
  6.2030117e-04
  1.0312106e-03
  7.2296109e-04
  1.4068445e-03
  1.0818241e-03
 -1.6848609e-04
  6.2151998e-04
 -1.4282723e-03
  7.4538002e-03
 -2.1681102e-05
  6.9152853e-03
 -2.7753622e-03
  1.2125876e-03
  1.7521002e-03
 -7.0232648e-04
  1.8974833e+00
 -1.7435661e-03
  4.3754958e-04
 -1.6248302e-03
  3.7648622e-04
 -4.8991814e-03
 -5.2080338e-04
  1.4214058e-04
  1.5526365e-03
 -1.7981876e-03
  2.3019104e-03
 -1.7742374e-03
 -1.6813071e-03
  4.5982650e-03
  1.5938610e-03
 -1.2405840e-04
 -9.6509722e-04
 -1.8793246e-05
  8.5944950e-04
  1.9858676e-04
  7.8049488e-05
  1.2174279e-04
  3.4142132e-03
  5.5111456e-04
 -2.9626081e-04
 -1.6156454e-03
 -3.2638882e-03
 -1.0409066e-03
  2.5900532e-03
  3.2314709e-03
 -2.3454186e-03
 -4.6522770e-04
 -3.4313297e-03
  1.5159857e-03
  1.5748583e-03
  3.3509117e-03
  2.4741743e-04
 -2.3963019e-04
  3.3003753e-03
  3.1008543e-03
 -3.8338045e-04
 -3.6991441e-03
  2.4096726e-01
  5.8615446e-01
  8.9565247e-01
 -4.2956454e-01
 -7.1918499e-01
  3.2256569e-03
  2.6484895e+00
  1.1147452e-02
  2.4849111e-03
  1.2364201e-03
  3.2325520e-03
  5.1350058e-03
  3.1264005e-03
 -3.7327947e-03
 -7.5546569e-01
 -3.0266964e-03
 -6.2999316e-04
  4.8893243e-03
 -2.4299393e-04
 -9.9429317e-02
 -2.4050085e-03
 -1.6185191e-01
  5.0780803e-01
 -2.5686711e-01
 -7.6346048e-03
 -1.4997381e-01
 -7.8951806e-01
 -5.9069198e-01
 -8.4363366e-04
  4.6707928e-01
 -4.2559698e-04
  1.2777927e-03
  3.1701606e-04
  3.8418970e-03
 -1.4852397e-01
  2.4288099e-03
  9.1172301e-04
 -2.3337260e-03
  4.6291787e-04
 -7.6598942e-04
  2.1899438e-03
 -4.8836652e-02
  2.8654826e-03
 -2.4150845e-03
 -2.2944820e-03
 -2.9710674e-05
  1.4619778e-03
 -1.2442458e-04
  7.5375440e-04
  1.2239690e-03
  8.4768689e-01
  1.3735525e-03
 -1.0264770e-04
  6.5864110e-04
  6.3454924e-04
  1.4512280e-03
 -8.4794604e-04
 -5.6424155e-04
 -2.2136355e-03
  4.5817536e-03
  1.2206265e-03
 -4.2648509e-04
  4.3897002e-04
 -1.4892083e-03
  6.7311982e-03
 -7.0606838e-03
 -2.0503202e-03
  4.2358604e-03
  7.2040595e-05
  8.3135581e-04
  8.2229776e-04
 -1.5414733e-03
 -3.3671735e-04
 -3.3712343e-03
  4.3527395e-03
 -2.0492037e-03
 -1.9370418e-03
 -7.3753465e-05
  1.3214767e-03
  4.2105114e-04
 -2.1758326e-04
 -3.9530214e-04
  3.4042620e-04
 -8.1231422e-04
  2.6623797e-04
 -2.1309806e-03
 -3.6346499e-04
 -2.6153980e-03
 -1.1726853e-03
 -3.1086651e-03
 -5.0137945e-02
  3.5412546e-04
 -8.9080224e-04
  1.4014535e-03
  1.3839266e-03
  2.2911960e-03
 -2.1086961e-01
 -1.2860748e-03
 -1.1948614e-03
 -1.2021991e-03
  7.7632768e-04
  2.4112889e-03
  2.0705964e-05
 -3.6773656e-04
  1.6994667e-04
 -7.2755857e-04
  8.1776339e-04
  2.3384516e-04
 -2.5446313e-03
  9.6723170e-04
  9.1596495e-04
  7.3372297e-02
 -4.2882329e-03
 -9.1623212e-04
 -1.6333790e-03
 -4.0013948e-03
  4.4617770e-04
  8.5791085e-05
  1.0943117e-03
 -3.0765944e-04
  8.1965321e-05
  1.7735523e-03
 -2.1771125e-03
  5.2373862e-04
  3.0688709e-03
 -4.4692010e-03
 -5.5280572e-04
  1.1721619e-03
 -3.1950031e-03
  2.3883733e-04
  5.8718119e-04
  6.3213403e-05
 -1.1218812e-03
 -6.8514084e-04
  3.7825885e-01
  1.0557020e-02
  2.2990484e-05
  2.3798656e-04
 -1.0860653e+00
 -1.3650811e-03
  2.4431825e-03
 -4.1897772e-03
  1.4761908e-03
  4.7767838e-04
 -6.1282986e-03
  9.5095451e-04
  1.0310389e-03
 -1.2018504e-02
 -4.1695521e-03
  4.5733554e-03
 -1.5264747e-03
 -2.6499390e-04
 -1.7031984e-03
  3.0074662e-03
  1.2648784e-03
  6.7978245e-01
 -5.2444241e-03
  3.5943040e-03
  1.1489405e-01
 -1.3952731e-03
 -3.3547534e-03
  4.3646788e-04
 -1.8257529e-03
  8.2595216e-06
  5.5461391e-03
 -1.3670016e-03
  1.9337550e-03
  8.7796774e-04
  4.0344440e-04
  6.8193080e-04
  6.9742359e-04
 -2.0295389e-03
  5.7177804e-04
  1.0651096e-03
 -7.2065447e-03
 -9.3219550e-03
  7.0692007e-03
  8.0441786e-03
  4.5179078e-01
  3.0595994e-02
  5.9819710e-02
 -3.8328537e-01
  2.4715748e-01
  9.6770434e-04
  5.3715269e-04
  1.3217033e-01
  5.0491106e-04
 -1.3684849e-02
  4.3606358e-03
  2.2258837e-02
  6.6946410e-02
  5.2364442e-02
  3.3262827e-02
 -3.2629655e-04
  1.1676378e-03
  3.0552603e-03
  1.2803972e-02
  9.2257056e-03
  2.8688468e-02
  4.2846464e-02
  2.3761354e-03
  3.0103256e-06
 -5.2258968e-02
  1.4757671e-04
 -2.1879300e-03
 -9.7111771e-03
  3.7244143e-04
  1.2457501e-02
 -7.1237207e-04
  1.0163484e-03
  1.0996356e-02
 -1.5192092e-03
 -1.8522590e-03
  1.3012585e-03
 -6.3022505e-03
  6.0363286e-03
  4.9338220e-03
  3.8902401e-03
  1.1261930e-03
 -1.1760851e-02
  3.4311131e-02
  5.7375038e-01
  1.9768083e-01
  2.1923740e-01
 -2.2316284e-01
 -2.1378845e-01
 -5.0516051e-01
  5.8048922e-03
  3.5415107e-04
  7.0348883e-01
  2.9872512e-03
 -2.6945397e-01
  9.9655494e-02
  1.5787448e-01
  2.7123395e-01
  5.5737972e-01
  2.1587737e-01
 -1.1987413e-01
 -1.5084633e-01
  4.1795545e-03
 -4.2726305e-01
  2.0536935e-01
  4.4114566e-03
  1.9733299e-01
  2.2405042e-01
  2.6909342e-01
 -4.7981676e-01
 -1.5771796e-04
  2.7529281e-02
 -8.2958110e-02
 -4.4316486e-01
  4.7679618e-02
 -1.2150174e-01
 -5.8401668e-01
 -1.1852739e-03
  3.0253276e-01
 -1.8791173e-02
  5.9346016e-04
  2.3399291e-04
  2.8098695e-02
  2.5983194e-02
  6.6509219e-03
 -2.5948189e-04
 -1.4121625e-01
 -4.9978553e-04
 -3.4803533e-04
 -4.4546980e-02
 -3.2755882e-02
  4.2269206e-01
 -7.5123206e-02
 -3.1894181e-02
 -1.3271667e-01
 -2.7872715e-02
  7.5191095e-02
  5.9804058e-04
 -1.0241417e-01
  2.2760428e-01
 -6.8605162e-02
  3.5659131e-03
  3.2832064e-02
  3.8274128e-02
 -2.7902050e-02
  2.0905891e-02
 -3.5730712e-03
  3.1560740e-01
  1.8433350e-04
  2.9995881e-02
  3.4923218e-02
  3.7443319e-01
 -9.6117705e-02
 -6.3920274e-02
  3.2212066e-03
 -1.2868128e-03
 -2.5399830e-02
  2.0506667e-01
  4.5273700e-01
  1.4658413e-03
  5.5794222e-03
  1.5391970e-01
 -4.2600080e-02
 -1.1069205e-01
  2.7618241e-02
 -1.2138090e-04
  9.7727321e-02
  1.9202873e-02
  9.0252899e-02
  2.7317490e-04
  4.7658928e-02
 -7.3957942e-02
 -2.5529826e-01
 -7.8286767e-02
  6.9075488e-02
  3.4555352e-01
 -1.6400882e-03
  1.4213156e+00
  1.5905514e-01
 -3.0151594e-01
 -1.0168978e-02
 -6.3333602e-04
 -2.3180305e-03
 -6.8769300e-01
 -5.9324540e-03
  3.6290702e-01
 -1.2763153e-01
 -1.3213655e-01
 -6.0477298e-02
  2.7800307e-03
  2.6441094e-01
 -1.1339554e-04
  1.7789632e-01
  3.3323529e-01
 -8.9736155e-04
 -1.8684050e-03
  1.3623525e-01
 -1.6235242e+00
 -2.7446082e-01
  2.4503142e-01
 -1.8063487e-01
 -1.0705093e-02
  2.0236906e-03
  2.8296102e-02
 -4.2168251e-01
  9.4647277e-03
  4.0764023e-02
  3.2560448e-03
 -8.1234332e-04
  1.8873347e-03
  2.7805970e-03
 -1.5437126e-03
  2.2339213e-01
 -1.1710997e-03
  2.2723463e-03
  1.6436525e-04
  3.6324812e-03
  2.7462846e-01
 -1.4696640e-03
 -6.4937561e-04
 -8.7335036e-05
  5.4938334e-01
  6.1942392e-04
  1.5213070e-04
  2.4455239e-04
  6.9482639e-03
 -5.2129163e-04
 -8.3589926e-05
 -1.2885728e-03
  8.5354841e-04
 -5.2510726e-04
  1.6619860e-03
  3.7391783e-06
  1.1345198e-03
  3.5651501e-02
 -6.7771040e-03
 -9.3446678e-04
  4.8153442e-03
  5.2430993e-03
 -5.0738873e-04
 -1.0297050e-03
 -6.7204330e-03
  3.4515294e-03
  1.5354549e-03
  3.8331868e-03
  1.2699919e-03
 -2.5026468e-04
 -5.4822415e-03
  5.3066091e-04
  3.6900374e-04
 -1.3156321e-03
 -2.7453550e-04
 -1.7001340e-03
  4.6128646e-04
 -2.4338139e-03
  2.3426670e-03
  1.3581746e-03
 -6.0241442e-04
 -1.7705283e-01
 -4.7895629e-03
 -4.8342860e-01
  3.6236200e-01
  9.8879356e-04
  2.4357341e-01
 -7.0479468e-02
 -3.4614903e-01
 -8.4511834e-01
 -2.1676363e-03
 -8.1260334e-04
 -2.1964989e-03
 -1.1288284e-03
  6.6409161e-04
 -8.2335779e-03
  1.4205386e-02
  2.0870252e-01
 -4.1592616e-04
 -4.0627021e-04
  2.3028092e-03
  1.6639619e-01
  1.3296323e+00
 -2.9668134e-02
  1.0323667e-01
  3.5972341e-03
  1.8453225e-03
  1.0343508e-03
 -4.2355664e-02
  9.8197341e-02
 -3.6566573e-01
  2.2517042e-03
  3.6120205e-04
  2.4021496e-03
 -3.6214532e-03
 -1.3041080e-03
  6.8536531e-03
 -3.3930793e-02
 -2.3138753e-04
 -2.1854762e-02
  6.0286716e-04
  9.2145964e-04
 -1.5910900e-03
  1.4509586e-02
 -8.2340592e-04
  2.6159635e-02
  2.4091859e-01
  2.4306816e-01
  2.4422915e+00
  2.6811337e-02
  3.7260863e-01
  1.3455983e-01
 -1.4588091e+00
 -2.1257256e-03
  2.1543619e-03
  1.4729017e-01
 -5.7639874e-04
  1.0839070e-04
 -2.7871484e-04
  3.9859423e-03
  1.9289307e-01
  3.3380789e-01
  1.8550146e-01
  2.8552203e-03
  2.1565810e-04
  3.1231612e-01
  3.5912967e-01
  4.0854253e-02
  7.0493431e-03
  3.0746779e-03
 -3.7676929e-03
  1.7917769e-03
 -8.3151180e-03
  1.9167656e-03
 -3.7653459e-04
  6.0478356e-05
  1.3756688e-01
  2.0343722e-03
 -7.7802008e-03
 -9.4880536e-04
 -1.0643363e-03
  1.6680360e-04
 -2.5729707e-04
  3.2105949e-04
 -4.1256361e-03
 -3.4625002e-05
  3.9496026e-03
  3.5645794e-03
 -7.2868611e-04
 -3.4345646e-04
 -1.6674708e-03
  4.2088213e-06
 -2.8835933e-03
  4.8332146e-04
  2.3615099e-03
  2.6325812e-05
 -2.6811152e-03
 -4.8970047e-04
  1.4469177e-04
  1.6272614e-03
  1.6783869e-04
  2.0143634e-05
  8.4945839e-04
 -4.0975958e-04
 -5.4353703e-04
  3.7563840e-04
 -1.4549235e-04
 -5.6253100e-04
  2.4063755e-03
  3.0520067e-03
  6.5526122e-01
  5.4166850e-04
 -3.4936198e-03
 -5.7759313e-03
  1.3600498e-03
 -3.0500111e-03
  2.6337293e-04
 -2.3632386e-04
  3.8188678e-04
  2.0883291e-04
 -3.0050531e-04
 -5.8934430e-04
 -8.9456735e-04
  2.0880339e-04
  3.6187426e-03
 -3.0666960e-03
 -4.9667864e-04
  8.8410982e-04
  9.2999137e-04
 -6.5620057e-04
 -8.0958405e-04
  1.9355443e-04
  3.1881651e-04
 -1.5826927e-03
  1.4007026e-01
  4.3246295e-02
  4.3897626e-01
  4.0201750e-01
 -6.1229569e-01
  2.3359642e-03
  2.0578210e+00
  2.4076350e-02
 -1.1243833e-04
  8.2693636e-01
 -2.5323492e-03
 -1.2712990e-04
  1.8500404e-03
  1.3512210e-03
 -8.4594794e-02
 -2.1080854e-03
 -1.7090070e-03
 -3.3865529e-04
 -9.5766434e-04
 -1.2224443e-01
  2.9736247e-02
 -6.6845154e-04
 -2.6898941e-01
 -2.3310576e-03
  1.2247496e+00
 -5.0862981e-03
 -4.2348874e-01
 -9.0794833e-03
 -2.0756775e-03
  4.0737437e-03
  1.9719910e-03
 -5.7670222e-05
 -4.8218011e-03
  9.8574711e-03
  5.0227344e-03
 -5.7204667e-04
  1.1429352e-03
  3.2131287e-04
  6.4806093e-04
  4.0173612e-04
  1.2603754e-04
 -4.5308610e-05
 -4.3241447e-04
 -3.7368620e-04
  8.0005221e-02
 -1.2793014e+00
 -7.2187662e-01
 -9.1494709e-02
 -2.0240161e-04
 -9.7785797e-04
 -9.2894262e-01
  6.0291421e-02
 -2.1067793e-03
  7.8041229e-04
 -2.5039067e-04
 -4.2263996e-03
 -1.5256995e-03
 -1.1017594e-03
  4.3608772e-04
  1.1419588e-03
 -8.4895483e-04
  4.8846530e-04
  1.1257948e-03
 -1.7697447e-03
 -1.0820700e-02
  1.4469428e-03
  1.5332245e-03
 -3.2180864e-03
  2.8680016e-03
  2.3247642e-03
  6.8146652e-03
 -9.0051920e-04
 -6.9697900e-04
 -5.9071206e-04
 -1.8935516e-03
  4.9510151e-02
  3.3388147e-05
 -2.6535282e-03
 -8.3457516e-04
 -5.0874322e-04
 -2.1945033e-03
 -1.3239480e-03
 -2.8294951e-03
 -1.2556756e-03
  8.0567523e-05
 -3.6453584e-04
 -4.5101129e-04
 -1.6329654e-03
 -2.2408580e-03
 -1.9239455e-03
 -3.2985415e-02
 -7.7429167e-03
 -8.5563114e-04
  9.3456445e-05
  4.0482074e-01
  5.8261896e-03
  4.9427501e-04
 -2.4753991e-03
 -2.8284447e-04
 -2.7481915e-04
  1.1690700e-04
  5.5219774e-04
 -7.5462307e-03
 -1.4120449e-03
 -1.6129413e-03
  2.0001901e-03
 -3.4715950e-03
  8.6762442e-04
 -1.9938410e-03
  6.2645326e-04
 -1.7570155e-02
  7.8874046e-04
 -6.6145480e-04
 -2.5350088e-04
  1.2368826e-02
  7.4759312e-04
 -1.0753520e-02
  2.7940518e-03
 -3.6790234e-03
 -1.3493442e-03
  2.6102779e-03
  1.9787790e-03
  8.5196010e-04
  1.2762530e-03
  4.2086821e-03
 -1.5807922e-03
  2.1129209e-03
 -7.0847414e-04
  7.1263569e-04
  7.9170510e-04
  1.0049215e-03
 -5.8661220e-03
 -1.8274778e-03
  2.0150966e-03
 -1.5943083e-03
  2.3044867e-03
  2.8267354e-03
  4.4219696e-04
 -2.9534409e-03
  1.5901936e-03
  4.4334112e-03
  2.4671983e-03
  6.1048288e-03
 -2.3338391e-04
  8.5431070e-04
 -5.1189441e-04
  1.3673390e-04
 -2.5470360e-04
 -1.0062555e-02
  2.1093662e-03
  7.5268582e-04
  1.6547205e-04
  5.3762278e-04
  3.4804453e-04
 -1.5713429e-03
 -2.2454329e-03
 -3.3566931e-03
 -5.6829653e-05
 -4.1934145e-03
  2.0409145e-03
 -8.8757341e-04
  1.6109855e-03
  2.1078982e-03
  1.4878812e-03
 -3.8550587e-03
  2.3971025e-03
  5.7462056e-04
 -5.8994623e-04
 -1.3262250e-02
  1.1314781e-04
  2.5252579e-03
 -2.1462841e-04
 -4.2531796e-04
 -7.0870470e-04
  3.6663160e-04
  4.1780216e-03
  9.1445510e-04
  1.9105984e-03
  1.0401574e-01
 -2.9990289e-04
  4.3177488e-03
  1.5042664e-03
  1.2102148e-01
  7.9746888e-04
 -1.8037157e-05
  4.0872693e-01
  6.9134671e-04
 -5.0472043e-04
  1.6738324e-03
 -3.1667069e-04
 -1.8332850e-03
  1.4106360e-03
 -1.7698824e-03
 -6.5839922e-05
 -1.7632795e-03
 -1.3629869e-03
  1.2889842e-03
 -9.9661862e-05
  6.5189670e-05
 -1.1635143e-03
  3.9771709e-04
  1.0027904e-02
  5.4643612e-04
 -4.7288596e-04
 -5.6868576e-04
 -4.2074319e-04
 -1.7581687e-03
 -9.7771478e-04
 -2.6752979e-03
 -2.3433061e-03
 -4.9780711e-04
 -3.4138383e-04
 -7.2687879e-05
 -2.4090674e-04
 -4.9686001e-04
  1.6283365e-04
 -4.9065542e-04
 -2.0652954e-03
  2.6913146e-03
 -6.2373996e-01
 -4.8327923e-01
 -4.8862282e-02
 -7.9119615e-02
  2.2360648e-01
 -3.6967045e-01
 -7.3129779e-01
  6.5364860e-02
 -4.1641119e-01
 -1.7113810e-03
  3.1925145e-01
  4.4948797e-04
 -1.1338561e-02
  8.1182277e-01
 -7.9629429e-02
  5.9751216e-02
  1.7624119e-01
  1.3022364e+00
  1.9565746e-03
  1.5705828e-01
 -6.3006186e-01
  1.0986914e-01
  1.0040306e-01
 -1.0324345e+00
 -4.6082992e-02
  4.8478583e-01
  5.6395292e-01
  7.4716419e-01
  2.5163341e-01
  4.5609507e-01
  1.6933708e-01
  2.3593958e-02
  1.2517427e-03
  4.9822572e-01
  4.4732973e-02
  6.7266560e-01
  1.1055914e-01
 -5.0902232e-03
  2.3058930e-03
 -1.1213068e-04
 -3.8192591e-03
  2.5974226e-01
  6.5147306e-04
  1.5414204e-02
  1.3146578e-01
 -4.8827982e-01
 -2.6443601e-01
  4.7121435e-01
 -1.0277543e-02
  4.5929015e-02
  1.1560579e-01
  1.0693916e+00
 -1.1430861e+00
 -5.5925325e-02
 -1.0073403e-01
 -1.4412876e-04
  1.4245539e-03
 -2.8221163e-01
 -1.0221305e-01
  1.4570472e-01
 -3.0712908e-02
 -1.4561920e-01
 -2.6436402e-03
  3.9478666e-03
  3.1035364e-01
  3.8155904e-01
 -6.6443868e-02
 -1.0074971e-02
 -1.2067930e-02
  5.2255904e-04
  8.6576666e-04
 -1.5865451e-01
  7.6103427e-02
 -4.9414638e-02
 -8.8408599e-03
 -8.2250766e-04
  4.4076849e-04
  1.4763631e-02
 -2.1457353e-03
  4.0826639e-03
 -1.0176452e-01
  7.5908017e-04
 -1.6904299e-03
 -8.6365500e-05
  2.1082715e-03
 -7.0308946e-02
  1.0372759e-03
 -5.1394287e-03
  3.5619314e-04
 -2.8015417e-03
  3.0008031e-04
  6.1469467e-04
 -3.2879196e-03
  5.7080580e-04
  2.3416520e-04
  2.1063176e-04
  4.9376204e-03
  4.4377358e-04
 -1.6278600e-04
  1.2426311e-03
 -6.2167586e-04
  5.8065687e-04
  5.4474961e-04
  2.4047641e-03
 -5.2976736e-04
 -2.4382581e-03
  7.0644855e-03
 -7.1073300e-06
 -1.0111096e-03
  1.6420963e-06
  3.0429242e-03
  2.0853060e-04
  3.2299774e-04
  1.6351175e-03
  1.0097621e-03
 -7.3346647e-04
  1.8408500e-03
 -1.5429326e-04
 -6.3681661e-04
  1.2834425e-03
  9.7824121e-04
  2.5975899e-04
  9.5768424e-04
 -5.4560388e-03
 -4.0618438e-04
 -4.2200077e-04
  7.3837535e-04
  1.0872554e-03
  2.6512190e-03
 -1.7484429e-04
 -1.5020306e-03
  2.1682342e-04
 -1.3493225e-03
 -2.6255324e-03
  3.3267876e-03
 -3.6502596e-02
 -1.8686444e-03
 -4.0825945e-03
 -6.4393284e-04
  1.0948117e+00
 -3.8490718e-05
 -7.2965637e-04
  3.6228832e-03
  1.0791126e-03
 -1.9301092e-03
  7.7991234e-04
  3.2114724e-03
 -3.9330393e-04
  6.9629407e-04
  1.9172829e-03
  3.4926389e-03
 -1.6255050e-03
 -2.2421412e-03
  1.6284317e-03
  1.5265384e-04
  6.3685649e-03
  5.1466338e-03
  1.0499144e-03
 -2.3670341e-03
  2.3685268e-04
  1.0533012e-03
  7.9326797e-04
 -6.7317416e-04
 -7.9751614e-04
  6.1180035e-04
 -3.3824802e-03
 -3.3035683e-03
  5.7885778e-04
 -3.4690553e-03
 -1.1207478e-03
  2.6454804e-03
 -2.3224042e-03
  1.2167894e-03
  1.9092173e-03
 -5.0497573e-04
 -6.1549842e-03
 -7.2777665e-01
  1.2458437e-03
  1.3201076e+00
  9.5953717e-04
  9.9740095e-02
 -2.4795437e+00
 -1.6697111e-02
  1.7650035e-01
 -5.0043790e-03
  1.6149718e+00
  6.3036859e-01
 -3.4469593e-01
  5.4196101e-01
 -9.5079897e-04
 -2.9098359e-04
  2.4440555e-02
 -3.5181409e-04
  7.5139534e-01
 -1.0201463e-04
 -1.9730935e+00
 -5.1102340e-03
 -1.0522228e+00
 -1.3656875e+00
 -3.9442128e-04
 -8.9767128e-01
  1.5917655e-02
  1.7803853e-03
  1.6787077e-01
 -4.9010817e-02
 -2.2577929e+00
  1.3334879e-01
 -1.0343489e-03
  1.8753342e-02
 -9.0241693e-03
  2.1756724e-01
 -8.0952084e-01
 -1.7652041e-01
 -1.9012894e-04
 -3.3368409e-01
  1.7385725e+00
 -1.7876149e-03
 -5.1324421e-01
 -1.6970513e+00
  1.3249147e-01
  3.1273928e-05
 -1.3170227e-03
 -1.1802825e+00
  2.1675942e-02
 -7.6690968e-04
  3.3389449e-01
 -8.4215546e-01
  1.7375019e-03
 -9.5188153e-01
  3.6179362e-04
 -1.1013505e-01
 -2.0554939e-01
  3.1979001e-01
 -1.0931832e-01
  9.9743769e-02
  3.2823795e-01
  3.8452193e-01
  8.8082477e-02
 -4.1196990e-01
 -1.8436480e-01
 -4.9911244e-03
 -9.8737165e-02
 -1.2997193e-03
  7.6156449e-01
  4.9545370e-02
 -6.0030323e-01
  6.0923658e-03
 -2.7675977e-01
 -6.4671986e-02
 -2.7317749e-02
 -6.8386483e-01
 -1.3099378e-01
 -3.9134924e-03
  1.9893105e-01
 -4.9634725e-02
 -1.7605999e-01
  1.4044085e-01
 -4.2160127e-02
 -4.3554211e-01
  2.7227175e-01
  8.2836634e-01
  1.1215103e+00
 -1.0309533e+00
  1.0654197e-01
  3.7935695e-01
  8.9938253e-01
  1.1059417e-02
  1.8193868e-01
 -2.9130855e-01
 -2.2622657e-01
  6.0426898e-04
 -8.4348552e-02
  8.2393688e-01
 -5.8113873e-01
 -1.6556198e-03
  3.1941178e-01
  1.2912078e-01
  4.4301044e-02
  1.2444328e-03
  5.0522792e-03
  9.6812588e-04
 -3.1408735e-02
  9.9465154e-02
 -2.7624769e-03
  4.1899830e-04
 -6.2196311e-03
  1.3462880e-03
 -3.5101064e-02
  7.2030199e-04
 -4.2422212e-04
  1.0370726e-01
 -1.0779818e-02
  7.7016419e-04
  3.0174002e-03
  1.5536852e-03
 -2.7702958e-03
  2.1157966e-03
  2.2397494e-02
 -3.4264143e-04
  1.0504462e-03
 -6.9329434e-04
 -7.6858378e-03
 -1.9003937e-04
 -1.5038949e-03
 -9.7393524e-04
 -2.8157067e-03
  3.5549831e-03
 -1.3532960e-02
 -1.6398056e-03
  4.4209529e-03
 -6.3684043e-03
 -6.7817804e-04
 -1.0210695e-03
  2.7861141e-05
 -1.4088665e-03
 -1.3411249e-03
 -3.1874908e-04
 -6.5821438e-04
 -1.8993289e-03
 -9.1666979e-04
  1.0432561e-03
 -2.5191327e-04
  4.1149058e-03
 -3.7982478e-04
 -1.7859680e-03
 -8.9698011e-04
  2.7901493e-05
  1.7031204e-04
  1.0287137e-03
  9.9499756e-04
  1.1770721e-03
  8.4364263e-04
  2.1175691e-03
  1.0418519e-03
 -2.2726073e-03
 -1.5022357e-04
  1.3919387e-03
  2.2595769e-04
  5.3827411e-05
 -5.4970128e-03
 -2.1408147e-03
  7.0447032e-04
 -1.3943277e-03
 -9.4212370e-04
 -2.5366019e-03
  1.6456630e-04
 -1.6006678e-03
  1.8114259e-04
 -2.4748957e-03
 -1.6529348e-03
  1.6375636e-03
  2.6648137e-04
 -6.1542651e-04
 -1.4587663e-03
  3.3529548e-03
  1.6741818e-03
 -4.5988377e-04
 -7.7484292e-05
 -1.5168148e-04
 -4.3110130e-04
  8.1593118e-04
 -2.9512233e-04
 -6.1201066e-04
  1.2603054e-03
  2.0096041e-04
  6.6258176e-04
  3.6372049e-04
 -8.4457767e-01
 -7.7445642e-05
  1.1014104e+00
  2.0493160e-03
 -3.2862829e-04
 -4.2479821e-03
  3.0785964e-03
  2.0044851e-03
  3.0122425e-03
 -1.0851747e-03
 -9.5998803e-05
 -2.1835556e-03
 -3.3667521e-04
  5.8856746e-04
  1.9067866e-04
  1.1616649e-04
  1.0705194e-02
 -1.0462349e-01
 -3.6838555e-04
  3.4414856e-03
 -1.2048146e-03
  5.8171642e-04
 -1.7965176e-03
 -8.0433540e-04
  3.6664194e-05
  1.2763732e-03
 -1.2656657e-03
  2.2249234e-05
  1.6593508e-03
 -1.9039353e-03
 -6.7961414e-04
  2.5665648e-02
 -6.0849567e-04
  1.0001955e-03
 -4.7373776e-03
 -4.4713304e-03
  1.7248897e-03
  8.9112925e-04
 -2.3006208e-03
  2.3276561e-03
 -1.1045478e-03
  2.8683298e-04
 -1.4841403e-03
 -1.3119532e-04
 -1.1413794e-03
  1.9775690e-03
  1.2822360e-03
  1.1363196e-03
 -7.3295389e-04
 -1.5580276e-03
 -1.3230821e-03
 -6.6594838e-04
 -5.1041780e-04
 -4.1079501e-04
  5.3446030e-04
 -2.0377892e-03
  5.4636598e-04
 -3.2638023e-03
  5.9907441e-04
  9.6126401e-05
  1.6848994e-03
 -3.6751521e-03
  1.3840913e-03
  1.1534172e-03
  3.5668507e-03
 -2.3144432e-03
 -7.8477786e-04
 -6.6800090e-04
  3.8799559e-04
 -2.1642161e-04
  3.2452932e-03
  9.4836816e-04
  6.4589491e-04
 -7.0272171e-04
  1.3277906e-03
  3.9079026e-03
 -2.0397673e-03
 -1.4529121e-03
  2.0707797e-04
  1.7317476e-03
 -3.3696095e-04
  4.2910731e-04
 -2.2026630e-04
 -2.0533983e-04
  9.0819923e-04
  3.7221338e-03
 -1.8313704e-01
 -2.5055513e-03
 -2.0256877e-01
  2.7115224e-02
  7.5512260e-01
  1.1294145e-02
  4.8510727e-02
  1.9356424e-03
 -2.1062504e-01
 -2.0323482e-01
  1.8091127e-03
  3.3341554e-01
 -3.2859163e-03
 -1.7177171e-01
  1.7443047e-01
  3.4259716e-03
 -1.8876106e-03
 -1.7430587e-03
  2.9079488e-02
 -4.4423129e-02
 -1.0291017e-01
 -2.5519363e-03
 -1.1858467e-01
 -3.2378579e-03
  2.8392079e-03
 -3.4820175e-01
  5.0544092e-03
  8.0594560e-05
  4.6107830e-03
 -1.1666035e-03
 -9.8635443e-05
 -9.1418028e-03
 -2.6569147e-02
  8.3041303e-02
  1.0816062e-02
 -1.2589893e-03
  2.7613267e-03
 -2.4240941e-03
 -1.6455390e-03
 -5.0104712e-04
  6.0466724e-03
  1.9351788e-03
 -1.3481766e-04
  1.9101130e-03
 -4.4090816e-04
  2.1091567e-03
 -1.2343111e-03
  5.5969111e-04
 -1.1869514e-04
  3.7533644e-04
  5.1974328e-03
 -2.7633384e-03
  1.0383698e-03
 -3.5222091e-03
  1.3447281e-03
  2.7092447e-04
 -5.0123309e-04
  1.6427992e-03
 -1.8435764e-03
 -6.8373338e-05
  1.9141610e-03
  1.6535503e-03
 -3.7562865e-04
  6.7597820e-04
 -7.8694354e-04
  4.7533124e-04
  3.5005738e-03
  1.7343726e-04
  1.8589370e-04
  7.0419005e-04
  1.0505569e-04
 -1.5111158e-03
 -7.8151505e-03
 -2.6973479e-03
 -4.6114447e-03
  2.2493429e-03
  1.1412927e-03
  8.1315968e-04
  1.1548825e-04
 -8.1234222e-04
 -1.0881235e-03
 -3.2461721e-03
 -4.3994642e-04
  2.0243882e-03
 -2.4381850e-03
 -1.4701554e-03
  1.9785191e-04
 -8.8013499e-04
 -1.4721650e-03
  1.2534140e-03
 -2.6225898e-01
  1.8152246e-02
  5.4858755e-02
 -4.4363970e-04
  4.1592512e-03
 -2.6008254e-03
 -5.8102963e-04
 -3.4184121e-02
  6.0076839e-03
 -6.4437988e-04
  1.0873722e-01
 -2.0743150e-02
  7.7875882e-02
 -1.4210401e-04
 -1.0952569e-03
  1.2343174e-01
 -2.3895463e-03
 -5.5997488e-03
 -2.2280330e-03
 -2.1904008e-04
 -3.5928679e-03
  1.1373899e-04
  2.8957281e-04
 -5.5119857e-02
 -3.0911714e-03
  4.9801632e-03
  4.2890883e-03
 -1.0170069e-03
  2.4321799e-03
 -1.1346652e-03
 -3.7250821e-02
  1.2596157e-02
  1.0858855e-03
 -7.7526335e-04
 -2.6344860e-04
 -7.5112181e-03
  5.7918322e-04
 -2.2723128e-03
  2.0301093e-03
 -1.1624069e-03
 -9.8930846e-05
 -6.1343715e-02
 -6.2922314e-03
 -2.4332886e-04
 -1.3061850e-03
  3.1947677e-03
  9.5104612e-04
  2.1328812e-03
 -1.0378764e-03
  5.8435323e-04
  5.3142675e-04
  3.6568274e-03
 -4.6186945e-03
 -3.0130651e-03
  5.3479720e-04
  1.7711719e-03
 -8.8231842e-04
  5.0850431e-05
 -2.4393026e-03
  2.0449734e-03
  3.4589106e-03
 -3.8889493e-04
 -3.2667082e-04
  7.0459780e-04
 -1.2499578e-03
 -8.6976559e-04
 -1.8911529e-03
  2.8644511e-04
  1.1807857e-03
  2.5327460e-04
  2.3836331e-03
  3.1602136e-03
  2.4997033e-03
 -1.1010187e-03
  2.2348431e-03
  8.9901988e-04
  2.0720211e-03
  1.6195289e-03
  7.9234457e-04
 -1.5650580e-03
  2.0243397e-03
 -2.0377524e-03
 -9.3779451e-04
  2.3236924e-03
  1.3834154e-03
 -1.6711015e-02
  4.6689869e-03
 -8.2310941e-04
 -3.0197763e-01
 -1.4274144e-03
  4.1233855e-01
 -2.9526701e-02
 -2.8885358e-03
 -7.9525315e-04
  6.6756476e-03
 -4.0287008e-03
  3.7301445e-04
 -3.6750076e-04
  2.3719331e-03
 -2.5333320e-03
  1.0410751e-01
  6.0883473e-04
 -7.8711781e-04
  1.8174660e-03
 -1.0472797e-03
  6.3943211e-04
  3.4622550e-03
 -3.6203727e-04
  1.4353779e-03
 -1.0363074e-03
 -3.6957263e-04
 -1.6282306e-03
  1.8195113e-03
 -4.8425780e-03
  4.9931735e-01
 -1.0944330e-03
  1.4153738e-03
  1.4871965e-03
 -1.8623084e-03
 -5.7391578e-04
  4.4561393e-04
 -1.1249571e-03
 -1.9473510e-04
  1.7876728e-03
 -6.7392981e-04
  3.0285304e-03
  2.7235979e-03
  1.7516327e-03
 -5.3589582e-03
  1.1398887e-02
  2.9726127e-01
 -7.9409103e-04
  1.1747961e-04
  2.3367496e-03
 -2.7027786e-01
  4.8339516e-01
 -5.8982656e-03
  4.4309106e-01
  1.1968690e-03
  3.1909030e-02
 -4.7718469e-02
 -2.9983163e-01
 -4.1433066e-01
  8.5840471e-02
 -1.6412827e-01
 -4.6210624e-03
 -1.6663806e-04
 -7.5893506e-04
 -3.3675120e-03
  1.8596756e-01
  4.4796608e-02
 -2.1967318e-02
  7.9102471e-02
 -2.1695630e-03
 -5.1200081e-04
  2.7204411e-02
 -1.6774674e-03
 -3.7609898e-02
 -5.7469746e-03
  1.1371089e-01
 -2.5584815e-02
  3.5846606e-06
  6.9825605e-02
 -1.1453591e-02
 -5.1356431e-02
 -9.5396244e-04
  8.8989465e-03
  1.9067803e-03
 -5.9488637e-04
  1.3928578e-03
  6.6038268e-04
 -2.9966249e-03
 -1.4885290e-03
 -3.3556190e-04
 -9.4463909e-04
  2.5016970e-03
  5.7714149e-02
 -1.1648829e-04
  1.4044960e-01
  2.1504364e-03
  4.8905383e-03
 -1.7011005e-02
 -7.3477440e-04
 -4.3902742e-03
 -2.5642230e-04
  5.3523830e-04
 -2.2663556e-01
 -3.0532522e-02
  2.7343415e-02
  3.4152376e-04
 -7.3781563e-04
 -7.5051753e-04
  1.5243675e-03
 -3.2053001e-02
 -2.0810617e-03
  5.3203325e-03
 -9.0379557e-03
  2.4715811e-03
  2.1355103e-03
  5.0182559e-04
 -4.5619700e-03
  2.5247179e-03
  2.2543536e-03
 -8.0024339e-03
 -2.5116865e-04
 -2.8700866e-05
 -4.2113219e-03
  6.5010227e-04
  5.9437567e-05
  2.1647096e-03
 -1.0318102e-03
 -1.0213414e-03
 -1.1627825e-03
  2.9197317e-03
  2.3029954e-03
  2.7505629e-04
  6.6819061e-03
  1.2771711e-03
 -1.8141120e-03
  6.9764920e-04
  9.6728269e-05
 -2.1791530e-03
 -3.6333851e-04
  1.9862249e-03
 -1.2700872e-03
  2.7564520e-04
 -9.6031954e-04
 -1.1274855e-03
  4.7590144e-04
  1.7253312e-04
 -4.7676591e-04
 -4.7712526e-04
  1.2730781e-04
  4.1655935e-03
 -2.0620208e-03
 -7.4424496e-04
 -7.0007599e-04
 -2.5475314e-03
  3.6130301e-04
 -7.1345834e-04
 -1.0085161e-03
  9.0484857e-04
 -6.4939464e-04
 -3.7214835e-05
  7.2821055e-04
  3.5177672e-03
 -1.5061902e-03
 -1.4632101e-03
 -1.0942109e-05
  1.3646644e-03
 -5.8237660e-01
  3.6385625e-03
 -5.8465078e-04
  6.0522283e-04
  3.9076731e-03
 -1.6546338e-03
 -6.2669680e-04
  1.7402009e-03
  1.8954485e-03
 -2.4444610e-04
 -9.1959687e-04
 -5.6777209e-01
  7.0845670e-01
 -2.8373298e-04
 -8.7522171e-02
 -8.3767718e-01
  2.7876365e-01
  1.2945963e-01
  9.7855680e-02
 -1.9146931e-01
 -1.9679062e-01
 -2.2538623e-01
  1.3477606e-02
  3.4421124e-03
  4.5979917e-01
 -2.0236589e-01
  6.1904210e-01
 -6.3304377e-01
  1.3688981e-02
 -2.1739374e-03
  5.5378105e-02
  1.1217733e-01
 -2.2445512e-01
  1.8329328e-01
 -3.6220896e-01
  4.2088204e-03
  4.1302681e-02
 -5.0168318e-01
  1.7197335e-01
  2.8355960e-02
  3.5345210e-03
 -3.1408701e-02
  5.9921898e-02
 -3.3195507e-02
 -3.8800427e-01
  7.6578826e-02
  2.8666355e-02
 -2.9266840e-02
 -1.4054148e-01
 -3.9476859e-03
  1.9432819e-03
 -8.7989286e-02
  1.6699967e-01
 -3.6695611e-04
  1.5216373e-03
 -1.3071083e-04
  9.1266893e-02
 -9.0204924e-04
  2.7706552e-01
 -4.7305352e-03
  3.8372043e-01
 -1.1053568e-03
 -8.5033517e-04
 -1.9733242e-03
  2.2189307e-04
  1.0881976e-03
  2.8689245e-03
  2.6458318e-03
  1.5336832e-03
  1.2762207e-03
  8.2041055e-04
  1.5266235e-03
  3.6871163e-05
 -2.8860618e-03
 -4.1544666e-03
 -3.4108721e-03
  1.2586323e-03
  1.0484493e-03
  1.1963855e-03
 -4.3390793e-04
 -3.1101068e-03
  4.6605381e-04
  2.8895538e-03
 -4.1840645e-03
 -4.6379576e-04
  4.0458376e-04
 -1.6844168e-03
  2.3551651e-03
  8.8090952e-03
  6.4380141e-04
  4.0534671e-04
 -4.8906887e-03
  4.0295324e-03
 -1.4140435e-03
  3.3503594e-03
  1.0163818e-03
  4.6654243e-04
 -7.6244154e-04
 -1.4576521e-03
 -4.2455485e-03
 -4.3794251e-04
 -1.5557886e-03
  9.5479336e-04
  1.3554877e-03
 -9.3309145e-04
  5.6181708e-04
 -6.2584685e-04
 -2.0600448e-03
 -6.6440535e-04
  8.2029086e-03
  1.0636044e-03
  8.8686962e-04
  2.1891505e-04
 -1.5341797e-03
 -1.0746648e-03
  8.8840013e-04
  1.0836484e-03
 -3.0016869e-03
 -5.6021288e-04
  6.9544622e-04
  1.8020184e-04
 -2.6900549e-03
 -1.1257438e-03
 -5.3652551e-04
 -9.7919779e-05
  2.6631792e-04
  9.0475701e-04
  6.9893716e-04
  9.8404405e-04
  2.1768755e-03
 -1.3159553e-03
  1.5303653e-03
 -3.9580232e-04
 -3.8625897e-04
 -9.6270267e-04
  4.9305300e-04
  1.1235893e-03
 -3.8139783e-03
  2.5358310e-01
  3.6917550e-03
  3.7125268e-03
  6.7436701e-04
  2.7363787e-03
  3.6800164e-01
 -7.4902767e-01
 -7.1004346e-02
  7.0005101e-01
 -3.1120315e-01
 -1.3081118e-01
  7.6315708e-02
 -4.8256099e-01
  3.4685796e-01
 -9.0641767e-02
  2.1905667e-01
 -6.7103082e-01
  4.8896828e-01
  1.6194165e-01
  1.7149144e-01
 -3.0216400e-02
 -7.8885937e-01
 -1.1994413e-01
 -2.5116175e-01
 -5.1328026e-02
  2.2079279e-01
  3.2560855e-02
 -7.7219850e-01
  5.9185082e-01
 -1.5927972e-02
 -1.6916561e-01
  3.8897201e-01
  2.6403173e-04
 -2.0181789e-01
 -2.7440831e-01
  5.7435048e-01
 -3.6305517e-01
  5.0050892e-02
  4.0584926e-02
  3.7250480e-01
 -9.4763851e-01
  5.1986991e-04
  1.8017517e-01
  4.4413917e-03
  4.0823836e-03
  2.0550503e-01
 -1.3336454e-01
 -2.7503312e-01
 -2.7230508e-03
  1.0431529e-01
 -4.3505582e-01
  1.4028707e-01
  3.6568087e-01
  1.1735811e-01
 -5.6063867e-01
  7.1259923e-02
 -3.2854509e-03
  4.0120906e-01
 -1.3145467e+00
  1.8851458e-03
 -5.2059424e-01
  5.7926691e-01
 -1.9044149e-01
  3.0604109e-01
 -3.4358919e-01
 -6.3449927e-03
 -2.6903355e-03
  1.3881268e-03
  3.8789980e-02
  3.5755324e-01
  9.0346839e-03
 -2.7233129e-03
  2.7355012e-01
 -1.1101534e-03
 -7.8641232e-03
  9.1662043e-01
 -9.8232418e-02
 -8.2378164e-02
 -4.8526612e-01
  6.3583166e-03
 -6.7390227e-03
 -5.4655055e-04
  9.4269872e-01
 -7.1471840e-01
 -4.8561106e-03
 -1.5800935e-04
  3.4478802e-04
 -2.4729734e-04
  1.0438648e-03
  5.3456851e-04
  2.5061262e-03
  1.2881377e-03
  1.1848392e-03
 -1.9261696e-03
 -5.2317820e-04
  6.3768383e-03
  9.7681431e-04
  5.0537771e-04
 -1.4865212e-01
 -6.2555802e-04
 -3.9591876e-05
 -6.4655219e-04
 -2.0311268e-03
 -1.7580221e-03
 -5.1366817e-04
  6.6639364e-01
  1.5503769e-03
 -4.8410043e-04
 -2.1462006e-04
 -1.5963609e-03
 -3.8489042e-04
 -2.3913289e-04
 -1.2625076e-03
  5.0932576e-05
 -1.2448141e-03
  2.4499937e-03
 -6.3896156e-03
 -6.0862151e-04
  1.5690560e-03
 -1.3129574e-03
 -3.8121318e-04
  2.1736806e-03
  5.3889635e-03
  9.3493226e-04
  4.4495927e-04
 -6.5163374e-03
  1.1745295e-04
 -2.3793837e-03
  2.6320096e-04
  1.6274299e-03
 -1.5510730e-03
  4.1118809e-03
 -5.8133272e-04
 -3.9601717e-03
  1.0054070e-03
  4.9267197e-05
  3.1603039e-03
  2.7012187e-03
 -2.5096938e-03
 -1.5011913e-03
  6.4807379e-04
 -2.1603930e-01
  3.7725349e-03
 -2.9966010e-02
  4.6662353e-03
  1.1355950e-03
  3.7868574e-04
 -5.7075516e-04
 -1.7850837e-01
  2.1456866e-01
 -1.6679997e-03
  1.1439294e-04
  8.0449472e-04
  6.1707129e-04
 -6.2012405e-04
 -6.4961947e-05
 -3.8847025e-04
  1.4809137e-03
 -4.0146100e-05
  1.2141480e-03
 -1.0266236e-04
 -2.2947700e-03
  1.8870609e-04
 -2.0861022e-04
 -3.9399122e-03
 -3.6157377e-02
 -6.5787643e-04
 -2.4064467e-03
  8.3105648e-03
 -8.5245282e-04
 -1.0281012e-03
  8.9863897e-04
  3.2325453e-04
 -1.6939193e-03
  1.7990378e-03
 -4.8684853e-04
 -5.4681055e-05
 -7.1833050e-04
  1.1404778e-03
  3.1229397e-04
 -8.6637726e-04
  1.1372630e-01
  2.1608463e-01
 -1.9434007e-02
  7.4811667e-02
  8.5529454e-02
  6.3853395e-01
 -1.1381294e+00
 -1.0199805e-01
 -5.5471754e-01
  5.1228750e-01
  5.8145218e-02
  4.5169675e-04
  1.1124880e-02
  6.7657638e-01
  5.2453310e-05
 -2.9251167e-01
 -1.2887026e-04
  9.4256595e-02
  8.0826923e-02
 -2.4742614e-03
 -1.9437750e-01
  3.4412840e-01
  7.1286992e-04
  4.2109805e-01
 -2.1874886e-03
 -2.1873335e-03
  3.3471805e-01
  1.9635892e-01
 -1.7438169e-01
  1.2966265e-03
 -4.7299798e-04
 -4.3549077e-04
  1.8125068e-04
  1.3638271e-02
 -4.5391423e-01
  1.4019248e-03
  5.0263049e-04
  1.0339259e-02
  1.0551034e-03
  3.2172620e-03
  3.9235819e-03
 -8.0749216e-03
 -5.7306094e-04
 -1.1446401e-03
  2.4364243e-04
 -4.8751803e-04
  5.3263432e-03
  1.0402952e-03
  3.0032985e-05
  1.6611972e-03
 -5.4915610e-05
  6.8127457e-04
 -1.6278394e-03
 -1.0002204e-03
  1.1865429e-03
 -1.4956559e-03
  8.6050481e-04
  1.4434059e-03
 -1.2451774e-03
  2.2762141e-04
  1.9297139e-03
 -8.6997438e-04
 -2.0144528e-04
 -7.0642924e-04
 -1.8541708e-03
 -1.8095284e-03
 -8.1122958e-04
 -1.8210184e-03
  1.6506965e-05
  2.0797733e-04
  3.1164964e-04
  1.5917181e-03
  1.2571777e-03
  9.3335914e-04
 -1.2423027e-03
 -8.3695399e-05
 -8.0886751e-04
 -1.4393437e-03
 -8.7425555e-04
  7.2339521e-04
  1.9638643e-04
 -2.7908781e-04
 -5.4242424e-05
  6.0885964e-04
 -6.1710912e-04
 -3.8825625e-01
  3.7116394e-04
 -7.6936919e-04
 -6.1842927e-04
 -1.4246431e-03
  3.7379999e-04
  6.5944743e-01
  1.7974813e-03
 -1.4166548e-03
 -1.3575897e-01
 -2.2863329e-03
 -1.6819366e-05
  1.8120840e-02
  6.4817392e-03
 -3.5360805e-04
 -1.2450180e-03
 -8.9955440e-04
 -2.3950171e-04
 -5.0947471e-03
 -9.6275337e-04
 -4.5292377e-03
  2.6099847e-03
 -7.7354477e-04
 -1.3696396e-03
  3.4906168e-04
 -7.8262651e-04
  2.9933156e-04
 -5.4061953e-03
 -1.1955787e-03
  2.2458378e-03
  3.2889126e-03
 -1.0241598e-02
  1.5570784e-03
 -5.0690854e-03
 -2.5515086e-03
 -1.8885909e-03
  3.6728045e-03
 -6.5060370e-03
  3.9523019e-04
 -1.3281360e-03
  7.4670683e-03
 -4.0438480e-04
  5.2318955e-04
  1.3798691e-03
  2.6320075e-04
  1.5768660e-03
  8.6226012e-04
 -4.0419720e-04
 -1.2809439e-03
 -1.0893804e-03
 -5.6524575e-04
 -4.0783506e-04
  9.2683636e-05
  2.2993065e-04
 -3.8327297e-04
  6.7130579e-03
  1.0805856e-03
  1.0337681e-03
  1.7397671e-03
  1.1882175e-03
 -4.8127965e-04
  1.3582536e-03
  9.9623250e-04
  1.1084109e-03
  1.0205319e-03
 -7.4281689e-04
 -2.2042070e-03
 -2.1814153e-04
 -1.3893779e-03
 -7.9931831e-04
 -3.2063178e-04
  4.3776180e-03
  9.5660111e-04
  1.2024241e-03
  1.3118882e-03
 -7.6106942e-04
 -1.8221443e-03
  1.9258140e-03
 -1.3572513e-03
 -1.0552934e-03
 -2.2685723e-03
 -1.3661461e-03
  5.5907399e-04
 -2.3627132e-03
 -2.6867405e-05
 -7.9612422e-04
  1.4725288e-03
 -1.6476184e-03
 -1.3924138e-05
 -7.6889643e-04
 -2.0548550e-04
  2.7216452e-03
  1.1397284e-03
  7.0199510e-04
  2.4639319e-03
 -6.4825400e-04
  2.0727287e-03
  2.4374327e-05
 -7.0408743e-05
  1.6783981e-03
 -1.1396645e-04
  3.1991664e-03
 -6.6103227e-04
  4.2610359e-03
 -5.5151188e-04
 -7.4863154e-04
 -3.2257638e-03
 -3.7488525e-03
 -1.7256272e-03
  6.3244253e-04
 -1.3328309e-03
 -3.9263116e-03
  1.2217422e-03
  2.1638747e-03
  3.7959851e-02
  1.0203588e-04
  6.4910710e-06
 -8.9406112e-04
 -1.8316454e-03
 -8.3711499e-04
  1.3064314e-03
  1.3580106e-03
 -2.8078246e-04
  1.0575871e-03
  9.8585780e-04
 -4.8048561e-04
 -2.1933359e-03
  2.1992906e-04
 -3.0813308e-03
  3.7344117e-03
 -2.0017030e-03
  1.8178502e-03
  8.3323277e-04
 -2.5453728e-03
 -1.2811498e-03
 -1.6658694e-03
  2.1601730e-04
 -1.2206420e-04
  2.3964734e-03
 -1.4889298e-03
 -4.0005632e-03
  1.2740621e-03
  1.0686977e-04
  6.1034644e-04
 -2.8654730e-03
  1.2269042e-03
  5.7631470e-03
  4.2289179e-03
 -3.5590553e-03
 -2.0776661e-03
  2.7707808e-03
 -1.2590017e-04
 -1.2475511e-04
 -6.6131272e-04
  1.8405246e-03
  4.1010967e-03
  2.6141566e-03
 -8.9572341e-04
  6.0078348e-03
 -8.8207412e-04
 -4.6279649e-03
  7.7357038e-04
 -1.2815841e-03
  3.6470830e-03
 -6.9264672e-04
 -3.7581375e-04
  2.8110761e-03
 -1.7007850e-03
 -7.1629445e-05
  4.5643118e-03
 -8.7293889e-04
 -5.9686124e-04
  1.1938857e-03
  1.3078211e-03
 -1.0080882e-03
 -2.5305274e-04
  9.5986330e-04
 -4.5122768e-04
 -1.4839584e-03
 -7.8309469e-02
  1.0913657e-01
  2.6661693e-03
  3.7484238e-01
  4.5361704e-01
 -1.9550188e-01
  5.0565875e-01
  1.7178096e-02
 -6.7323975e-02
 -3.8904187e-01
 -2.9718183e-02
  1.6774520e-01
 -2.7782425e-01
  1.1043774e-01
 -2.7274239e-01
  2.4764720e-01
 -1.5399472e-01
  8.6492980e-03
  2.2620894e-01
  8.3031273e-01
 -1.2349173e-01
 -3.5080228e-02
  1.4333032e-02
 -4.5383789e-02
 -9.2565117e-04
  7.9291970e-02
  5.6372732e-01
 -2.5767928e-01
  6.1776328e-01
  1.1826623e-03
 -1.3122443e-04
 -1.5606883e-03
  8.6604292e-04
  9.6154166e-03
  8.1386417e-02
  7.9467458e-01
 -5.9955638e-02
 -4.0989621e-03
 -7.5904704e-03
  4.5497291e-04
 -6.5984228e-03
  3.1385832e-02
  1.3544501e-03
  3.6165869e-04
  1.7384354e-02
  5.3684332e-04
 -3.4281532e-03
  8.3473280e-02
  2.1908396e-04
  7.4448627e-01
  1.1254420e-03
  1.0106973e-03
 -2.3353577e-04
  1.1538069e-03
 -1.0307216e-05
 -1.3943434e-04
  2.6608021e-03
  1.0725631e-03
 -4.7670845e-03
  2.2566577e-03
 -1.0495391e-04
  1.7639006e-03
  8.0516550e-04
  1.0550795e-03
 -1.4690995e-03
 -4.4181943e-03
  1.2877129e-04
 -2.0373033e-03
 -8.0953998e-04
  1.4757274e-03
  1.6370404e-04
  4.7936924e-03
  1.4039669e-03
  6.8321626e-04
 -9.9137530e-04
  3.6498806e-03
  1.1814773e-03
 -1.5781163e-03
 -6.0036493e-04
  2.0557516e-03
 -6.5236038e-04
  4.7920097e-04
 -6.4365752e-04
 -8.2082039e-04
 -3.4096988e-04
 -1.6981503e-05
 -2.6039393e-03
  1.6512736e-03
  4.7636083e-01
  8.4660770e-03
  1.4863359e-03
 -3.4289339e-01
 -9.2714716e-04
  2.4858434e-02
 -3.9585501e-02
 -2.3056434e-03
  2.9875212e-03
 -1.1216672e-03
  1.6448454e-03
 -6.0256594e-04
 -2.4978770e-03
  8.8668123e-05
 -1.4895505e-03
 -3.1500652e-02
 -1.0404404e-01
 -1.5596482e-04
 -8.4792776e-04
 -1.7435973e-03
  4.2549469e-02
  4.6637538e-04
 -1.2530806e-03
  2.2719470e-01
  2.0818284e-04
 -1.7313703e-03
 -1.3165271e-03
  6.1905885e-06
 -3.0196018e-03
 -1.0182492e-03
  1.3034210e-02
 -2.3948681e-03
  3.4178153e-03
  7.5132117e-02
 -1.0076158e-01
 -1.9236526e-03
 -1.7519805e-03
 -4.8918161e-04
  1.7127437e-03
 -2.2603751e-03
  4.9887570e-03
  1.3605315e-03
  6.1164424e-04
 -3.5962468e-04
  2.0768188e-03
  1.7998219e-04
 -1.6522746e-03
  6.4814085e-04
  1.6591167e-04
 -1.3516194e-03
 -1.7266613e-03
 -9.2611962e-04
  3.6703181e-03
 -6.4288673e-04
 -2.6055854e-03
 -1.6311868e-03
 -2.6495105e-03
  1.7791414e-03
  1.0717741e-03
 -1.7065407e-03
  5.3954951e-04
  9.0942992e-04
  3.9065466e-04
 -2.4199477e-04
 -1.1479700e-03
  1.2494703e-03
 -8.4245135e-04
  1.1213336e-03
  3.8775241e-03
  1.2150932e-03
  4.9228510e-03
 -1.9604245e-03
 -3.4342220e-04
  2.0696516e-03
 -3.2569245e-03
 -1.7360908e-03
  1.4633554e-03
 -5.0326501e-04
  3.0221879e-03
 -4.6670967e-04
  2.6428518e-01
  7.2346994e-04
  1.0347341e-03
 -1.0718383e-03
 -1.8776954e-03
  5.3599398e-03
  2.8133905e-03
 -7.8456773e-04
  2.2203792e-04
 -9.3324517e-04
  1.4708219e-03
  1.1798197e-03
 -1.3319582e-03
 -9.2724391e-04
  8.8348071e-04
 -7.4028340e-03
  1.3876110e-04
  3.0604557e-03
  3.6797411e-04
 -4.0325511e-05
  2.5968108e-04
  1.6157248e-04
 -4.7917201e-05
 -1.9770695e-03
 -3.2410744e-04
 -1.2224209e-03
 -3.3747770e-03
  6.4931274e-04
  4.5535662e-03
  8.9452538e-04
  7.1880716e-04
 -1.5847677e-03
  1.7681340e-03
  7.2411995e-04
 -5.6882715e-04
  1.0750256e-05
  4.1330396e-04
  1.4324873e-03
  1.2647930e-03
 -5.6143739e-04
  8.6368510e-04
  4.3553964e-04
 -3.3481972e-04
  9.1252866e-04
  4.1429838e-04
 -3.2582472e-04
 -9.5570309e-04
 -7.9240452e-04
  2.2831089e-03
  1.5156385e-03
  1.3166629e-03
  2.2075509e-03
 -4.2328755e-03
 -9.9739555e-05
 -3.0575696e-04
  8.5737175e-01
 -1.6726034e-04
  1.4925937e-03
 -2.5099257e-01
 -1.2983595e-03
 -2.3115647e-01
  3.2378118e-02
 -2.4629626e-03
  2.1531088e-03
  4.3632218e-04
 -9.2969640e-05
  1.6341197e-03
 -4.6452712e-03
  6.4830994e-05
 -1.4119843e-05
  2.0995596e-03
 -1.5164676e-04
 -1.2578995e-03
  1.7197893e-03
 -4.8596901e-04
 -3.2884636e-04
  6.0136640e-04
 -1.9945304e-03
 -3.8350376e-04
 -7.2489196e-04
 -3.1058691e-03
  4.5617198e-06
  5.0506205e-05
  1.2585080e-03
  1.7346750e-04
  3.7726155e-04
 -3.9390586e-02
  1.7981953e-04
 -5.4922345e-04
  4.1391524e-03
  1.9462552e-03
  1.5961847e-03
  1.4264821e-03
 -4.0043257e-03
 -9.3414908e-04
  2.9088423e-04
 -1.1639351e-03
  4.5047296e-04
  9.4696542e-04
 -8.8656304e-04
 -1.0124866e-03
  2.2612421e-03
  2.4191667e-03
 -1.2721514e-04
  4.0423009e-04
  4.2947585e-04
  3.2068116e-03
 -4.6422840e-05
  1.0970217e-04
  1.1997055e-03
 -5.4230506e-04
 -1.2482407e-03
 -9.5391838e-04
  1.9381646e-03
  2.8751511e-04
  4.2059502e-05
 -2.3444719e-03
 -2.0480966e-03
  2.1524287e-03
 -1.0066496e-03
  5.2008510e-04
  1.0044479e-03
 -4.1984132e-04
  2.1828965e-03
 -1.7932110e-03
  3.7662181e-04
  1.3241414e-03
  1.2813807e-03
 -1.1768441e-03
 -3.2516040e-03
 -2.0783930e-03
  3.4387031e-04
  2.5637937e-03
 -4.1328184e-04
 -4.4278239e-04
  2.5418539e-02
  2.5493056e-03
 -1.1315347e-03
 -1.9256101e-03
  3.1096145e-04
  6.8782265e-03
  6.9709682e-01
  2.8656854e-05
 -9.9794823e-01
 -7.9552764e-01
  1.4400797e+00
  2.7881846e-01
  2.7449143e-01
 -1.4017150e-01
 -1.6996062e-01
  1.9344112e-02
 -5.0455606e-01
 -3.0093942e-02
  2.9814002e-01
  3.0884108e-02
 -7.7062286e-02
 -1.9517876e-01
 -1.2011651e-03
 -1.7512561e-01
  6.7668664e-01
  6.0805589e-02
  1.7509344e-01
 -2.9110593e-01
  8.3021745e-02
 -5.6727324e-03
 -4.3720517e-02
 -1.1944396e-01
 -1.0836504e-01
 -5.3720769e-02
 -1.5982601e-01
  9.1703758e-02
 -4.4020140e-03
  8.2426588e-05
 -1.1049551e-01
 -2.4156494e-01
 -2.3831296e-01
 -4.7197241e-01
  2.8262560e-03
  2.7438344e-03
 -1.4655096e-03
  1.1533317e-03
  1.2225427e-03
 -2.7504245e-02
 -5.6338991e-04
 -3.1704328e-04
 -5.0288486e-01
 -1.6874794e-04
 -1.8306690e-01
 -2.1173880e-01
 -3.8510185e-01
  5.2864361e-01
  1.1294901e-01
  4.9397716e-01
  1.3655698e-01
  1.6112126e-01
  3.8112996e-03
  3.9147982e-01
  6.7129695e-01
 -7.2121643e-03
 -1.0332065e-03
 -7.4553549e-02
  8.3918066e-04
  4.1482403e-04
 -4.9380344e-01
 -7.7547067e-01
  1.6081290e-02
 -9.8309107e-04
 -4.0789736e-03
 -4.1195209e-04
  5.4719420e-03
  8.3464449e-03
  3.9620897e-01
 -1.1157737e-01
 -3.0119685e-03
 -4.7674596e-02
 -5.4500578e-03
  5.5496406e-04
  5.5048702e-04
 -2.5824815e-01
  9.8612206e-04
  1.5077950e-04
 -1.3611533e-04
  1.7422437e-03
 -1.5499999e-03
  3.2600760e-02
 -1.6734414e-01
  1.7672891e-04
 -8.8714960e-04
  7.7699352e-04
  1.4463486e-04
 -8.8510476e-04
 -1.6820744e-02
 -4.1218465e-03
  1.3388152e-01
 -6.4565829e-04
  9.5351681e-04
  3.0392723e-03
  7.8452053e-04
  3.5769411e-04
 -3.7119249e-04
  1.0026961e-02
 -1.7898926e-03
  8.0910977e-06
 -1.2262964e-03
  1.5064251e-03
  1.6725911e-03
 -1.4816938e-03
 -2.2528009e-03
 -1.2307558e-03
 -4.6702696e-04
  2.4160964e-04
 -1.9317647e-03
  3.1836308e-03
  1.5118769e-03
 -1.6841369e-03
  2.0177979e-03
 -4.8862095e-04
  1.7881651e-03
 -9.9163828e-04
  1.0722135e-02
 -1.6306730e-03
 -1.0885571e-03
 -1.6582554e-03
  1.4450602e-03
  6.1719329e-04
 -3.8931327e-04
 -4.2438562e-04
  2.4149742e-04
  1.2700175e-03
 -2.5949744e-03
  3.4548240e-05
  1.3224540e-03
 -2.4388027e-03
  7.2903442e-04
  2.5708538e-03
 -1.8792490e-02
 -1.4350914e-03
  2.6111802e-01
  9.4390323e-04
  9.8166671e-03
  2.4588201e-03
  1.5257410e-03
 -3.5304620e-04
  3.2544107e-04
  2.3377114e-03
  2.5808234e-03
 -9.0668537e-04
  2.8014304e-03
 -9.9388621e-05
 -2.8029704e-03
 -1.1749807e-03
 -2.6457457e-04
 -5.8135032e-03
 -2.0986667e-02
  5.5334775e-04
 -5.1270798e-03
  1.3990164e-03
  6.2384121e-03
 -2.9214459e-02
  1.8413687e+00
 -8.7842037e-04
  1.4381579e-03
 -1.3584690e-04
  3.3286926e-03
 -2.3927731e-03
  6.0363434e-04
 -1.2666435e-04
  2.2827396e-03
 -2.7230417e-05
 -5.0163148e-03
 -1.5798636e-03
  3.1160814e-04
 -1.7572343e-03
  8.7147826e-05
  2.2771603e-03
  2.5272637e-04
  1.3935444e-01
  1.2206994e-03
  1.4024000e-01
 -5.8506075e-03
 -6.7430888e-03
  4.8904687e-02
  2.0121403e-01
 -3.6906416e-03
  7.4234627e-02
  3.3622719e-02
  2.0642398e-01
 -2.6483845e-02
  1.5564833e-02
  9.9498844e-03
  1.7580672e-01
 -7.7602017e-01
 -4.7162779e-02
 -1.3622523e-02
  1.5044187e-03
 -8.0009373e-03
  1.8105306e-02
  3.8809940e-02
 -3.4641540e-01
  3.9145503e-02
 -2.8571659e-01
 -2.7265783e-02
  1.4219241e-01
 -2.1425039e-01
 -1.1251000e-01
 -4.3589571e-01
  3.1132963e-03
 -4.2387041e-01
  1.2895486e-02
  8.9468081e-03
  2.5629565e-01
 -2.9290697e-01
 -1.9550733e-03
  1.5933906e-01
  4.2869588e-03
 -3.6893864e-04
  1.1898484e-02
 -2.4133474e-03
 -5.0836399e-02
 -1.9450862e-03
  1.9662853e-03
 -2.3331211e-03
 -1.4268116e-03
  6.0966504e-01
 -7.4119435e-04
 -1.0293685e-03
 -1.2594808e-03
 -5.0101627e-04
 -5.4544653e-06
  8.6936465e-04
  1.8631604e-03
 -8.3188555e-04
  3.4256182e-03
 -1.4946965e-04
  9.7138446e-04
 -2.4084544e-03
  7.0718722e-04
 -3.2419038e-03
  7.1550580e-04
 -2.2707451e-03
  2.9076734e-03
  4.3579869e-04
  3.9807055e-04
 -1.2705000e-03
 -1.0913049e-03
 -5.2096448e-03
 -7.8841590e-04
  3.6476288e-04
 -1.7263124e-03
 -2.0345168e-03
  7.4998487e-04
  2.3967282e-04
  1.6886878e-03
  4.5088590e-03
 -6.9416934e-03
  6.6326867e-04
  3.2710072e-04
  1.4137565e-03
  1.1500465e-03
  1.1006396e-03
 -9.7777229e-04
 -2.1255799e-03
  2.5064771e-03
 -2.0627840e-03
 -1.0727162e-03
  3.3529657e-01
 -5.2586134e-04
  6.1192680e-03
  3.7046000e-01
  2.5303027e-01
 -1.8249752e-01
 -7.5250283e-02
  9.0903830e-04
  3.7158462e-01
  4.8489738e-01
 -3.0870872e-02
  5.6425873e-03
 -2.2822930e-03
  1.2931313e-01
 -3.2855737e-01
 -2.2460373e-01
  2.2849876e-03
  5.0215088e-03
 -1.4431500e-01
 -1.5906172e-01
  2.8413805e-01
 -3.3646375e-02
  1.0289689e-01
 -1.5304535e-02
  1.3527456e-03
  1.0721606e-01
 -1.4752174e-04
 -1.1836433e-01
 -1.0654376e-01
  2.3069205e-02
 -1.7499415e-02
  2.7132839e-02
  7.0973583e-02
 -8.0902381e-03
 -2.2224397e-03
 -2.1946285e-04
  6.7782916e-02
 -7.5242587e-04
 -2.0567433e-03
  2.1392026e-03
  1.1664191e-03
 -1.2217185e-02
 -9.5660164e-04
 -1.3368034e-01
  1.1443689e-01
 -5.9775333e-04
 -1.0421461e-01
 -8.5635744e-02
 -5.7842243e-01
  1.7616371e-02
  1.1869355e-03
 -3.1906778e-01
  2.7361932e-01
  3.5081506e-01
 -4.1127458e-02
 -5.0375485e-01
 -5.6463969e-01
  5.3056753e-03
 -5.5590999e-01
 -7.4846767e-02
  4.3568987e-04
  6.4570073e-04
  4.3539606e-02
  1.2789017e-01
  1.5078093e-01
 -2.7192077e-03
  4.5534426e-01
 -4.1174848e-02
 -1.4919480e-03
  4.3447264e-02
 -8.0648854e-02
 -2.2226481e-02
 -8.7066412e-02
  3.3773709e-02
 -1.2349566e-01
  2.2220241e-03
  1.7708060e-01
 -5.1892199e-02
 -1.5300767e-01
 -2.5082843e-03
  3.2493982e-02
 -1.9104195e-04
  1.8441761e-03
  4.5667910e-03
 -9.6983882e-03
 -4.1405554e-03
 -4.5600880e-04
  1.1958048e+00
 -4.7100401e-01
 -2.8131777e-01
  1.0299503e+00
  1.1148260e-01
  1.9570501e-01
 -4.0156129e-01
  2.0210990e-01
  1.5159930e-01
 -1.1034131e+00
  1.7236681e-01
  5.7088727e-01
 -9.2255497e-01
  4.9773017e-01
 -7.3280311e-01
 -4.9817750e-01
  4.7937948e-01
 -1.2692863e-01
 -1.1736758e-01
 -4.7792947e-01
  1.5381971e-01
  2.5870502e-01
 -3.4588512e-02
 -9.4711453e-01
 -8.3350413e-04
  5.4632593e-03
  6.2956996e-03
  7.9700397e-04
 -7.3458880e-01
  3.5534394e-01
 -4.4353977e-01
 -2.9148438e-03
  9.8038663e-04
 -9.2387266e-02
 -8.0559344e-04
  2.3139752e-01
  1.8414596e-01
  2.4549673e-01
  1.0468995e-03
  1.1210148e-03
  3.2121852e-02
 -7.7221431e-02
  5.0496496e-04
  3.8211131e-03
  6.4988923e-04
 -2.9224227e-04
  1.9800614e-03
 -3.0258619e-03
  1.3378358e-03
 -1.2860362e-03
 -2.7174777e-03
 -1.5298835e-03
 -4.9773586e-04
  4.9377547e-04
  8.3813467e-04
 -6.4362679e-04
 -2.8301359e-03
  3.7900996e-04
 -5.5837405e-05
  1.9396226e-04
  2.9647306e-03
 -3.6482676e-04
  2.0864417e-04
 -1.0463786e-03
 -3.9788280e-03
 -9.1032358e-04
  5.2923791e-04
 -5.2219944e-04
  1.0152606e-04
 -1.3128049e-03
 -3.3143708e-03
 -8.2871632e-04
 -5.4353249e-04
  1.6512664e-04
  1.1684578e-03
 -4.7516054e-04
  4.6312797e-04
  8.4655831e-04
 -1.9991884e-03
  3.8567230e-03
 -2.9773288e-04
  1.1100690e-03
 -8.0413657e-04
  1.5521714e-01
  5.8068102e-04
 -1.5894540e-03
 -1.5998645e-04
  5.4798520e-04
  1.6444563e-03
 -2.3975326e-03
  2.8273766e-03
 -2.9741487e-04
  1.4630088e-03
  7.5714936e-04
  8.7199704e-05
 -4.0194522e-05
  1.1915351e-03
  2.1496910e-04
  4.1510155e-03
 -5.5075553e-04
 -3.3362032e-04
 -1.8401003e-03
 -1.7295969e-03
 -3.3268086e-03
  7.2644406e-04
  4.4862074e-03
  4.8466371e-03
  1.6033358e-05
 -9.4734371e-04
 -4.5863180e-03
  5.2890484e-04
 -3.3830053e-03
  2.4240871e-04
  7.2360743e-04
 -4.4975504e-03
  3.1343091e-03
 -1.5481925e-03
 -8.4639201e-04
  2.5117584e-04
  1.7824336e-03
  3.0532454e-03
  9.4665098e-05
 -1.4224973e-03
 -7.0062073e-05
  1.8399231e-03
 -8.7998126e-04
 -8.2703505e-04
 -8.4412692e-04
  2.7816794e-03
  1.4385222e-03
 -1.1763275e-03
  2.6614696e-04
 -1.2937667e+00
  1.1375697e+00
 -5.6998502e-03
 -7.9898083e-01
 -1.3775451e+00
  5.8110559e-01
  7.3889118e-01
  4.7414997e-03
 -1.7519978e-01
 -6.0168290e-01
 -8.4651151e-04
 -3.0342473e-03
 -5.0184976e-02
 -2.1863560e-01
  1.6840535e-01
  1.6296571e+00
 -5.0429702e-03
  1.5303515e-01
 -1.6442314e-02
  4.9776688e-01
 -1.2224622e-02
 -1.6283390e-01
  4.9257469e-01
  1.8363006e-02
  4.9027538e-01
 -4.1957985e-04
 -4.1251346e-01
  5.6845760e-01
  1.3936329e-01
  5.9017497e-01
  1.7056639e-01
  5.7750833e-01
  6.3342048e-04
 -1.7843872e-01
  1.5864691e-02
  2.4704549e-01
  1.0777430e-03
 -1.2300853e-03
 -3.6814082e-03
  2.1038959e-03
 -2.3055222e-02
  4.5192115e-02
  3.7834272e-03
 -6.9646450e-04
 -7.9216450e-01
  4.8186013e-04
  1.5991181e-03
 -2.7066249e-01
 -5.8270699e-01
  1.5808548e-01
 -3.0528657e-02
  8.9206147e-01
 -8.7189004e-03
 -2.0651183e+00
 -8.6757273e-04
  2.3484726e-01
 -3.0527970e-02
 -6.7971811e-02
 -3.3913246e-01
  2.2893588e-01
 -1.7761365e-01
 -1.6033021e-03
 -1.1631070e-01
 -7.9099067e-02
 -7.0367759e-01
 -9.6852204e-04
 -3.3470217e-02
 -8.6184645e-01
  3.1991923e-01
  9.6733376e-02
 -1.1679969e+00
  1.5184894e-01
  1.3958725e-01
  2.1115179e-01
 -6.3606298e-01
  2.1135645e-01
 -1.4531791e-02
  2.5827903e-01
 -1.1187847e-02
 -1.3782940e-04
  3.4019511e-02
 -4.3644398e-03
  1.2066418e-03
 -4.4243862e-03
 -1.6018017e-03
 -2.0095168e-03
 -8.9515152e-04
  7.8370998e-04
 -4.5250033e-04
 -3.5842776e-04
  1.1109706e-03
  7.3700145e-02
  3.3906323e-03
 -5.0611235e-04
  6.3597166e-05
 -2.8119821e-03
 -1.0367861e-03
  8.2955521e-04
  2.1952884e-03
 -1.4495713e-03
  2.5116876e-03
 -2.0383876e-03
 -6.4611534e-04
  3.7456510e-04
 -2.4990437e-03
  6.9100838e-03
 -2.8176603e-04
  7.5811398e-04
  4.2402290e-04
 -2.2772560e-04
  2.9466795e-03
  1.9086731e-03
 -5.1005912e-04
 -1.5912557e-04
  6.9813151e-03
 -4.8251598e-04
  6.0940015e-01
 -4.2676185e-03
  3.1444608e-05
  1.2737509e-03
  5.0099159e-05
  2.9919194e-03
 -2.2052684e-05
 -1.5025814e-03
  2.1575515e-03
 -2.0634460e-03
  1.2371414e-03
 -1.2138905e-03
 -2.7620376e-03
 -3.6888057e-04
 -3.2937052e-03
  1.0859640e-03
  1.3277305e-03
  9.2417980e-04
  1.4530975e-04
 -2.7010252e-04
 -6.5491750e-04
  1.4004246e-03
 -6.9307949e-04
 -1.0321494e-03
 -1.2026950e-03
 -1.5351269e-04
 -1.1935025e-04
 -4.6104996e-04
  1.3669824e-03
  5.5360007e-03
  1.0102079e-03
 -2.4644242e-04
  7.8324159e-04
 -8.2141563e-04
 -1.5517406e-05
 -4.2827043e-04
 -1.8753549e-03
  8.0987561e-04
  1.2977945e-03
 -1.6495531e-03
  2.0938367e-04
 -1.7337776e-03
  2.8357431e-03
 -6.3734420e-05
 -6.8787660e-05
 -1.4376448e-03
  2.7693599e-04
  1.1726753e-03
  1.6133107e-03
  8.1519553e-05
 -7.3912955e-04
  2.8602199e-03
 -1.6831607e-03
  3.0623369e-03
 -1.9439084e-03
 -1.6586737e-03
  1.1275474e-03
  1.0319257e-03
  3.9788382e-04
  6.8408088e-04
  1.0712519e-03
  4.3277803e-04
  1.2458402e-03
 -3.9112929e-05
  9.7175851e-04
  1.0839569e-03
  8.2437327e-05
 -1.3434433e-03
 -8.8845560e-04
 -4.6203897e-04
 -1.3594407e-03
  7.1696751e-04
  1.9341166e-03
  3.7721265e-04
 -1.6391673e-03
  2.0105934e-03
 -9.6348784e-04
 -1.9219806e-03
 -5.7410412e-03
 -1.0155534e-03
  5.2638561e-04
 -1.2167483e-03
  2.0269644e-03
  2.4812580e-03
 -2.5144359e-04
  1.1763219e-03
  6.2443234e-04
 -1.5317217e-03
 -1.1518121e-03
  1.3773079e-03
  2.8621815e-03
  2.9609157e-03
 -8.6406642e-04
  2.9596101e-04
  2.8874686e-03
  1.0608161e-03
 -1.8480615e-03
 -1.8936765e-04
 -6.9956580e-04
  6.7021034e-04
 -1.9239057e-03
 -1.0084055e-03
 -7.8928825e-03
 -7.6427078e-04
 -2.4869026e-01
  1.6089816e-02
  4.7877726e-01
 -1.0712802e+00
 -1.7861531e+00
 -5.9803933e-01
  1.9305443e+00
  3.9161944e-01
 -2.6830652e-01
 -1.4936544e+00
 -4.8773032e-01
 -3.9641574e-01
 -7.2955370e-02
  9.6660119e-01
 -2.8812853e-03
  7.2659557e-03
 -4.0577438e-01
 -5.8455712e-01
 -4.9981090e-01
  2.5420703e-02
  1.7912116e+00
 -9.2842573e-01
 -3.6996182e-02
 -4.0286079e-01
 -5.6055772e-01
 -3.1254971e-01
 -7.1942725e-04
  1.2536949e-01
  9.4314842e-03
 -7.9128705e-04
 -6.0747080e-03
 -2.3241476e-03
 -2.0656741e-01
 -4.9701989e-01
  1.8362372e-01
 -6.5455598e-01
 -6.5056182e-02
 -7.9207584e-02
 -1.0072376e-03
  1.8846818e-03
 -1.0415480e-01
  3.0077076e-01
  1.3868485e-04
  4.3771928e-04
 -1.5894745e-03
 -3.2109674e-05
  1.9475556e-05
  6.3037616e-04
 -3.2281908e-03
  1.5300274e-04
 -2.2032554e-03
  7.4898102e-04
 -3.5676872e-04
 -3.5159014e-02
  1.3350206e-03
 -7.4190553e-05
  1.2129998e-03
 -2.0923137e-03
 -1.3712149e-03
  8.8863890e-05
 -1.4223682e-03
  2.3293237e-03
  6.0565822e-04
 -4.2043030e-05
  8.0262328e-04
 -9.4525592e-04
  2.6964531e-03
  1.2450907e-03
  7.1877679e-05
  8.9791242e-04
 -2.6625055e-03
  1.1703122e-03
 -5.0026423e-04
 -2.5742641e-03
  1.3033083e-03
  9.7789930e-04
  3.8852859e-03
 -2.4713092e-03
  4.2814347e-03
 -5.0288124e-04
 -4.0807961e-03
 -7.0645596e-04
  1.0514942e-03
 -2.3161008e-03
 -2.0886234e-03
  6.3484046e-04
  5.2841366e-05
  1.0613437e-03
 -5.5813771e-02
  4.8117631e-04
  2.3166914e-03
 -2.0099944e-03
  3.3587792e-03
  1.5139158e-03
  4.6943858e-01
  9.1544335e-04
  2.2346703e-03
 -5.6975728e-01
  5.0452150e-02
  2.3138127e-03
  6.7047930e-01
 -3.9752409e-01
 -1.9282835e-03
  8.6684179e-01
 -3.3768594e-01
  1.2722604e-03
  6.3030812e-04
  6.9975132e-01
 -1.5266852e-04
 -2.9636517e-01
 -4.5720488e-04
  7.2222989e-04
 -3.6567583e-04
 -7.5999016e-01
  1.1458856e+00
 -1.8146484e-01
 -3.5840683e-04
  2.8114778e-04
 -2.2102591e-01
 -1.6931423e-04
 -1.2373332e+00
 -5.1732755e-01
  1.1934695e-03
  4.1317546e-01
 -5.7987309e-01
 -2.3644766e-02
 -2.5437596e-01
 -1.6879818e-01
  3.7021601e-01
  7.6382672e-03
  2.4249181e-03
 -1.8236044e-01
 -6.7701876e-02
  1.1000896e-03
  7.7148638e-05
 -3.6606583e-04
 -2.0773869e+00
  8.7562302e-04
 -2.5027785e-01
 -8.4656593e-04
  1.7639405e-01
  3.2282458e-03
  5.0579447e-01
 -2.3871616e-03
  6.2854195e-01
  8.7561980e-02
  1.7901945e-01
 -5.0342840e-01
  2.7767450e-01
  1.1097236e-02
  1.0966182e+00
 -4.7148404e-01
 -7.2803505e-02
 -1.2617837e+00
 -3.5619095e-01
  1.5411441e-01
  7.9848148e-02
 -7.1199882e-01
 -2.8678114e-03
 -6.3741535e-01
 -1.2155063e-04
  2.9487921e-02
 -5.9241918e-03
  1.1872413e+00
  1.5289101e-01
 -3.1259558e-01
 -1.1986047e-03
  5.3940853e-04
 -7.3971659e-01
 -4.5115850e-04
 -1.2495451e+00
 -3.6076555e-01
  1.3754728e-01
  2.4067181e-01
 -1.1009343e+00
 -1.9906963e-01
 -8.7307990e-01
 -6.1033589e-01
 -5.6310958e-01
  6.7695662e-02
  7.7739760e-02
  5.6100893e-01
  4.3378249e-01
 -4.4885088e-02
  4.1507915e-02
  4.0779935e-04
  7.4790955e-01
  1.9419552e-03
  1.9007981e+00
  6.0097611e-01
  5.2352108e-02
 -5.2763695e-01
 -3.9909998e-01
  2.4407848e-03
 -2.7848806e-03
  1.0503493e-01
 -3.9088738e-01
 -1.2458169e-03
  4.9880870e-02
  1.7256309e+00
  5.8457768e-01
  1.2890513e+00
  1.4502426e-02
  2.6491985e-01
 -2.2019446e+00
  9.5253754e-01
  6.1032857e-04
  1.6999124e-03
 -3.1900546e-01
 -7.9765201e-01
  1.3284989e-01
 -1.0324005e+00
  2.6515684e-01
 -2.3505226e-01
  2.5893436e-04
  4.0270749e-01
 -5.3077686e-01
 -1.0404127e-01
 -7.5265968e-01
  9.8150261e-03
 -2.6792413e-01
 -1.2080902e-04
 -7.8124940e-02
 -1.8414868e-01
  4.7526780e-01
 -5.9870273e-01
  1.7978410e-01
 -8.5906094e-01
 -2.6887470e-01
 -1.9234455e-01
  3.4976858e-01
  1.0328891e+00
 -9.8362851e-01
  9.3405880e-02
  7.5174493e-01
 -7.5490779e-01
  8.1393325e-01
 -2.1036656e-01
  1.1733243e+00
 -7.4117696e-01
 -4.7024142e-02
  2.0337668e-01
  1.5256140e+00
 -6.2639883e-04
  6.0973026e-02
  3.3752143e-01
  3.5611337e-01
 -7.5975957e-04
  1.4101763e-01
  1.4454804e-01
 -1.0256650e+00
  5.1475185e-01
 -5.2811760e-02
  3.9867070e-01
  6.0956788e-01
  1.2233131e-01
  4.0627703e-01
  2.1011565e-02
 -8.6139303e-01
 -4.5397282e-01
  2.3297603e-01
  3.7778017e-01
  5.9940021e-02
 -3.6479247e-01
 -7.5509769e-01
 -3.6522225e-02
 -7.8288603e-01
  6.4118963e-01
  1.7055825e+00
  6.0829684e-02
 -4.8016366e-02
  1.2822061e+00
  1.5456456e-02
  2.5482088e-01
  1.1247810e-01
 -7.6270811e-02
 -5.8507890e-01
 -1.9452624e-01
 -3.3893555e-01
  4.7058779e-01
  3.9652053e-01
 -3.1695086e-01
  5.1952712e-04
 -1.5534960e-01
  6.5684564e-02
  3.1093287e-01
  6.4994818e-01
 -7.8044754e-01
  7.6319367e-01
 -3.5706389e-01
 -1.6908771e-01
 -7.6913774e-01
 -4.9355268e-03
  2.4626391e+00
 -2.2201686e+00
  2.5310341e-01
 -1.8779640e-03
  4.5206621e-01
  2.3406807e-01
 -3.7284501e-04
  4.3876685e-04
 -7.5967634e-01
 -1.6843435e+00
  1.2763320e-03
 -5.1078866e-03
  1.0260558e+00
  1.0101542e+00
 -3.2664596e-03
  1.8402282e-03
 -1.2842432e-01
  8.1030917e-01
 -1.8937038e-02
 -1.2594869e-03
 -1.3126638e+00
 -7.6815999e-01
  2.3432800e-03
 -8.5345813e-04
 -2.2079015e+00
  3.7489507e-01
 -4.8370450e-03
 -1.7554678e-03
 -5.2781832e-01
 -6.2395252e-02
  2.8085026e-03
  1.7857269e-04
  1.0281662e+00
  4.5455503e-01
 -1.1521649e-02
 -1.2098486e-04
  1.7486497e+00
  1.0720031e+00
  1.0816460e-02
  7.8714564e-03
  1.9732122e-01
  4.5788845e-01
 -4.3044578e-02
 -4.4757500e-03
  2.8856188e-02
  1.4083900e-01
  2.2548723e-01
  8.5219031e-04
 -9.0683490e-01
  8.1087464e-01
  5.9471894e-03
  2.2531901e-03
 -1.0480163e+00
  1.7163293e+00
  1.8316071e+00
  1.4787583e+00
  1.6471735e-01
 -7.5922173e-04
  1.8186322e-01
 -1.8776400e-02
 -4.1116416e-02
  8.3389372e-02
  1.1101646e-03
  4.1516143e-01
  1.2311127e+00
  2.4669278e+00
  1.2247709e+00
 -3.0872461e-01
  6.3735768e-02
 -7.1691918e-01
  1.5467304e+00
 -6.4098947e-02
  2.3424993e-01
  1.5803045e-01
  9.5814593e-02
  1.3026440e-01
  1.4649703e-01
  6.4115745e-01
  2.7350441e-03
 -5.7050593e-02
 -1.1074699e-01
 -1.1828008e+00
  1.3105652e+00
 -1.2409693e-04
  2.3261477e-01
  2.7069734e-02
  1.4649127e+00
  1.8720473e-01
  2.2122128e+00
  1.6047768e-01
 -2.1790210e-03
 -4.3625203e-01
  1.9488739e+00
  2.0202124e+00
  4.8140815e-01
 -6.5335262e-01
  1.2344774e+00
  2.0205031e-01
  3.0500248e-01
 -9.2563081e-01
  3.7686273e-01
  2.9839867e-01
  1.1514764e+00
 -4.2957819e-01
  1.4963801e+00
  3.3858128e+00
  4.5437866e-01
  7.1584987e-03
  4.9348408e-01
  2.4748982e-01
  2.1980193e-01
  3.5611054e-04
 -4.3110941e-02
 -6.1784381e-01
 -1.2596500e+00
  4.9313870e-01
 -2.5523871e-02
  3.2512647e-01
 -6.0279191e-01
 -5.3555131e-01
  9.6565980e-01
  2.4778123e-01
  3.2238123e+00
 -8.1171170e-02
 -8.5268807e-01
 -3.7743216e+00
 -5.4698318e-01
  1.9230516e-01
 -4.2532507e-01
 -2.3966584e-01
 -2.1393948e+00
 -9.0495443e-01
 -1.0169984e+00
  1.8224367e-01
 -8.0381893e-02
 -2.9152775e-01
  6.0575354e-01
  1.9142768e-01
  1.3727070e-01
  9.4981956e-01
  8.3746575e-03
 -4.1384401e-04
  3.7147343e-01
 -1.3202447e-01
 -2.8294936e-01
  1.1898117e+00
 -3.0295020e-01
 -1.5436687e-01
 -1.6200838e+00
  9.6663976e-01
  1.2507560e+00
  1.1038015e-01
  4.0004438e-01
 -1.4721005e-01
 -6.4851947e-02
  4.9820617e-01
 -1.6435328e+00
 -6.3459587e-01
  1.7505947e+00
  1.0846359e-02
 -1.7405771e+00
  1.5895958e-01
  1.8357037e-02
  1.5602035e-02
 -1.2768756e-01
 -2.2925682e-01
 -6.5783656e-01
 -4.0081598e-02
  1.5705528e+00
  5.6083488e-01
  8.4404893e-02
  3.6343765e+00
  2.0260687e+00
  8.0696356e-01
  3.9567459e-01
  1.7920385e-01
 -1.8236364e+00
  2.6812217e-01
 -5.1743257e-01
 -1.9076213e-01
 -1.0347177e+00
 -6.9825757e-01
  1.2904744e-01
  1.4190214e-02
 -4.4898054e-01
 -4.7694567e-01
  8.3917105e-01
  4.9628374e-01
 -1.4517912e+00
  2.4221338e-01
 -5.4403168e-01
 -3.2026550e-01
 -5.5004615e-01
 -1.4581792e+00
 -1.0475604e-01
  5.3222355e-02
  9.3890142e-01
  2.1120945e-01
  7.3048383e-01
  7.0918936e-01
  1.2600627e+00
 -3.1249758e-04
  5.6841451e-01
 -7.3646888e-02
  8.7133348e-01
  5.8212602e-01
  3.3035350e-01
 -4.0950224e-01
  1.1140461e+00
  1.3940752e-01
 -1.9493928e+00
 -1.5392628e+00
  5.1297736e-04
 -4.5246739e-02
 -6.6619384e-01
  9.9221803e-04
  5.9555743e-02
  4.0243694e-01
  8.0059952e-01
 -3.0193675e-01
  8.2288217e-03
 -4.4767994e-02
  1.9575918e-01
  4.7857720e-01
  1.3297299e+00
 -1.7708688e+00
 -1.9023058e+00
 -2.1898857e-05
 -1.2141764e-02
  4.0557763e-01
  2.4874878e+00
 -2.1390707e+00
  1.0495398e+00
 -7.8461218e-01
  2.9179624e-01
  9.0948784e-01
  9.3412364e-01
 -8.3874416e-05
 -2.1285226e+00
 -2.0604160e-02
  1.5781038e-04
  3.5470173e-02
 -1.6010873e+00
  7.0735675e-01
 -2.5465706e-01
 -4.7564864e-01
  1.3067346e+00
  1.5922968e-01
 -1.8234293e-01
 -2.2688334e+00
  6.1311805e-01
 -2.4912168e-01
  1.9894201e-01
 -2.1751262e-01
 -1.9693701e-02
  5.0262648e-01
  2.8282821e-01
 -1.0449938e+00
 -6.8114018e-01
 -2.6001462e-01
  9.7179550e-01
 -2.5856736e+00
  2.9263353e-02
 -5.8706239e-04
  5.5622696e-03
 -9.5339622e-03
 -5.2626349e-04
  1.8704878e-03
 -6.5187013e-01
  3.6851791e-01
 -5.6738053e-03
 -2.7246729e-01
 -2.5569968e+00
 -2.8292108e+00
  8.3322148e-04
  4.1825771e-03
 -5.0145715e-01
 -1.2879806e+00
 -4.3028119e-01
 -1.8456531e-03
  2.0860457e-01
 -5.4608035e-01
 -1.0346629e-01
 -2.2549015e-01
  3.9074802e-01
  2.7226155e+00
  8.4957503e-02
 -1.8611352e-03
 -1.1241267e+00
 -2.9113281e+00
 -1.1033095e-01
  1.0856128e-03
  1.7335375e-01
 -2.7435118e-01
 -2.1528287e-01
 -1.5292704e-03
  5.5753756e-01
  7.7884120e-01
  2.0303397e-01
 -1.2884741e-01
  2.1465062e-01
  9.8318821e-01
 -1.9922383e-01
  1.1910885e-02
 -3.5301733e-01
 -2.0359950e-01
  2.9157933e-02
 -5.1063305e-01
 -5.6657183e-01
  5.0499435e-03
 -5.8765805e-01
 -4.0206787e-01
 -9.8271497e-02
 -1.6099134e-01
 -4.0592748e-04
 -3.0631113e-03
  2.3066811e-03
  1.3519479e-03
 -6.3131558e-04
 -1.2331679e-02
  2.9404867e-01
  2.5835194e-02
  6.2670587e-03
  7.4536335e-03
 -1.1045140e+00
  4.4851512e-01
 -1.0559903e+00
 -1.2405127e-01
  7.9567254e-01
 -4.9928523e-04
 -5.1016116e-04
  7.5182598e-04
  4.0165424e-01
  6.8682700e-02
  2.3257475e-01
  2.2045137e-02
 -5.6616920e-01
 -5.4349523e-04
 -2.2367564e-01
 -1.6175875e-01
  1.7895304e-01
  4.2528734e-01
  2.7730569e-04
 -1.1222635e-03
  6.0224640e-01
  2.2998103e-01
 -3.8974732e-03
  1.7249685e-02
 -3.3497000e-01
 -2.0182682e-03
  5.1441193e-03
 -3.7212351e-01
  7.4423945e-01
  2.8588903e-01
  3.5381913e-03
 -1.8003569e-03
 -1.8696292e-01
 -8.8098377e-01
 -5.4459816e-01
 -5.0563579e-03
  9.7860199e-01
  1.1815662e-01
  1.1736856e-01
  8.3918718e-04
 -7.9457146e-01
 -1.7724265e+00
  7.7451175e-01
 -4.8514342e-01
  1.1509155e-01
  1.2749842e+00
  1.4834468e+00
 -9.8855278e-05
 -5.4124999e-01
  8.7907730e-04
 -1.2447959e+00
 -1.9453009e+00
  1.1452191e+00
  1.6757588e+00
  1.8857094e+00
 -1.5692988e-01
  2.7440625e-01
 -6.5398747e-01
  3.1687012e-01
 -2.5553861e-01
  1.2486913e+00
  1.4378890e+00
 -1.0133322e+00
 -1.8231589e-01
  1.7539884e+00
  8.5221404e-01
 -1.0995436e-01
 -1.0165743e-01
  4.0892112e-01
 -1.0014364e+00
  1.0070275e-02
 -7.8801543e-01
 -9.7587901e-01
  1.0851126e+00
  5.9634221e-01
 -2.1183743e+00
 -7.1882707e-01
  1.8191861e+00
  3.1226799e-01
 -2.1875217e+00
  2.5790792e-02
  1.2236617e+00
 -1.6934405e-01
 -6.3956159e-01
  2.1193872e-01
  8.1798851e-02
 -3.8498664e-01
 -4.8086491e-01
 -2.8058447e-02
  6.2715441e-02
 -7.9507411e-02
 -1.8773045e-01
 -2.4026368e+00
 -2.5014501e+00
 -3.6699854e-02
 -1.4518096e+00
 -9.4705141e-01
 -1.8682041e+00
 -1.0236322e-03
 -4.7646771e-04
  3.3351111e+00
  2.3052349e+00
 -3.5944015e-01
 -6.3747811e-01
  5.1907009e-01
  8.9988971e-01
 -4.0051239e-03
 -8.9591461e-01
 -2.4781024e+00
 -2.8899004e+00
 -2.0037968e-01
 -1.9355236e-01
  1.3992308e-01
 -2.2877342e-01
  9.7938567e-02
 -6.9861752e-01
  9.8567635e-01
 -4.0645966e-01
 -1.5654948e-01
 -1.3196714e+00
  5.9297867e-02
 -1.3574034e+00
 -5.0990302e-02
 -1.2516572e-02
 -4.6935865e-01
 -7.4900424e-01
  5.4600799e-01
 -1.1739374e+00
 -9.5722236e-02
  1.5171108e+00
 -5.6908250e-01
 -5.1573902e-01
 -6.7223305e-01
  5.9417641e-01
 -3.4553972e-01
 -1.4665298e-01
 -8.2255846e-01
 -9.1218138e-01
 -6.7279693e-03
 -4.4213396e-01
 -4.1569379e-01
 -1.0389044e+00
 -7.1910769e-02
 -1.2639153e-01
  1.7697066e-01
 -1.9015856e-01
 -1.9725278e-01
 -6.3478959e-01
 -1.2616560e-04
  2.8743905e-01
 -2.1510243e-02
 -1.4269702e-03
  1.7263038e-02
 -7.7770907e-01
  1.3193028e-01
 -3.7000108e-01
 -2.2187997e-01
 -5.8558830e-03
 -1.4972390e-02
 -5.5730969e-01
  1.8019000e-01
  1.0432346e+00
 -1.3848265e+00
 -6.5185867e-02
 -1.8816172e-01
 -1.7070051e+00
  1.0988921e+00
 -3.1853786e-01
 -2.7711612e-01
  1.1239194e+00
  4.5137683e-01
  1.4595625e-04
  6.1676204e-02
  6.1237621e-01
 -1.0435598e+00
 -3.3835655e-01
 -3.5452768e-01
 -4.0171814e-01
  3.9660418e-01
 -5.2911593e-03
  7.7282555e-02
  9.7752042e-02
  7.4929498e-02
 -1.7014448e-01
 -6.1673366e-02
  2.4161296e-02
 -8.9079879e-02
 -1.5532888e-01
  1.3107796e-01
 -1.5258282e-01
  1.3317749e-01
 -3.5702437e-01
 -8.7516978e-02
 -2.8701872e-01
 -1.1343648e-01
 -4.3168142e-03
  6.7566156e-01
 -2.1966048e-01
 -1.1974241e+00
  8.7160675e-04
 -5.0985464e-04
 -7.0123613e-02
 -1.0031782e+00
 -4.9048639e-04
 -3.3149068e-04
  1.0794553e-04
  2.0206177e+00
  7.2897774e-01
 -3.3386505e-01
 -8.8415956e-01
  2.4670640e-01
 -5.9492785e-01
 -5.2963179e-01
 -6.8258274e-01
 -3.0393694e-02
  1.1858933e-03
  3.3894172e-01
  2.2759664e-01
  1.0906899e+00
  6.5539515e-01
 -1.0425638e-01
  1.6725907e-01
 -1.9335481e+00
 -6.9071954e-01
 -2.7346861e-01
 -8.4660673e-01
 -3.7919641e-01
  6.5578300e-01
  4.9882323e-01
 -2.2209764e+00
 -1.5810718e-01
  8.3414167e-03
 -2.0238149e-01
 -4.6383950e-01
 -4.1752927e-02
 -5.5520999e-01
 -1.5530598e-01
 -3.7311688e-01
 -8.6422014e-01
  5.3735651e-02
  1.1140588e-01
 -4.9569804e-02
 -4.7643462e-01
  3.3020392e-01
  3.4474900e-01
  2.6865813e-01
 -3.8944200e-01
 -2.6402706e-01
  1.9566868e-01
 -2.3845519e-01
  1.7967263e+00
 -9.9631406e-02
 -3.6945474e-01
  5.6529611e-01
  3.7777942e-01
  1.6951626e-03
  7.8567392e-01
  2.2978373e+00
 -1.5460476e-01
 -2.0008896e-02
 -1.3366706e+00
 -2.6948347e+00
  1.9539623e-01
  6.0880131e-01
 -7.9250598e-01
 -1.6579346e-01
 -2.2410269e-01
 -1.2778794e+00
 -3.3490634e-01
  5.3904563e-01
  1.4746076e-01
  9.2997968e-01
 -6.5686083e-01
 -1.3149333e+00
  1.4450755e+00
  2.9074934e-03
  9.1165137e-01
 -1.2168826e-01
 -2.5002334e-01
 -6.7278999e-01
  1.6736798e+00
 -2.9166710e-02
  7.1709222e-01
  7.3427302e-01
  3.9860883e-01
 -7.2790611e-01
  5.5669230e-01
 -2.9058086e-02
 -1.2286795e+00
 -8.0410510e-01
  3.1669703e-01
 -1.0870758e-01
 -1.2005986e+00
 -8.0684379e-02
 -2.0806907e-01
  1.0202944e-01
 -4.0184486e-01
  3.4581874e-02
  1.2854320e-01
  5.8000517e-01
  2.9730187e-03
 -4.2424247e-01
 -1.5206944e+00
 -1.1107388e+00
  9.7591847e-02
  2.1608876e-01
  5.1025319e-01
 -1.3526680e-02
 -2.9163170e-01
  2.7697988e+00
 -3.5699585e-01
  1.9165382e-01
  1.2984233e+00
 -1.1224827e+00
  2.3481162e+00
 -1.6818200e+00
  1.7437192e+00
 -1.8342671e+00
  1.4881523e+00
  8.4516913e-01
 -2.1358101e+00
  1.9160590e+00
 -1.9689014e+00
 -1.8832893e+00
 -1.3813188e+00
 -2.5026584e-01
 -2.9920205e-02
 -7.7807224e-01
  1.0026175e+00
 -1.4891828e+00
  1.2226421e+00
  7.3993844e-01
  1.7106643e+00
 -7.6115382e-01
  8.4674764e-01
 -2.7163455e-01
 -3.1749558e-02
  5.0384909e-01
 -1.6087323e-01
 -4.7428370e-01
 -1.5318563e-02
 -8.2413214e-01
 -4.8763104e-02
  2.5506601e-01
  3.1084093e-01
 -1.4790207e+00
  4.7899622e-02
 -1.5797874e-01
  3.6051059e-01
 -8.6752796e-01
  1.5950197e-01
 -1.6098344e-01
  4.1765636e-03
 -4.5758617e-01
 -1.5780679e+00
 -1.5077864e+00
 -2.4521875e-01
 -2.7871956e-03
 -1.7111823e-02
 -8.3355600e-01
  7.4520600e-01
  2.7279864e-04
  1.6807269e+00
  1.5170958e+00
 -1.2117357e+00
 -4.1615918e-02
  4.3504381e-01
 -4.1518345e+00
 -1.6817446e-01
 -5.3955233e-01
  5.4956150e-01
  4.3256750e-04
  8.0888718e-02
  3.9682439e-01
  2.1564694e-02
  9.6257436e-01
 -2.3127034e+00
 -1.5738162e+00
  1.0720795e-01
 -1.7163230e+00
 -6.0615826e-01
 -3.3466378e-01
 -4.4151887e-01
 -4.3343785e-01
  1.0518768e+00
  8.6650240e-01
 -5.8058995e-01
 -2.7332580e-01
  4.4312928e-02
 -2.8191501e-01
 -6.2165779e-01
 -7.4974904e-03
 -5.7221770e-01
 -5.5928922e-01
 -8.1465364e-04
 -5.7312238e-01
  2.1345042e-01
  2.2331579e-01
  9.4600506e-02
 -3.3598557e-01
  3.7662730e-01
  5.0287056e-01
  1.0404664e-01
  3.3005200e-02
  1.7928956e-02
  1.7928956e-02
  1.7928956e-02
  1.7928956e-02
  1.7928956e-02
  1.7928956e-02
  1.7928956e-02
  1.7928956e-02
  1.7928956e-02
  3.4313183e-02
  3.4313183e-02
  3.4313183e-02
  3.4313183e-02
  3.4313183e-02
  3.4313183e-02
  3.4313183e-02
  2.7671870e-02
  2.7671870e-02
  2.7671870e-02
  2.7671870e-02
  2.7671870e-02
  2.7671870e-02
  2.7671870e-02
  1.3580502e-02
  1.3580502e-02
  1.3580502e-02
  1.3580502e-02
  1.3580502e-02
  1.3580502e-02
  1.3580502e-02
  5.7021868e-03
  5.7021868e-03
  5.7021868e-03
  5.7021868e-03
  5.7021868e-03
  5.7021868e-03
  5.7021868e-03
  1.1793899e-02
  1.1793899e-02
  1.1793899e-02
  1.1793899e-02
  1.1793899e-02
  1.1793899e-02
  1.1793899e-02
