nep4 2 Cu Se 
cutoff 7 5 100 44
n_max 8 6
basis_size 12 12
l_max 4 2 0
ANN 50 0
 -3.3796889e-01
 -2.9696408e-01
 -5.1190510e-02
 -7.2296552e-02
 -1.1791419e+00
 -1.8357395e-01
  9.8546726e-01
 -4.7251123e-01
 -4.4341188e-02
  3.3441013e-01
 -7.2871870e-01
 -2.4201360e-02
 -5.9073385e-02
 -1.1045976e-02
 -1.3430621e-01
  3.3229145e-01
 -2.0950239e-02
 -1.0517575e+00
 -4.7409683e-02
 -3.2714716e-01
 -4.4207564e-01
 -3.9897230e-01
  2.1347436e-01
  2.8795752e-01
 -4.5078143e-01
 -5.1911706e-01
 -1.3481884e-01
  8.3437495e-02
 -4.3590415e-02
 -4.0971154e-01
 -8.0435365e-01
 -1.6980991e-01
 -2.0567819e-01
 -3.8308686e-01
 -1.5862699e-01
 -7.2666116e-02
  1.2715617e-01
  5.6856472e-02
 -9.9605374e-02
 -8.5171014e-02
 -1.0502426e-01
  2.5456918e-03
 -1.5113726e-01
 -3.7368894e-02
 -1.6018474e-02
 -1.8299405e-02
  1.0260751e-01
 -9.1558874e-02
 -2.1896154e-01
 -8.6809322e-02
 -5.7881020e-02
  1.8382970e-02
 -8.1726406e-03
  1.3681933e-01
  3.7049621e-02
  1.6045883e-02
  4.6878129e-02
  1.0869932e-01
  6.0350649e-02
 -2.4965011e-02
  1.5423850e-02
  2.5954317e-02
  9.9163279e-02
 -5.6790121e-02
  5.7875086e-02
  1.2930278e-01
  2.1017762e-01
  2.5636759e-01
 -9.8830059e-02
  1.0224144e-01
 -1.4530031e-02
  2.2020342e-02
  5.7524037e-02
  4.3652423e-02
  7.0433393e-02
 -3.4839347e-02
 -1.3765833e-01
 -1.3543466e-01
  1.6583849e-02
 -1.1766605e-01
 -6.1887987e-02
 -3.9911166e-02
 -9.6100522e-03
  4.5069031e-02
  1.4756124e-02
 -4.1818763e-03
  1.8389659e-01
  9.3346938e-02
  1.5059032e-01
  1.9046534e+00
  3.0390918e+00
 -1.0137817e+00
  2.4895902e+00
  1.5242943e+00
 -2.5001374e-01
 -1.4146510e+00
  2.3020576e-01
 -7.4376988e-01
 -6.1833429e-01
  2.7581069e-01
  3.0952314e-01
 -1.8495668e+00
  3.9932343e-01
  1.1615778e+00
 -5.8568150e-01
  1.6026109e-01
 -8.4031694e-02
  3.2195783e-01
  1.4187371e+00
  7.7952212e-01
 -4.2637810e-01
 -8.5911959e-01
  4.2453513e-01
  5.6005131e-02
  1.5604395e-01
 -1.5502124e-01
  4.3297297e-01
 -1.3989793e-01
 -2.8878158e-02
  1.3153754e-01
 -4.7174182e-02
  5.4351039e-02
  4.5176253e-01
  8.5787132e-02
 -2.0840570e-01
  6.8745101e-03
 -9.3875919e-03
  3.7415311e-01
  9.4118424e-02
 -6.0021472e-01
  5.8113180e-02
 -1.2884146e-01
  2.3524266e-02
  2.0072933e-01
  1.6421990e-01
 -7.1207997e-03
 -5.3113673e-02
  3.0653363e-02
 -1.0937016e-01
  1.1042923e-01
 -3.3921488e-02
  3.1621624e-02
 -7.5689033e-02
  2.8188312e-02
 -9.9973567e-02
 -2.3381338e-03
  1.9264513e-01
 -7.5710177e-02
  5.2467100e-02
 -6.2463660e-02
 -1.5627040e-02
  5.8084372e-02
  9.8316669e-03
 -4.0488336e-02
  5.5529468e-02
  8.3282158e-02
 -2.0236121e-01
  1.0722426e-01
 -1.1422592e-01
  4.3162055e-02
  4.9047947e-02
 -4.8631355e-02
  1.0309413e-01
  8.3291538e-02
 -1.0591808e-01
  9.0284422e-02
  3.3175092e-02
  3.3610776e-02
  1.4683971e-02
  7.6844379e-02
 -1.5732346e-01
  1.0077666e-02
  2.3477212e-02
  5.5192877e-02
  3.4195349e-02
 -1.0434807e-01
  2.3102103e-02
  3.3956889e-02
  1.8769695e-01
 -4.3672684e-01
  1.2902775e-01
 -4.6101134e-02
  2.2653459e-01
 -1.6713102e-01
 -1.7268400e-01
  7.1549051e-02
  2.3322059e-02
  2.7982423e-02
  4.6101123e-02
  5.3430181e-02
 -6.3895993e-02
  5.1672108e-02
 -2.6667349e-03
  2.2063827e-02
  7.0818983e-02
  3.2009784e-02
 -1.4812502e-01
 -8.9455806e-02
  2.0288707e-01
 -5.7177379e-04
 -1.8535990e-02
  2.9783808e-02
  1.3411897e-01
  4.1395608e-01
 -1.1261899e-01
 -1.8123159e-01
 -1.4900470e-01
 -4.7589839e-02
 -1.5325484e-01
  1.6430814e-02
  5.7194676e-02
 -1.9105825e-01
 -1.8123890e-01
  2.8039884e-02
 -5.3441998e-02
  4.9304388e-02
 -5.3007085e-02
 -3.5299487e-02
 -2.6750961e-01
  9.6303813e-02
  2.0276405e-02
  1.1482975e+00
 -7.1381730e-01
  1.4702262e-01
 -5.0017989e-01
 -2.1149103e-02
 -2.2027268e-01
  1.6541460e+00
  1.5239292e-01
  8.9335166e-02
 -7.3662713e-02
 -4.2950965e-02
  2.9293209e-02
  1.5296346e-01
 -2.9188845e-01
  3.6954819e-03
  1.7263714e-02
  2.0143598e-01
  4.3612365e-02
 -4.9353845e-02
 -2.0812078e-01
 -4.3017763e-01
 -7.2351143e-02
 -2.4020649e-01
 -1.6237335e-01
 -8.4647015e-02
 -3.6089048e-01
 -3.5775775e-01
 -1.3787849e+00
  2.0413335e-01
  2.8608026e-02
 -4.9146309e-02
 -1.7695180e-01
 -1.0104597e-01
  2.7447313e-02
 -1.0719693e+00
 -4.9428318e-02
 -6.6016510e-02
 -3.8743697e-02
  7.1413349e-03
 -3.4353778e-02
  1.5287916e-03
 -1.6590569e-02
  2.1462800e-02
 -8.3550319e-02
 -2.0573711e-02
  1.8923260e-02
 -6.6519678e-02
  3.4485531e-01
 -1.7713644e-01
 -1.5145275e-01
 -1.3397174e-01
  7.3910154e-02
 -2.9569995e-02
  1.5810795e-01
  1.0421096e-01
 -2.6730549e-02
  3.2901669e-01
  2.4552582e-01
  3.6813593e-01
  7.7892587e-02
  1.9894584e-01
  8.7426258e-03
 -5.3459024e-03
  2.1806436e-02
 -3.4089643e-03
 -4.4039477e-02
 -4.1913774e-02
  4.8125476e-02
 -2.1895617e-02
  1.2602888e-01
 -1.6294109e-02
  4.7837738e-02
  1.2076227e-04
 -3.1871110e-02
 -9.6507408e-03
  1.2223423e-04
  1.2666705e-01
  8.1993960e-02
  2.2776648e-01
  7.3010735e-02
 -4.7301240e-02
  2.1401346e-01
  1.0976155e-01
 -9.2183866e-02
  1.7921258e-02
  3.4628488e-02
  1.2400042e-01
  2.2538478e-02
  7.4301660e-01
 -1.2803671e-02
  2.0863814e+00
 -1.2613205e+00
  5.8821000e-02
  2.0776448e-01
  1.1762850e+00
  6.8841779e-01
  9.1303267e-02
  1.8452939e-02
  1.9353952e-02
 -2.5458746e-02
  1.3533780e-02
 -4.2268351e-01
 -1.8012679e-01
  1.5365241e-02
  1.3537852e-01
  7.7591436e-03
 -1.4297099e-01
  3.6767118e-02
 -1.5163153e-01
 -5.4277450e-02
 -5.0890528e-02
 -6.6467024e-02
 -7.2207674e-03
 -4.6457374e-01
  1.4581139e-01
 -7.5037676e-01
 -2.3455638e-02
  1.0514542e+00
 -6.4649865e-02
 -1.6997744e-01
  3.3922072e-03
  4.3726677e-01
 -1.6852930e-01
 -6.4355925e-02
  1.0168161e-01
 -8.3803415e-02
 -4.3590352e-02
 -8.9895144e-02
 -5.4830937e-03
 -1.3744280e-01
 -5.0354388e-02
 -1.5018852e-01
  2.4215358e-01
 -1.5162200e-02
 -2.9362836e-01
 -5.7225659e-02
  4.2230677e-02
  7.9516709e-02
 -1.3898587e-01
 -7.9447083e-02
 -4.0418133e-02
  9.5706545e-02
  1.4736822e-02
 -1.6835918e-01
  4.8919462e-02
  5.5466972e-02
 -1.6368636e-01
  1.9672514e-01
  3.5714079e-02
  1.3327619e-01
 -2.0861404e-01
 -2.1932647e-03
  1.5559087e-02
 -9.2653349e-02
  5.0248154e-02
  6.1588250e-02
 -4.9602695e-02
 -8.1243709e-02
 -3.6579125e-02
  1.9146904e-01
 -2.4029149e-02
  2.3154595e-01
  6.9108188e-02
  2.3582883e-01
  1.1846243e-01
 -2.5408104e-02
 -9.1266617e-02
 -6.7050666e-02
 -8.1322148e-02
  3.1253725e-02
  9.3478719e-03
 -4.9841046e-02
 -1.0527273e-01
  4.3725064e-03
  4.0835470e-02
 -7.6256357e-02
  4.5177874e-01
  6.4092332e-01
 -1.4349182e-01
  3.3357233e-01
 -2.6061451e-01
  1.8902320e-01
 -4.7910973e-02
  5.3356051e-02
 -5.2949145e-02
  4.2359778e-03
 -1.1962070e-01
 -1.2700533e-02
 -2.1578641e-01
  1.1262047e-01
  8.9234188e-02
 -5.7400823e-02
 -9.8937742e-02
 -2.0698474e-01
 -2.0342261e-02
  1.0566352e-01
  1.4937706e-01
  1.1140705e-01
  4.5185280e-01
  5.6429297e-01
  9.4399266e-02
  1.1772622e-02
  1.9881171e-01
  2.7581757e-01
 -6.3046180e-02
 -6.8926567e-01
  5.6233685e-02
 -1.5932169e-02
  5.4977227e-02
  2.7923422e-02
  2.2694396e-02
  1.2988322e-03
  2.8670919e-03
  2.6565213e-02
 -2.7944373e-02
  3.4912133e-01
  4.2034045e-02
 -1.5783237e-02
  1.2203505e-01
 -8.7686205e-01
 -1.1856536e+00
  1.2113793e+00
  9.4511032e-01
 -3.3040202e-01
  2.0769298e-01
 -1.5437261e+00
 -3.3211806e-01
 -6.3048309e-01
 -1.9945361e-01
  9.9665827e-01
  5.6772865e-02
 -1.2349646e-01
  1.7902997e+00
 -3.8100433e-02
  2.9292107e-03
  2.1320560e+00
  6.3900840e-01
 -2.7384663e-01
 -4.9074629e-01
 -5.1448983e-01
 -4.1694170e-01
  2.3051225e-01
  1.4117768e+00
  1.0162710e+00
  7.8331757e-01
 -1.5588310e-01
 -2.4683073e+00
  8.7153620e-01
  6.0399806e-01
 -6.7487001e-01
  8.0125225e-01
  2.5621989e-01
  2.5928505e-02
 -4.6659654e-01
  8.6163014e-01
  2.6046561e-02
  2.7026702e-04
  6.6181123e-02
 -1.5762071e-01
  1.5409337e-01
  8.5210711e-02
 -1.8415868e-01
 -7.8757238e-03
 -1.1142623e-02
  6.2823676e-02
  2.8900826e-01
 -4.0740335e-01
  1.3099942e-01
  2.7493787e-01
  9.1306549e-03
  7.9880953e-01
  1.8619014e-01
 -3.1676707e-01
  3.9868064e-02
 -1.7014032e-02
 -1.2561074e-02
  1.3462149e-01
  2.9500790e-02
  7.5314082e-02
  7.7438571e-02
 -1.7184075e-02
 -8.3410002e-02
 -3.7324678e-02
 -3.3528376e-02
  2.6269177e-02
 -4.0547226e-02
  3.8207971e-02
  7.9965387e-03
 -3.6267463e-02
  6.4199522e-02
 -9.0620565e-01
 -1.2324501e-03
  8.2119837e-02
  9.6350191e-03
  1.1404268e-01
 -3.6755446e-02
  3.3181235e-01
 -3.6579855e-02
  7.7179693e-02
 -2.7740961e-01
 -1.1201344e-01
  3.1249709e-02
  1.7760554e-01
 -2.0252134e-01
 -1.0537987e-01
 -4.5050375e-02
  8.9796726e-04
 -7.4459054e-02
 -1.1228976e-01
 -1.0350393e+00
  3.1821048e-01
  4.5047505e-03
 -1.6292402e-01
 -2.5895720e-02
 -7.4195825e-02
  5.5244184e-01
  6.6540688e-02
 -7.0673496e-02
  8.1553444e-02
  7.8162000e-02
 -9.2720854e-01
  3.4974720e-02
  9.5946796e-02
 -3.5048001e-02
  1.0720054e+00
  4.5702644e-02
  1.9406060e-02
  4.3792389e-02
 -2.6936682e-02
  1.9042467e-01
 -1.3183984e-02
 -5.0374951e-02
 -3.4436692e-02
  1.2167687e-02
 -1.2407551e-01
 -2.7894780e-01
  5.3443626e-02
 -2.7599283e-03
  4.6202052e-02
 -8.8227736e-03
 -7.6169118e-02
  5.1982120e-02
 -3.0704510e-01
  4.0210534e-02
  1.3940138e-01
 -6.2014356e-02
 -2.0226352e-02
 -1.0795270e-01
 -1.4037965e-02
 -1.4430113e-02
  5.6324519e-02
  6.2688321e-02
  1.8578102e-01
 -1.0774977e-02
 -2.7460569e-01
 -1.5897747e-02
 -3.1222904e-01
  4.5436424e-01
 -1.2349743e-01
 -2.0532224e-01
 -3.6044464e-02
 -2.7022350e-01
  3.3775765e-02
  3.8765464e-02
 -4.0089667e-02
 -2.9634935e-01
 -4.5887470e-02
 -1.7231677e-01
 -2.9743505e-01
  1.9784212e-02
 -1.1705331e-01
 -1.5225562e-01
 -3.8982857e-02
 -2.2732127e-01
  3.1571552e-02
 -2.7404028e-01
 -2.9588765e-01
  4.2555943e-02
 -7.2355026e-01
 -7.4816704e-02
  1.3124925e-01
  3.3676039e-02
 -6.4909101e-02
 -2.9413160e-02
 -2.2174811e-02
  5.3851318e-01
 -1.0236095e-01
  2.9143844e-02
  5.3146839e-02
  1.1066128e-01
  4.4936262e-02
  6.5465443e-02
 -9.5802076e-02
 -3.5137296e-02
  8.4194437e-02
 -6.7034498e-02
 -4.8790395e-02
 -7.4253507e-02
  2.8512212e-02
 -1.9623108e-02
  2.9833723e-02
  7.9048946e-02
  1.8621244e-02
  4.8696920e-02
  1.3231216e-02
 -4.4656385e-02
  3.6242801e-01
 -7.2497919e-02
  3.3234833e-03
  1.6868599e-02
 -8.9149196e-03
 -7.2871135e-03
 -4.9965950e-03
 -1.8473512e-01
  6.0128227e-02
  1.0964487e-01
  3.6951721e-02
  1.4545270e-02
 -1.6474430e-02
 -3.4581751e-02
  1.1923282e-01
  1.0436282e-01
 -8.9014377e-03
 -7.1069449e-02
 -6.6213004e-02
  1.5452436e-01
 -8.4842622e-02
  1.0902343e-01
  3.9861493e-02
 -5.0054163e-02
  1.8656794e-02
 -1.0043884e-02
 -5.7657417e-03
  9.4631501e-03
 -1.3031510e-01
 -2.9652139e-02
 -4.5934967e-03
 -6.3223891e-02
  1.8819816e-02
 -1.2963499e-01
  1.3528613e-02
  1.1093596e-01
  8.8153236e-02
  4.7278408e-02
  1.2048136e-01
 -9.0418868e-02
 -1.0414973e+00
 -3.5284430e-02
 -7.1217023e-02
 -2.4255948e-01
 -5.5784881e-03
 -6.7910820e-02
 -3.4289813e-01
 -2.2608189e-02
  6.1676305e-02
  3.1713884e-02
  7.5817853e-04
  1.0602633e-02
  8.4362859e-03
  7.1569234e-02
 -2.3175079e-02
 -2.6161015e-02
 -1.6577583e-02
  3.7842501e-02
  2.8381757e-02
  1.3073986e-02
  1.4709583e-01
  3.0758824e-02
 -2.5644248e-02
 -1.0014741e-01
 -1.9207214e-01
 -4.4512027e-03
 -3.8616236e-02
 -1.3274303e-01
 -7.1093641e-02
 -1.5816611e-01
 -8.6079808e-03
  1.2815806e-01
 -1.3020435e-02
  5.7715323e-02
 -3.2204118e-02
 -3.7414111e-02
 -1.8105447e-01
 -2.8452910e-03
  1.7783565e-02
 -7.0864595e-02
  4.7654903e-01
  2.6037529e-01
 -1.1570211e-01
 -5.5503193e-02
  3.7361854e-03
 -6.7202814e-02
 -1.4531613e-02
  3.5572745e-02
 -4.7888745e-02
  4.5608997e-02
 -5.4976773e-02
 -4.0849313e-02
 -6.2450016e-01
  1.4049852e-01
  7.6638035e-02
  3.9622065e-02
 -2.9007173e-03
 -3.5127189e-02
  1.6611467e-01
 -2.6182273e-01
 -2.3314747e-01
  1.6952455e-02
 -2.7547410e-02
 -1.7159048e-02
  1.4433604e-01
  7.4703977e-02
 -7.2909229e-02
 -1.6326153e-01
  7.1542487e-02
 -5.2912058e-03
  1.8919010e-02
  2.1055244e-02
  5.7702526e-02
  1.9211508e-01
  2.6215605e-02
 -9.8434770e-03
  2.0967431e-01
 -1.2198370e-01
  6.4860731e-02
 -4.0291954e-02
  2.3816675e-02
  6.3391048e-03
 -8.6234175e-02
 -7.6782550e-03
 -4.0536840e-02
  1.2074500e-01
  1.8749145e-01
  1.1280910e-02
 -6.4473152e-02
 -1.1287574e-02
  2.4785258e-02
 -1.5409382e-02
  1.4658217e-01
 -8.4864348e-02
  3.9404910e-02
 -5.4532236e-01
  5.1211333e-01
  5.0826311e-01
  1.1922723e-01
 -1.7615687e-02
  6.4383948e-01
  6.6432720e-01
 -1.9376251e-01
 -5.7681166e-02
  5.3420633e-02
  3.1111667e-01
  1.3460089e-01
  8.2022481e-02
 -8.4627673e-02
 -7.0613455e-03
 -3.4491780e-01
  1.3139009e-01
  1.7370805e-01
  2.2151148e-01
  2.2748488e-01
 -8.9579426e-02
  4.4494441e-01
  5.3909853e-02
 -5.9413955e-02
  2.0952079e-01
 -3.1315170e-02
  1.7039847e-01
  5.0452328e-01
 -1.5539215e+00
 -5.2722499e-02
  1.0409726e-01
  5.2662212e-02
 -3.2566175e-02
 -1.4115153e-02
 -9.6864551e-03
  5.5259719e-02
 -6.3308537e-02
  3.3220496e-02
  7.0175380e-02
  8.0972344e-02
 -1.0077306e-01
  1.2080132e-01
 -3.7682705e-02
 -9.5110610e-02
 -2.1148172e-01
 -4.1202348e-02
  5.0907739e-02
 -2.0162773e-01
 -4.7846474e-02
  9.1129109e-02
  2.6020110e-03
  4.2998310e-02
 -7.2841626e-03
 -1.9656569e-01
  3.7313178e-02
 -7.7383451e-02
 -2.3539630e-01
  5.6859162e-03
 -2.2832265e-02
  5.9513710e-02
 -7.7290908e-02
 -9.1677830e-03
 -1.5157390e-02
  1.1928180e-01
 -2.8175972e-02
  9.9935591e-02
  1.3883949e-02
  4.1964326e-02
 -7.0666485e-02
 -3.3316085e-01
  2.9968129e-02
  1.6803686e-02
 -6.2819630e-02
  1.9611351e-02
 -4.9412757e-01
 -1.0100530e+00
 -2.1715219e-01
 -5.2312547e-01
 -5.5878383e-01
 -7.4043143e-01
 -2.1562023e-01
  1.6450411e-01
  1.1995984e-01
  4.8371381e-01
 -9.7996253e-01
 -1.9627121e-01
  7.3083974e-02
 -1.4431895e-01
 -1.2984525e+00
 -2.7900103e-02
 -6.3017666e-01
 -9.8193139e-01
  8.6060989e-01
  8.6040631e-02
  1.0381290e+00
 -1.0456442e+00
 -6.2813908e-02
  1.0623844e+00
 -6.6993278e-01
 -1.0421131e+00
 -6.5587419e-01
  4.6856630e-01
 -1.3326858e+00
 -1.2709035e-01
  2.8045064e-01
 -8.9506900e-01
 -3.6980975e-02
 -2.8328639e-01
  4.0965831e-01
 -7.2840738e-01
 -5.3244394e-01
 -8.8214558e-03
 -7.3252834e-02
  1.5797020e-01
 -2.8411487e-01
  6.3445228e-01
 -9.4249696e-01
  1.6093424e-01
 -5.5310301e-02
  7.8091919e-02
 -6.9549397e-02
  2.1641264e-02
 -3.7285727e-02
 -1.3258822e-02
  2.3556536e-02
 -1.3546999e-02
  3.9740771e-02
  1.7754292e-01
  5.2049369e-02
 -6.3222265e-03
  2.6283000e-02
 -1.0111304e-01
  5.0142679e-02
  9.2267685e-02
 -9.9780530e-02
  1.3704571e-01
 -4.1613590e-02
  4.5684081e-02
  1.0938849e-05
 -1.9744463e-02
  2.3343115e-01
  1.1419319e-03
  2.8508216e-01
 -5.1464271e-03
 -4.1127750e-01
  7.9896767e-03
  1.0121140e-01
 -7.7362627e-02
  1.0731023e-01
 -1.9722382e-02
  2.0240257e-03
 -9.6747421e-02
 -2.9771160e-02
  2.3589411e-03
 -1.9717539e-02
  5.5450466e-02
 -7.8224011e-02
  2.5261346e-02
 -7.6828457e-02
  1.0177979e-01
  1.5424897e-01
  4.5550991e-02
  3.8249111e-01
 -1.0655283e+00
 -1.6433942e+00
 -3.7812042e-01
 -6.7374492e-01
  2.1808057e-01
 -1.9642102e+00
 -1.3483354e+00
 -8.0977583e-01
 -1.3634396e-01
 -1.2070287e+00
 -9.6284047e-02
 -1.5008131e-01
 -1.1142184e+00
 -6.0372162e-01
  2.6649064e-01
 -4.7716355e-01
  5.5599101e-02
 -3.0869770e-01
  1.7839985e-01
  1.3530777e-01
 -2.1792307e+00
  1.8461977e-01
  1.9917627e-01
 -1.2029117e+00
 -3.4361449e-01
  1.8992851e-02
 -1.0765452e-01
 -3.8952127e-02
 -2.0307124e-02
 -2.2855489e-01
  4.1802946e-02
 -1.1147527e-01
 -5.0436411e-02
 -1.5587376e-01
  4.3832045e-03
 -2.3107602e-01
  6.6627949e-02
 -8.9590847e-02
  4.1806836e-02
 -9.3722567e-02
 -2.9684815e-01
  6.9949500e-02
 -6.8898597e-03
  4.1668329e-02
 -1.0319992e-01
  3.3534255e-02
 -4.9406502e-01
 -4.5475546e-02
 -3.4603435e-01
  2.8934941e-02
  9.7464961e-01
  6.1486304e-01
 -1.1938944e-02
 -6.0040943e-02
 -5.2836049e-02
 -2.7851712e-02
 -6.4954005e-02
 -2.5710818e-01
  4.4560577e-03
  5.1090941e-02
 -1.2294193e-01
 -4.5417838e-02
 -2.6525911e-02
 -7.8391116e-03
  3.4868352e-02
  6.4776689e-02
 -1.9844396e-01
 -1.1201733e-01
 -9.9556915e-02
 -7.4977777e-03
  1.0194655e-02
 -2.2637141e-01
 -2.2051226e-02
  3.4289949e-02
  5.5703346e-02
 -3.3789400e-02
  2.7937632e-02
 -3.1843100e-02
  6.2959823e-03
 -1.4117805e-02
 -6.7292176e-02
 -9.1872454e-02
 -9.8967612e-02
 -2.6865453e-03
 -1.2036639e-01
 -4.7475219e-02
  1.1524001e-01
 -6.2930219e-02
  2.0336679e-01
  2.0216773e+00
  2.8397977e-02
 -7.2472645e-03
 -1.5334320e-01
  2.6228672e-01
  9.9901743e-02
 -5.1430926e-02
  4.0912986e-02
  2.9479228e-02
  4.9290936e-03
  9.5239226e-03
 -1.3453795e-01
  1.0634661e-02
 -4.5606725e-02
  4.9539924e-02
  1.0509470e-01
 -6.5319628e-02
  2.8824240e-02
 -4.0478840e-02
 -5.0334074e-03
  3.5641588e-02
  6.2058520e-02
  4.8965335e-02
 -3.1592675e-02
  4.2629141e-02
  2.5501130e-02
 -1.3052720e+00
  2.9845329e-02
  4.5560710e-03
 -3.8661480e-02
  1.6928782e-01
  3.8237400e-02
  2.2553948e-01
 -2.3283221e-02
 -1.3412259e-02
  7.9552397e-02
  1.0869778e-02
  6.0711272e-02
 -1.1541359e-03
  3.9208740e-02
  1.7324716e-01
 -1.0774696e-01
  5.0275426e-02
 -1.0070171e+00
  2.2586732e-01
 -8.6089295e-01
 -3.9712688e-01
  3.1077718e-02
  5.1305484e-02
 -1.5878757e+00
 -5.9366275e-02
 -8.5442328e-01
  3.8189147e-02
  2.9158247e-01
 -4.6918839e-02
 -7.4661291e-01
  1.3126644e-01
  7.1990646e-02
  3.0346528e-02
 -7.9150546e-01
  3.7707027e-02
  4.8300228e-01
  2.6834771e-01
 -2.0959336e-02
  1.1897597e-01
 -1.3615081e+00
  1.3034593e-02
  9.6213326e-02
  1.6225934e-01
  1.5884681e-01
  6.9671696e-01
  1.5963404e-03
 -2.9474998e-01
  4.1007757e-02
 -3.0073283e-02
 -1.8570943e-01
  8.7973572e-02
 -3.5208799e-02
 -2.3808366e-02
  3.0574147e-03
 -1.6125284e-01
  5.2692320e-02
 -8.3242245e-02
  2.9259492e-02
  1.9083884e-01
 -3.1675041e-02
  3.5881349e-01
 -5.0476635e-01
 -4.3165348e-02
 -5.6730653e-03
 -3.7474483e-02
  1.6165736e+00
  3.6143199e-01
 -5.0043178e-01
  2.5900304e-01
  2.3085515e-01
  3.6633667e-02
  3.9877981e-02
 -3.0527947e-02
 -5.7516890e-03
 -4.7170550e-02
  1.3276845e-01
 -3.4218796e-02
 -1.9977731e-01
 -4.8820984e-02
 -1.2247854e-01
  1.5947673e-02
  1.7123397e-02
 -3.1833999e-02
 -1.7484765e-01
 -6.4056849e-01
 -2.6990351e-01
  1.4060542e-01
 -8.5668057e-01
  2.6602641e-01
 -1.0741814e-01
  9.3586268e-03
 -1.7709780e-01
  1.4706900e-02
  2.3511963e-02
 -8.6691171e-02
  4.4385538e-02
 -6.8166927e-02
 -1.3800773e-01
  4.7878478e-02
  2.3238789e-03
  7.0626758e-02
  4.5902538e-03
 -3.9835773e-02
  1.0389090e-01
 -2.1396214e-01
 -2.4960342e-01
  7.1948040e-03
  1.7885946e-02
 -4.3172743e-02
 -7.0355892e-02
 -2.5989037e-02
 -1.9145566e-01
 -4.4938780e-02
  8.9362808e-02
 -2.2251031e-01
 -1.4232829e-02
  1.2805146e-01
 -6.2287882e-02
 -1.3629375e-01
  3.9140028e-01
  5.1717084e-02
  7.6255843e-02
 -3.6341842e-02
 -6.1328080e-03
 -3.1686923e-01
 -7.7165827e-02
 -5.9064301e-03
  1.9409761e-02
 -2.6597725e-02
  5.1036164e-02
 -6.2466774e-02
 -5.1130325e-02
 -1.0001329e-01
 -1.2517877e-01
  3.1883080e-02
  7.1286798e-02
 -8.1450425e-02
 -1.3055694e-01
  2.4669006e-02
  1.7759396e-02
 -6.5739527e-02
  8.2277998e-02
  2.9601471e-02
 -2.2112302e-01
 -9.7537197e-02
 -1.3558813e-02
  7.4574038e-02
  1.1242504e-01
  3.4857026e-01
  1.9266938e-01
 -3.1824416e-01
  1.5505040e-01
  7.3566401e-01
 -4.5034871e-04
  2.0817298e-01
  5.4594654e-01
 -1.3967294e-01
 -1.1760034e-03
 -1.5472403e-02
 -3.2874037e-02
 -8.4123604e-02
 -3.3011444e-02
  1.1310222e-03
  8.2426894e-01
 -1.1084511e+00
  4.8545897e-02
  3.8723748e-02
  3.3201047e-03
 -3.2870626e-01
 -1.7442912e-02
  6.5027975e-02
  4.3806430e-02
 -4.6777498e-02
 -1.8828736e-01
 -1.2816389e-01
  4.0806410e-01
  3.0486652e-01
  1.1065909e-01
 -8.8534459e-02
 -1.5976686e-02
 -1.9790689e-02
  1.0605746e-01
 -7.1383052e-02
  1.8859148e-01
  6.3736305e-02
  3.1193048e-03
  8.0528922e-02
 -9.6952207e-02
  1.6826749e-01
  2.1180540e-01
 -1.1359589e-01
  7.5781703e-02
  6.6985339e-02
 -2.3874409e-02
  9.7522708e-03
  2.1194897e+00
 -8.0700023e-03
 -6.3428193e-02
  4.2298395e-02
  9.8468140e-02
 -6.1538122e-03
 -9.7732246e-02
 -1.6383234e-01
  1.3839893e-02
 -1.6475305e-01
 -2.5159847e-03
  4.7196720e-02
  1.1364572e-01
 -1.6457964e-01
  1.9291967e-02
 -1.1815834e-02
 -1.3013583e-02
 -1.1305400e-01
 -4.9923614e-02
 -2.8766725e-02
  3.3851527e-02
  1.1644979e-02
  2.9473299e-02
  3.1451419e-01
  1.6006833e-01
  5.0634742e-02
 -1.3151999e-01
  7.5855844e-02
 -1.2594518e-01
  1.9455375e-01
  5.5999819e-02
  2.2817601e-02
  1.4007060e-01
 -2.0548247e-02
 -2.4558503e-02
 -1.3523959e-03
  1.2269354e-02
  2.2428390e-03
 -3.4363162e-02
  2.7772661e-02
  2.9072156e-02
  4.5688491e-02
  4.9363634e-01
  1.0057412e+00
  9.2478853e-01
 -4.3319687e-01
 -1.0994183e+00
 -1.6079533e-01
  2.6654859e+00
 -8.8023029e-02
  2.7298430e-01
  4.9918972e-02
 -1.3211013e-01
  7.6917499e-02
 -3.1224759e-02
 -5.3076348e-03
 -1.3417534e+00
 -7.8563476e-01
 -6.1103421e-01
 -8.1715532e-02
  1.0042573e-01
 -7.2193003e-01
  4.0327701e-01
 -2.7008459e-01
  1.0143656e+00
 -1.3448665e-01
 -1.6534464e-01
  3.7786183e-03
 -8.0231047e-01
 -8.7033772e-01
 -9.9888004e-02
  6.1150432e-01
  2.0525491e-02
  3.0858375e-02
  3.7130028e-02
  1.8097678e-02
 -5.1713252e-01
  1.3765377e-01
  3.5201058e-02
 -1.2535253e-01
 -2.9434055e-02
 -1.8094262e-01
  7.5175740e-02
  1.6723557e-01
  2.3953436e-02
 -5.0474815e-02
  1.1326963e-01
 -1.5946940e-02
 -4.5031000e-02
  2.0684155e-02
  5.9281088e-02
 -5.2804686e-03
  9.6534801e-01
 -7.2477773e-02
  4.5303352e-02
  5.5648219e-02
  3.0235214e-02
 -4.6871789e-02
  3.8134601e-02
 -1.1544665e-03
  3.0261386e-02
  3.7070423e-02
 -9.2973098e-02
 -4.2507276e-02
 -1.7323153e-02
 -6.5261200e-02
  4.5161046e-02
 -8.7161839e-02
 -7.4370183e-02
 -1.9767739e-01
  3.3122685e-02
 -1.8559931e-01
 -3.3489782e-01
 -1.2770839e-02
 -6.2845878e-02
 -1.1000185e-01
 -6.7292884e-02
  9.7899809e-03
  1.5007803e-01
  3.0900952e-01
 -6.4281262e-02
 -6.7412034e-02
 -5.1627368e-02
  9.7067416e-02
  4.0710986e-02
  1.6429080e-02
 -6.1059080e-02
  1.5696174e-01
  1.2571031e-01
 -1.2191210e-01
 -5.0421089e-02
  2.9657535e-02
 -3.1205329e-01
  5.5332281e-02
  6.9473691e-02
 -3.1547472e-02
  6.6646263e-02
 -2.1240575e-02
 -2.6073465e-01
 -2.0267278e-01
 -3.5866000e-02
  1.8653831e-02
  1.2400877e-01
  8.2503982e-02
  1.0930406e-01
 -1.0877638e-01
 -2.5715938e-02
 -1.4339169e-02
  5.8846284e-02
 -1.5946817e-01
  4.8686184e-02
  2.4640810e-02
 -1.1334021e-01
  2.7253124e-01
 -3.1860035e-02
  1.1880867e-01
 -7.2984181e-02
 -1.1982993e-01
  6.5515982e-03
  7.2529837e-02
 -6.0749330e-02
 -2.0247735e-03
  2.3685364e-02
  7.0558272e-02
 -9.9762436e-03
 -1.5551345e-01
  1.4649479e-01
  3.2926258e-03
  4.3141492e-02
  6.9142081e-02
  7.8418896e-02
 -1.0938338e-01
  1.5248685e-01
  2.1791868e-02
 -5.7181161e-02
 -1.4506678e-01
  4.9075171e-01
 -6.7087255e-02
 -2.2873232e-01
 -2.4574536e-01
 -1.2041860e+00
  4.9516305e-02
 -1.0413369e-01
 -1.0071869e-02
 -2.4372898e-04
  3.0765433e-02
 -2.0722169e-02
 -7.4652620e-02
 -2.3424737e-03
  8.3205968e-02
 -1.3798042e-01
 -1.2304459e-02
  5.9330883e-04
  6.9846818e-04
 -2.6340222e-02
 -3.8665134e-02
  2.0974426e-02
  9.4225943e-01
  3.3127476e-02
  1.8714561e-01
 -1.9305905e-02
  3.5316203e-02
  5.7057187e-02
  1.4084980e-01
 -5.4836001e-02
  2.8832281e-01
  7.5268280e-04
 -5.5174313e-02
  5.4488964e-02
  2.0674632e-01
  2.5506422e-02
 -5.1197223e-02
 -5.7610903e-02
  1.8715644e-02
  5.7756849e-02
 -7.1503580e-02
 -1.3052154e-01
 -1.4724688e-01
 -2.3559046e-01
 -7.6433755e-02
  5.7804203e-01
  4.6111667e-01
  1.4096719e-01
 -4.9064213e-01
  1.9957465e-01
  3.4152642e-02
 -7.4167147e-02
  3.9008754e-01
  4.6999931e-02
  2.7219206e-04
  1.6633360e-02
 -3.3108912e-02
  1.0993654e-01
 -7.4576057e-02
  4.0506225e-02
 -2.0195763e-01
  7.1417785e-01
  7.5615039e-03
 -5.3934507e-02
  2.5351033e-01
 -1.0036974e-01
 -4.6600588e-03
  2.0180936e-01
 -3.8248345e-02
  2.8115232e-03
  9.9869706e-02
  6.5327153e-02
 -7.1680203e-02
  9.0258606e-02
  3.6066780e-03
  6.1873365e-03
 -6.7834154e-02
  3.9623222e-01
  2.5486854e-01
 -8.7260470e-02
  2.1049945e-01
  4.7026715e-01
  1.1314119e-01
 -8.5589262e-03
 -2.7300369e-02
 -1.1708470e-02
  6.0669370e-02
  2.3903145e-01
  5.2877432e-01
  2.2596583e-01
  2.1386063e-01
 -1.9978203e-01
 -9.2917934e-02
 -6.7175347e-01
 -6.1677169e-02
  6.3521117e-02
  4.2194295e-01
 -1.8487277e-02
 -1.5956178e-01
  1.3219503e-02
  2.0245536e-01
  8.1192479e-02
  5.0707895e-01
  3.0831140e-01
  2.8270286e-02
 -2.8521720e-01
  4.1716713e-02
 -3.5858181e-01
  2.1824871e-01
 -5.8009658e-02
  2.6300043e-01
  1.4047466e-01
  3.9342010e-01
 -3.6425400e-01
 -2.4852622e-02
 -2.3329327e-01
  8.1411161e-02
 -5.9505481e-01
  9.0939784e-03
 -1.1687092e-01
 -6.8468243e-01
 -2.1688963e-01
  1.8047999e-01
 -2.2185796e-01
  4.2971373e-02
  9.8549083e-02
  2.7077371e-02
 -1.1351927e-01
 -3.2731391e-02
 -4.7728118e-02
  1.2010385e-01
  1.7102808e-01
  3.7682226e-01
  7.5731426e-02
  9.8271050e-02
  3.3310160e-01
 -3.2636639e-02
 -1.0621027e-01
  8.5739307e-02
  1.2799014e-01
  6.5948270e-02
 -4.8697824e-03
 -1.2497532e-01
  4.4338159e-02
  1.7968450e-01
 -2.3920832e-02
  2.2648096e-02
 -3.3388644e-02
  1.2247723e-02
  2.7339668e-03
  1.7358787e-01
  3.2623988e-01
 -1.7858854e-01
  9.1261089e-02
  1.3763566e-01
  4.3734987e-03
 -2.5503618e-01
  9.4149172e-02
 -2.5405509e-03
 -1.0069016e-01
 -4.2283017e-02
  6.0159683e-02
  6.0386498e-02
 -1.2831202e-01
  3.1565487e-02
 -1.1786513e-01
  2.2380257e-02
 -5.0085898e-02
 -7.4735679e-02
 -2.0136517e-02
  3.3250194e-02
 -3.7023409e-03
 -2.9050920e-02
  2.2842104e-02
 -1.3689817e-02
 -5.8364816e-02
 -3.9941931e-01
 -1.0896161e-01
 -1.1661688e-02
  5.0210780e-01
  3.7823441e-03
  1.4475850e+00
  3.1396780e-02
  7.2260231e-02
 -2.7895359e-02
  3.2944833e-03
 -1.4881970e-01
 -3.9134523e-01
  5.3176168e-02
  4.8771763e-01
 -4.8996940e-02
  2.4152216e-02
 -3.1885106e-02
  1.9720919e-01
  2.7792817e-01
  3.6336973e-02
  5.5930567e-01
 -2.8502711e-04
  3.2578062e-02
 -9.2116229e-02
  1.2872960e-02
 -1.7666136e+00
 -3.3222592e-01
  1.6958541e-01
 -9.3813047e-02
 -3.2215551e-01
 -1.2976589e-02
 -8.1918426e-02
 -3.7287182e-01
  7.0765965e-02
  4.8667073e-02
  1.0179907e-02
  1.0347150e-02
  1.9618209e-01
  5.3427671e-03
  1.1996412e-01
  3.3837399e-01
 -6.2711812e-03
 -2.8618889e-02
  4.2809723e-03
  8.9408107e-02
  3.9887616e-01
 -6.4175914e-04
  4.0214706e-02
  1.8051889e-03
  6.2272781e-01
 -7.1104616e-02
  1.5691449e-01
 -3.8925059e-02
 -1.6972584e-01
  3.1312839e-03
 -7.9955608e-03
 -1.2374999e-01
  8.8273391e-02
  4.2734444e-02
  9.3894340e-02
 -6.9195360e-02
 -5.7987638e-02
 -1.2264271e-01
  2.2459503e-03
  1.4766201e-01
 -2.4693027e-02
  3.9364773e-01
  2.0688289e-01
  2.8895332e-02
 -2.4363220e-01
 -9.7752875e-04
 -2.4563497e-02
  4.5517486e-02
  1.0510080e-01
 -3.6695734e-02
  9.1902949e-02
 -1.0428334e-01
 -3.5354950e-02
 -4.9333565e-02
 -1.5841451e-01
 -5.5418320e-02
 -3.1650178e-02
  5.5724356e-02
 -5.3604119e-02
 -8.5218390e-03
 -1.7551571e-02
 -2.7251977e-01
  1.1597912e-02
 -5.2264410e-01
  4.6064427e-01
  1.6587920e-02
  2.6078212e-01
 -9.0052843e-02
 -4.2242536e-01
 -9.7161072e-01
 -3.5944585e-02
 -2.3604719e-01
  1.0653150e-01
 -2.5760481e-01
  3.4787640e-02
 -2.3592743e-01
  2.9578838e-02
  2.1235065e-01
  9.8709762e-03
  2.0202309e-01
  2.9194677e-02
  2.3355098e-01
  1.7934963e+00
 -2.7271245e-02
  2.3090492e-01
 -3.4317490e-01
 -6.9647238e-02
 -1.1428266e-01
 -3.0423721e-02
  1.9539770e-01
 -7.9516047e-01
 -5.0430570e-02
  6.6342004e-02
  1.5845765e-01
  1.1377345e-01
  1.3743026e-02
 -1.0394344e-01
 -1.4159934e-01
  1.6814137e-01
 -2.5460918e-02
 -5.1024627e-02
  3.3072274e-02
 -1.7802072e-01
  6.8520233e-02
 -4.3233972e-02
 -1.2512848e-01
  1.6563405e-01
  2.9482839e-01
  2.4495277e+00
 -9.2657954e-03
  4.9955812e-01
  2.6397794e-01
 -1.4506681e+00
 -1.1203581e-01
 -7.9246394e-02
  1.4690578e-01
 -2.7340943e-01
 -2.7492058e-01
 -5.5528838e-02
 -3.6595814e-02
  2.6401317e-01
 -4.3280926e-02
  1.6772249e-01
 -8.1827335e-02
 -1.0254375e-02
  4.0994179e-01
  3.5041058e-01
 -1.7935919e-02
  2.9994534e-02
 -3.2128267e-02
 -4.6112668e-02
 -1.0678972e-01
 -5.2195024e-02
  8.9646140e-03
  7.5025456e-03
  2.1509686e-01
  2.0671195e-01
  1.9643486e-02
 -2.0541830e-01
  1.2245445e-01
  2.4154125e-02
  1.6470292e-01
  1.0474802e-01
 -2.5990093e-01
 -1.4223850e-01
  5.6496017e-02
  1.1565544e-02
  1.5385471e-01
 -1.9066155e-02
 -1.8395536e-02
 -1.4201039e-02
  6.4607054e-02
 -1.2219267e-01
  3.4054648e-02
 -1.4904521e-02
 -2.5442736e-02
 -1.3096396e-02
 -1.3294031e-02
 -8.5249450e-03
 -1.3018829e-01
 -1.1467685e-01
 -7.1825106e-03
 -1.6069756e-01
 -1.6935984e-02
  2.1237172e-02
 -1.5224263e-01
  3.0096680e-01
  9.7135559e-02
  1.2602494e-02
  1.4089474e-01
  1.0601147e+00
 -3.6121406e-02
 -4.7674000e-02
 -1.0760665e-02
 -2.8442893e-02
 -4.0858760e-02
  1.0350702e-02
 -1.9291128e-01
  5.3591870e-02
  6.5300442e-02
 -1.4109969e-01
 -6.9115441e-03
  7.6306537e-02
  7.1057498e-02
  2.1979335e-01
 -1.0212047e-01
  2.9966142e-03
 -1.5113160e-02
  3.4862384e-02
 -3.5771467e-02
 -1.3700657e-01
  4.3846861e-02
  1.2654977e-01
  1.0045025e-01
 -1.0057677e-01
  5.1835030e-02
  3.4072673e-01
  6.9817495e-01
 -8.1841350e-01
 -1.2957469e-01
  2.0887258e+00
 -5.6632109e-02
  2.2112243e-01
  1.4612269e+00
 -3.6823552e-02
  6.7533302e-01
  1.1245619e-02
  5.7497904e-02
 -6.9322973e-01
  1.0720005e-02
  1.8993018e-03
  7.6619834e-03
  4.5115296e-02
 -4.8934016e-01
 -8.3801877e-01
 -4.3126252e-02
 -5.1955026e-01
  1.4766005e-01
  1.6427153e+00
  3.5832752e-02
 -6.7604715e-01
  4.5520209e-02
  6.7344948e-04
  4.2401806e-02
 -8.8409990e-02
 -1.1093219e-01
  4.4711247e-02
 -2.3363600e-02
 -1.6443121e-01
 -1.5006010e-01
  1.7155090e-01
  8.4815770e-02
 -2.0059201e-01
 -8.5633233e-02
  8.4705971e-02
 -1.5780036e-01
  2.5252739e-02
  1.0017029e-01
  1.0628133e-01
 -1.2749850e+00
 -1.0852334e+00
 -8.0323845e-02
 -2.6385561e-03
  2.5082722e-01
 -1.1600013e+00
  7.1585476e-02
  5.1096771e-02
 -4.2541109e-02
 -1.0042494e-01
 -3.5650980e-02
 -3.0623174e-01
  1.1669123e-01
  3.2248402e-03
 -4.5402370e-02
  6.9105908e-02
  2.0225070e-01
 -7.9664085e-03
  1.4889844e-01
  6.9404408e-02
  2.0193171e-02
 -1.9486696e-03
 -1.8787742e-01
  1.5326197e-01
  2.8208616e-01
  1.0181157e-01
  1.1967164e-01
 -9.1628842e-03
  8.7752901e-03
 -1.4215766e-01
  9.9831268e-02
 -6.0069006e-02
 -1.0902344e-01
 -3.8394772e-02
  2.6493251e-02
  1.6023992e-01
  1.4880281e-02
 -6.3426740e-02
  1.3959666e-02
  3.3921629e-02
  9.8487511e-02
 -1.2989834e-01
  1.8902913e-02
 -7.1873710e-02
  6.3667861e-03
 -6.0980096e-02
 -1.1545553e-02
  1.1642717e-01
  2.2813482e-03
  1.3323678e+00
 -1.9845200e-01
  8.5993998e-02
 -8.0271251e-02
  5.3380080e-02
  6.8015635e-02
 -3.7473418e-02
  4.7033921e-02
 -1.4475474e-02
  9.7631969e-02
 -3.9240685e-03
  1.1748070e-01
 -2.2232440e-01
  1.0551347e-01
  3.2461840e-03
 -4.3625915e-03
 -1.0255538e-02
 -1.8364256e-02
 -7.3988074e-01
 -1.8039301e-02
 -1.0182870e-01
  8.1574261e-02
 -1.5491003e-01
  1.4049935e-02
  5.0641052e-02
  4.0819786e-02
 -3.5303392e-02
 -4.4703759e-02
  1.4489537e-02
 -3.4206249e-02
 -3.4355108e-02
  2.4383996e-02
 -3.1246237e-02
  4.5433979e-02
 -1.4060946e-01
 -7.2915576e-02
 -1.3671216e-01
  1.3264762e-02
 -5.8653213e-02
  4.6027746e-02
 -6.0718980e-02
  4.4546127e-02
  1.1673474e-01
 -2.2936177e-02
  9.5445506e-02
 -6.4552605e-02
  5.4266639e-02
 -1.7738606e-01
 -4.7736261e-02
  1.5130749e-01
 -7.3520005e-01
  3.9620366e-02
 -1.7016711e-02
 -5.6804568e-02
  6.0246687e-02
  4.6458759e-04
  7.7213035e-03
  3.3477642e-02
 -2.6732972e-02
 -1.7932225e-02
  5.7958374e-03
  3.9921957e-04
 -1.0566185e-01
  6.2189139e-02
 -6.5482110e-02
 -1.1189094e-01
  3.1094828e-01
  1.4471480e-01
 -2.2726536e-02
 -7.6481283e-02
  2.3241868e-02
  5.4528665e-02
  2.3702239e-01
 -1.5009671e-01
 -2.8723463e-02
  7.0624016e-02
 -1.1662144e-01
 -6.5031253e-02
  5.3505030e-02
 -5.8494821e-02
 -1.1043654e-01
 -2.8864281e-02
  4.3532129e-02
  1.1244180e-01
  1.1155803e-01
 -2.6887625e-02
 -1.5948862e-01
 -9.7515576e-02
  8.8623124e-01
 -2.2040997e-01
 -9.7502485e-02
  5.2307469e-01
 -3.4679882e-02
  9.2876881e-02
  2.8999718e-02
  1.1290902e-02
 -8.0427669e-02
  1.8178571e-02
  2.8731901e-02
  2.0236234e-01
 -4.7859903e-03
  5.5580135e-03
  9.2634700e-02
  1.2544475e-01
 -1.2153566e-02
 -5.3239867e-02
  2.8799539e-03
  1.1186528e-01
  3.8926356e-02
 -1.5903344e-02
 -7.1293041e-02
  1.7763439e-01
  1.6361205e-01
  8.3367771e-04
  2.1876343e-01
  3.0589964e-02
  3.3595398e-02
  2.6750701e-02
 -1.3307590e-02
  8.3014794e-02
 -9.8261990e-02
 -5.0810885e-02
 -6.9583699e-02
 -2.9015549e-02
  3.6306344e-02
 -5.0305998e-01
 -4.7954386e-01
 -4.4973027e-02
 -5.2859467e-02
  2.3066373e-01
 -4.0079799e-01
 -7.8812712e-01
  2.7046870e-02
 -3.9237875e-01
 -1.4361712e-01
  6.0145545e-01
  4.4196926e-02
 -6.8385743e-02
  9.0454894e-01
 -8.5956372e-02
  1.3691498e-01
  1.4469573e-01
  1.8487618e+00
 -1.3716659e-04
  4.3458760e-01
 -9.7537392e-01
  2.4041143e-01
  1.7058560e-01
 -1.0512559e+00
 -3.1969804e-02
  6.1234760e-01
  1.1339676e+00
  7.6249307e-01
  2.5236937e-01
  6.2668067e-01
  3.4115690e-01
  1.9303214e-02
  1.0070787e-01
  9.2541671e-01
 -1.2376258e-01
  9.4496065e-01
  2.1860488e-01
  7.3960066e-02
 -3.0260682e-02
  6.6967517e-02
  4.0389355e-02
  3.2243076e-01
 -7.1917601e-02
  1.1657194e-01
  5.8476102e-02
 -5.2978963e-01
 -4.8687494e-01
  5.5249316e-01
  2.5561318e-01
  4.7173339e-01
  2.2570485e-01
  1.3116918e+00
 -1.3352519e+00
 -2.7684385e-01
 -4.6446990e-02
  1.2982637e-05
  1.3704912e-01
 -3.3871076e-01
 -6.8980031e-02
  1.8840210e-01
  5.5893879e-02
 -4.2208321e-02
 -1.4517985e-01
  7.0916899e-02
  2.1385153e-01
  3.9637348e-01
  7.9702459e-02
  2.1677977e-01
 -6.5330796e-02
 -1.7986247e-01
 -2.1503048e-01
 -6.1946797e-01
  7.2306544e-02
 -1.4249553e-01
 -9.5070340e-02
 -1.7551424e-01
 -2.2684552e-01
 -2.2940715e-03
  1.5079568e-04
  9.9732600e-02
 -4.1630574e-02
  1.6211776e-01
 -6.6453308e-02
 -9.8885715e-02
  1.2892376e-01
 -2.7060883e-02
 -1.2305907e-01
  1.2636394e-03
 -2.3244265e-02
 -5.0667394e-02
  3.1251997e-02
  2.4221805e-03
  1.3164093e-01
 -2.5588145e-02
 -1.0146402e-01
 -7.1943611e-02
  1.2061314e-01
 -1.0471784e-01
  5.3228941e-02
 -7.3539279e-02
 -9.0682343e-02
 -4.3644708e-02
  1.7754757e-01
 -4.8847135e-02
 -5.7351530e-02
 -6.1081424e-02
  1.0300864e-02
  1.2833761e-02
  7.2165683e-02
  3.1623617e-02
  7.3750146e-02
 -3.4265363e-01
  7.2516147e-03
  1.7319271e-01
  3.3425253e-03
 -1.2185628e-02
 -3.2359224e-02
  2.7128398e-02
  9.7601719e-02
  7.5977720e-02
 -4.5359228e-02
 -2.3317756e-02
 -8.3993711e-03
  1.4542237e-01
 -1.9870229e-02
 -2.5464054e-02
  6.6365488e-02
 -5.2195065e-02
 -2.4209898e-02
 -1.9195911e-02
  2.9041469e-02
  2.1229391e-01
  8.0180876e-02
  1.9758163e-02
 -2.7377322e-02
 -3.0645460e-03
 -4.6995439e-02
  2.7318794e-01
  5.0312709e-02
  1.2245018e+00
 -9.8726653e-02
  7.6447785e-02
  3.8722504e-02
  5.1126200e-01
  7.1265675e-02
  2.0090003e-01
  9.6575871e-02
  5.9639402e-02
  3.7233483e-02
 -1.3772979e-01
  1.5470279e+00
 -1.9750160e-03
 -3.4060363e-02
 -5.0879616e-02
  1.0176648e+00
  1.3247709e-01
 -1.6841862e-02
  1.5117793e-01
 -4.1942745e-02
 -1.2122376e-01
 -3.4112547e-02
 -1.3301875e-01
  2.0216193e-02
  1.7698955e-02
 -4.2490009e-02
 -2.4412557e-02
 -1.4231242e-03
  1.2491314e-01
  4.9046348e-03
  3.0516151e-02
  8.8532515e-02
 -4.0037215e-02
 -9.5514785e-03
 -2.5656112e-02
 -2.3898024e-02
  2.3988981e-02
 -7.8650123e-01
 -6.6058226e-02
  1.3187618e+00
 -1.2403693e-02
  9.5428817e-02
 -2.6232233e+00
 -6.0841727e-01
  5.2250904e-01
 -9.3043163e-02
  1.6517062e+00
  8.6692190e-01
 -1.1687491e+00
  8.3595753e-01
 -7.3641174e-02
 -4.2366344e-02
 -2.2872860e-02
 -1.9246137e-02
  1.0155094e+00
 -6.4967804e-02
 -1.9870213e+00
 -1.7794633e-02
 -1.1880307e+00
 -2.2130477e+00
  1.7095770e-01
 -9.9169344e-01
  2.3234923e-01
 -8.2752272e-02
  9.2660016e-01
 -5.1188940e-01
 -2.2836649e+00
  3.2159275e-01
  1.2411070e-02
 -1.1029495e-01
  6.0645901e-02
  2.0264900e-01
 -1.4788617e+00
 -1.5674537e-01
  5.6273490e-02
 -2.6546612e-01
  1.7495693e+00
 -6.5877043e-02
 -4.2824957e-01
 -1.7728515e+00
 -1.5355527e-02
  1.2183159e-01
  3.0224696e-02
 -1.2005988e+00
  4.6030104e-02
  4.8541885e-02
  5.5402911e-01
 -7.8104120e-01
 -1.5651055e-02
 -9.3891191e-01
  8.3529251e-03
 -1.3804582e-01
 -1.7329900e-01
  2.2657762e-01
 -1.2538821e-01
  1.1453859e-01
  3.4859377e-01
  3.2978174e-01
  9.0648584e-02
 -3.2944831e-01
 -1.4357434e-01
 -4.0031034e-02
 -1.4957117e-01
 -6.1193008e-02
  7.8871310e-01
  5.0801422e-02
 -5.1275975e-01
  2.8018648e-02
 -2.4330331e-01
 -1.1141318e-01
 -5.8378659e-02
 -8.0193132e-01
 -1.4331822e-01
 -1.5261979e-02
  2.5972450e-01
 -1.1076124e+00
 -1.5588239e-01
  1.4342761e-01
 -4.3647710e-02
 -4.9271721e-01
  1.7251919e-01
  8.0571812e-01
  9.9282998e-01
 -1.0430504e+00
  1.0458437e-01
  3.0096394e-01
  1.0051262e+00
 -7.5990339e-03
  1.7869274e-01
 -2.9230201e-01
 -2.1928674e-01
 -2.0925790e-02
 -8.7915033e-02
  8.1470793e-01
 -6.2635016e-01
  3.0209929e-02
  4.6942574e-01
  3.9649782e-01
  7.4191815e-01
  8.4241956e-02
 -1.0616007e-01
 -2.0642936e-02
  5.6020308e-02
  1.4504912e-01
 -1.8329488e-02
  4.8759654e-02
  5.1517468e-02
  1.3980061e-01
 -1.6438489e-01
 -8.6412944e-02
 -1.4555708e-02
  2.2706549e-01
 -1.2898198e-01
 -1.1607956e-01
 -7.9779066e-02
 -1.2302723e-01
  5.8762932e-01
  4.9274620e-02
  1.2252272e-01
  6.6138529e-03
 -9.7849630e-02
  1.4172457e-01
  5.1248604e-03
 -1.2450796e-01
 -2.3145065e-01
  5.9781007e-02
 -4.4883773e-01
  6.9491804e-02
  1.7099947e-02
  2.8741155e-02
  1.0626739e-01
 -3.9011482e-02
 -3.6085643e-02
 -1.1633950e-01
 -1.6090386e-03
  3.0510847e-02
 -4.5422979e-02
 -4.8971638e-02
 -1.4893620e-01
  2.8656902e-02
 -2.1709608e-02
 -2.6565865e-01
  1.2007186e-02
 -1.4773570e-01
 -9.4830342e-02
  3.2461058e-02
 -2.5421274e-01
  1.3894697e-02
 -5.6314450e-03
  1.5423150e-02
 -7.8277789e-02
 -4.7712199e-02
  1.6704802e-01
  1.4904882e-01
 -8.3836034e-02
 -1.6822077e-02
 -5.5572274e-03
 -5.1385336e-02
 -1.0708092e-01
  3.9112698e-02
  1.3588014e-01
  7.7859156e-02
 -1.3246781e-01
 -3.9484307e-02
  8.6226128e-04
  6.6992812e-02
 -4.8939865e-02
  6.8836268e-03
  5.3069018e-02
 -1.6394239e-02
 -1.3979103e-01
  8.8227205e-02
  8.4146939e-02
  6.9151022e-02
 -2.7137423e-02
  4.4379897e-02
 -4.2842831e-03
  5.6001198e-02
 -5.8397271e-02
  2.6718104e-02
  6.2581263e-02
 -1.7887796e-01
  1.2308754e-01
  2.0988359e-01
  2.4746825e-01
  2.7733417e-02
  4.0721498e-02
 -2.3616837e-02
 -1.3551705e+00
 -5.2590871e-01
  2.0664043e+00
  2.8040600e-01
 -1.1570167e-01
  7.1483868e-01
  4.0126409e-02
  3.2564962e-01
  8.1131011e-02
 -4.6641938e-03
 -5.4450268e-03
 -2.7194677e-02
 -3.8693167e-02
  2.5066569e-01
  2.8798932e-02
  5.3516265e-02
 -9.2799738e-02
  3.6013544e-02
  3.8218733e-02
 -6.2770344e-02
 -1.0663530e-02
  3.6520801e-02
 -1.7594598e-02
  2.2403616e-03
  3.6084806e-03
  1.6396424e-01
 -2.9673982e-02
  5.7471734e-01
  1.6049733e-02
  4.9152039e-04
  1.2705754e-01
  3.9851617e-02
 -4.5413069e-02
 -8.4040798e-03
  1.4611883e-02
 -3.9503369e-02
  9.4264589e-02
  1.1592800e-01
 -2.4277538e-02
 -8.4614441e-02
 -1.5131565e-02
 -3.6360372e-02
  9.7260639e-02
 -3.2399803e-01
  1.7442767e-02
  4.0053096e-02
 -2.3318754e-01
 -1.2196519e-02
  1.0867424e+00
  1.1142422e-02
 -2.0221089e-01
  8.0632411e-02
  3.6704734e-02
 -9.5172569e-02
  1.5713632e-01
 -2.9196236e-02
 -3.1319208e-02
  1.3402002e-02
  1.1205430e-01
  5.1846519e-02
  4.1011047e-02
  4.5738112e-02
 -2.1649677e-01
 -2.8003704e-02
 -2.6907789e-02
  4.9390242e-02
 -1.8819461e-02
 -1.0769817e-01
 -1.9277997e-02
 -2.8392535e-01
  3.1282693e-02
 -1.0270664e-01
 -5.8188528e-02
  4.9426574e-02
 -1.5282204e-02
  3.6229745e-02
  3.5509574e-01
 -1.4508642e-02
  1.3206014e-01
 -5.9743103e-02
 -1.0143683e-01
  2.6823199e-01
  2.0647639e-02
 -2.1388587e-02
 -7.4983820e-02
  1.0249805e-01
 -1.8484890e-01
 -3.6128467e-01
 -1.9500065e-01
  2.7946582e-01
  9.4407493e-01
  1.6845658e-02
  3.7165564e-02
  1.3079818e-02
 -2.3905356e-01
 -1.4545025e-01
  4.6556696e-02
  3.9977559e-01
 -1.5587938e-01
  2.9753460e-02
  1.7517382e-01
  3.0367794e-02
 -6.5526910e-02
 -1.3904113e-02
 -1.5443123e-02
 -2.0138448e-02
 -2.3560937e-02
  7.8312851e-02
 -2.6587022e-02
 -2.1859704e-01
 -1.5442163e-01
 -4.5395324e-01
 -7.4594873e-03
  3.0028818e-02
 -5.0184457e-03
  3.7946737e-01
  2.1959738e-01
  5.0203186e-02
  6.2241752e-02
  1.7368181e-02
  2.1366630e-01
  5.5573918e-02
  3.7667486e-03
  4.2017624e-02
 -4.1441981e-02
  9.8070197e-02
 -1.2476112e-01
  6.0809866e-02
  1.2610368e-02
 -7.1171284e-02
 -9.7062908e-02
 -7.8750439e-02
  4.0702546e-01
 -4.3330519e-03
 -2.9142015e-02
  4.3999165e-02
 -1.3156164e-01
  1.4170715e-01
  2.8461462e-01
 -3.8069610e-02
  5.4534145e-02
 -3.2497433e-01
 -1.1430131e-02
  1.9526798e-02
  3.2723606e-01
  2.6558680e-02
 -4.4942595e-02
  3.6581662e-02
  2.7791750e-02
 -5.5608270e-04
 -1.2714746e-02
 -5.1537357e-02
  4.7660381e-02
 -3.2449085e-02
 -6.6025972e-02
  5.3057853e-02
 -4.5513727e-02
  2.0377753e-02
  4.5594294e-02
  2.0660318e-02
  4.1672658e-02
  4.0918827e-02
 -1.6099326e-03
  7.5881436e-02
 -3.4189302e-02
 -6.3352369e-02
  4.2612791e-02
 -2.6297633e-02
  8.4469892e-02
  1.9970100e-01
 -1.6224677e-02
 -3.6457840e-02
 -3.2318313e-02
  1.6349119e-01
  1.4637217e-02
 -5.3618476e-03
  1.5683514e-03
  1.0127774e-02
 -1.1022941e+00
  3.4622420e-02
  1.8505420e-01
  3.2384891e-02
 -3.8504195e-03
  5.4190075e-04
  1.3700077e-02
 -3.8811184e-02
  9.1063425e-02
  1.6069602e-02
 -2.0319130e-03
  1.6140100e-02
  4.0634062e-02
  2.5487313e-01
 -5.3529292e-02
  9.2140231e-03
 -2.1893100e-01
 -3.2817774e-02
  3.3990771e-02
 -1.1724838e-02
  4.0925059e-02
 -1.8885092e-01
 -7.5282119e-02
  6.2845856e-02
  1.2707077e-01
 -4.9717985e-02
 -1.4066521e-02
  2.7866545e-01
  7.6804385e-02
  1.1915810e-02
 -7.5204521e-03
 -8.1261203e-02
 -5.2099973e-02
  1.3789056e-01
 -8.9629143e-02
  2.9704343e-03
  9.6921563e-02
  1.3375372e-02
  1.7230380e-01
 -9.2398778e-02
  9.5878756e-03
 -2.8068241e-02
  2.0259126e-01
 -2.2842484e-02
  1.3459192e-01
 -1.1049054e-01
 -7.8569874e-02
  1.1152364e-01
 -5.7189699e-02
  5.9195895e-02
  1.8348910e-01
 -1.0758687e-02
 -5.8684394e-02
 -2.1227558e-01
 -5.1658753e-02
 -2.7035056e-02
 -7.2535992e-02
 -1.9989196e-02
  1.3131100e-01
 -6.4255120e-03
  1.5600026e-03
  5.4213874e-02
 -7.0393890e-02
  1.2565651e-02
 -2.9251955e-02
  8.2304459e-03
  6.2163919e-05
 -3.4876633e-03
 -1.5323360e-02
  7.7621578e-03
 -6.9489837e-02
  2.7535944e-03
 -2.9362777e-01
  6.3228898e-02
  8.7685555e-02
 -5.3712618e-02
 -1.0856899e-01
  1.7156687e-02
  6.9051348e-02
  1.6788702e-01
  5.9148110e-03
  6.9549851e-02
  8.2732134e-02
 -9.9989787e-02
 -7.7206105e-02
  1.5200907e-01
 -7.3871422e-01
  1.5981885e-02
  5.0425488e-01
 -8.6642660e-02
 -2.4526982e-02
  1.1113524e-01
 -4.4104699e-03
 -3.4386702e-02
 -1.1705128e-02
  8.6996324e-02
 -1.2534034e-02
  7.1704134e-02
  4.4192433e-02
  1.4110388e-01
  5.4500666e-02
  1.9002351e-01
  6.4509466e-02
 -1.2524661e-01
 -1.5976425e-02
  2.0664385e-02
 -1.5870631e-01
 -1.5792523e-02
 -4.5446154e-02
 -2.8336855e-02
  5.7958525e-02
  5.6517739e-02
  5.1286978e-01
  1.5047781e-01
  2.5308332e-01
  3.8961969e-02
 -2.5213507e-01
  3.9367095e-02
  5.6761958e-02
 -2.2282535e-03
 -2.5873405e-01
  1.0619690e-03
  6.3196927e-02
  1.0710996e-01
  1.0559549e-02
  8.3445497e-02
  8.4411256e-02
 -4.8829455e-02
  9.0554434e-01
  4.6842499e-04
  3.9822433e-02
 -1.7483580e-01
 -3.3196741e-01
  5.1477337e-01
  7.0243396e-02
  5.9681594e-01
  5.6283632e-03
 -2.3904173e-02
 -1.9448207e-01
 -3.7398118e-01
 -4.8187685e-01
  1.5219189e-01
 -2.3042800e-01
  3.1459726e-02
  1.8487886e-02
  9.4269328e-03
  6.5601200e-02
  3.3178794e-01
  2.6703617e-02
 -2.4747783e-01
  9.6249692e-02
 -8.3184093e-02
 -1.3702117e-01
 -1.1052923e-01
  2.3118652e-02
  6.8246700e-02
 -1.0956246e-01
 -1.0598443e-02
 -3.4372594e-02
 -7.4641868e-02
  1.4375177e-01
  1.5411469e-03
 -3.8936235e-02
 -1.1926375e-01
  6.8791114e-02
  1.6169216e-02
 -3.3234602e-03
 -4.0016156e-02
  1.5215033e-02
  1.2364781e-02
 -2.5975890e-02
 -3.0024523e-02
  1.0468253e-01
  9.1706505e-03
  1.4678364e-01
 -5.8976542e-02
  2.7553594e-01
 -5.8083147e-02
 -4.1255273e-02
  1.0130987e-02
 -4.2413585e-02
  7.1975015e-02
 -1.4375247e-02
  1.7072961e-02
 -4.6221387e-01
 -5.0753161e-02
 -2.6076736e-02
  2.7314357e-02
  1.6258645e-01
 -4.0767197e-02
  9.2513293e-02
  8.6528592e-02
  1.4470741e-02
  6.3378595e-02
  1.4674686e-01
  8.9031577e-02
 -3.6156215e-02
  7.5183421e-02
  3.6821596e-03
  2.2965728e-01
  6.5725930e-02
 -2.6062408e-01
 -1.5308682e-02
 -1.0474681e-02
  3.9979652e-02
  7.8744434e-02
  3.5725445e-03
 -8.6270213e-02
 -2.9017888e-02
 -7.0511386e-02
 -2.2173665e+00
 -5.8395945e-02
  1.0699759e-01
  6.2688172e-02
  9.5254749e-02
  2.3522802e-01
 -6.6345292e-01
  7.6470897e-02
  3.4622326e-02
 -7.6457180e-02
 -2.2959709e-02
  6.9267359e-03
 -4.0826362e-02
 -8.4655188e-02
 -2.9903471e-02
 -3.7029322e-02
  2.4476875e-02
  2.3422409e-02
  4.1524515e-02
  1.7774406e-01
  3.7613250e-03
 -1.9243814e-01
  4.2639423e-02
 -8.9292109e-02
  1.2114862e-01
  1.1216380e-02
 -4.0054504e-02
 -1.0796522e-02
  1.3139670e-01
  1.7640480e-01
  1.5541626e-02
  3.0273333e-01
 -2.5676608e-01
 -4.3894995e-02
  4.1289844e-02
 -1.7139840e-01
  1.2669466e-01
 -1.3711033e-02
 -6.9681412e-01
 -2.8673336e-01
  3.1175312e-02
  1.4974847e-03
 -7.9634182e-02
 -3.1874429e-02
 -2.0093670e-01
 -5.0093532e-02
 -4.9457375e-02
  7.0370227e-02
 -1.6769908e-02
 -5.3382534e-01
  5.0412065e-01
 -1.8010603e-02
 -8.3812132e-02
 -7.6182681e-01
  1.9234601e-02
  1.7675050e-01
 -2.2766942e-02
 -1.5636316e-02
 -2.7574134e-01
 -9.7852513e-02
 -3.1054197e-02
  2.0869775e-03
  5.3999525e-01
 -6.7252010e-02
  1.4447670e-01
 -6.4033723e-01
 -8.1938960e-02
  1.0516701e-01
  2.8459771e-02
  3.0996686e-01
 -1.5035537e-01
  7.1289083e-03
 -3.1631008e-01
  5.8723107e-02
  1.7442076e-01
 -3.8168022e-01
 -1.3965789e-02
 -1.0477150e-01
 -1.9216953e-01
  9.0045221e-03
 -2.1943034e-01
 -1.7946932e-01
 -4.9375740e-01
  9.6147526e-03
  1.5860373e-01
  5.5214167e-02
 -6.0740435e-01
  9.4551876e-02
  3.2098484e-01
 -2.3401305e-02
  2.1480130e-01
 -4.0805262e-02
 -6.1173923e-02
 -1.9899327e-02
  8.5307322e-02
  1.4647400e+00
  1.5329954e-01
 -1.2530051e-01
  6.1127532e-01
 -3.4994724e-01
 -2.9450926e-01
 -3.0867511e-03
 -4.6651926e-02
 -1.6027758e-02
 -1.7716439e-01
 -3.0813925e-02
  2.7372527e-01
  5.3792618e-02
  4.4684250e-02
  6.6795446e-02
 -8.1906520e-02
 -9.8771177e-02
 -1.5577320e-02
  6.9166236e-02
  1.3951504e-01
 -1.1994899e-01
  2.8342495e-02
  7.4403142e-03
  2.3001686e-03
  1.6491788e-02
 -6.8668388e-03
  1.3520113e-01
 -1.8662952e-02
  4.4125699e-02
  5.1601116e-02
 -4.6363287e-02
  1.1912307e-01
  6.4124845e-02
 -2.7728125e-02
  7.3583364e-01
  2.4947578e-01
 -5.7801813e-02
 -5.4428149e-02
  1.4825696e-01
  1.4198065e-01
  8.6530857e-02
  7.5508412e-03
  1.2209991e-01
 -7.2830811e-02
 -7.7469662e-02
 -8.6039931e-02
  7.9021621e-01
  8.7665744e-02
  9.9428394e-04
 -7.6198122e-03
  9.2798151e-02
 -7.1108192e-02
  1.2218576e-01
 -4.7415704e-02
 -4.0795650e-02
 -1.0488927e-01
  4.7649607e-02
 -1.2989303e-01
  9.3118204e-03
  1.4077316e-01
  1.5028628e-02
 -2.0745641e-01
  2.6446640e-01
  2.1174276e-01
 -1.5374534e-03
  4.7027484e-02
  1.0350853e-01
  7.7232018e-02
 -4.1086547e-02
 -1.2299418e-01
  4.5483589e-02
  3.1356536e-02
 -1.7782162e-01
  8.2264975e-02
 -3.1486664e-02
 -8.6173020e-02
  2.0340304e-01
 -6.1438870e-02
  1.2859322e-01
 -5.2423449e-05
 -6.4089641e-02
  5.9686291e-01
 -7.2709426e-02
 -1.8837391e-01
  8.5899830e-03
  6.6594355e-02
  3.7552539e-01
 -7.9639494e-01
 -2.3762290e-01
  6.8363023e-01
 -3.7520087e-01
 -1.4911623e-01
  7.9572625e-02
 -4.1070080e-01
  4.2549497e-01
 -1.0725737e-01
 -8.9792080e-02
 -6.0633957e-01
  5.9484690e-01
  1.4124362e-01
  3.6799765e-01
  1.5974492e-01
 -7.1304148e-01
 -2.3572707e-01
 -5.4896295e-01
 -3.7238464e-02
  2.4900778e-01
  1.2259844e-02
 -8.1032449e-01
  5.2924198e-01
 -1.1841564e-02
 -2.8497067e-01
  3.3550787e-01
  1.4639877e-02
 -9.9149235e-02
  2.1688999e-03
  5.7741034e-01
 -3.3396113e-01
 -1.1602689e-01
  1.2737069e-02
  3.8818860e-01
 -1.1944150e+00
 -2.1250807e-01
  1.7750615e-01
 -6.7000911e-02
 -5.8185879e-02
  3.7856072e-01
 -2.9007185e-01
 -3.2674063e-02
  1.0874039e-01
  1.0668634e-01
 -9.4300485e-01
  2.6195443e-01
  3.7900925e-01
  2.5332066e-01
 -5.3361660e-01
  9.3127951e-02
  1.9017808e-01
  4.7898209e-01
 -1.3192400e+00
 -2.1972680e-02
 -5.4831314e-01
  1.0947157e+00
 -2.2706138e-01
  3.6627331e-01
 -2.5441614e-01
 -3.8689241e-02
 -1.6910862e-02
 -2.1029386e-01
  9.3550347e-02
  7.8322428e-01
 -6.4196493e-03
 -2.2747457e-01
  5.6516403e-01
 -1.8354964e-02
 -9.2586011e-02
  1.0996872e+00
 -4.4432518e-01
 -1.9336374e-01
 -2.0232391e+00
 -1.0137822e-01
 -8.7343417e-03
 -3.8431901e-02
  1.1276885e+00
 -8.1070864e-01
 -5.5082428e-01
 -3.1551123e-01
  2.4989280e-01
 -2.0746793e-01
 -1.4126968e-01
  4.0427443e-02
 -1.4636543e-01
  5.5722240e-02
 -2.8577292e-02
  1.4811841e-01
  5.9830181e-02
  3.7144697e-01
  2.5090754e-01
 -1.2325462e-02
 -6.0188639e-01
 -1.0622570e-02
 -8.1627950e-02
 -3.5731532e-02
 -1.3148406e-02
  5.9276741e-02
 -9.4319433e-02
  7.1944559e-01
  1.5643188e-01
 -1.9901782e-01
  1.0156877e-01
  1.0518755e-01
 -7.0533067e-02
 -1.1716104e-01
  2.1351829e-01
 -2.3664887e-01
 -4.1301012e-02
 -1.5386097e-01
  7.2933668e-03
  1.8311267e-01
 -8.9468457e-02
 -6.7102216e-02
  1.4375333e-02
  5.2916087e-02
 -8.1512764e-02
  1.5591889e-02
 -8.9893110e-02
  9.1756657e-02
  4.2544056e-02
  5.5564694e-02
 -3.7434965e-02
 -1.2449173e-02
  4.7018006e-02
  1.8873692e-01
 -2.4020603e-02
  4.8538499e-02
 -9.2262551e-03
 -3.3341035e-02
 -7.5448468e-02
 -8.5304961e-02
 -5.1135831e-02
 -4.9056244e-01
 -1.1564675e-02
 -2.4587268e-01
  3.4607276e-01
 -2.2078764e-02
 -3.0137491e-01
  6.0618430e-02
 -8.4164158e-02
  7.1303204e-02
 -2.5131941e-01
  2.1783951e-01
  3.4046121e-02
  5.1465603e-03
 -6.1442167e-02
 -2.6318245e-05
 -5.9365537e-02
  1.6772369e-02
  5.1914918e-01
  1.3558879e-01
 -8.8358694e-01
  7.6322921e-02
  3.8791269e-02
 -4.2902259e-03
 -1.7113045e-02
 -3.9808609e-02
 -5.5357758e-02
 -6.5311864e-03
  1.6661556e-03
 -9.4216783e-03
 -7.7197962e-02
 -2.1270532e-02
 -1.5708736e-01
 -2.9525287e-02
 -2.8564995e-03
  3.5187811e-02
 -1.4851679e-01
  4.0873043e-02
 -2.8355367e-02
  1.9999273e-02
  1.2818982e-01
  3.0949723e-02
 -1.3374940e-01
  1.7661592e-01
 -1.2600018e-02
 -8.3087087e-02
  3.8494471e-02
 -1.4685798e-01
  7.1499991e-01
 -1.1506501e+00
 -1.5546994e-01
 -1.1767284e+00
  1.1856286e-01
  6.8390287e-02
  1.8132181e-04
 -5.4772128e-03
  9.8620957e-01
 -1.7952740e-01
  2.6682500e-02
  1.7158762e-02
 -3.9904296e-02
 -4.6585076e-02
 -5.6729928e-02
 -4.5203488e-02
  3.7690723e-01
  3.0601239e-01
 -9.1034304e-03
 -4.6973765e-02
  5.9831678e-04
  3.8426623e-01
  2.3081371e-01
 -4.8024956e-02
  4.1177645e-03
  4.1171471e-03
 -1.2518216e-02
  1.1390135e-02
  1.6517989e-01
 -4.6868274e-01
  2.5923191e-02
 -1.3666731e-01
  9.3210422e-02
  5.6706943e-02
  5.3714454e-02
  7.2996952e-02
 -1.1163162e-01
  2.8127009e-02
  1.8051870e-01
 -6.7279148e-01
 -3.9620720e-02
  1.3007896e-01
  5.7638038e-02
 -5.8875091e-02
  9.9353358e-02
 -1.0777808e-01
 -1.0750607e-01
  4.0727876e-02
 -6.1874405e-02
  1.4865711e-02
 -4.9708158e-02
  1.5030505e-01
 -9.4224647e-02
 -3.9369449e-02
  6.8913937e-02
 -5.5860197e-03
  5.6494396e-02
 -1.5551169e-01
 -9.9234052e-02
  4.9106523e-02
  6.4224694e-03
 -3.3425462e-02
  2.0298511e-02
  1.9616615e-03
  2.5730023e-02
 -3.6118273e-04
  2.4016388e-01
  4.5363821e-02
  1.8443491e-02
  6.6757619e-02
 -6.5447694e-01
  2.1975865e-03
 -8.2948525e-03
 -3.3995426e-01
  9.2339730e-03
 -1.3686374e-02
  5.5229172e-02
 -5.5543773e-02
 -1.1099163e-02
 -2.5271919e-02
 -1.4017782e+00
  3.2368567e-02
 -2.7295802e-02
  2.0771931e-01
 -2.6882058e-03
 -2.0696284e-02
  6.7320442e-01
 -9.1739511e-03
  3.8888052e-02
 -3.8496891e-01
  4.8767500e-02
 -6.4140797e-02
  2.7992036e-03
  1.1562909e-01
 -6.3543841e-03
 -5.7968311e-02
 -1.2655999e-01
 -2.4352146e-02
 -7.4129179e-02
 -5.9658801e-04
  7.6682493e-02
  4.4987462e-02
  2.3527712e-02
 -1.4865671e-01
 -7.0746718e-03
 -9.0974569e-02
  1.5074011e-02
  6.4320564e-03
  4.8973251e-02
  3.6017716e-01
  2.5241655e-01
 -1.1585839e-04
 -8.7193087e-02
  9.0321470e-03
  2.2251809e-01
  3.4222621e-03
  6.9952883e-02
  1.4920186e-01
 -3.0131791e-02
 -1.1367562e-01
 -1.5645199e-02
  2.5490949e-02
  3.0590435e-02
 -1.6439375e-02
 -1.7562020e-01
 -4.0344156e-02
  6.6111177e-02
  6.7510633e-03
  2.9666485e-02
  6.5211761e-03
  1.9169232e-01
  1.1524156e-01
 -2.2690250e-01
 -6.6825747e-02
  1.7504076e-02
 -6.8777449e-02
  6.7644410e-02
  2.3036946e-01
 -1.3671942e-01
  1.6214792e-01
  1.0660707e-01
  1.0138232e-02
  5.9708469e-02
 -1.4938521e-01
 -1.4415093e-02
 -3.9004702e-02
  1.3560539e-01
  6.1658584e-02
 -1.4777267e-02
 -4.2774655e-02
  1.9300867e-02
 -3.7858408e-02
 -2.0335024e-02
  9.2085965e-02
 -1.1035837e-02
 -1.2773046e-01
 -6.2877677e-02
  7.3810920e-02
 -1.7668912e-02
 -3.3774629e-02
  3.2868225e-02
  2.5295891e-02
  5.7519287e-02
  4.7620252e-01
 -5.3897826e-03
  6.4544357e-02
 -1.3225308e-01
 -1.8394366e-02
  2.2982992e-01
 -5.6246031e-02
 -1.0315388e-01
  9.1410019e-02
 -2.7329147e-02
  2.6042419e-02
 -1.6399367e-01
  6.3979737e-02
  6.5635964e-03
 -1.5823412e-01
  2.4866203e-03
 -1.5290178e-01
  6.4972118e-02
 -9.2983223e-02
  1.3147262e+00
 -1.9089264e-01
 -1.1858149e-02
  1.8380390e-02
 -8.3415151e-02
  4.9330808e-02
 -2.7538350e-02
  9.6533019e-03
 -9.1330484e-02
  2.1418190e-01
 -2.3185743e-02
 -2.1301220e-01
 -2.1542188e-02
  4.3730445e-02
  4.0543657e-02
 -7.7365197e-02
 -5.9042536e-02
 -3.6314569e-02
  1.4947420e-01
  4.9237862e-02
 -1.6407153e-02
  1.0739577e-01
 -1.1032717e-01
 -4.7728252e-02
  6.9889568e-02
 -1.3861914e-01
 -3.7029676e-02
 -2.1692406e-02
  4.1408218e-03
  1.6944768e-02
 -2.0957473e-01
 -3.0532125e-02
 -6.9282487e-02
 -4.9614853e-01
 -1.0210843e-01
  1.2264436e-01
 -7.4360436e-03
  8.8424878e-03
 -4.1505169e-02
  1.7025711e-01
  2.3272144e-02
 -9.7134836e-02
 -7.2104476e-02
 -7.9315528e-03
  1.3820523e-01
 -2.9630744e-01
  1.5987223e-02
 -2.1847492e-01
 -1.9047674e-02
  7.3471796e-03
  2.3621589e-02
 -3.1248671e-01
  2.7326975e-02
  1.7402035e-01
 -6.8700008e-02
 -2.1026604e-01
 -1.9444237e-02
 -2.4347911e-02
  1.9310404e-01
  3.6848858e-03
 -7.5044617e-02
 -1.5985765e-01
  4.0543772e-02
 -5.4065771e-03
  3.2313734e-02
 -3.5261448e-02
  1.2877184e-02
  1.4354639e-01
  5.5895038e-02
 -4.9146146e-02
 -1.5599307e-01
  6.7040868e-02
 -1.1213403e-01
 -7.4581958e-02
 -1.2616268e-02
 -8.9499794e-02
 -6.7051783e-02
 -1.3679376e-01
  1.0980199e-01
  1.3106668e-01
  4.8045823e-01
  4.9531877e-01
 -1.9464767e-01
  3.9112237e-01
  5.1703818e-02
 -7.4900992e-02
 -4.0853360e-01
  6.3339256e-02
  3.4180012e-01
 -5.8204178e-02
  1.6752292e-01
 -1.2914522e-01
  4.1040951e-01
 -4.1316032e-02
  2.1580976e-02
  2.0602687e-01
  8.9643896e-01
 -2.3157606e-01
 -4.2830966e-02
  2.7788442e-01
 -2.5220907e-01
 -2.4054581e-01
 -1.3583307e-01
  5.9957623e-01
 -3.4083304e-01
  4.9695235e-01
 -4.7206622e-02
 -6.8395592e-02
 -1.9168582e-02
  1.0701876e-01
  1.4245378e-02
 -3.0730482e-02
  9.0024537e-01
  4.1604854e-02
 -1.7908269e-01
  1.2974566e-01
  2.2990489e-03
 -7.3045775e-02
  9.2323780e-02
  9.5201991e-02
 -5.6082871e-02
  1.6773926e-01
 -1.2197337e-01
  2.2495084e-01
  1.7517678e-01
 -1.5906924e-01
  9.6184748e-01
  1.9927301e-02
 -3.5267044e-02
 -2.4869217e-01
 -8.5139953e-02
  7.4013211e-02
 -9.9455211e-03
 -1.5672440e-02
  1.5076184e-01
 -1.7969742e-02
  3.9749667e-03
 -1.5272480e-02
  2.1591179e-01
  4.4073537e-04
  3.3920929e-02
  6.1690146e-03
  3.8386781e-02
 -2.5699377e-02
 -3.0721314e-02
  8.7136112e-02
  8.9699879e-02
 -2.0983747e-01
  1.1710915e-01
  1.4032306e-01
 -1.2233167e-01
  6.9861021e-04
  1.0625949e-02
 -3.4730081e-03
 -1.5082310e-01
  3.0533450e-02
  6.1297052e-02
 -4.1914724e-02
  2.1882247e-02
 -3.5524525e-02
  2.7928704e-02
 -5.9578113e-02
 -4.0673083e-03
  3.4070313e-02
 -6.8195350e-02
  5.7786846e-01
  3.1725776e-01
  2.5658797e-02
 -3.5657433e-01
  1.0482845e-01
  2.0852235e-01
 -6.8019196e-02
  2.4538675e-01
  1.0840183e-01
  1.1725237e-01
 -9.0568423e-02
  4.2666891e-03
 -8.4505327e-02
 -2.7129412e-01
  2.0647999e-02
 -2.1022795e-01
 -2.7908868e-01
  3.5191871e-02
  5.8103897e-02
 -8.9514710e-02
  1.4492087e-01
  1.1186861e-02
  7.8517748e-03
  6.0006487e-01
 -6.7557260e-02
 -9.5365673e-02
 -4.7967684e-02
 -8.6466469e-02
 -6.1408099e-02
 -1.4580686e-01
  7.8095841e-01
 -9.1363624e-02
 -3.9096847e-02
 -2.8370809e-02
 -2.8095371e-01
 -3.0909219e-01
 -1.2538734e-01
  3.2635730e-02
 -1.5358813e-01
  9.4780691e-02
 -8.8093821e-03
  1.6915245e-01
  4.4141710e-02
  6.5187417e-02
  1.5166308e-01
  7.6200791e-02
 -1.5248847e-01
 -9.4591081e-02
  1.6517650e-02
  2.7596034e-02
  1.5154707e-01
 -2.2555975e-02
  3.1474578e-01
 -4.1424591e-02
 -1.2317155e-02
 -7.6617539e-02
  2.6622567e-02
 -4.8404476e-01
  1.7113835e-01
 -3.5336260e-03
  1.5090995e-01
  8.1260905e-02
  7.7214129e-02
  4.4174865e-02
 -6.1881527e-02
  2.1853277e-01
 -1.1481946e-01
 -7.7713653e-02
  2.9959217e-02
 -1.9354746e-01
 -2.3908161e-02
 -2.5585722e-02
 -7.4222222e-02
  8.4635783e-03
  2.8647406e-02
  7.8163810e-02
 -5.6047179e-04
 -1.5891600e-01
  1.0342448e-02
 -6.3441880e-02
  6.2259209e-01
  1.8348094e-02
 -7.8716069e-02
  2.0976068e-02
 -1.1389477e-01
  7.5293807e-03
  5.1730543e-01
 -1.1192613e-01
  7.0453830e-02
 -1.2462749e-01
 -3.0312654e-01
 -3.6351528e-02
 -9.8677471e-02
  1.8294128e-02
  5.9471682e-02
  6.5415733e-02
  2.7361464e-02
 -4.8741080e-02
 -1.4961556e-01
  8.2537651e-02
  2.6574347e-02
 -6.8866657e-03
  1.2260043e-02
 -1.3548967e-01
 -7.2426051e-02
 -6.7633905e-02
  6.0100835e-03
  2.2874597e-02
  8.3425567e-02
 -1.5838976e-01
 -9.1624953e-02
 -1.7221412e-01
 -4.6820566e-02
 -6.5158531e-02
  1.9035671e-02
  3.1489968e-01
  3.6782458e-02
  3.5633147e-02
  1.8368505e-02
 -1.6233040e-02
  4.6203423e-02
  5.0091218e-02
  2.5128013e-01
  3.4704983e-02
  1.6600646e-01
  1.8980582e-01
 -4.6686269e-02
  1.3556080e-03
 -6.1629444e-02
  8.1570081e-02
 -2.7015395e-02
 -1.1736913e-01
 -1.8614544e-02
 -3.2548968e-02
 -2.1219690e-01
  9.2732114e-01
  1.3763817e-02
  1.9683507e-01
 -3.2726911e-01
  9.2512168e-02
 -2.2528116e-01
  7.6526411e-02
 -1.8715465e-03
 -6.4433835e-02
 -6.5035839e-03
  6.1141108e-03
  1.5393393e-01
  1.9591775e-02
  5.4444447e-02
 -7.6956429e-02
 -2.7411394e-03
 -1.4854313e-01
 -8.3050311e-02
  4.0759847e-02
 -3.9202601e-02
  1.5838088e-03
  1.1678477e-01
  6.6423686e-03
  1.2792820e-01
 -4.3261554e-02
 -1.8604010e-01
 -2.6228625e-01
  2.2620791e-01
 -1.4982674e-02
  9.1679906e-03
  2.9297814e-02
 -2.5296882e-01
  9.3203820e-02
  2.1480143e-01
  9.3395524e-02
 -4.2777553e-02
  1.8476528e-01
 -7.8606904e-02
 -8.7922119e-02
  1.4788996e-01
  6.0501553e-02
 -3.4639946e-01
 -4.3510444e-02
  2.7060276e-02
 -7.2426282e-02
 -3.9036116e-01
  7.8039162e-02
 -1.6258273e-01
 -5.4003082e-02
  2.6975101e-02
  5.9090924e-02
  1.1872428e-02
  1.0080095e-02
 -5.3587267e-03
  1.1330550e-01
  6.7716151e-02
 -1.3666463e-01
  1.1853915e-01
  1.9830940e-02
 -7.2144024e-02
 -1.9498570e-01
  7.2969519e-02
 -2.5138453e-01
  2.0973980e-01
 -5.3706262e-02
 -2.1340717e-03
 -9.5589861e-02
 -4.8802577e-02
 -7.7215917e-02
 -2.0925647e-01
 -2.7163491e-02
 -1.4323656e-01
 -1.8749446e-02
  5.9176490e-02
  5.7163838e-02
 -8.4529482e-03
  2.4629436e-02
  9.7211255e-03
  6.5494277e-02
 -6.3164625e-03
  6.4778924e-02
  2.5415324e-02
 -2.5294679e-01
  2.3061857e-02
  5.9666354e-02
  1.2702980e-02
  6.9213140e-01
 -7.0202327e-03
 -1.0029429e+00
 -6.6953915e-01
  1.4727619e+00
  1.8871513e-01
  1.3459212e-01
 -1.5298656e-01
 -2.1909660e-01
 -4.7478807e-01
 -2.4725939e-01
  6.7188144e-02
  7.2938423e-03
 -3.7031606e-02
 -6.3095905e-02
 -9.3290724e-02
 -4.6030742e-01
 -1.6506050e-02
  5.2387744e-01
  2.0043727e-02
  6.9165833e-02
 -8.6072989e-02
  1.2828062e-01
 -1.5622360e-01
 -1.2776612e-01
 -1.8257345e-01
  1.2081323e-02
  4.6344106e-03
 -2.2919771e-01
 -1.5634846e-02
 -2.1084491e-02
  6.9993831e-02
 -1.4484586e-01
 -1.6698332e-01
 -9.5091209e-02
 -3.5555083e-01
 -4.3904763e-03
 -3.3371154e-02
  6.1887246e-02
  7.4787751e-02
  6.7140698e-02
 -1.2018941e-01
  4.2281553e-02
 -1.9684787e-01
 -1.1589717e+00
 -3.1492904e-01
 -6.5088026e-02
 -2.8006506e-01
 -1.7274207e-01
  3.5343626e-01
  1.8267734e-01
  1.2788019e+00
  4.2565465e-01
 -1.5638262e-01
  1.2194526e-01
  5.2899677e-01
  6.1123133e-01
  1.3016929e-01
 -3.9014155e-03
 -2.1054149e-02
  1.5925074e-01
  2.9893033e-02
 -3.8239104e-01
 -7.0668131e-01
  1.4245859e-01
  4.5037153e-03
 -3.9679116e-01
  2.3827833e-01
  2.7592473e-02
  1.0933738e-02
  4.1971362e-01
 -2.8489333e-01
  7.5108230e-02
 -4.2196906e-01
  7.9672165e-02
 -1.5731874e-01
 -2.3282069e-01
 -1.1167955e-01
  1.0765482e-01
  2.0499881e-01
 -4.4073235e-02
  4.5905031e-02
 -6.0483743e-02
 -5.5922717e-02
 -7.0228763e-02
 -1.9591397e-02
 -2.3068149e-02
  2.9059883e-02
 -1.0280846e-02
 -2.2620291e-02
  8.7820822e-01
 -1.0406888e-01
  9.1969095e-02
 -5.6458659e-02
  1.3861416e-02
  4.7709372e-02
  4.2981453e-02
  4.9017273e-02
 -4.5678090e-02
 -9.0127990e-02
 -1.1160951e-01
  9.8367212e-03
  1.6161974e-01
 -2.2517478e-01
  1.6054536e-01
 -4.4872865e-02
 -2.7370796e-01
  1.1216691e-02
 -1.7018281e-02
 -3.6634587e-02
  5.0172091e-02
  1.3129912e-01
  2.1318352e-02
 -5.5849556e-02
  1.0213710e-01
  4.2172885e-01
 -9.4699403e-03
 -1.4113219e-02
  1.5711827e-02
 -9.5436499e-02
 -2.6245034e-01
  9.6427962e-02
  3.1959303e-03
  1.2261857e-02
  4.3067951e-02
  7.5277410e-02
 -2.7491894e-02
 -6.6471271e-02
 -3.4933053e-02
 -6.7400277e-02
 -2.7437858e-02
 -1.9932689e-02
 -1.5334496e-01
 -4.2031416e-01
 -1.2955076e-01
 -8.9903496e-02
  3.2659283e-01
 -9.9680886e-02
  5.4604607e-03
 -1.0345355e-01
 -3.9200045e-02
 -4.9623344e-02
  1.0374238e-01
  2.3541658e-01
  4.1017395e-01
  3.2408889e-03
  5.6494862e-02
 -2.7413920e-02
 -8.5677847e-02
  6.1271418e-02
 -7.0648432e-02
 -5.1746503e-03
 -7.1597815e-02
  1.1972497e-01
  1.3651012e-02
 -1.7319122e-02
  5.2995540e-02
 -1.2514360e-01
  1.9932485e+00
  1.1193661e-01
 -7.5331524e-02
 -8.0108933e-02
  8.1979476e-02
 -3.9462477e-02
 -1.3549761e-01
 -4.4870281e-01
  5.1745665e-03
  3.5175990e-02
 -1.6039400e-01
  1.7645854e-01
  2.2871761e-01
 -9.6505928e-01
  1.8506370e-02
 -1.7672601e-01
 -1.0345110e-01
  1.3152845e-01
 -2.2717716e-02
  2.2952248e-01
  2.0102018e-02
  1.7001198e-01
  1.8407740e-01
  2.2658254e-01
  1.9110735e-01
  3.8250286e-02
  9.1905706e-02
  6.9504037e-02
  2.5396412e-02
  1.2837727e-01
  4.3607680e-03
  1.3734168e-02
 -6.6070788e-02
 -6.1498649e-02
  7.5260261e-03
 -3.1528454e-02
 -2.4342267e-03
  3.5979167e-02
 -5.0840400e-02
  5.6238711e-02
  4.1669317e-02
 -1.0284840e-01
  1.7102761e-03
  2.0654134e-01
 -2.6917866e-01
 -2.1703623e-01
 -7.7461459e-02
  1.3054997e-02
 -2.3659660e-01
  1.6712146e-03
 -8.3484814e-02
  4.3721917e-01
 -1.3575549e-01
 -5.9448510e-02
  6.6897767e-03
 -8.0753431e-02
  1.3486230e-01
  1.7263459e-01
 -1.5441805e-01
 -5.4846391e-02
  5.0513133e-02
  3.1328235e-02
 -1.0508984e-01
 -6.4064242e-02
  1.0620077e+00
  3.6828291e-02
  1.3518094e-01
  4.7128707e-02
 -1.9177094e-01
 -1.4748111e-01
  4.7619656e-02
  2.3831321e-01
  6.6182576e-04
 -1.4632440e-01
 -1.5326191e-01
 -5.1584333e-02
 -5.5489596e-02
  1.7242657e-01
 -6.6490173e-02
 -7.5308926e-02
 -2.3404996e-01
 -1.1196458e-01
 -2.4015203e-02
 -3.5219409e-02
  8.3426256e-03
 -1.7760292e-02
  4.2149652e-02
  3.3097997e-02
  8.0966977e-03
  1.4352500e-03
 -2.3444705e-01
  1.1001333e-01
  6.1792366e-02
  3.7304789e-02
 -6.1807148e-03
 -2.8434221e-02
  9.2974402e-02
 -3.4365043e-02
 -1.8093704e-01
  6.7392513e-02
  7.1513280e-02
  4.5206770e-03
 -3.2136217e-03
 -1.3231291e-02
  6.6412769e-02
 -8.3909445e-02
  5.4455078e-01
 -9.7350076e-02
  4.2755939e-02
  3.5820618e-01
  4.0196630e-01
 -2.6538000e-01
  5.2978523e-02
 -2.7629578e-01
  4.6438929e-01
  6.3494557e-01
 -1.3853097e-01
  2.5668526e-02
 -5.9268519e-02
  6.1744783e-02
  4.3133453e-02
 -5.6329644e-01
  4.4443723e-02
 -5.4945122e-02
 -7.2052807e-02
 -4.5624107e-01
  5.9399110e-01
 -3.0282862e-02
 -8.6468838e-02
 -3.3094175e-02
  1.4078802e-01
 -2.4516072e-02
  3.0098271e-02
  5.0296471e-02
  1.3275966e-01
 -9.4278313e-02
 -5.0324515e-02
  1.2795839e-01
  1.7157342e-01
  2.9696070e-02
 -5.1711537e-02
 -1.8807867e-01
 -5.8004186e-02
  9.9925436e-02
 -3.9490052e-02
  1.7563790e-02
 -5.5330664e-02
  4.3053214e-02
 -9.0243779e-02
 -1.7915130e-01
  1.5560143e-01
  2.9334504e-02
 -1.4526290e-01
 -2.5453063e-02
 -6.0253662e-01
 -3.0467104e-02
  1.0302277e-02
 -7.0151776e-01
  4.8916593e-01
  4.2987695e-01
 -2.9413275e-02
 -4.2083699e-01
 -5.1357210e-01
 -6.4498663e-02
 -7.2197586e-01
 -7.9283610e-02
 -3.5083935e-02
  6.5860935e-02
  2.2308548e-01
  1.0611924e-02
  1.1423013e-01
  7.8430258e-02
  5.0483388e-01
 -1.3591870e-02
  1.0457648e-01
  2.6637608e-02
 -1.3964507e-01
 -6.3349530e-02
 -5.8293052e-02
 -3.8137208e-03
  2.4579126e-02
  9.6185608e-03
  1.9187725e-01
  2.1267749e-02
 -3.8555676e-01
 -2.8292160e-02
  1.6693383e-01
  8.5814655e-02
 -9.1450430e-02
 -3.7457582e-02
 -1.0298084e-01
 -2.6060415e-02
 -2.7921584e-02
  1.1865604e+00
 -4.4559976e-01
 -3.3786285e-01
  1.0670609e+00
  9.7086348e-02
  3.2734588e-01
 -4.4142586e-01
  1.5315789e-01
  3.0638725e-01
 -1.3102258e+00
  1.1813860e-02
  5.4903656e-01
 -1.0916454e+00
  7.0550907e-01
 -6.8509221e-01
 -6.4988893e-01
  4.4047195e-01
  5.1579522e-03
 -9.1272928e-02
 -6.7410249e-01
  1.7949853e-02
  3.1585822e-01
 -3.4324500e-01
 -8.9279616e-01
 -2.0456372e-01
  1.6887569e-01
 -2.7551612e-01
 -4.4065669e-01
 -1.0075872e+00
  2.8508255e-01
 -1.5716888e-01
 -2.3461318e-01
 -6.4250030e-02
 -3.1750825e-01
 -6.7216299e-02
  4.1013217e-01
  3.2514146e-01
  2.4269682e-01
  3.2499336e-02
  2.8748579e-02
 -6.2940195e-02
 -1.8479913e-01
  1.1416754e-02
 -1.8963453e-01
  1.4466740e-01
 -2.9585902e-02
 -3.1168051e-02
 -1.8016198e-01
 -4.6643808e-02
 -1.8401211e-02
  4.3485654e-03
 -4.6778871e-03
 -2.6091848e-02
 -1.8406071e-01
  2.7233559e-01
 -4.8483960e-02
  3.0440694e-02
  3.1969110e-03
  1.6564377e-02
 -8.7664449e-01
 -3.0163085e-01
 -4.4034336e-02
 -1.0705598e-01
 -4.9967193e-03
  7.6396488e-02
  7.5299054e-02
  1.8565997e-02
  2.5869268e-01
  6.4840000e-03
 -6.1684556e-02
 -1.1443954e-01
 -7.5559363e-02
  4.9164407e-02
  3.8084850e-02
 -9.2400417e-02
 -5.0902769e-02
  6.6145658e-02
 -2.2100128e-02
 -2.3631759e-02
  7.2449587e-02
  4.1316569e-02
 -3.4588602e-01
  1.0060067e-01
  1.6445813e-01
  5.8062165e-03
 -5.7032611e-03
 -6.8980619e-02
 -7.7109240e-02
 -4.9500611e-02
  2.7517684e-02
  1.5591617e-02
  3.7634757e-01
  1.2496071e-01
  2.1314156e-01
  5.8351278e-01
 -2.9119324e-02
 -1.0784943e-01
 -1.0465296e-02
 -5.9206299e-02
 -9.3829349e-02
 -1.0591319e-02
  6.9568763e-03
 -1.2397233e-01
 -3.5995092e-02
  1.3169013e-01
 -9.4008083e-03
 -1.1323807e-01
 -1.1443723e-01
  6.3821644e-02
  3.2429673e-02
 -1.7692486e-02
 -1.3901082e-01
 -6.4498842e-01
  9.5456228e-02
 -1.7309712e-01
 -2.1714143e-02
 -2.2875035e-02
  3.2915868e-02
 -1.6792778e-02
 -3.2261603e-02
  2.5856398e-02
 -3.8655043e-02
  7.2427072e-02
  4.8047401e-02
  2.1614900e-02
  5.0760232e-02
 -2.7520958e-02
  3.2094140e-02
  1.3556984e-01
  9.3352459e-02
 -3.7908554e-03
 -7.2908625e-03
 -1.2426610e+00
  1.2141697e+00
 -2.8933877e-01
 -7.9736388e-01
 -1.2896403e+00
  5.7334799e-01
  8.7867105e-01
 -1.5925030e-01
 -3.5737956e-01
 -6.3859743e-01
  2.1111198e-01
  2.0951511e-02
 -6.6776586e-01
 -2.6476443e-01
 -1.3996594e-01
  2.1889307e+00
 -4.1701529e-02
  7.0793831e-01
 -4.7797311e-02
  6.1426771e-01
  2.9476278e-02
 -6.5165555e-01
  7.0278251e-01
  5.7711188e-02
  5.1862025e-01
  1.8502448e-01
 -7.5832319e-01
  6.9072378e-01
 -6.3173413e-02
  4.0550408e-01
 -1.2682281e-01
  1.4280468e-01
 -9.8449610e-02
 -4.1934389e-01
  1.3950837e-01
  3.4216809e-01
  7.1330808e-02
  2.4826158e-02
 -1.0732131e-01
  4.0926479e-02
 -1.9259179e-02
 -5.8879778e-02
  1.1860240e-01
  3.0327635e-03
 -8.7367916e-01
  3.0514095e-02
  2.3218206e-01
 -2.4644916e-01
 -6.0089368e-01
  3.4728199e-02
 -3.6947031e-02
  1.2243408e+00
  6.3180313e-03
 -2.0877414e+00
 -2.8089467e-01
  5.1404256e-01
 -8.3938979e-02
  1.8452952e-02
 -6.9567049e-01
  2.8793159e-01
 -2.1777692e-01
  7.9270817e-02
 -3.9453509e-01
 -2.4053644e-01
 -7.3988795e-01
  3.9445359e-02
 -3.4376907e-01
 -1.1548275e+00
  9.6984178e-02
  1.5776530e-01
 -1.9942298e+00
  4.8942316e-01
  1.0598421e+00
  1.9997875e-01
 -5.6282014e-01
  4.9203756e-01
  1.9645147e-01
  3.4730303e-01
 -9.9540465e-02
  8.3181560e-02
  1.9754934e-01
 -5.3119719e-02
 -1.3030121e-01
 -1.2714475e-01
 -4.5545969e-02
  1.5089887e-01
 -5.5502681e-03
 -4.6924702e-03
  4.8845720e-02
 -7.9259999e-02
  6.0196046e-02
  3.4016380e-01
  3.1133126e-02
 -1.7541245e-02
 -4.8395198e-02
  2.6390081e-02
  3.3630159e-02
  1.2127768e-01
  4.4199251e-02
 -6.9747254e-02
  5.4281399e-02
  2.3741601e-02
 -5.6174323e-02
 -7.6699760e-03
 -1.4805576e-02
 -3.5195123e-02
  4.4466306e-02
  2.3663266e-02
  2.2535989e-02
  2.1688154e-02
  7.3496863e-02
  1.9861969e-01
 -1.2976499e-01
  1.5250507e-02
  2.9057255e-03
 -1.1493049e-01
  6.4380252e-01
  5.3619504e-02
 -2.9445010e-01
 -3.5049561e-02
 -1.0924690e-01
  4.7754734e-03
 -2.6066342e-01
  4.9659830e-02
 -1.1238398e-01
 -1.3527146e-01
 -8.5034728e-02
  3.3305541e-02
  5.9081633e-02
 -1.1485317e-01
  3.5268050e-03
  2.1203358e-02
  2.4129318e-02
 -2.0022783e-02
  4.2210981e-02
 -1.4623833e-01
 -2.1118462e-02
  1.2149949e-02
  3.9650142e-02
 -2.3648059e-02
  2.4151111e-02
  2.4726407e-01
 -4.7776248e-02
 -3.7476953e-02
  6.8450391e-02
 -8.3889298e-02
  1.8727550e-02
  5.0487533e-02
 -5.7442963e-02
  4.1662965e-02
  7.8132246e-03
  1.1794833e-02
  6.8800904e-02
 -4.1533750e-02
 -1.0403794e-01
  3.7765667e-02
  4.5445554e-02
  2.5769320e-01
  1.2627705e-02
  5.3318318e-02
  2.7132431e-02
  5.6328624e-02
  6.1354145e-02
 -1.1840092e-01
 -1.9693607e-02
 -1.4502400e-01
  1.8952215e-02
  3.3986008e-01
 -1.5800673e-01
 -1.7845224e-01
  1.3915935e-01
  3.6325011e-01
 -4.4008784e-02
  7.1069218e-02
 -1.4531541e-01
 -5.3204700e-02
 -7.0055388e-02
 -1.9808376e-01
 -1.3683441e-01
  3.5180366e-03
  1.0369056e-01
  1.0811709e-01
  3.6435199e-01
  9.5306776e-02
 -9.7982913e-02
 -1.5524682e-01
 -1.7445567e-01
 -1.4482624e-02
  1.1397775e-02
 -3.6115646e-02
  8.9087583e-02
 -2.2870144e-03
  4.5845941e-02
 -8.1348620e-02
 -1.7687401e-02
 -3.6228254e-02
 -1.2411688e-02
  1.1338934e-01
 -4.2492771e-03
  3.9003871e-02
 -1.4028776e-02
 -4.9559426e-02
 -2.3789123e-01
  1.9536355e-01
  3.4251064e-03
  5.2479066e-02
 -3.8995620e-02
  6.9968328e-02
 -8.0367988e-03
 -1.3822024e-01
  3.0047853e-02
 -1.0516816e-01
  5.7377677e-02
  8.0593809e-02
  1.3546346e-01
  7.6737240e-02
  1.8546481e-02
  9.4923161e-02
  2.8477557e-02
  7.4047009e-03
 -3.4426609e-01
  7.8935087e-02
  4.7661933e-01
 -1.0627208e+00
 -1.6846591e+00
 -5.9870070e-01
  1.8582761e+00
  4.8433223e-01
 -2.5070411e-01
 -1.6519372e+00
 -1.4122757e+00
 -7.3991638e-01
 -3.1587952e-01
  1.5200280e+00
  4.5839570e-02
  5.5694669e-02
 -2.2703628e-01
 -1.3434865e+00
 -7.2863966e-01
  5.4908667e-02
  2.0631084e+00
 -1.0664576e+00
  8.1176186e-01
 -8.4680891e-01
 -5.8554024e-01
 -3.7912020e-01
  8.8333175e-02
  2.7545592e-01
  7.7242218e-02
 -1.2829817e-02
 -1.3264611e-01
  1.7135508e-01
 -2.9622754e-01
 -3.9163467e-01
  4.1310132e-01
 -3.4778419e-01
 -1.8793639e-02
  2.3438582e-02
 -1.4620574e-01
  3.0072538e-02
 -8.4541500e-02
  1.8228628e-01
 -1.1403430e-01
  2.1227258e-01
  1.8605376e-02
  3.8864344e-02
 -6.1599225e-02
 -7.9049625e-02
  5.7963852e-02
 -4.9668137e-02
 -2.8683882e-02
  7.3625445e-02
  9.5438972e-02
  4.6997648e-02
  7.8683712e-02
 -3.2107782e-01
 -1.0762322e-01
  5.6516547e-03
 -8.5901655e-02
 -9.5588602e-03
 -1.1142045e-02
  2.3718555e-01
 -4.1811299e-01
  1.3770338e-02
  1.1570068e-01
  4.5189850e-02
  2.3251934e-01
  4.9044028e-02
 -1.0248496e-01
  8.7081365e-02
 -5.8471136e-02
  5.2766278e-02
 -7.3793873e-02
 -1.6400868e-01
 -4.5564938e-02
  2.1874696e-02
 -1.9113122e-02
  1.7726116e-02
  3.5226896e-02
 -1.6734548e-01
 -1.7912142e-01
 -7.9083584e-02
 -4.2723782e-02
  5.6766219e-02
 -3.8238309e-02
  2.8806159e-01
 -7.5404011e-02
 -9.0582252e-02
 -1.3443555e-01
 -2.1179626e-02
 -2.1319845e-01
  2.4057773e-01
 -4.0262770e-02
  2.2349961e-02
  8.5272652e-01
 -1.9085333e-01
 -1.6216122e-01
 -8.6676830e-01
 -5.8411509e-02
 -5.6646198e-02
  7.6630867e-01
 -4.4414550e-01
 -4.4115672e-01
  9.3384719e-01
 -4.4001803e-01
  5.5851692e-01
  7.6838322e-02
  6.9361860e-01
 -3.2755684e-02
 -3.6739811e-01
  5.1614963e-02
 -7.0511532e-01
 -1.3167492e-01
 -8.6665076e-01
  1.1389582e+00
 -1.5308394e-01
 -1.2826777e-01
 -2.2067273e-02
 -2.8736165e-01
 -5.6093894e-02
 -1.3315709e+00
 -5.1777798e-01
  2.3597611e-01
  3.9398468e-01
 -8.2538521e-01
 -3.9667171e-01
 -2.8387922e-01
  1.7593476e-01
  3.7944314e-01
  1.2244424e-01
 -3.0944729e-02
 -2.6222673e-01
 -3.9754406e-01
  9.1222651e-02
  2.2507221e-01
  2.2332847e-01
 -2.0842779e+00
 -7.3500879e-02
 -2.3929307e-01
  2.3502791e-02
  1.7902289e-01
  1.8138744e-02
  3.4064496e-01
 -6.6625997e-03
  5.8701640e-01
  9.7942926e-02
  1.4279149e-01
 -3.4667423e-01
  2.5841472e-01
  8.0690626e-03
  9.6208841e-01
 -4.0229371e-01
 -9.4999224e-02
 -1.1288278e+00
 -3.2202494e-01
  1.5666504e-01
  1.2488963e-01
 -7.2824848e-01
 -3.9818026e-02
 -6.9095415e-01
 -3.5138678e-02
  3.2312207e-02
 -9.0054996e-02
  1.2371521e+00
  1.4068031e-01
 -2.8237242e-01
 -4.4432946e-02
  1.4967854e-02
 -7.3608565e-01
  2.1710407e-02
 -1.2244993e+00
 -3.1925926e-01
  1.3729534e-01
  1.6985211e-01
 -7.3108983e-01
 -3.1178901e-01
 -8.0318350e-01
 -5.6237727e-01
 -4.8717681e-01
  5.5095833e-02
  9.3485452e-02
  4.2087695e-01
  4.3047899e-01
 -9.2007428e-02
  3.9614849e-02
 -7.1748398e-02
  6.6222996e-01
 -3.0171103e-03
  1.2793020e+00
  6.8695271e-01
 -5.3445297e-01
 -7.1482569e-01
 -3.7681752e-01
  9.3429965e-01
  1.8728863e-02
  3.3020777e-01
 -4.5638907e-01
  7.5217211e-01
 -1.1635859e-02
  2.0352018e+00
  5.1833808e-01
  1.4396368e+00
 -2.1971481e-01
  3.9185885e-01
 -2.2604582e+00
  1.7275417e+00
 -4.4354931e-02
  1.1227666e-01
 -3.1045231e-01
 -1.5934138e+00
  4.5931330e-01
 -1.5363973e+00
  6.6371036e-01
 -1.0625186e+00
  6.3109308e-02
  5.5584943e-01
 -4.3569580e-01
 -5.7114178e-01
 -7.7170199e-01
 -7.2495393e-02
 -4.1165397e-01
  2.7742496e-02
 -6.0613137e-01
 -2.2695707e-01
  6.4648354e-01
 -1.3403215e+00
 -2.7952802e-01
 -8.7729764e-01
 -3.4474352e-01
 -2.2174184e-01
  6.7683697e-01
  1.1512389e+00
 -1.2073554e+00
  7.5513594e-02
  8.7223148e-01
 -7.8702730e-01
  1.1301053e+00
 -2.0797335e-01
  1.7847819e+00
 -8.0608350e-01
 -4.6898548e-02
  2.0727728e-01
  1.6237638e+00
  1.0872991e-01
  3.0260777e-01
  3.5866657e-01
  5.5952013e-01
 -1.2940618e-01
  2.4002334e-01
  2.2032186e-01
 -1.3340384e+00
  7.5194556e-01
  1.5140168e-02
  5.0778562e-01
  7.2009009e-01
  2.4706914e-01
  5.9866883e-02
 -2.2364970e-02
 -9.1566557e-01
 -1.1316414e+00
  4.5205939e-01
  4.1218039e-01
  2.8720942e-01
 -3.4653723e-01
 -8.1382000e-01
  4.0675554e-02
 -8.1797361e-01
  6.3573021e-01
  2.4290307e+00
  2.8905370e-03
 -9.9915750e-02
  1.4555209e+00
  1.5856569e-01
  2.0318852e-01
 -6.3160241e-02
  3.1161778e-02
 -8.2840168e-01
 -1.1448534e-01
 -3.1558520e-01
  5.8701938e-01
  3.4279788e-01
 -3.3565056e-01
  5.2218109e-02
 -1.4433394e-01
  1.2593715e-01
  3.1180790e-01
  7.4113053e-01
 -1.1534472e+00
  9.4320440e-01
 -4.8731270e-01
 -2.9798952e-01
 -8.4583062e-01
 -7.2120398e-04
  2.4765956e+00
 -2.2905014e+00
  2.9081100e-01
 -7.3180132e-02
  5.3699720e-01
  2.8087404e-01
 -6.7811757e-03
  2.6115330e-02
 -8.2371736e-01
 -1.6833634e+00
  3.7312269e-01
  3.5854001e-02
  1.0523373e+00
  1.0015246e+00
  5.5274325e-03
  3.3816837e-03
 -1.7831008e-01
  7.2827274e-01
  7.3451251e-02
  1.5591246e-01
 -1.3435638e+00
 -7.7353632e-01
 -5.8075839e-01
 -6.3631870e-03
 -2.2568099e+00
  4.3294540e-01
  5.7966992e-02
  5.8975238e-02
 -5.8261615e-01
 -3.1726900e-02
 -8.4678913e-03
 -6.5292098e-02
  1.0544537e+00
  4.3731311e-01
 -3.0155709e-01
 -1.0321356e-01
  1.8147426e+00
  1.0723045e+00
  1.3931251e-01
  5.3862107e-01
  2.1410829e-01
  4.2811942e-01
  1.0394280e-01
 -1.1349849e-01
 -6.3927986e-02
  1.5435055e-01
  3.0595052e-01
  2.9087789e-02
 -9.3867904e-01
  9.5275199e-01
  9.0046036e-01
  6.3938692e-02
 -1.2429787e+00
  2.1427953e+00
  1.8507318e+00
  1.8554971e+00
  1.6384123e-01
  1.2857256e-02
  3.1787714e-01
 -1.6552615e-01
  1.8115082e-01
  3.1742579e-01
 -9.5682874e-02
  4.0678966e-01
  1.2322186e+00
  2.8065228e+00
  1.2674809e+00
 -3.9813575e-01
  1.1515152e-01
 -7.2518498e-01
  1.9031734e+00
 -2.8735349e-01
  1.7568268e-01
  2.2707832e-01
  9.0282604e-02
  1.3866769e-01
  1.0978497e-01
  6.4898145e-01
 -1.2217072e-01
  7.7323526e-02
 -1.1470469e-01
 -1.4156505e+00
  1.5379990e+00
 -4.2369969e-02
  3.1709331e-01
 -1.5833322e-02
  1.6616364e+00
  1.4015521e-01
  2.2587643e+00
  1.7058569e-01
 -9.7482212e-02
 -5.3963530e-01
  2.0765128e+00
  2.1298065e+00
  5.1644409e-01
 -1.2344742e+00
  1.2345139e+00
  5.0826557e-02
  4.3346593e-01
 -1.4780084e+00
  2.8680807e-01
  2.9355213e-01
  1.3907347e+00
 -9.3407440e-01
  1.4992690e+00
  3.4450493e+00
  4.3122232e-01
  4.4795215e-02
  5.4362237e-01
  1.7170942e-01
  1.5353993e-01
 -1.8062633e-01
 -4.2829152e-02
 -4.6068871e-01
 -1.3018234e+00
  5.8618891e-01
 -3.0396767e-02
  4.1918859e-01
 -6.3796133e-01
 -8.8030720e-01
  9.7283077e-01
  2.1995330e-01
  3.4872460e+00
 -1.7961004e-01
 -9.0213275e-01
 -3.9776602e+00
 -5.7043630e-01
  1.2071016e-01
 -4.3467328e-01
 -2.6939020e-01
 -2.4311273e+00
 -1.2906531e+00
 -1.0274673e+00
  2.4839611e-01
 -8.3709903e-02
 -2.8141353e-01
  6.2650394e-01
  2.1663073e-01
  1.0782044e-01
  1.1395597e+00
  1.5792422e-02
  2.9338880e-02
  3.4435841e-01
 -5.8345385e-02
 -3.7775809e-01
  1.2425083e+00
 -2.6633036e-01
 -2.3163880e-01
 -1.6438839e+00
  9.9540615e-01
  1.4072185e+00
 -1.1193111e-02
  4.0457690e-01
 -1.9583425e-01
 -4.8711434e-02
  7.6136982e-01
 -1.6580505e+00
 -6.4791787e-01
  1.7613500e+00
  9.7636260e-02
 -2.4093976e+00
  1.6579150e-01
 -9.4897924e-03
  4.4718917e-02
 -2.5006741e-01
 -2.2877054e-01
 -8.0666667e-01
 -8.3430476e-02
  1.6093589e+00
  6.2674373e-01
  5.9569519e-02
  3.6589634e+00
  1.9836293e+00
  7.5826907e-01
  7.8694397e-01
  1.0747188e-01
 -1.8666024e+00
  2.8258455e-01
 -5.9127784e-01
  7.9903891e-03
 -1.2520424e+00
 -7.2361261e-01
 -3.0713263e-03
  3.6404587e-02
 -5.2755690e-01
 -5.7405919e-01
  1.0866576e+00
  3.3133432e-01
 -1.4807755e+00
  2.4204931e-01
 -5.1928836e-01
 -7.9591237e-02
 -5.2618688e-01
 -1.5322226e+00
 -1.8585430e-01
  1.3062333e-01
  1.0461875e+00
  2.9261041e-01
  7.1394485e-01
  8.2348859e-01
  1.2700785e+00
 -7.9844892e-03
  7.7815098e-01
 -5.3147554e-02
  8.9317590e-01
  6.3109106e-01
  4.6261838e-01
 -3.4428144e-01
  1.1373385e+00
  4.8899293e-01
 -2.1375499e+00
 -1.7865373e+00
 -9.7256325e-02
 -3.3487198e-01
 -5.0152916e-01
  1.1910944e-01
  5.9953757e-02
  4.6061713e-01
  8.7645781e-01
 -2.8657350e-01
 -2.9407278e-02
 -4.8909241e-01
  2.1952169e-01
  6.6480172e-01
  1.3343582e+00
 -2.5657806e+00
 -1.9307292e+00
  8.6968347e-02
  6.4284235e-02
  3.3277395e-01
  2.7247753e+00
 -2.5368857e+00
  1.1901131e+00
 -1.2528496e+00
  3.4427163e-01
  1.1558446e+00
  9.6137810e-01
 -6.4011700e-02
 -2.1837618e+00
  4.9591148e-01
 -2.7868481e-02
  2.1382526e-02
 -1.7261884e+00
  7.3288405e-01
 -6.0660863e-01
 -6.4609522e-01
  1.4526318e+00
 -8.2248524e-03
 -1.8860689e-01
 -2.6391516e+00
  7.1724200e-01
 -1.0902351e-02
  2.1708059e-01
 -1.1739329e-01
 -1.6415995e-01
  1.0703523e+00
  2.5018570e-01
 -1.1836394e+00
 -1.0896405e+00
 -2.5243843e-01
  9.7850668e-01
 -2.8231645e+00
  4.3848865e-02
  1.2911408e-02
 -3.1230894e-01
 -8.3738014e-02
 -1.2218446e-01
 -3.9876193e-02
 -8.2543176e-01
  5.6879658e-01
  2.9943941e-02
  9.5041469e-02
 -2.7956629e+00
 -3.3421431e+00
  1.4703354e-02
 -3.6479840e-03
 -5.5141991e-01
 -1.4824317e+00
 -3.0780101e-01
 -3.1823025e-03
  2.4224889e-01
 -7.4033087e-01
 -1.2169883e-01
 -2.3713130e-01
  3.3072671e-01
  2.8131530e+00
  3.4056649e-01
 -3.3239740e-01
 -1.1820203e+00
 -3.2345004e+00
 -5.4709902e-03
 -1.3922471e-01
  1.0387953e-01
 -2.7175641e-01
 -2.0687063e-01
 -4.3287480e-01
  7.4723285e-01
  1.0068507e+00
  3.7470007e-01
  2.2042360e-02
  1.0764185e-01
  1.2172551e+00
 -5.1671261e-01
  1.0314155e-01
 -3.9142123e-01
 -2.0455982e-01
  2.2369713e-02
 -7.0295763e-01
 -5.5877757e-01
  2.4770781e-02
 -7.1902001e-01
 -6.1136436e-01
 -3.4731331e-01
 -3.0848745e-01
 -1.7553754e-02
  1.8485795e-01
 -7.1698609e-03
 -5.3117018e-02
  1.9526362e-02
  1.0125606e-01
  5.1027513e-01
 -1.9647208e-01
  7.2346203e-02
 -1.7695202e-01
 -1.1024182e+00
  2.3780057e+00
 -2.2211683e+00
  3.4326282e-03
  9.7018939e-01
 -4.7528931e-01
 -2.0111519e-01
 -3.3873218e-01
  4.8788786e-01
  1.8912803e-02
  1.6693105e-01
  3.1659570e-01
 -7.5351775e-01
 -1.2567779e-01
 -4.8166558e-01
 -1.4234845e-01
 -5.2887723e-02
  1.1397443e+00
 -2.8171560e-02
  5.4346675e-01
  6.0219491e-01
  2.7760386e-01
  1.6788337e-01
  1.0315515e-01
 -1.7511414e-01
 -1.8467005e-02
  4.6614909e-01
 -8.1504393e-01
  6.6405982e-01
  2.7417144e-01
 -1.5460353e-01
 -7.0814020e-03
 -1.6456605e-01
 -9.3498361e-01
 -6.7372507e-01
 -9.2288800e-02
  1.3514230e+00
 -3.6520474e-02
  4.4614490e-02
  8.7304398e-02
 -9.4731349e-01
 -1.9740976e+00
  7.3977715e-01
  2.4326114e-01
  5.0208699e-02
  1.4267190e+00
  2.2060537e+00
  1.2589079e-01
 -6.4250702e-01
 -4.5149241e-02
 -1.0264432e+00
 -2.1102443e+00
  1.1183097e+00
  1.5368048e+00
  1.6732807e+00
 -1.5221623e-01
  3.4808058e-01
 -3.5762987e-01
  2.8646302e-01
 -2.4937159e-01
  1.6135099e+00
  1.3590266e+00
 -9.4236284e-01
 -6.9661915e-02
  1.8821450e+00
  8.6389172e-01
 -1.7010075e-01
  1.1323492e-02
  5.2745259e-01
 -1.1883484e+00
 -2.4424087e-02
 -1.0524032e+00
 -9.9476647e-01
  1.1818070e+00
  6.0761392e-01
 -2.1423984e+00
 -7.8577101e-01
  1.8687420e+00
  3.1283128e-01
 -2.6937239e+00
 -9.7115353e-02
  1.2282442e+00
 -3.7376511e-01
 -8.7678760e-01
  1.4883780e-01
  9.1855653e-02
 -4.8828915e-01
 -5.2212995e-01
 -2.1320574e-02
  1.2839992e-01
 -7.4554838e-02
 -1.1011097e-01
 -2.4379730e+00
 -2.5470829e+00
  4.3100387e-01
 -9.6439052e-01
 -1.0854411e+00
 -1.9868352e+00
  6.8480581e-02
 -1.3265842e-01
  3.3648896e+00
  2.3263967e+00
 -9.3479127e-02
 -4.6144444e-01
  5.3696233e-01
  9.0620911e-01
  6.1518107e-02
 -1.4212648e+00
 -2.5028658e+00
 -2.9337084e+00
  1.7171632e-02
 -2.1925259e-01
  1.4134799e-01
 -3.5861459e-01
  1.0263225e-01
 -3.4735030e-01
  1.0048053e+00
 -4.7184810e-01
 -1.3579516e-02
 -1.3599391e+00
  1.0858691e-01
 -1.3662674e+00
  8.5427292e-02
  7.0861459e-01
 -4.9033570e-01
 -8.2530868e-01
  5.2401513e-01
 -1.8885596e+00
 -1.5193842e-01
  1.5897776e+00
 -1.8425232e-01
 -8.8010317e-01
 -7.2894585e-01
  6.0710293e-01
 -5.9175190e-02
  5.5765204e-02
 -8.1716734e-01
 -9.2645824e-01
  1.2379325e-01
 -4.6362320e-01
 -3.7662092e-01
 -1.0451870e+00
 -4.7661144e-01
 -3.8927856e-01
  1.8479511e-01
 -3.6871976e-01
 -5.0289571e-01
 -8.4574836e-01
 -1.0360991e-01
  4.1229284e-01
 -7.9869069e-02
  1.2131002e-01
  1.0491545e-01
 -7.0863044e-01
  6.4513236e-01
 -3.2044986e-01
 -5.8022700e-02
 -9.1133460e-02
 -1.3446683e-01
 -7.1725702e-01
  1.9399065e-01
  1.4839344e+00
 -1.5304483e+00
  2.2007999e-01
  1.5623077e-02
 -1.3252325e+00
  1.0458111e+00
  7.7612370e-02
 -3.1176931e-01
  1.1134320e+00
  7.2571653e-01
 -2.7007930e-02
  1.3963218e-03
  7.6786202e-01
 -1.1085328e+00
 -9.4700806e-02
 -6.9713169e-01
 -1.9728462e-01
  7.3521219e-02
 -3.6689416e-02
  1.1240830e-01
  4.1799453e-01
  3.0842516e-01
 -1.4449346e-01
 -3.7476782e-02
 -8.4185228e-02
  2.3131125e-02
 -1.7666019e-01
  2.2095127e-01
 -1.7650422e-01
  2.6667127e-01
 -1.4088187e-01
 -1.3602006e-01
 -3.1016964e-01
 -2.9028332e-02
 -2.6112778e-02
  9.5975840e-01
 -2.2013290e-01
 -1.2642949e+00
 -9.5081069e-02
 -2.6851991e-02
 -4.1144645e-01
 -1.6397815e+00
 -1.1753799e-01
 -1.7507628e-01
  4.4202200e-01
  2.4333284e+00
  6.1476880e-01
 -4.7602883e-01
 -9.4270492e-01
  3.8053659e-01
 -4.6964696e-01
 -1.3894984e-01
 -1.2309686e+00
  1.4712874e-02
  7.1189888e-02
  5.4190248e-02
  8.5858345e-01
  1.0582149e+00
  6.4188838e-01
 -3.8723156e-02
  5.3024119e-01
 -1.9386964e+00
  8.0990672e-02
 -3.4045780e-01
 -2.6655370e-01
 -3.0325925e-01
  1.0883181e+00
  6.1563194e-01
 -2.3718803e+00
 -3.8555446e-01
  2.9719857e-02
 -4.4500989e-01
 -6.3512689e-01
  2.5044851e-02
 -8.9521980e-01
 -2.2311316e-01
 -2.5375506e-01
 -9.6458900e-01
  1.2340925e-01
  1.4495353e-01
  5.5927575e-02
 -4.7839361e-01
  5.5721861e-01
  3.6599305e-01
  4.3840966e-01
 -3.6784914e-01
  2.1040042e-01
  2.5210595e-01
 -1.1407034e-01
  1.7312170e+00
 -6.4293051e-01
 -2.2469187e-01
  1.1735308e+00
  4.2861649e-01
 -7.5773984e-02
  1.0158474e+00
  2.5755055e+00
 -1.3536172e+00
 -2.9200397e-02
 -1.3317903e+00
 -2.7011178e+00
 -2.0758243e-01
  1.2723401e-01
 -8.5759598e-01
 -1.5179031e-01
 -3.9210960e-01
 -2.1555870e+00
 -6.9552857e-01
  4.9054179e-01
  9.2170602e-01
  2.0112958e+00
 -5.6829304e-01
 -1.2751672e+00
  1.3168415e+00
 -8.8302261e-01
  1.1245310e+00
 -1.0923525e-01
 -1.1667650e-01
 -7.4044281e-01
  1.8857154e+00
  3.5131767e-02
  8.3832723e-01
  1.8166960e+00
  4.3446228e-01
 -7.9872018e-01
  5.7034749e-01
  2.8375466e-03
 -1.2399986e+00
 -7.6168746e-01
  1.4864533e-01
 -1.3893170e+00
 -1.2279996e+00
 -5.7894602e-02
 -2.3518024e-01
 -8.8020302e-03
 -4.5784312e-01
  1.5371294e-01
  7.1373358e-02
  6.6980827e-01
 -9.0423907e-04
 -3.9760172e-01
 -1.5679394e+00
 -1.2492965e+00
  8.7257698e-02
  4.9621493e-01
  6.6291267e-01
 -6.8632774e-02
  2.8146347e-01
  3.1878786e+00
 -4.9676213e-01
  2.3129348e-01
  1.3410205e+00
 -1.0630463e+00
  2.5003164e+00
 -1.6648970e+00
  1.7462655e+00
 -1.8297567e+00
  1.3429297e+00
  5.4879421e-01
 -2.6200016e+00
  1.8642975e+00
 -2.1394253e+00
 -1.9315951e+00
 -1.3676291e+00
 -2.1390037e-01
 -4.7918794e-01
 -8.9819539e-01
  1.0011569e+00
 -1.4872761e+00
  1.2488433e+00
  1.5776747e+00
  1.7212554e+00
 -5.4698932e-01
  1.1760494e+00
 -3.4182295e-01
 -9.1836944e-02
  5.7008135e-01
 -8.8131160e-02
 -8.6527646e-01
 -5.1963780e-02
 -8.3331233e-01
 -9.7009316e-02
  3.4198031e-01
  3.7266031e-01
 -1.4633745e+00
  4.2511318e-02
  2.5523009e-02
  3.8059190e-01
 -8.0817562e-01
  1.5073593e-01
 -6.7766774e-01
  1.6801503e-01
 -7.2730505e-01
 -1.8539431e+00
 -1.5874406e+00
 -4.5400627e-02
  1.4985806e-03
  1.9766837e-03
 -7.6444137e-01
  9.2136252e-01
 -3.3997152e-02
  1.2468539e+00
  9.8180950e-01
 -1.2031144e+00
 -1.4256527e-01
  4.9368861e-01
 -4.2441344e+00
 -1.4022707e-02
 -4.6512926e-01
  4.2680338e-01
 -1.4461121e-03
 -1.6437436e-02
  4.2502591e-01
  3.2500714e-01
  1.0591530e+00
 -2.7957397e+00
 -1.6460464e+00
 -6.6953592e-02
 -2.3659801e+00
 -9.3890816e-01
  2.3986711e-01
 -2.2246678e-01
  4.7149356e-03
  9.6119177e-01
  1.2860733e+00
 -7.4905390e-01
 -2.6530322e-01
  5.5948985e-01
 -3.1012323e-01
 -7.6421750e-01
 -4.1102135e-01
 -3.5892922e-01
 -7.1642214e-01
 -7.4312076e-02
 -6.8280804e-01
  3.1497669e-01
  3.7874156e-01
  1.0605374e-01
  1.5271322e-01
  1.8516459e-01
  8.4416360e-01
  1.6536385e-01
  3.0760300e-01
  1.7928956e-02
  1.7928956e-02
  1.7928956e-02
  1.7928956e-02
  1.7928956e-02
  1.7928956e-02
  1.7928956e-02
  1.7928956e-02
  1.7928956e-02
  3.4313183e-02
  3.4313183e-02
  3.4313183e-02
  3.4313183e-02
  3.4313183e-02
  3.4313183e-02
  3.4313183e-02
  2.7671870e-02
  2.7671870e-02
  2.7671870e-02
  2.7671870e-02
  2.7671870e-02
  2.7671870e-02
  2.7671870e-02
  1.3580502e-02
  1.3580502e-02
  1.3580502e-02
  1.3580502e-02
  1.3580502e-02
  1.3580502e-02
  1.3580502e-02
  5.7021868e-03
  5.7021868e-03
  5.7021868e-03
  5.7021868e-03
  5.7021868e-03
  5.7021868e-03
  5.7021868e-03
  1.1793899e-02
  1.1793899e-02
  1.1793899e-02
  1.1793899e-02
  1.1793899e-02
  1.1793899e-02
  1.1793899e-02
