nep4 2 Cu Se 
cutoff 7 5 100 44
n_max 8 6
basis_size 12 12
l_max 4 2 0
ANN 50 0
  1.2230247e+00
  5.3172415e-01
  4.7240287e-02
  3.1305513e-01
  5.5159283e-01
 -9.1103546e-02
  9.7514051e-01
  1.2791326e+00
 -2.4959702e-02
  2.0167777e-02
  2.1406427e-02
  1.3496075e-02
 -4.9577542e-03
  2.7822550e-02
  1.1367584e-02
 -5.9684804e-03
 -5.0811833e-01
  9.7206961e-03
 -1.0571182e-03
 -3.1052935e-01
  1.2764917e-02
 -1.1364447e-02
 -5.3998537e-02
  2.9711166e-02
  1.4165772e-02
 -1.6918469e-02
  9.7191140e-02
  1.9578347e-01
 -4.6490026e-03
  2.4192023e-01
 -1.6755153e-01
 -9.9622756e-03
 -1.1227377e-02
 -2.2125008e-02
  1.3037335e-02
  7.8279693e-03
 -3.8775775e-01
 -1.4921276e-01
  5.9747975e-03
  2.5904949e-03
 -1.5260224e-02
 -1.9195694e-03
 -2.6054537e-02
 -1.5394590e-02
  6.8447791e-02
  1.8003377e-01
  3.2152239e-02
  3.9446819e-01
 -6.5926932e-02
 -4.2520672e-01
  1.0397469e-01
  7.1736777e-01
 -1.1330176e-01
 -8.4044877e-03
  1.0077342e-01
 -2.9456547e-01
  6.4454749e-02
 -9.1248140e-02
 -5.5562094e-02
 -1.3271026e-02
  5.7478172e-01
 -1.5705048e-01
 -4.2788245e-02
  1.4493167e-01
 -1.1542662e-01
 -2.0001140e-01
 -1.4120946e-02
  8.3730504e-02
 -2.0325948e-01
  3.2018419e-02
  6.7848273e-02
 -4.8828486e-04
 -6.2343389e-02
 -1.3885989e-02
 -1.6353874e-02
  2.3002360e-02
 -1.3669434e-02
  4.8249383e-02
 -2.6875901e-01
 -1.2184961e-01
  2.5642119e-02
 -3.6558233e-02
  1.5528408e-02
  3.3118729e-03
  7.0958091e-03
  1.0154856e-03
 -1.4065372e-02
 -6.5665245e-02
 -2.4297981e-01
 -3.2515159e-01
 -1.0330181e-01
 -1.2312456e+00
 -1.0789268e+00
 -2.2436824e+00
  1.6727751e+00
  2.1648180e+00
 -2.0563104e+00
  1.7804787e+00
 -5.5313098e-01
  7.2531924e-03
  2.9270163e-02
  1.0647907e+00
 -4.3793321e-03
  3.0089837e-01
 -1.8085266e+00
  5.3471953e-01
  2.7206078e-02
 -4.5553111e-02
  1.2129971e-01
  9.4276261e-01
 -6.1097872e-01
 -8.6820975e-02
  1.8244697e-02
  1.4790939e-01
 -4.1623512e-01
  4.7684714e-01
  4.8369396e-01
  2.8104395e-01
 -1.8234270e-02
 -6.4064126e-04
  8.9077279e-03
 -7.2240315e-02
  1.4923799e-01
  5.5500430e-01
 -6.3487560e-01
 -5.9860339e-03
 -4.0289126e-02
 -4.9807332e-03
 -7.6520850e-04
  2.1788159e-02
 -2.8517019e-02
  1.3961792e-02
 -3.0025250e-01
  1.9826970e-01
  2.7765971e-02
 -5.0022915e-02
  6.2878698e-04
 -2.3483824e-02
 -2.6847139e-01
  2.1038607e-02
  1.0183388e-01
 -8.4175514e-03
 -1.7012784e-02
  1.4748407e-02
  3.4726806e-02
 -2.4548344e-01
  3.3597974e-03
 -3.3532761e-02
  3.2110721e-02
  2.8839286e-03
  1.0083864e-02
 -2.1302165e-04
  1.6044082e-04
  1.5779816e-02
  1.8570397e-02
  2.3898734e-01
 -1.6267112e-03
  5.5758236e-04
 -2.8174138e-04
 -1.5753657e-02
 -1.7004859e-02
  4.2778987e-02
  1.4053328e-02
  1.0398299e-02
 -1.3114220e-02
  5.0363084e-04
 -7.0897885e-02
  8.5194735e-03
 -3.1183655e-03
 -1.2660613e-02
 -1.9193023e-02
 -2.4576139e-02
  3.7345493e-03
 -4.0563727e-03
  5.3639547e-04
  1.6155625e-03
  3.4277570e-03
 -1.7340882e-02
  6.8737259e-03
  3.8382549e-02
 -1.9823564e-02
 -6.4361922e-02
  7.7955895e-03
 -1.8598361e-02
  7.8300312e-03
 -1.5479209e-03
 -2.6829462e-03
 -1.4518349e-02
 -2.0527266e-02
 -4.5778225e-03
 -1.9904092e-02
 -9.9856099e-03
 -3.7161589e-03
 -2.5513016e-03
 -6.1540950e-02
 -4.1680932e-02
  2.5582787e-02
 -2.5408238e-02
 -1.3800912e-02
 -1.4049941e-02
 -1.9212469e-02
  1.2796279e-02
 -7.4688122e-03
 -9.3870135e-03
 -1.2352848e-02
  1.7422935e-02
  4.5944778e-03
  3.4039743e-02
  3.5590429e-02
 -9.7805541e-04
  1.4725377e-02
  1.8518277e-02
  2.1737495e-02
  2.2773188e-02
 -2.2335704e-03
  1.3759427e-03
 -1.5841860e-02
  1.9158110e-02
 -2.0443667e-03
  1.9131874e-01
  6.8383310e-03
  8.1193745e-03
  2.2773587e-03
  1.8319910e-02
  1.7361145e-02
  1.0313205e-03
 -3.2118209e-02
  4.7723185e-02
 -2.5312447e-03
 -2.8525043e-02
  7.2780312e-03
 -4.2246461e-02
  2.0133203e-02
 -6.3838892e-02
 -3.7793980e-03
 -1.7969631e-02
  1.9081630e-01
  2.3773636e-03
 -9.8119173e-03
 -3.0724142e-02
 -1.2544634e-02
 -2.1429779e-02
  1.8742261e-02
 -3.5940796e-02
 -1.1516878e-02
  2.6190693e-02
  3.1335275e-03
  2.1242560e-04
  1.8343307e-02
 -1.3596856e-02
 -9.0203676e-03
 -3.7687816e-02
  5.3158578e-02
  2.0030951e-02
  1.4227646e-02
 -2.7375170e-03
  2.0575437e-03
 -6.1409986e-03
  3.7574884e-02
  1.1402887e-02
 -9.1375494e-03
  1.2059391e-02
 -2.4256506e-03
  9.9548278e-03
 -1.9309436e-01
  1.3233316e-01
 -1.7610869e-01
  5.7684933e-03
 -2.8194475e-01
 -6.6967046e-01
  4.2381620e-01
  6.6426195e-02
  1.1784189e-01
 -8.4909111e-02
 -8.7405220e-03
 -3.3247881e-02
 -1.3066437e-02
 -2.3462357e-02
 -2.8493372e-03
  2.0240061e-02
 -4.6034995e-03
 -8.5735016e-02
 -4.0720277e-02
 -5.0056475e-01
  8.2906792e-03
 -6.5528671e-03
 -7.6249056e-02
  6.9661789e-02
 -3.9405480e-02
  2.4901574e-02
 -1.2723582e-03
 -1.9502841e-02
 -7.3778220e-03
  3.9526425e-02
  8.4864562e-03
 -1.0513460e-02
 -1.9435130e-02
  3.0837986e-01
 -1.2310267e-02
 -3.5685252e-03
 -6.7730835e-03
 -1.1589928e-03
  2.4703130e-02
 -3.0177990e-03
  1.3111295e-01
 -2.2913329e-03
 -2.5646886e-01
 -2.5951928e-02
 -1.5183238e-03
 -5.0580032e-02
 -2.3020640e-02
 -4.7734525e-02
 -3.6677614e-02
  1.3316907e-02
 -1.6212581e-02
  2.5380503e-02
  1.0129826e-02
 -1.3682777e-03
  1.8869339e-02
  7.9791453e-03
  2.3958564e-02
  9.5052272e-04
  3.7946173e-03
  1.1490583e-03
 -1.4782980e-02
  5.7774088e-03
 -5.3104558e-03
  1.4424773e-02
 -6.8160715e-03
  5.0014453e-03
  1.7479757e-02
  1.0837229e-03
  1.9295758e-02
 -5.6297849e-03
 -5.6493711e-03
 -2.7757682e-02
 -8.8733202e-03
  1.2504286e-02
 -9.0129944e-03
  1.9420341e-02
  2.0197989e-02
 -1.1889054e-02
  2.0538457e-04
  1.5341137e-03
  6.0334463e-02
  3.7285048e-03
  2.2438036e-03
 -3.0226842e-02
  2.8498513e-03
  6.9971150e-03
 -1.0500357e-02
  1.2699715e-03
  2.1998129e+00
  5.7445642e-02
  2.1758318e-01
 -3.0988276e+00
  2.8285521e-01
 -2.2419137e-01
  1.4225966e+00
  3.9356193e-01
 -3.1587970e-01
  3.6075622e-02
 -1.5785886e+00
 -5.7740128e-03
 -3.6283553e-01
 -2.4991640e-01
 -4.2222354e-01
  2.5151753e-01
  6.6456087e-02
 -4.3536305e-02
  6.4446144e-02
 -3.1357992e-01
 -5.7683724e-01
  4.3549672e-02
  2.6970071e-01
 -6.0101721e-02
 -1.2447340e-02
  8.4466310e-03
 -1.3179523e-03
  5.1842928e-02
 -1.9206356e-02
  4.0558928e-01
 -1.2493111e-02
  3.8963452e-05
 -9.9821072e-03
  1.3476826e-01
  9.8454401e-02
  1.2757430e-02
  4.0361043e-02
 -5.7359161e-03
 -8.0452571e-03
  1.5581502e-02
 -8.1934765e-02
 -4.3256380e-02
 -7.2432496e-03
 -8.8181009e-04
 -2.5383073e-03
 -1.5659479e-02
  2.2018985e-03
 -1.5545501e-02
  2.0808647e-03
  1.2404375e-02
  1.9390825e-02
  1.4021364e-02
  9.2972284e-03
  4.4546509e-03
 -1.5250534e-02
 -1.2866883e-02
 -9.2474818e-02
  6.5372745e-03
  1.4188023e-02
  1.1281188e-02
  5.5864844e-03
  2.2568628e-02
 -1.8599594e-02
 -4.0380815e-03
 -2.6510251e-03
  1.3867442e-02
  1.1221829e-02
 -2.6122364e-03
  5.4398654e-03
 -1.9489774e-03
 -9.9335723e-03
 -3.2591355e-01
 -4.8975192e-02
 -1.7067951e-03
  5.0638802e-03
  1.0756907e-02
 -8.6719859e-03
  8.2369363e-03
 -5.2722939e-03
 -7.6684495e-03
 -9.9947480e-03
  7.6970728e-03
  4.2047463e-03
  7.6291231e-03
  6.6743027e-03
 -4.6073920e-03
  2.2971649e-03
  1.3686911e-03
 -6.2250369e-03
 -2.5627881e-04
  7.7003380e-03
 -3.6369567e-03
  5.7924096e-03
  2.8426046e-02
  2.6239384e-02
  1.2073522e-02
 -4.8278350e-02
  1.7002642e-02
 -1.8881092e-02
 -2.3094411e-03
  6.4205960e-03
 -1.4064277e-02
  8.0281240e-04
 -1.9869281e-02
  3.3800935e-03
 -4.4821347e-03
 -3.4578878e-03
  2.4131939e-02
 -1.4493490e-02
 -8.1916330e-03
 -4.4460319e-02
  4.0627200e-02
 -3.8653370e-03
  2.3873148e-02
  1.3131500e-02
 -1.7113748e-03
 -1.1815678e-02
  3.0458050e-02
  4.9592983e-03
  1.1622624e-02
  3.2710701e-02
 -5.0895168e-03
  2.0653911e-02
  1.0328693e-02
 -1.5539433e-03
  2.3637190e-03
 -1.1316384e-02
  2.7485937e-02
 -2.2352461e-02
  2.0370476e-02
 -1.1715129e-02
 -1.4812535e-02
 -5.1055312e-02
  2.2672947e-02
  1.3874810e-02
 -3.5915736e-02
 -1.1988525e-02
  3.5936967e-04
 -2.9514343e-02
 -1.8203935e-02
 -2.2754280e-02
  1.4664601e-02
 -5.4799415e-02
  2.8624923e-03
 -2.3615605e-04
 -2.5912444e-04
  2.8331678e-03
 -7.4445512e-03
 -6.9836499e-03
  1.2147829e-02
  1.9621940e-02
  1.0736700e-02
 -5.5572437e-03
 -1.7719416e-02
 -2.1258779e-01
  1.2754862e-01
  1.4556066e-02
  1.5396017e-02
 -2.8254711e-03
  2.0555055e-02
 -9.0481807e-03
  2.8776752e-03
 -1.8130504e-02
  1.7047133e-02
  1.0161113e-02
 -2.2868644e-02
  1.2140081e-02
  1.6917450e-02
  1.4515581e-02
  2.4160354e-03
 -7.7635981e-05
 -4.6639028e-03
  3.3328908e-03
 -3.0901432e-02
 -1.6979481e-01
 -1.1134748e-02
 -9.1835529e-02
  8.3720013e-03
 -9.6430331e-03
 -9.3934173e-04
  1.3094652e-03
 -5.2594058e-03
 -2.4935232e-02
 -7.4552465e-03
  9.1878828e-03
 -6.6693230e-03
  1.9962532e-02
 -3.1024415e-02
 -1.6573314e-02
  1.3881200e-02
  5.7838950e-03
 -1.2733443e-02
 -1.7794460e-02
  6.4665370e-02
  1.6367054e-02
  1.1640126e-03
 -1.2917997e-02
  3.6522523e-02
  6.1944486e-03
 -4.0067825e-03
  4.6646786e-03
 -2.4378257e-02
 -4.7496692e-03
  2.2401482e-02
  6.5783281e-03
 -9.2242137e-03
  1.2960993e-03
  1.3117230e-02
  1.5584251e-02
 -2.6623612e-02
  2.1798873e-02
  6.9666617e-03
 -2.4582737e-03
  1.7146138e-03
  8.0916537e-03
 -9.0985070e-04
 -4.8746318e-02
  6.2205680e-03
  2.7200242e-03
 -2.9065104e-02
  7.4579793e-01
 -2.6651476e-02
 -5.0501192e-01
 -6.6901314e-01
  6.3258243e-01
  6.0611910e-01
 -7.1857119e-01
  2.7746150e-01
 -6.4613533e-01
 -7.4899681e-02
  3.3478618e-01
  1.6681917e-01
  2.2352299e-01
  1.7395696e-01
  1.4345739e+00
 -6.9856405e-02
  5.4493695e-02
  1.3253820e-01
  1.0649721e-02
 -2.4118344e-01
  1.2801768e+00
  6.1641976e-02
  2.4643857e-03
 -2.5497523e-01
  1.1369608e-01
  1.6797917e-01
 -1.0712389e-01
  3.4064329e-01
  5.3923798e-01
 -2.9246059e-01
 -6.6123836e-02
  3.7201184e-01
 -2.1612650e-02
  6.8703003e-02
  7.2285697e-02
  1.4768581e-01
  5.9243965e-01
 -5.0940968e-02
 -9.2145791e-03
  4.5713522e-03
  1.5084892e-02
 -4.9547926e-03
 -3.2133035e-02
  6.0542077e-03
 -1.6099277e-03
  2.5142580e-03
  4.4646189e-03
 -1.5016962e-03
 -6.6900942e-03
  5.0903480e-03
  1.5594887e-02
  9.3265049e-02
 -1.2256468e-03
  2.1017790e-02
 -1.7014641e-02
 -3.7980205e-03
  3.2066205e-03
  4.8684594e-03
  1.2122648e-02
 -1.0132742e-03
 -3.0673048e-02
  1.7984653e-02
 -2.6399918e-02
  9.6145952e-03
 -3.6918016e-03
 -7.5570089e-03
  4.0941536e-03
 -1.7871667e-02
  4.9527306e-02
 -7.0986117e-04
 -3.0948047e-02
 -6.1619682e-03
  2.6555099e-03
 -7.6565603e-03
 -1.1913092e-02
 -2.0999662e-03
 -3.0397514e-03
 -2.1637531e-02
  2.0979574e-02
  2.2017313e-02
 -4.8581511e-04
  2.1594834e-02
 -5.2169906e-03
 -1.0767752e-02
  3.1259102e-03
  1.6692146e-03
  1.8272758e-02
  5.8123199e-03
  3.8687460e-04
 -9.8649217e-03
  2.1526124e-03
  4.5373112e-02
  8.4059779e-03
 -1.6022880e-02
  4.7959447e-01
 -1.8763730e-02
  1.4517564e-02
 -1.2150093e-02
  1.3388878e-02
 -1.1071092e-02
 -3.0270379e-02
 -9.2017561e-02
  1.5050196e-02
  6.4761383e-03
  5.1774662e-03
 -6.3359663e-02
  4.7222748e-03
  1.0196121e-02
 -2.2247730e-02
  5.8554667e-03
  1.3117317e-02
  5.2156243e-03
 -6.3674473e-03
  2.9380219e-03
  4.1077055e-02
 -2.6072783e-02
  9.2081702e-04
 -1.0635571e-03
 -8.4736873e-04
 -3.7373302e-03
  2.1930901e-02
  5.0412230e-02
 -1.0229675e-03
  5.0857211e-03
 -3.7717484e-03
 -9.7054932e-03
 -3.3367030e-02
  1.2156871e-02
 -2.4839411e-03
 -1.4421050e-02
  2.3122215e-04
 -6.1835418e-03
 -5.6030927e-03
 -4.1838024e-02
 -7.3095812e-03
  6.2196691e-02
  9.8083559e-03
  1.2420114e-02
 -7.1878582e-02
  7.1038581e-02
 -2.8316742e-03
 -8.6618615e-03
 -3.7727725e-02
  4.6030983e-02
  9.8581212e-03
 -7.3160636e-03
  1.1717352e-02
 -6.7858677e-03
  5.0105341e-03
 -6.3638290e-04
  1.3073703e-02
  1.6820355e-03
 -6.1693098e-03
  1.9462975e-02
 -8.6240601e-03
  1.1533286e-01
  3.1610494e-03
 -1.4918974e-02
  1.7036542e-02
 -2.5068702e-02
 -8.9675905e-03
 -6.7805932e-03
  5.8610784e-03
 -5.9066880e-03
 -2.4286559e-02
  1.9491546e-02
  1.5790720e-02
  2.3820954e-03
  1.4167947e-03
 -1.4357133e-02
  3.8428649e-03
 -5.3915836e-02
 -8.6172484e-03
  7.9260608e-03
  4.5737983e-03
 -7.3570451e-03
 -1.8414679e-01
 -1.1208104e-02
  5.3324394e-02
 -9.1233987e-01
 -4.3752674e-02
 -9.8389737e-02
 -5.4108149e-01
  8.1701964e-02
 -2.1910848e-01
 -5.6256889e-03
  1.4343420e-01
  1.1704867e-01
 -2.0490493e-01
 -9.7984937e-04
  3.8387738e-02
  4.7842497e-03
  1.8743379e-04
  6.0411759e-02
  4.6295384e-03
 -5.5618189e-02
  6.5429485e-05
  4.2941971e-03
  6.0100745e-02
 -1.4957276e-01
 -9.1324756e-03
 -3.8946647e-02
  5.2936349e-02
  2.2101636e-01
 -1.2059145e-02
 -1.5036601e-02
 -1.7207740e-01
  5.3251716e-03
 -1.0346589e-02
 -1.4881192e-01
 -9.3731336e-02
  1.7687730e-02
 -5.0430620e-01
 -5.0092433e-03
 -1.6070634e-02
 -3.0542305e-02
  3.5359119e-03
  7.1460521e-03
 -3.5645526e-02
  4.7579024e-02
  1.7000689e-01
 -8.7706876e-01
  2.4674430e-01
  7.4665147e-01
  2.0331408e-01
 -8.5557413e-01
  6.4080352e-01
  6.4808381e-01
  2.6114997e-01
 -5.9578186e-01
  5.8760899e-01
 -1.1716438e-02
 -1.3533269e-01
 -3.6672335e-02
 -2.1995720e-03
 -2.5344014e-01
  4.8956126e-01
 -1.3859004e-01
 -1.1406858e-02
  2.2272620e-01
  7.3080271e-01
 -4.4676200e-01
  1.4892514e-01
 -1.8999600e+00
  5.0676238e-02
 -2.2903134e-03
 -6.6173784e-03
 -7.1878844e-01
  2.0118234e-04
 -2.2056168e-01
 -1.9181386e-02
 -1.3232526e-01
 -1.5868634e-02
 -3.5464487e-03
 -2.0749789e-01
 -7.6140061e-02
 -4.9987108e-01
 -3.7892056e-01
 -6.1598648e-03
 -1.8429887e-03
  2.7115557e-02
  1.3792946e-03
  1.3848065e-02
  2.1345867e-03
 -3.2915425e-01
 -1.4863616e-01
 -1.9302049e-01
  6.7899686e-01
 -4.4264713e-01
 -3.3854267e-01
  1.5658413e+00
  7.7320188e-03
 -9.8922849e-02
  6.0307378e-01
  7.1018242e-04
  5.1563140e-02
 -6.4986981e-02
  7.3537380e-03
 -1.0469512e-01
  2.8895695e-02
  8.3662903e-01
  6.2717244e-02
 -2.8587321e-02
 -1.2557499e-02
 -8.6464293e-02
  1.7379513e-01
  2.1759314e-02
  1.0876616e+00
 -1.6976394e-03
  1.0523948e-01
  1.2353142e-01
  5.8760095e-02
  1.7658466e-02
  6.3626808e-01
  1.7577200e-01
  4.8945289e-02
 -1.2656842e-02
 -2.0383887e-02
  1.9721715e-03
  9.9751819e-04
 -2.1683739e-02
 -1.6154503e-02
 -1.0533884e-02
 -4.5643067e-03
  1.0476711e-01
 -5.1561195e-02
  6.1953482e-03
  3.5234850e-02
 -9.9184718e-03
 -7.2391994e-02
 -1.1904784e-02
  2.1880302e-03
 -2.8253894e-02
  1.3961973e-02
  1.2717066e-02
  3.9744661e-03
  7.9825558e-03
 -6.3718945e-02
 -1.3588071e-02
 -2.1784406e-03
  2.5724582e-03
  1.1683634e-02
  5.3414650e-02
  1.6347537e-02
  2.3027120e-02
 -1.6130839e-03
 -4.5219462e-02
 -5.9368415e-03
  1.3441386e-02
  2.3121277e-02
  7.9248389e-03
  2.7486883e-02
  3.3471841e-02
 -1.3444165e-02
 -9.4515467e-03
  4.4624742e-02
  2.1583936e-03
 -9.0747010e-03
  3.3202570e-02
  9.1866218e-03
  3.2480206e-02
 -3.1036560e-03
 -2.4740677e-03
  1.0258996e-01
 -6.4712972e-03
  8.7513421e-03
  3.3897057e-02
 -5.3772423e-03
  1.2139993e-02
  1.4500960e-03
  1.1020837e-02
 -2.4718738e-03
  3.5438198e-03
 -2.1042665e-02
  2.3206290e-02
 -7.4751154e-03
  7.3114473e-01
 -1.3772825e-02
 -1.6797858e-01
  1.1357192e-02
  5.1905517e-02
  4.7779251e-02
 -5.0955573e-03
  3.1777464e-03
  4.0922328e-03
 -5.2209180e-03
  1.2051942e-02
  4.5480862e-02
 -9.0753485e-05
  3.5452034e-02
  9.5322225e-03
 -1.1156553e-02
 -8.7894514e-02
 -3.6693461e-02
  4.3255894e-04
  9.0720123e-03
 -8.2807969e-03
 -3.3306191e-04
  6.0648769e-03
 -2.9482718e-03
  5.1432941e-03
  1.4905579e-02
 -6.0108723e-03
 -2.7238812e-02
 -2.2817317e-02
 -8.3805844e-03
 -1.1650719e-02
  1.1228654e-02
  4.5294710e-02
  2.1118904e-02
  2.8028831e-02
  4.3060586e-02
  3.3201121e-03
  3.9896328e-02
 -1.8196166e-03
 -1.0446283e-02
  7.8169564e-03
  1.7751487e-02
 -3.6352266e-02
 -4.9143896e-02
  1.5298437e-03
 -2.1967187e-04
  9.0605756e-03
 -7.8998841e-02
  3.4892643e-03
  1.3728485e-02
 -1.7794415e-02
 -5.5578239e-02
 -2.4159700e-02
  7.2678151e-03
  7.9632802e-03
  8.2472392e-04
  7.8730337e-02
  6.3707465e-03
  1.6406633e-02
  6.0322337e-02
 -9.8602377e-02
  1.3936111e-03
  3.3610272e-03
 -1.7534215e-02
 -3.3574600e-02
 -2.1204306e-04
  1.5890783e-02
 -7.3553130e-02
 -1.7705224e-02
 -2.4516650e-02
 -3.7571654e-02
  4.0274514e-03
 -2.9220907e-03
  3.2978335e-03
  2.7438521e-02
  1.6958325e-03
 -5.2774642e-03
  7.8624999e-04
  1.1789955e-01
 -6.9497735e-04
 -8.0990568e-03
 -9.6717319e-03
  1.7220542e-02
 -2.2737695e-02
  3.3548176e-03
 -4.1802663e-02
 -4.3083191e-02
  4.5703650e-03
 -3.8603048e-03
 -1.6596075e-02
 -6.5193046e-04
 -5.1700957e-03
  1.5021522e-02
  1.8619357e-02
  3.6299732e-03
  1.4966576e-02
 -3.8700569e-02
 -9.3742153e-03
 -1.6192127e-02
  3.6823456e-03
  1.4999870e-02
  1.9711768e-02
 -6.9703303e-02
 -1.7102001e-02
  2.4123441e-02
 -1.1162312e-02
 -4.1714041e-03
 -3.4311791e-03
 -2.2738518e-02
 -3.0640271e-03
 -4.0795985e-03
  7.6593892e-03
  1.1595005e-02
  8.0088945e-03
 -5.4194149e-02
 -1.4978793e-02
  2.0000635e-02
  1.1158030e-01
  4.1610668e-03
 -5.9149931e-03
 -4.5706779e-03
  4.5365421e-05
 -1.1390028e-02
  1.7533818e-02
  9.6730306e-04
  2.8663434e-02
  2.2402480e-02
  1.4999259e-02
  4.6668407e-01
  3.0987498e-01
 -6.5672304e-04
  6.0734123e-02
  1.1199748e-02
 -7.6577848e-01
 -2.1731575e+00
  1.5766804e+00
  4.6085632e-01
 -1.6634779e-01
 -3.6564004e-04
 -3.7222183e-03
  5.9523433e-04
 -7.6402193e-03
 -1.3839032e-02
 -1.8284973e-02
 -1.3664122e-01
 -1.3025040e-03
  3.0354185e-03
 -1.3481028e-02
 -3.5026786e-04
 -1.1465369e-02
 -1.8104831e-02
 -5.1951921e-01
  2.3508742e-02
  3.1219297e-03
  1.6009971e-02
 -3.9705811e-03
 -4.6887016e-03
  1.1831885e-02
 -6.7192562e-02
  6.9616614e-03
  3.1455196e-02
  2.0849828e-03
 -2.6477145e-02
 -1.9167176e-02
 -9.7593386e-03
 -1.5352087e-02
  1.5207225e-02
 -1.6076982e-03
 -1.3538581e-02
 -1.0280749e-03
  1.9637367e-02
  1.8360782e-02
  1.9270208e-02
 -1.6277083e-04
  2.2736486e-02
  8.8530703e-04
  4.5042895e-02
  6.9033778e-03
 -5.4970246e-02
 -3.4835707e-02
 -3.6259722e-03
 -1.9756321e-02
  2.1278553e-02
 -5.7266061e-03
 -1.1628889e-03
  7.9182312e-03
  4.3286625e-03
  1.1529434e-02
 -1.6033193e-04
  1.2699842e-02
  1.6702348e-02
  2.9749016e-03
 -1.8485854e-03
  1.8524043e-02
  8.7046782e-03
 -4.7265235e-03
  5.8890441e-03
  2.8607489e-03
  1.9065712e-02
  5.3606149e-02
  6.7655304e-03
 -1.8247681e-02
 -4.3083876e-03
  2.5599070e-03
  7.7330731e-03
  4.8157764e-03
  4.0740643e-02
  1.2392254e-02
  6.3214945e-03
 -6.7724469e-03
 -8.5800458e-03
 -4.5065819e-03
 -3.7615909e-04
 -7.4785069e-02
 -2.8633010e-03
 -6.4946478e-05
  4.6845612e-01
 -3.6886701e-01
 -2.1543227e-01
 -3.2968846e-01
 -1.7176989e-02
 -2.5867322e-01
  3.8895485e-01
  3.7284273e-01
 -1.2934564e-01
  7.9543620e-01
 -1.6371656e-02
  1.3307525e-02
 -3.2256136e-03
  1.1365297e-01
  4.1129053e-02
  3.9375383e-02
 -3.8820320e-01
  6.1987746e-01
  1.5486361e-02
  3.3399500e-03
 -1.1689374e+00
  4.8017271e-02
  2.4306013e-01
 -1.6280630e-01
  7.9436845e-04
 -5.1081320e-03
  6.5752260e-02
  5.4573920e-03
  9.0536606e-03
 -2.2744228e-01
 -1.1345960e-02
  3.3673479e-03
  4.1000899e-03
 -3.4391338e-03
  7.9782352e-02
  1.1208417e-02
 -1.1077359e-01
 -8.0367154e-04
 -1.9633472e-02
 -4.8846877e-03
  4.1687307e-03
  1.3620072e-02
  7.4013099e-02
  8.6338958e-03
 -4.3683075e-03
  1.3346833e-02
  4.3072201e-02
  5.9142951e-03
  4.6394831e-03
 -4.8012487e-04
 -8.4791355e-02
  1.7439164e-02
  3.0240642e-02
  6.9077462e-03
 -1.9779578e-02
  7.3826551e-03
  1.3539727e-02
 -3.1596050e-03
 -1.6459197e-02
  1.9177364e-02
 -5.3731266e-02
 -1.8252544e-03
 -1.0681060e-02
 -2.3074435e-02
 -5.0044902e-02
 -1.2573875e-03
 -4.1776965e-03
 -7.5708628e-02
 -2.3091681e-02
 -3.6449956e-03
  1.9264756e-02
  2.8013466e-03
 -4.4979867e-02
  2.8078952e-01
  2.1377421e-04
  4.2730416e-03
 -8.1846826e-03
  5.7461788e-03
 -8.3954493e-03
 -2.1240206e-02
  1.0298224e-02
 -2.3770884e-02
  1.0394594e-02
  7.7667334e-03
  3.6285639e-02
  5.6927721e-04
  1.4377789e-02
  2.8896883e-02
 -1.6891398e+00
 -4.5404097e-01
 -6.1723050e-03
 -8.2027626e-01
  2.1667557e-02
  1.5748687e+00
  4.1246572e-01
  4.8581217e-03
  1.0621352e-01
  1.9989934e-02
  3.5894748e-03
  3.9247462e-01
 -1.1393036e-02
  4.8073852e-01
  2.5221768e-01
 -2.2172183e-03
 -6.5004861e-01
 -5.1047617e-01
  3.1186742e-01
  5.9649843e-01
  5.4834867e-01
  6.5056813e-01
  4.9491805e-01
 -9.6075796e-02
  1.7500818e-03
 -4.3117991e-01
 -3.0423591e-01
  1.6426606e-02
  3.8200254e-03
  6.0778749e-01
  1.0021880e-02
  2.1396305e-02
  1.6540188e-02
  5.5954772e-01
  1.8909034e-01
  6.4544582e-01
  1.4884083e-01
  4.5918770e-02
 -9.4920322e-03
 -1.7329017e-03
 -1.0989775e-02
  1.7553803e-02
  1.6655475e-02
 -2.8475532e-03
  6.9705555e-03
  3.2513700e-03
  2.6331483e-03
 -1.2171304e-02
  1.5172895e-02
  4.8745796e-03
  1.9692590e-03
  4.9790163e-02
 -1.5750045e-02
 -3.1869814e-02
 -2.0208538e-02
 -4.0332828e-02
  2.7933298e-02
 -1.3482035e-02
 -9.0234075e-03
 -9.2924517e-03
 -1.9311914e-02
 -1.9985791e-03
  2.3718836e-02
  2.6998357e-03
 -4.1699804e-02
  2.2547495e-02
  3.9303019e-03
 -4.8803538e-02
  9.0660639e-03
  5.6273425e-03
  5.8554830e-03
  2.3547895e-02
  1.2147783e-02
  6.1415336e-03
 -2.3717973e-03
 -1.2992655e-03
  3.0987818e-02
 -7.0781475e-03
 -1.6612532e-03
  3.6331348e-03
 -3.6995801e-01
  2.6486898e-02
  1.5258071e-02
 -3.3021243e-03
 -9.4905728e-03
 -3.8728811e-02
 -1.8189115e-02
  8.5547436e-03
 -4.0101266e-01
 -8.2244024e-02
  3.4203440e-01
  2.7659137e-02
  1.9152787e-01
 -1.6210327e-01
  7.8722191e-01
  2.9630280e-01
 -4.5887977e-01
  5.2384514e-01
 -1.0117120e-01
  4.1688657e-01
 -3.6489887e-03
 -1.1515528e-01
  2.9139249e-02
  7.5185478e-01
  5.6113356e-01
  1.1576074e-01
  1.4492495e-03
 -1.0115958e-02
 -1.3366807e-01
  1.6578548e-01
  5.9123136e-02
 -3.0879763e-01
  9.6239902e-02
  1.4774281e-01
 -8.5544931e-03
  5.1945173e-03
  2.7351230e-01
  2.2508319e-01
 -2.7802175e-01
  1.4168355e-01
  1.9917481e-02
  1.0835594e-02
  3.1002218e-01
  2.4606775e-01
  1.2503141e-01
  9.8246589e-02
 -1.9661495e-01
  2.9915222e-04
 -7.8987060e-03
 -1.0897590e-01
 -4.1307587e-02
  2.0497946e-01
 -6.0096198e-01
 -3.3957222e-01
  3.0121198e-02
  4.6051607e-02
  3.5737533e-02
  1.0108360e-02
  2.5765580e-01
  3.3733316e-02
 -8.9980708e-03
 -3.7236103e-01
 -3.5212684e-01
 -5.2544141e-01
  1.1989278e-01
  1.3144431e-01
 -3.7320101e-01
  7.7939183e-02
  2.4437445e-01
 -1.7461009e-01
 -2.8136963e-01
  1.7215285e-02
 -4.4093858e-02
 -7.9304475e-01
 -6.0339516e-01
  1.6882455e-02
 -3.0163813e-01
  3.3598500e-01
 -1.2373026e-02
 -2.6187885e-01
 -1.0201913e+00
  1.6319516e-01
  1.6140905e-01
 -3.6575434e-01
  2.4056557e-01
 -1.7399694e-01
 -2.6360053e-01
 -4.4421202e-01
 -1.0480626e-02
 -4.1819837e-02
  2.5209951e-01
 -5.0559891e-03
  4.6834789e-02
  2.2608186e-01
  4.9202978e-03
 -1.7364696e-01
  5.3451264e-01
  1.4014156e+00
  1.2592351e+00
 -4.7304201e-01
 -1.2047445e+00
 -2.2937647e-01
  3.6305079e-01
  9.4624305e-01
  2.1696819e-01
 -8.2571620e-01
 -1.8877526e-01
 -6.9917873e-02
  2.6661240e-02
  1.7565986e-02
 -3.2915023e-01
  5.4245628e-02
 -3.5331586e-01
  2.0843840e-03
 -3.6127757e-02
 -1.9494104e-01
 -1.1614379e+00
 -1.1720108e-01
 -3.0353841e-01
  8.3828133e-01
 -3.3082403e-02
  4.0231543e-03
 -5.0893232e-02
 -6.1153147e-02
 -3.6169665e-03
  8.8458359e-02
 -2.0268884e-02
 -1.8805826e-02
 -5.5962908e-03
 -1.5788138e-02
 -2.5282568e-01
  2.0541826e-02
  1.1590014e-01
 -1.1500292e-01
  4.1346326e-02
  9.0460191e-03
 -1.9981308e-02
  1.9750992e-02
  3.8174789e-03
 -1.8345257e-03
 -4.7519177e-01
  1.1482999e-01
  2.7017596e-01
 -1.7790692e-01
  2.9944676e-01
 -5.7167161e-01
  3.2738215e-01
 -1.0630141e-02
  3.9370525e-01
 -6.4789855e-01
 -1.2219523e-02
 -4.1212010e-01
  8.7292417e-04
 -4.7392538e-03
 -2.7626103e-01
 -5.5799328e-02
  2.2099808e-02
 -1.6044737e-01
 -1.3821345e-02
 -4.1391272e-02
 -2.9000595e-02
 -1.5090230e-01
 -2.1740334e-01
 -2.0007415e-01
 -4.8783019e-01
  3.9443746e-02
 -2.2855534e-01
 -2.9421043e-02
 -5.1739369e-02
 -1.8217011e-01
 -1.7608071e-02
 -1.0195451e-01
 -6.5023354e-03
 -5.4733291e-02
 -4.7477421e-01
 -3.8580501e-01
 -1.4335073e-02
 -3.0226362e-01
  2.8442010e-02
 -3.9743017e-02
 -2.0415594e-01
  1.4543782e-01
  9.0225331e-02
  3.3330924e-03
  3.6382061e-01
 -6.0210699e-01
  1.2332404e-02
  1.8494233e-01
 -1.2269432e-03
  1.3717886e-02
  7.5937301e-02
  2.1639977e-02
  7.2098708e-01
  6.9340155e-03
 -7.7225235e-03
 -5.1848856e-03
  2.8846117e-02
  1.8968447e-03
 -5.0227558e-03
 -9.5239282e-04
 -1.9531285e-02
  2.4510892e-03
 -2.2477673e-02
  1.3930311e-02
 -1.0816696e-03
  4.3241335e-03
  1.0661618e-02
  4.3540588e-03
 -2.6772916e-03
 -7.6687641e-02
 -6.9285128e-03
 -1.1080047e-01
 -7.9447618e-03
 -2.7053015e-02
 -1.2386677e-02
  5.1274495e-03
 -3.4726355e-02
  2.6976820e-02
 -1.5513795e-02
 -3.5074845e-02
  1.4087355e-02
  1.2105058e-03
 -6.5919748e-03
 -6.4859586e-04
  2.1864822e-02
 -1.1524937e-02
  1.7971382e-02
 -8.0481991e-03
  2.4815040e-02
 -1.1703970e-03
 -9.6996641e-04
  2.2442110e-03
  1.8430692e-01
  3.3459682e-02
  1.5919890e-02
 -9.0678111e-03
  2.5698924e-02
 -1.0522895e-02
  3.9814554e-02
 -3.2658968e-02
 -1.6652042e-02
  7.9848524e-04
  1.5181457e-03
  9.3715163e-03
 -1.8401107e-02
  4.1687656e-03
 -4.3705419e-02
 -1.1977107e-02
 -1.5110620e-02
 -7.5715408e-02
 -9.2444737e-03
  9.7413938e-03
 -2.4307122e-02
 -4.3357659e-02
 -9.6955471e-02
  2.6390834e-03
 -5.5802654e-02
 -2.9657958e-03
 -2.8145095e-02
 -1.7066220e-02
 -6.2728641e-03
  2.9682547e-02
 -5.9724157e-04
  1.1759394e-02
  3.6090447e-03
  4.8230179e-03
 -7.6432019e-03
 -2.4783446e-02
  1.5655942e-02
 -9.9382503e-03
  7.7647511e-03
  8.6987592e-02
  4.3836603e-01
 -7.4723095e-04
  4.3393523e-03
  5.5507198e-02
  3.9860192e-01
  1.7703661e-01
  3.4083679e-02
 -2.0940496e-02
  2.2907164e-02
  6.1241720e-02
  1.1312696e-01
  6.0968250e-02
 -5.0090041e-02
  3.8557569e-03
  1.2683176e-01
 -1.5363656e-03
 -1.0114567e-01
  1.5595712e-01
 -1.9369323e-03
 -2.1093141e-02
 -1.5603037e-02
  4.4041649e-03
  2.7479598e-01
  5.2031107e-02
  1.0359249e-01
 -1.6450512e-01
  6.4146578e-01
  3.5958660e-01
  4.9644976e-04
  2.3436931e-01
 -6.6890148e-03
 -1.9016303e-02
 -7.0215389e-02
  5.2640024e-03
  1.0369223e-01
 -8.6871106e-03
 -1.6888306e-01
 -1.3677177e-01
 -1.9463196e-02
 -5.3815842e-01
  8.9155436e-03
 -1.2959391e-02
  1.5562795e-02
  1.9786637e-02
 -3.3497484e-04
  2.6572486e-02
  7.8389430e-03
 -9.8551798e-01
 -4.7880876e-01
 -6.2197144e-04
  1.2309389e+00
  3.3354830e-02
  5.7843335e-02
  1.0340189e-01
  2.9505729e-03
 -1.4460109e-03
  2.2603650e-02
  1.0990123e-01
  5.9610410e-03
  1.9064371e-02
 -1.2228820e-01
  8.2288636e-03
  1.9179347e-03
 -1.9842017e-02
  6.4301461e-01
  2.7124865e-02
 -4.2870280e-01
 -7.7474222e-02
 -1.1440855e-02
  6.1503281e-03
 -8.1000161e-01
  3.0562163e-03
  1.6159065e-01
 -2.2604921e-01
 -1.0054909e-01
  3.2471962e-02
  1.4845230e-02
 -6.3213585e-03
 -2.3553334e-04
  1.1755243e-02
  2.6622636e-02
  2.9627439e-02
  1.1429730e-02
 -1.1948097e-02
  7.4301371e-03
 -1.2888283e-02
 -2.0276546e-02
  2.7944067e-02
 -1.0705023e-02
  5.0528906e-03
 -4.5731488e-01
 -3.4399053e-01
  9.8807193e-02
  7.0565827e-02
 -2.2901520e-01
 -2.6960894e-01
  6.7418534e-03
  2.1972385e-01
  1.9087305e-02
 -8.6023724e-03
 -8.3537372e-03
  1.8897086e-02
  1.0431733e-02
  5.7665231e-03
 -1.6846383e-02
 -1.0718064e-02
  4.3215128e-03
  1.9357788e-03
  3.7027817e-02
  7.7911103e-03
  2.4217984e-01
 -6.2423986e-03
  3.3860546e-02
  1.5426031e-02
 -1.2054427e-02
  7.1859658e-03
  3.7082344e-02
  1.1546212e-01
  3.8405724e-02
  9.1070514e-03
  3.3792085e-04
 -1.3065376e-02
  1.0727149e-02
  2.8325384e-03
 -2.7925717e-03
  2.5260348e-03
 -4.3197168e-04
 -6.9374871e-03
 -2.6423821e-02
  9.8435988e-04
 -7.0584305e-03
  1.2871624e-02
 -2.5241536e-01
  2.9969761e-02
 -7.9964995e-03
  6.6291192e-04
  1.4732582e-03
  2.9552469e-02
  5.3720459e-02
  9.4331056e-04
  2.0179167e-02
 -8.3629489e-03
  1.0299683e-02
  7.1641371e-02
  1.0322206e-02
 -4.6753720e-03
 -2.7865593e-03
  2.0687707e-02
  2.6938425e-02
  1.3096109e-02
 -1.5158396e-02
  1.8514257e-02
 -1.3633886e-02
 -2.1602487e-02
  7.9155797e-03
 -2.7544033e-02
 -3.1882647e-02
 -5.4274099e-03
 -2.0035211e-02
  2.1732859e-02
 -6.8683825e-03
  6.6995984e-03
  7.2440680e-04
  3.4817075e-04
 -1.4185905e-02
 -1.8665932e-02
 -1.2876915e-02
  3.1547113e-03
  3.8871071e-03
  5.4475488e-03
  1.5805995e-02
  2.7113152e-03
  5.7888860e-03
  2.3384843e-02
 -2.7418891e-02
  1.2089446e-02
 -1.8155284e-02
  5.9194904e-02
  9.1873825e-02
  4.0825129e-02
  2.4376463e-02
  1.5236937e-02
 -1.0988282e+00
 -4.2633957e-01
  8.4368192e-02
  5.4801349e-02
 -4.7716469e-02
  4.3240520e-03
  4.4769142e-05
  3.5432734e-02
  2.9565852e-02
 -9.4975242e-03
 -4.2850846e-01
  3.3418413e-02
  6.4405901e-03
 -3.6355656e-02
 -7.3502816e-02
  2.2887429e-03
  1.5197606e-03
  3.2552883e-02
 -2.5886182e-02
 -6.2798406e-03
  1.5563137e-02
 -1.7843809e-02
 -1.7071690e-03
  3.5813753e-02
 -3.4312883e-03
 -5.0506890e-03
  2.3778899e-02
  2.4971301e-03
 -9.6030654e-03
  5.7242629e-03
 -9.6759675e-03
  2.7140868e-03
 -2.9048180e-02
  1.3451633e-03
 -8.5440520e-03
 -5.4511361e-02
 -8.3318800e-03
  2.6188362e-03
  2.3625135e-01
  1.7787579e-01
  3.1584483e-01
  1.6722170e+00
 -8.4425569e-02
 -4.3706080e-01
 -1.3391882e-01
 -1.7188201e+00
 -2.3926850e-01
  2.0592417e-01
  1.5297282e-01
  5.3346034e-02
  1.4177155e-02
  1.6758583e-01
  2.7248737e-01
 -7.2785694e-04
  5.1789168e-02
  2.5143400e-01
 -2.1126929e-01
  2.1652542e-01
 -1.9454461e-02
 -1.6551787e-02
 -2.9595223e-01
 -2.5496382e-01
  9.1449000e-02
 -9.8981671e-02
 -3.2793473e-02
 -1.0449206e-02
  1.9533774e-01
 -1.3172518e-01
  9.2108428e-02
 -1.2848040e-03
  1.1554843e-02
 -7.2731316e-05
  6.0383640e-03
  8.0743633e-02
 -2.7179590e-01
  1.5921982e-02
  2.8567592e-02
  1.3072453e-02
  1.0788525e-02
  1.7453592e-02
 -7.8121871e-03
  1.9610244e-01
 -1.2224970e-02
 -1.8847330e-02
  2.2685874e-02
 -9.6097561e-03
  5.9626549e-03
  6.3849473e-03
 -2.2392066e-02
 -2.3069617e-03
 -4.6349419e-03
 -1.3302135e-02
 -8.4711807e-03
  1.0670292e-02
 -1.0393605e-02
  1.6434751e-02
 -7.7816453e-03
 -8.7892562e-03
 -2.4932232e-02
 -7.8337099e-03
  2.6459094e-02
 -1.2588900e-04
 -1.7660197e-03
  1.3200659e-02
 -1.2583449e-02
  1.6658811e-02
 -1.6968368e-01
  9.5787374e-03
  3.1980041e-02
 -2.6031958e-03
 -5.8914251e-03
 -1.4094470e-02
  2.5184094e-03
  6.1884336e-03
  2.1930558e-03
  7.3073590e-03
 -8.2081566e-03
  2.8617023e-03
 -1.7364467e-02
  2.1523046e-03
 -2.9235918e-02
  9.5485314e-04
 -1.1585993e-02
 -2.0071603e-03
 -1.1654547e-04
  1.4865197e-01
 -1.6250558e-02
  7.0730485e-02
  4.0078264e-02
 -4.0816902e-03
 -5.1506132e-02
 -1.8415712e-02
  1.3108702e-01
  4.3744072e-03
  7.7143344e-03
 -1.7494913e-02
 -2.2291834e-02
 -3.1277989e-03
  3.7653454e-02
  1.1137920e-02
 -4.3315388e-02
  7.1030818e-03
 -7.9320539e-03
 -1.3576450e-02
 -1.5004510e-02
  1.2636635e-02
 -4.8003080e-03
 -7.7891620e-03
 -2.9618694e-02
 -1.4896653e-02
 -2.6667373e-02
 -1.5067640e-02
 -1.1429793e-03
  5.1784585e-03
 -4.8712336e-02
  9.1381006e-02
  1.4633710e-02
 -1.0071462e-02
 -1.4095856e-02
  1.6916493e-02
 -3.7360899e-02
  8.0073979e-03
  6.1966968e-04
 -1.1899430e-02
  3.6174051e-02
  9.4120074e-03
 -1.1812112e-03
 -3.4278467e-02
 -1.9598989e-02
  1.6050339e-02
  3.5515040e-01
  2.1391401e-02
 -4.5538157e-02
  8.1129014e-02
  2.7124151e-03
 -4.0219951e-02
  2.9319453e-01
  2.1755296e-01
  4.2722392e-01
  2.9807848e-01
 -1.5466965e-02
 -2.5584497e-02
 -7.2433040e-02
  2.8547901e-04
 -2.5393853e-02
 -4.2951517e-03
  3.3766699e-01
 -3.5697948e-02
  3.4820749e-03
  5.1566577e-03
  2.6645279e-03
 -3.3433720e-02
  1.9937493e-03
 -6.5513685e-02
  2.1689771e-02
 -3.3532478e-02
 -5.0940227e-02
 -4.5238290e-02
 -1.1118187e-02
 -1.7256919e-02
  3.3737384e-02
 -1.1401819e-03
  3.6638593e-03
 -5.0169807e-02
  9.0099592e-03
  3.3289699e-03
  6.6436365e-02
  1.6467588e-04
 -5.5872969e-02
  1.8487025e-02
  1.9375384e-02
  2.8750597e-02
  5.2963048e-03
  4.2251352e-02
 -2.8335785e-02
  4.4657238e-02
  3.0397642e-03
 -1.3405748e-03
  2.1166446e-02
  9.2822229e-03
  3.0768496e-01
  9.8173572e-03
 -1.4321651e-02
 -1.3271127e-02
 -1.3576401e-03
 -2.8709918e-03
 -1.6940293e-01
  6.3573956e-02
 -2.2418901e-02
 -2.9338088e-02
 -1.7823102e-02
 -5.5504657e-02
 -1.2443507e-02
  1.5324291e-02
  1.2083331e-01
  2.4788452e-03
 -9.5216513e-02
 -1.1399968e-02
  1.0277078e-02
  5.9337602e-03
  3.7660697e-03
  7.7896090e-03
  4.0710391e-03
 -5.2924260e-02
 -4.1601947e-03
  1.0110401e-02
 -1.7733859e-02
 -5.0386117e-04
 -1.7341061e-03
 -1.2661273e-02
 -1.1107619e-02
  2.2688314e-02
  1.0220660e-02
  1.0256097e-04
  7.0076860e-03
 -8.4517077e-03
  2.2414893e-02
 -1.1174178e-02
 -2.2396250e-02
  1.1766179e-02
 -5.2659372e-03
  3.6541549e-03
  1.4735548e-02
 -6.8305796e-03
  2.8533788e-02
  3.5698528e-03
 -7.7549322e-03
 -1.0242168e-02
  7.3795868e-03
  7.5396858e-03
 -3.7067293e-03
  7.4704280e-03
  2.4581956e-02
 -1.3985326e-02
 -2.3348559e-02
  3.6189095e-03
  7.3520049e-02
 -1.3815790e-02
  6.2618530e-03
  4.8364565e-04
  2.0722305e-02
  5.1843165e-04
  9.3540717e-03
  8.1016077e-03
  3.1862412e-02
  4.1204584e-03
 -1.0140913e-03
 -8.1161037e-05
  1.4634497e-03
  1.4463265e-02
  1.3414213e-02
 -2.1825148e-02
 -2.8195407e-04
  3.0646659e-02
 -3.9262604e-03
  9.0592979e-03
  3.1012055e-02
  8.0402698e-03
  5.4740964e-04
  5.2056545e-03
 -7.4622035e-04
  2.7824653e-02
 -1.2759876e+00
  7.5853974e-02
  3.6970836e-03
  5.9035186e-02
 -1.6974274e-02
 -1.4513959e-02
  1.8197192e-02
  3.5812840e-02
  8.9722257e-03
  2.5475603e-02
  1.5442451e-03
  1.3284094e-03
 -3.0159773e-02
 -5.8010500e-03
 -4.5505138e-03
 -1.8297544e-03
  8.0482976e-04
 -4.8656520e-03
 -2.7929265e-03
 -1.7584768e-03
 -1.3908662e-01
 -2.1553453e-02
 -3.7251655e-03
 -8.4239841e-03
  1.6435079e-02
 -5.7450198e-03
 -8.0674272e-03
  2.3903187e-02
 -1.1850706e-02
 -1.0364098e-02
 -1.9651875e-02
 -8.7929396e-03
  4.6853432e-03
  9.8385569e-04
  1.9493494e-02
 -1.1575953e-03
  9.1300076e-03
 -5.9117628e-03
 -2.3060504e-02
  8.5829422e-03
 -1.4321198e-02
 -2.6906779e-02
  1.8973453e-03
 -1.0285852e-02
  1.5801871e-02
 -1.0133186e-02
 -5.2654063e-03
  1.9340101e-03
  1.2743482e-02
  9.0257572e-03
  1.6072659e-02
 -2.8570954e-02
 -3.5865181e-03
 -8.2243420e-03
  1.0941390e-02
  9.6121663e-03
 -4.0017638e-02
  4.1180898e-02
  3.1025913e-03
 -5.8079269e-02
 -7.3000940e-04
 -7.3941476e-03
  2.4093784e-02
 -1.2181903e-02
  6.5332502e-02
 -3.8676135e-02
  2.4374912e-02
 -6.2130582e-02
  1.1511467e-02
  5.6207068e-03
  4.3460294e-03
 -6.4753606e-03
  1.0479057e-02
  1.6834583e-02
 -1.7065011e-03
 -6.6384869e-03
 -1.6530471e-02
 -6.3983336e-02
 -9.0732781e-04
 -7.0037376e-03
 -3.7348301e-03
 -4.0490548e-03
 -1.9659901e-02
 -1.5205529e-02
  1.0287454e-02
  6.0734211e-04
 -1.2659395e-01
 -1.3907108e-02
  5.6368768e-01
  1.0857970e-01
  1.3612916e+00
 -1.4685585e-01
  1.2015020e-01
  1.0373198e-01
 -1.1139035e+00
 -3.0187929e-01
  6.0571766e-01
  1.3395469e+00
  4.0433082e-01
  2.8167206e-01
 -8.6649070e-03
  1.7459224e+00
  2.9253137e-01
 -1.7359165e+00
  1.9900884e-01
 -3.5914829e-01
 -2.1982950e-01
  2.1008922e-01
  1.0384513e+00
  7.0678270e-01
  7.6664215e-01
  8.6147070e-01
  7.2289273e-02
 -2.2246142e-01
  9.9741048e-01
  1.3521323e+00
  4.2830229e-01
 -4.8159131e-01
  4.1061348e-01
 -1.2997018e-02
  1.0553088e-01
  7.4037743e-01
  6.4671683e-01
  3.4864572e-01
 -4.1507396e-01
 -1.7998756e-01
 -2.5387964e-01
 -8.7413276e-03
  3.1442049e-01
  1.6932112e-01
 -4.0184390e-02
  1.5597554e-01
 -2.0864475e-01
  8.5931933e-01
 -4.3876928e-01
  1.4796531e-01
 -6.2389672e-03
 -2.7551225e-01
 -6.1376160e-01
  1.9152231e-03
  7.4623293e-01
 -9.6055143e-02
 -1.1384074e-02
  2.8606290e-03
 -1.6332711e-03
  1.1033463e+00
 -1.1556242e-02
 -7.0850994e-03
 -8.3167246e-03
 -5.4370467e-02
 -5.8399832e-01
 -1.3718138e+00
  1.6108956e-02
 -4.7003131e-02
  3.4291537e-03
  1.1233255e-02
  1.4691895e+00
  1.9509936e-02
 -1.5312330e-01
  1.3458624e-01
  1.3186078e+00
 -2.2387847e-02
  3.4261873e-01
  1.5706182e-02
 -2.2654873e-01
  5.7139301e-01
  5.2767701e-02
 -4.7736447e-03
  3.9041972e-01
 -3.3952937e-01
  3.0031786e-04
 -9.5860790e-03
 -2.1846648e-01
  1.2209131e+00
  1.6979943e-01
  1.3974617e-02
  4.4936949e-01
 -1.5674332e-03
  5.8969874e-03
 -8.2162338e-01
 -8.3669890e-03
  2.6852300e+00
  2.4696517e+00
 -1.9427944e+00
  3.1131476e-01
 -1.5964280e-01
 -7.3252604e-03
 -5.1776238e-02
 -2.2981331e-01
  2.8337222e-03
  9.3574518e-01
 -6.8764925e-02
  5.6665973e-03
 -5.1392835e-02
  5.5882473e-02
  6.9012821e-01
  9.8481327e-02
 -6.3801937e-02
  2.8818106e-02
  8.2319820e-01
 -3.4895608e-01
  1.8273571e-01
  6.4544487e-03
 -6.0887132e-02
 -8.0225997e-02
  2.0479878e-02
 -7.0527956e-02
  9.7116269e-02
  2.3187618e-01
 -1.4210676e-01
  3.1802201e-01
 -3.8781390e-02
  1.2677786e+00
 -7.8397644e-01
 -2.3929915e-01
 -8.1855881e-01
 -1.5023609e-01
  1.0093750e-02
  4.4350708e-01
  1.7124526e-01
  2.2677460e-01
 -1.4011876e-02
  7.5627548e-01
  5.9850264e-01
  1.9494807e-03
 -1.1712780e-01
 -5.2668554e-01
 -2.6726218e-02
  3.1608760e-02
 -1.5774845e-01
  1.7835394e-02
  7.0510548e-01
  8.2576545e-03
  1.6312348e-02
  5.4410566e-03
 -8.6951704e-04
  1.4641837e-02
 -1.8320542e-02
 -1.4548458e-02
  6.5101907e-02
  1.5121682e-01
  9.1086114e-03
  1.9272337e-02
  2.9298305e-03
  1.7812122e-03
 -1.9913271e-02
 -2.3481421e-02
  1.0202833e-02
 -3.1475473e-02
  2.0537702e-02
  3.5235158e-03
  2.8538725e-03
  9.3338760e-03
  8.9100143e-03
 -2.3033021e-03
  2.8410200e-02
 -2.8478937e-02
  4.6303151e-03
 -1.7425403e-02
  9.8340642e-03
 -4.5236731e-03
 -1.2570485e-02
 -6.1942632e-03
  2.3466819e-03
 -2.6083719e-03
  4.1834813e-02
  3.9027531e-02
 -3.7335681e-03
 -3.9084293e-02
 -2.4644431e-02
 -3.9423168e-02
 -2.3629125e-02
 -1.2814999e-03
  7.6973615e-03
  3.1644020e-02
  9.6791396e-03
  3.9093070e-02
  9.7089391e-03
 -4.5961896e-03
 -2.9051718e-01
 -1.8683912e-02
  6.6057704e-03
 -6.0552312e-03
  1.5965621e-03
  6.6028617e-02
  9.6714431e-03
  5.9047975e-03
  1.5088938e-02
  6.3704792e-06
 -6.3493853e-03
 -1.2090252e-01
  2.4649897e-05
  4.5902366e-03
 -4.3311170e-03
 -5.2037961e-03
  3.5989392e-03
 -4.0830891e-03
  2.5793087e-02
 -3.0966527e-03
  1.8778840e-02
  2.7941279e-03
  5.0234482e-02
 -4.2656926e-03
 -4.1829026e-04
  4.0547019e-03
  3.6018481e-03
 -1.8424749e-02
  2.5389723e-03
 -1.2082476e-03
 -4.9002529e-03
 -2.4469728e-03
  1.6584530e-02
 -4.9444418e-03
 -1.4995887e-02
 -1.3111404e-03
  1.7148536e-04
  1.7161724e-03
 -2.0279644e-02
 -2.2393514e-03
 -1.6076982e-02
 -4.5876437e-01
  2.4132650e-02
 -2.1058381e-02
 -1.1257250e-01
 -5.5879599e-01
  7.2006591e-02
 -1.7593448e-01
 -3.6927897e-02
 -8.1040835e-01
 -5.9153512e-02
 -1.3393582e-01
 -9.6833222e-02
  8.4364966e-02
 -3.8464975e-01
  1.8034470e-01
  3.7394547e-01
 -3.3352189e-02
  4.8479037e-03
  4.8245257e-03
 -1.4407710e-02
 -7.3712736e-02
 -5.1586211e-01
 -1.4615625e-01
 -6.6306842e-03
 -1.5379386e-01
  1.3119762e-02
  3.9390754e-03
 -2.5610691e-02
  1.2271861e-01
  2.8914523e-01
  3.4191899e-02
 -1.9328341e-02
  9.6484795e-02
 -2.1090683e-02
 -3.3369165e-02
  1.2742671e-03
 -1.9428076e-02
  1.5399051e-03
  4.8029963e-03
 -5.1250895e-03
  9.1147386e-03
  4.8682503e-03
 -5.4518590e-03
 -1.3066716e-01
  8.0040246e-02
  1.6059425e-02
 -1.1905551e-02
  2.7374936e-02
  1.6636258e-02
  6.3184290e-03
  3.9928857e-02
 -1.6887283e-01
 -3.8741075e-02
 -1.2457593e-02
  1.6461866e-02
 -5.3067777e-02
  1.5757736e-02
 -7.7620260e-03
 -4.1083624e-03
  5.3171474e-02
 -1.0642517e-02
  1.5330208e-02
 -4.6974234e-03
  3.3506103e-02
 -9.8263603e-03
  3.9094323e-03
  1.0349346e-02
  7.9504587e-04
  1.3596927e-02
 -2.0749563e-02
 -4.4006054e-04
  3.7913460e-03
  3.1266459e-03
 -6.0910475e-03
 -2.4560524e-02
 -3.0029775e-03
 -2.3171140e-02
 -5.9081498e-04
 -3.8340192e-02
 -4.5151349e-02
  2.8272674e-03
 -2.2026783e-02
  2.7081785e-03
 -9.3786297e-03
  9.9253852e-04
  1.4299711e-02
 -2.8162738e-03
  2.4187785e-01
  3.1672012e-02
  1.0073641e-03
  4.0897395e-02
  7.9605980e-03
 -4.6785893e-03
 -2.8262404e-04
 -8.5048773e-04
 -2.3496401e-04
 -8.2543153e-01
  1.5113863e-02
  7.4091591e-02
  1.1340844e-02
 -2.9091878e-02
  7.7710904e-02
 -2.1524891e-02
 -1.2683957e-02
 -2.0118551e-02
  5.5180630e-03
  1.2677716e-02
  1.5262419e-02
 -1.6937880e-03
 -1.8292261e-02
 -4.5060492e-03
  9.0357773e-03
  1.4436462e-02
 -2.0582512e-02
 -4.0511843e-03
  2.6415527e-02
 -3.7906043e-02
  1.8289765e-02
  1.3869080e-01
 -6.1561917e-03
  1.9743729e-02
 -2.0225432e-02
  3.6719653e-03
  3.9917226e-03
 -5.2678913e-02
  1.5626939e-02
  1.1663371e-02
  2.5119130e-02
 -1.4252303e-03
 -1.3803652e-02
 -1.5273664e-02
  1.0465570e-02
  1.6306649e+00
  2.8704560e-01
  3.5731095e-01
 -6.3698751e-01
  9.8776859e-01
 -9.6033609e-01
  2.2121653e-01
 -8.6058569e-01
 -8.2098788e-01
  7.4099112e-01
  9.4423719e-02
  2.5872844e-03
  6.9818121e-01
 -3.7580875e-01
  2.5562909e-01
  1.8099843e-01
 -3.3795461e-04
 -9.3609512e-01
  2.9701483e-01
  1.6027291e-01
 -4.7662550e-01
  1.5373252e-01
  1.0224133e+00
  9.6254852e-03
 -6.3861620e-01
  5.4121292e-01
  6.1802208e-01
 -4.9497235e-01
  5.4958448e-02
 -6.3357837e-02
 -1.2459788e-01
 -3.1831527e-01
 -1.0730159e-01
  6.9600947e-02
 -1.1549618e-02
  1.0439843e-01
 -1.3546790e-01
 -6.4162966e-03
  3.6745924e-01
 -5.8007527e-02
  1.8264935e-03
 -4.7104411e-02
 -2.9030444e-02
  3.0797660e-01
  9.1071866e-02
 -9.9475071e-02
 -3.3968646e-02
 -8.9590818e-02
 -1.1259609e-02
  4.5867164e-02
 -2.4227384e-01
  8.6364388e-02
 -1.0839161e-01
 -5.7835765e-02
 -1.7976440e-02
  6.3512726e-03
 -1.5447913e-02
 -1.8286997e-03
 -5.1367857e-02
 -6.8313652e-01
 -5.9006751e-02
 -4.4185207e-03
  3.0380201e-03
  4.8384029e-02
 -1.4412856e-02
  1.9401308e-02
  5.6275195e-03
 -7.0805892e-02
 -9.0092076e-03
  2.1723521e-01
 -2.3239540e-02
 -5.2723908e-03
  4.6447727e-01
  4.2369673e-03
  2.2524897e-02
 -3.4849618e-03
  9.6955774e-03
  9.6312743e-03
  3.6875498e-03
  2.4295726e-01
  7.8146324e-02
  2.6090669e-02
 -2.4819296e-02
  2.4706382e-02
  1.8273667e-02
 -1.4224077e-02
  2.5955416e-02
 -3.2673988e-02
  7.7924663e-01
  5.8977801e-01
 -1.2109096e-01
 -7.3281127e-01
  1.5956740e+00
 -1.5842011e+00
  2.7446520e-01
 -1.7654554e+00
 -1.0981841e-01
  1.2071584e-02
 -5.0700381e-02
  8.8932244e-03
  2.3560806e-01
  1.5003009e-02
 -1.9526680e+00
  6.5190089e-01
 -4.5873262e-02
 -6.4014119e-01
  5.7596890e-03
  3.2632206e-02
 -4.4437997e-02
 -3.1352440e-01
  6.6060072e-01
 -3.8215168e-02
 -2.4302711e-01
  5.4385588e-02
  2.3975953e-01
 -2.8027510e-02
 -9.9662095e-01
  2.0453651e-01
 -7.5774677e-02
 -6.3733687e-03
 -2.1525159e-02
  1.4442013e-01
 -7.3027380e-02
 -4.7145700e-01
  4.7989309e-01
 -3.6744885e-03
  3.8117087e-03
 -2.0782487e-02
 -2.6224490e-02
 -1.2215310e-03
  7.5178836e-03
  7.4997689e-03
 -6.7855835e-01
  5.9432331e-03
  1.0033913e-02
  2.3217839e-03
  4.6545118e-02
  5.5811759e-03
 -5.6924965e-02
 -2.8466078e-02
 -9.0765500e-01
 -5.3729094e-04
 -1.8440128e-03
  9.3666948e-03
  6.5992572e-03
 -8.9324638e-03
 -8.1454637e-03
 -1.6050065e-02
 -6.8455730e-03
 -8.6808391e-03
  1.4125102e-03
 -1.1251345e-02
  3.2506206e-03
 -6.2415581e-03
 -3.8222729e-03
  9.4719548e-03
 -7.3231943e-02
 -1.8910361e-02
  7.9575963e-03
  4.9263460e-04
 -1.7249912e-02
  9.9539766e-03
  2.6692403e-02
 -2.0137442e-02
 -7.6240147e-03
  2.2041339e-02
 -3.5309538e-03
 -5.8056895e-02
 -4.1022091e-03
 -2.4427367e-02
 -4.0368021e-02
 -9.2439391e-03
  1.2875075e-02
 -3.7013564e-02
 -4.2303493e-03
 -2.1928119e-02
 -1.2623771e-01
 -5.6065969e-02
  1.4486997e-03
 -5.5029681e-03
 -9.0883315e-02
 -3.1458880e-03
 -3.2628182e-02
  6.8675145e-03
  5.5162179e-01
 -9.2961863e-03
  5.3248634e-03
  1.8918065e-02
  5.8958873e-02
  2.0825646e-03
  6.1055641e-03
 -2.5517628e-02
 -1.6020499e-02
  1.5736569e-02
  2.3497837e-03
  5.1577501e-02
 -1.9297785e-03
  1.5292252e-02
  3.6916928e-03
 -6.1143721e-03
 -6.7827098e-02
 -9.1289147e-04
 -2.0764530e-02
  1.0929072e-02
  1.8458139e-02
  5.7281846e-01
  1.8749975e-03
 -3.5221740e-03
 -4.3567538e-02
 -6.2844795e-03
 -2.2536314e-03
  1.3602326e-02
 -1.9608822e-03
  3.1319759e-03
 -2.9605920e-03
 -8.2407864e-03
 -2.2923867e-03
  1.4875280e-02
 -4.3756317e-02
 -8.4895955e-04
  1.4428177e-03
 -7.4782241e-03
  4.4327429e-03
 -2.8590150e-03
 -1.8166121e-03
  2.0058174e-02
 -4.3872759e-02
  1.9578077e-03
  6.2489474e-01
 -5.4613169e-02
 -4.4233832e-03
  1.0207552e-03
  6.9285378e-02
  6.7071151e-03
  2.0587103e-02
 -1.1981318e-02
 -8.3651170e-03
  3.2588011e-03
  1.0517795e-02
 -9.9022863e-03
 -2.2037075e-01
 -3.2856949e-02
 -2.1776380e-02
 -1.0046395e-02
 -2.2437979e-02
 -4.3875794e-03
 -1.9774646e-03
  2.3641376e-02
  1.0299899e-03
  1.0697626e-02
 -2.9435042e-02
  5.9340773e-03
 -3.5974883e-02
 -1.1058895e-02
 -2.8853272e-03
 -1.8602153e-02
 -1.5613934e-02
  1.0574349e-03
  3.1922213e-03
  2.2005776e-03
  5.2154996e-03
  2.1298808e-01
  1.0527486e-02
  7.3339529e-03
 -2.2410217e-01
 -4.2182812e-03
  4.7603734e-03
 -2.4642797e-02
 -1.3651218e-01
  8.3915275e-03
  6.8536308e-03
 -1.4700085e-01
 -5.7376617e-01
 -7.7878118e-02
  9.5502436e-03
  3.2220908e-02
  8.9618996e-02
  2.9693381e-03
  3.3360714e-01
  6.9089392e-03
  1.7034993e-02
  1.9174069e-01
  8.7655939e-02
  5.0379797e-03
  5.1120836e-03
  5.8228010e-01
 -7.3288367e-03
 -7.7128569e-03
 -3.1471148e-01
 -3.2887611e-01
  2.8546369e-02
  1.7581180e-02
 -4.8207447e-02
  3.0286383e-02
 -1.0461255e-02
  1.2411756e-02
  3.7080427e-03
 -8.5814847e-03
  7.2903293e-03
 -1.7920941e-02
 -3.1166263e-03
  1.2391207e-02
 -7.5772046e-03
  1.3322657e-03
 -2.6817773e-03
  1.8899206e-02
  1.1995697e-02
  3.4880782e-03
 -2.8965687e-02
  1.1724228e-02
  1.2189749e-02
 -2.5607301e-02
 -6.0990984e-03
 -3.0886736e-03
  1.7304096e-02
 -8.0257542e-02
 -1.1000240e+00
  2.4038584e-03
 -5.6663281e-01
  1.9360734e-02
 -2.7640473e-02
 -3.5083459e-03
 -2.5973795e-02
 -6.0107824e-03
  1.5906565e-02
 -6.3107759e-03
 -1.1515822e-02
  3.3172574e-02
  2.1292767e-02
 -3.5229746e-02
 -1.2020950e-02
  5.8130908e-04
 -4.6906911e-02
 -1.1412660e-03
  2.4820881e-02
 -3.6988724e-03
  1.8707490e-02
  1.0419014e+00
 -3.9951252e-03
  1.6509252e-02
 -5.7857752e-02
  9.7181313e-03
 -2.0158904e-02
 -8.3472859e-03
  3.2839824e-02
 -1.5743086e-02
  2.1035053e-02
 -4.2161316e-02
 -3.9712664e-02
  4.4985414e-03
 -2.1787426e-02
  4.0697656e-03
  1.8966693e-01
  5.9962377e-02
 -4.0630583e-02
  3.7590075e-02
 -4.4261226e-01
  3.4011804e-02
 -4.6482459e-03
  1.0572945e+00
  2.6598117e-01
  3.6100624e-04
  4.4583715e-04
  3.1868123e-02
 -1.1296512e-02
 -4.0948987e-03
 -1.1624626e-02
 -6.6901386e-02
 -2.3012200e-02
 -1.3908098e-02
  1.6969722e-02
 -2.3538638e-03
 -3.3690585e-03
  7.1092941e-02
 -1.3300247e-01
 -4.7757044e-02
  3.8393906e-03
 -1.7856792e-02
 -1.0917738e-02
  1.9842403e-02
 -1.1736699e-03
  1.1799372e-01
  3.2108978e-03
 -1.1283754e-02
  7.0111267e-03
 -8.3336253e-03
 -1.1144329e-02
 -7.0269421e-02
 -6.8420237e-03
 -2.1795193e-02
 -5.9910771e-03
 -5.9633073e-03
  1.8404067e-02
 -1.2352471e-02
 -2.2566298e-03
  6.0326252e-03
 -4.7627988e-01
 -3.2328522e-01
  4.2028022e-01
 -3.7116457e-02
 -1.1196520e+00
  2.2045781e-01
 -2.6335880e-01
  2.6657045e-01
 -1.0216919e-01
 -4.2128193e-01
 -8.1768000e-01
 -5.6236506e-01
  2.5865937e-02
  6.2324214e-01
  5.3909409e-01
 -5.5956900e-01
  1.2200692e-02
 -6.5722853e-01
 -3.6333814e-02
  1.6933836e-02
 -1.5035985e-01
  2.9579318e-01
 -2.4072422e-01
 -3.7050888e-02
 -1.2088736e+00
  3.5326001e-03
 -1.6301893e-01
  3.3467773e-02
 -3.6684161e-01
 -9.4480871e-04
  2.5679357e-04
 -4.2510394e-02
 -1.3277988e-02
 -5.1062021e-02
 -1.4455067e-01
 -3.6538708e-01
  3.8058650e-02
 -1.4225465e-02
 -3.3838726e-03
 -1.1893205e-04
 -1.2074876e-02
  3.5813641e-02
  3.9261144e-02
 -8.5468516e-03
 -1.3364560e-02
  6.8189576e-02
  2.6351986e-03
 -1.4586686e-02
 -9.2678642e-01
  1.9637082e-02
 -3.6816720e-02
  3.4791646e-03
  2.9350761e-01
 -1.7002624e-02
 -1.9309353e-02
 -2.6897041e-02
  5.9825159e-04
 -5.4471367e-03
  9.4188392e-02
 -4.0490711e-03
  1.9927654e-02
  1.2020687e-02
  8.0355424e-03
 -2.0273644e-02
 -1.8375408e-02
  7.6830364e-03
 -4.9642241e-04
  7.0426464e-01
 -4.2424168e-02
 -1.7678212e-02
 -5.1577976e-03
 -1.3043885e-03
  4.0909648e-02
 -7.8968244e-04
  9.2024216e-03
  6.8300396e-02
 -5.6223613e-03
  1.2482711e-02
 -7.7019149e-04
  1.7082067e-02
 -2.0091229e-03
  2.4161115e-04
 -3.7001488e-03
 -1.7204965e-03
  2.4076458e-03
 -2.1341842e-02
  1.3795612e-02
 -2.8276691e-02
 -6.0721122e-02
  1.5935978e-02
  5.0514769e-03
  3.8884118e-02
 -8.2164101e-02
  8.5126042e-02
 -2.7376361e-02
  1.2766037e-02
  1.0259094e+00
 -7.6163836e-02
  1.8313413e-02
  6.6542812e-04
 -6.8218745e-03
  5.8527319e-03
 -7.1911636e-05
  1.1878744e-01
 -3.1599946e-02
  4.8450924e-02
  2.4321364e-02
 -1.2662473e-02
  1.0113675e-02
 -1.2927746e-02
 -1.8831033e-02
  3.7221145e-03
 -1.0225225e-02
 -4.0339492e-03
 -9.8819621e-03
 -1.7570682e-02
 -7.3955216e-02
  1.0560080e-02
 -1.4173894e-02
  1.6841255e-02
  4.1597772e-02
 -2.2917227e-01
  4.1642916e-01
 -1.7885225e-02
 -2.9583392e-03
  3.2779913e-02
 -3.9929792e-02
  6.0520992e-03
  6.4393468e-03
 -5.8646902e-04
  1.8043458e-03
  2.1667846e-02
 -6.0434382e-02
 -9.9393614e-02
 -3.0042254e-03
 -1.3632177e-02
  9.1302142e-02
 -3.4519095e-02
  7.3629846e-03
 -7.0791386e-02
 -1.5105358e+00
  4.4977494e-02
 -6.4977566e-03
  1.2301016e-02
 -6.8577901e-03
 -3.8361516e-02
 -4.1897194e-03
  4.6840474e-02
  2.9380755e-03
  1.0903399e-02
  4.5980723e-04
  1.4923739e-03
 -4.1347742e-03
 -4.1193932e-02
 -3.7211701e-02
 -4.0808640e-02
 -3.2523482e-03
  2.9839819e-02
  1.1689408e-02
 -1.6135415e-02
  1.6821072e-02
  2.0837493e-02
 -8.1693358e-04
 -4.8424624e-02
  1.0966767e-02
  1.5148073e-03
  1.3773036e-01
 -4.3221279e-03
 -1.1800717e-02
  5.7638739e-03
  8.2668513e-03
  1.4844398e-02
  2.3603956e-03
  4.4088238e-03
  5.4795388e-03
  1.2288014e-03
 -1.5385422e-01
 -3.7057351e-03
 -1.0309253e-02
  7.9918783e-03
 -4.2042830e-03
 -1.3001114e-03
  1.2432257e-02
 -1.6416494e-02
  4.8839934e-03
  1.3635701e-02
  9.6114930e-03
  3.8916050e-03
 -7.0842439e-03
  4.7993453e-04
 -1.2421831e-02
  5.7103825e-03
  1.0893370e-02
  4.1807285e-03
  9.8237786e-03
 -3.2398852e-03
 -1.2630112e-02
 -2.1801295e-02
 -2.6188429e-02
 -7.3811729e-03
  1.6061133e-02
  3.0376008e-02
 -1.1340910e-02
  9.9683646e-04
  7.5025498e-03
 -2.8400275e-01
  3.6308002e-02
 -1.2093641e-02
 -7.8496998e-03
  2.6291231e-02
 -1.2650969e-02
  3.9735772e-03
 -3.6351103e-03
  3.7115887e-03
  2.3087200e-02
  1.3448312e-03
 -6.1754505e-03
  6.4559043e-03
 -3.3213999e-04
  7.8113126e-03
  2.5120848e-01
  2.0298278e-01
 -6.3731228e-03
  6.4976591e-01
  5.1433033e-01
 -1.3999820e-01
  4.8898956e-01
 -1.0205548e+00
  3.7321582e-01
  8.2333818e-02
 -3.4417056e-02
 -1.7510463e-01
 -8.4068924e-03
  1.4247173e-02
 -4.1324693e-01
  5.6677723e-01
  3.6165398e-03
 -6.6008404e-02
  3.7830997e-01
 -2.2316393e-02
 -3.3461154e-02
 -2.2747129e-01
  2.7503738e-01
 -4.5440285e-03
 -2.9520449e-01
 -1.9632261e-01
  4.9011162e-01
  1.6066542e-01
 -1.5706161e-01
 -8.4995590e-03
 -1.1359924e-01
  5.6731165e-03
 -4.2233869e-02
  7.7580959e-02
 -6.9390358e-03
 -1.1193857e-01
 -2.0748312e-02
  2.4335789e-02
  8.7837383e-02
  8.5451230e-03
 -4.3514576e-03
 -9.5914975e-03
  6.0995338e-03
  7.3094219e-03
  1.7055056e+00
 -2.1439245e-01
 -8.0382097e-01
  2.3619120e-01
  4.8456203e-02
 -1.1243579e-01
 -6.3090986e-01
 -5.4617995e-01
 -2.7147472e-01
 -2.2431454e-01
 -4.5075813e-01
  3.3774135e-01
  6.4699304e-01
 -2.8395078e-01
 -4.3955542e-02
 -4.1335371e-01
 -1.8211151e-02
 -6.1648393e-01
  2.0602286e-02
  5.8983117e-02
 -4.1434726e-01
  6.7139578e-01
  5.5199847e-02
 -2.1406920e-01
 -2.9797649e-01
  1.0839032e-01
 -2.0394912e-01
 -7.0761785e-02
  2.1284302e-01
 -5.2728850e-02
  9.7847320e-03
 -1.0132663e+00
  1.7184889e-01
  4.0170245e-04
 -5.5621628e-02
  2.2020118e-01
  1.6707441e-01
  5.3905252e-02
 -3.1079292e-02
  2.5032252e-02
 -1.5802214e-02
 -8.4590530e-03
 -3.6348333e-04
 -1.9269705e-02
  1.0285882e-02
 -1.1764987e-02
 -5.3623009e-02
 -2.5159537e-03
  3.0533432e-03
 -1.2475716e-02
 -4.0721916e-02
 -6.1102351e-04
  2.4307950e-03
  7.5808065e-03
  1.8762003e-03
  1.6361634e-03
  9.1922972e-03
  1.2205663e-02
  5.2621998e-03
  1.7742326e-02
 -6.1542038e-03
 -2.2140553e-02
  3.1811339e-03
  1.2117123e-02
 -8.5055444e-04
 -1.9757822e-04
 -1.7755242e-03
 -2.1006577e-02
  3.0992525e-02
  2.1128070e-02
 -2.0200059e-02
 -4.3678777e-03
  2.1668145e-02
  1.9408711e-03
 -1.0329035e-02
 -3.9077394e-02
 -6.5819193e-03
  2.2974797e-03
 -7.2282976e-03
  7.7808090e-03
  2.5524255e-02
  3.6818511e-03
  1.5424773e-02
 -5.3796340e-03
 -1.8395928e-03
 -3.8463328e-02
  8.3194021e-04
  4.8376189e-04
 -2.5646947e-04
  6.1657862e-04
  9.6306512e-03
 -3.6849428e-02
 -8.4706042e-03
  1.5903296e-02
  3.3436739e-03
 -8.4403260e-03
 -7.8937542e-01
  5.2320961e-02
 -9.3751363e-03
  1.2354105e-02
 -7.9231402e-03
 -1.7280169e-03
 -6.9391020e-02
  1.1379750e-02
  4.9813739e-03
 -2.0387605e-02
 -1.0842350e-02
 -5.1500606e-03
  1.8576808e-02
  5.9988592e-03
  3.6337841e-03
  1.0563632e-02
  3.6707152e-02
 -2.3407394e-02
  6.1803106e-03
  9.4986847e-03
 -1.9910873e-03
  2.5228621e-03
  1.2853044e-01
 -1.3001050e-02
 -2.8950818e-02
  1.5772687e-03
  6.9462471e-02
  2.5519716e-02
  1.0173893e-02
  5.3819995e-03
 -1.1267873e-02
  6.9616936e-02
  2.1893952e-02
  1.5855692e-03
 -1.3252964e-02
 -3.2052804e-02
  4.1421531e-03
 -1.2955227e-02
 -1.3032382e-02
  1.1972239e-02
  2.2909562e-03
 -4.6261027e-04
 -2.5194816e-02
  7.1236161e-03
  2.4364504e-03
 -2.3169797e-02
  1.0087091e-02
 -8.3910963e-03
 -5.6640373e-04
  1.7580797e-03
  1.1840921e-02
  2.9004440e-03
  4.4027928e-02
 -8.4636919e-04
 -4.9600014e-03
 -1.3208112e-02
  3.1181565e-04
 -1.3350219e-02
 -3.7527154e-04
 -5.1091332e-04
  5.1710615e-03
 -3.1581232e-03
 -1.2204017e-02
 -1.2268374e-02
 -4.1074041e-02
  5.3316280e-02
 -1.9348621e-02
 -7.6731946e-03
 -3.0353067e-02
 -2.1977093e-02
 -7.1506873e-03
  3.3533573e-03
 -1.8173125e-02
 -3.2062833e-03
 -8.4784068e-04
  8.8548055e-04
  1.8951308e-02
  6.8566664e-03
 -1.7574022e-02
  7.5616413e-03
  1.7078795e-02
  9.0731479e-02
 -9.6737361e-03
 -1.0135461e-02
  9.5107835e-03
  1.5725169e-02
  4.5037447e-03
 -1.6230094e-03
  8.1459343e-01
  2.1391208e-03
  1.1989987e-02
  2.5449170e-02
  6.6921329e-03
 -4.0670577e-04
  1.2412419e-02
  3.5033133e-02
 -5.2456263e-02
  3.3922452e-03
 -1.3413137e-02
 -3.1812948e-03
 -1.6014921e-03
  2.2245232e-02
  3.9228471e-04
 -2.3252741e-02
  1.1375455e-02
  3.0841103e-02
  2.3377901e-02
 -5.0400805e-02
 -1.4150452e-02
 -3.9048646e-02
 -3.9388333e-02
  4.1394960e-03
  9.8528042e-03
 -1.0896366e-02
 -1.2871821e-02
  7.8991903e-03
 -3.5523236e-02
 -7.0240600e-03
  3.1575300e-03
 -1.3303487e-02
 -3.3086124e-03
  1.7822752e-02
  1.3752716e-02
  1.0322745e-02
 -3.3362827e-03
 -1.2231532e-02
 -7.8513799e-03
 -1.4244920e-02
 -9.6143417e-02
 -7.3097954e-03
 -9.6567679e-04
 -3.5781006e-03
  1.2066580e-02
  7.9881651e-03
  3.5971198e-02
 -4.6960185e-03
  4.4201441e-02
 -1.5854191e-02
 -1.7426509e-01
 -3.1544723e-02
 -1.3419325e-02
 -4.0969052e-03
 -1.7708626e-02
  2.0862131e-03
  1.8047584e-02
 -1.4666558e-03
 -2.4204154e-02
  7.3777908e-03
 -2.1171864e-02
  4.4104587e-02
 -1.8845133e-02
 -2.4416121e-03
  3.7842225e-02
  1.8443553e-02
 -4.6603484e-03
  2.8736435e-02
 -8.0558928e-03
  3.7102092e-03
  6.3394727e-03
  1.6986255e-02
  2.9883925e-02
  2.8057583e-03
  5.0255465e-03
 -2.2341583e-02
  1.7378546e-02
  1.7872800e-03
  7.4723293e-03
  4.9963831e-03
 -2.6172971e-02
 -2.9410576e-03
 -1.9215101e-02
  7.6844636e-03
  8.9491822e-02
  9.5803272e-03
 -1.7785097e-02
 -5.1755398e-03
  2.7202496e-01
 -9.4675580e-03
  2.7547225e-02
  5.5693220e-03
 -5.4176101e-03
  7.8848153e-03
  3.5285363e-01
 -1.0930951e-02
  5.4039769e-03
  1.8492802e-03
 -9.4139628e-02
 -3.6884423e-02
  8.7169642e-03
 -7.3684184e-03
 -2.9451823e-02
 -2.3511481e-02
 -4.0347362e-03
 -2.0288405e-01
  2.6876207e-02
  7.7505182e-03
 -5.0793709e-03
 -6.3985223e-01
 -4.8304056e-03
  2.4097933e-02
  5.9437370e-03
 -5.5305772e-03
  4.9267518e-03
  1.1817669e-02
 -1.2966372e-01
  2.8271968e-02
 -6.9317287e-03
  2.1684173e-02
 -2.5286380e-02
 -9.5635671e-03
 -1.0572512e-02
  4.3979837e-03
 -9.2117913e-02
 -1.8029496e-01
 -1.7961873e-02
 -4.7472403e-03
  4.1160323e-02
  9.1388121e-02
  8.2579970e-02
  7.6627254e-02
  5.5023319e-01
 -3.3052266e-01
 -1.7647919e-01
  8.2540907e-02
  4.7188144e-02
 -1.5594010e-01
  1.8359259e-02
 -9.4813235e-02
  3.1877577e-02
 -8.1655737e-03
  3.1347256e-02
  2.4538683e-02
 -5.7411730e-02
 -8.1186332e-02
 -2.0053713e-02
 -6.0288779e-02
 -2.3620485e-01
  1.0635226e-01
 -1.6639596e-01
 -7.5762291e-03
  7.7869063e-03
 -1.7845955e-01
  4.6733871e-02
 -1.9080233e-02
 -1.6207518e-02
 -5.2642368e-02
  8.4120082e-05
 -1.6871367e-02
  3.2546103e-02
  1.5915256e-02
 -1.4682719e-02
  1.2982534e-02
  1.4518144e-02
 -2.6154229e-03
  5.2171871e-02
 -1.7434898e-01
  2.7752390e-02
 -4.1340541e-02
  5.4688728e-03
 -2.5723622e+00
 -7.5040722e-01
 -5.4949727e-03
  2.5629178e-02
 -8.0474159e-03
  1.1805592e-01
 -1.8385586e-03
  4.1637942e-01
  3.7344215e-03
  1.6600074e-02
 -3.5043463e-02
 -3.2369036e-02
  1.4437955e-02
  1.3886196e-02
  2.4034970e-02
 -1.2280918e-02
 -1.7846324e-02
  1.5736559e-02
 -2.4499264e-02
 -3.1604182e-02
  1.3631458e-02
  2.4279600e-02
 -3.3734464e-03
 -2.7465113e-02
  1.6226668e-02
 -1.0034511e-02
  4.5472230e-03
 -1.6324907e-03
 -2.7435817e-02
 -7.0937322e-03
  2.6218478e-02
  4.7758386e-02
 -3.3879671e-02
 -9.8596821e-03
 -2.9557128e-04
 -1.9975524e-02
  1.5131042e-02
  1.6483603e-02
  2.9660715e-04
  7.0678629e-03
 -3.2564536e-02
 -7.5701118e-02
  1.5372419e-01
 -2.6641371e-02
  3.0294341e-01
 -5.2235980e-02
 -1.2300234e-01
  1.5147913e-02
  5.1853362e-02
 -4.1507086e-01
  8.6146798e-03
  9.5060485e-04
 -2.9280107e-02
 -1.0082319e-02
  3.2214548e-02
 -5.2113712e-02
  1.7027269e-01
 -2.0460188e-02
  5.8923219e-03
  2.4350914e-03
  2.6071863e-03
  2.1325283e-02
  4.1001756e-02
  5.0948981e-02
  4.8242468e-02
  1.6166811e-01
 -1.0349702e-01
 -1.7137893e-03
  9.4593167e-03
 -8.1550837e-02
 -1.8085877e-03
 -2.2722270e-02
  5.8602199e-02
  2.1504003e-03
  2.9884893e-02
 -1.4527045e-02
 -9.2158161e-02
 -6.2790446e-02
 -2.9536220e-03
 -5.9130564e-03
 -9.9331839e-03
  1.1966981e-02
  1.0097235e-02
 -1.4334808e-02
  9.4661834e-03
 -3.5209343e-01
  4.9135387e-01
  5.9248351e-02
  5.0920606e-01
 -2.0899267e-01
 -1.2097710e-01
 -1.6202934e-01
 -7.3382117e-02
 -3.2945549e-01
  9.2260039e-01
 -9.0982318e-03
 -6.2593251e-01
  1.6258603e-03
  6.7731303e-01
 -5.9821898e-01
  2.3650585e-01
 -9.5679611e-03
  9.9232264e-02
 -2.6850030e-01
 -3.0577272e-01
 -3.2184642e-02
  5.9226161e-01
 -2.7136225e-01
  5.7659488e-02
  4.1085824e-01
 -1.1147120e-01
  6.8946101e-02
  2.4238056e-01
 -5.2810061e-01
  9.4178729e-03
 -1.0593736e-02
  1.0212173e-01
 -4.5919896e-04
  5.1108394e-03
 -2.5538560e-02
 -3.4446198e-01
  9.9238306e-03
  1.8885190e-02
 -9.9349421e-01
 -1.3594992e-02
 -1.4419332e-03
 -3.2331217e-02
 -2.0740789e-01
  6.0600154e-02
  6.8639894e-03
 -1.6789727e-02
 -3.1122826e-02
 -9.6305124e-03
  1.0902976e-02
  1.3277393e-02
  2.2946158e-02
  8.6095342e-03
  6.4218929e-03
  8.1786104e-03
  1.9957165e-03
 -7.4545429e-03
  5.5135079e-03
 -2.1708133e-03
  1.5031208e-03
  2.5442800e-02
  7.1572870e-02
  5.6279218e-04
  1.6806994e-02
 -2.7357033e-02
  2.1303788e-02
 -9.4073806e-03
  1.3161075e-02
  1.0619951e-02
  1.5617403e-02
 -2.5079858e-02
  9.6215457e-03
 -2.4302090e-03
  4.0813652e-03
 -7.8320755e-03
 -6.7850560e-02
  2.6053004e-02
 -6.0637416e-03
  2.9363451e-03
  2.2738216e-02
 -1.2687223e-02
 -6.6770479e-02
 -9.6767088e-03
  2.2806633e-02
 -1.5464600e-02
  5.8345334e-03
 -3.1132284e-03
  3.3351253e-03
 -5.6807357e-03
  1.3155103e-02
  1.1435176e+00
 -3.1318569e-01
  3.6318102e-01
  3.7296242e-01
  1.4678226e-02
 -6.2373972e-01
 -3.3035076e-01
 -5.1225251e-01
 -5.7025796e-01
  3.8810891e-01
  6.5394342e-02
 -9.2963472e-02
 -2.5374506e-02
  2.8795776e-01
 -4.4190094e-02
 -8.3165802e-03
 -2.6125884e-02
  3.6023520e-02
  1.5867719e-01
 -3.7756745e-02
 -2.1568204e-01
 -5.9434682e-02
 -2.1065583e-02
 -6.2800598e-01
 -4.0245339e-02
 -8.0109358e-02
  3.2435980e-02
  1.5249678e-02
  4.5374468e-01
  9.2010945e-03
  2.0695455e-02
  1.1947474e-02
 -2.4134725e-02
  9.6482970e-03
 -3.7013519e-01
  3.4916144e-02
  1.7158935e-02
 -4.8827961e-02
 -2.3265912e-03
  1.5583446e-03
  1.4327632e-02
  7.9187648e-03
 -3.6065459e-01
  6.9452403e-03
  3.0107889e-04
 -3.5364915e-02
  6.2638866e-03
 -7.5529395e-03
 -4.8043396e-02
  2.6968820e-03
 -4.0040916e-01
 -5.1982009e-01
  1.0215936e-02
 -2.6669130e-03
 -1.6347475e-01
 -1.0193826e-02
 -2.8678896e-02
  2.6182390e-03
 -1.8296247e-02
 -8.8271959e-04
  2.2579217e-02
 -1.2999312e-02
  1.9501513e-02
 -9.1562318e-03
  5.6881476e-03
 -1.2513876e-02
  6.7791212e-03
 -3.8647186e-02
  3.5878038e-06
 -1.2759716e-02
  1.4807259e-02
 -4.2789155e-03
  1.5485583e-02
 -2.1623832e-03
 -6.5996791e-03
 -1.7487241e-02
 -2.3969110e-02
 -1.2503378e-04
 -7.7115032e-03
  2.3307793e-02
 -3.5108854e-03
 -3.0991638e-02
 -1.5751563e-04
  9.7467517e-03
  5.1724680e-02
 -3.8726768e-03
 -9.7834505e-05
  6.4554423e-02
 -2.4520289e-02
 -3.1944749e-01
 -3.3976936e-01
  3.0645129e-01
  2.0260336e-02
 -3.0029526e-01
  1.8768201e-02
  1.7319620e-02
 -1.7336556e-01
  3.1222833e-02
  2.3263840e-01
  7.8860680e-03
 -1.7365350e-01
  9.7314052e-02
 -4.1425128e-02
 -2.9465271e-02
 -1.2486549e-01
  4.0500417e-02
  1.1580147e-01
 -8.2409047e-03
  1.5198635e-01
  8.2916848e-02
 -4.2835101e-03
  1.4690438e-02
  6.1576337e-01
 -1.8473925e-01
 -4.2281363e-02
  1.5317526e-01
  2.1363197e-02
 -1.0327091e-02
 -1.1584248e-01
  9.7879395e-04
 -7.2100973e-03
  3.5686873e-02
  4.4087401e-01
  3.4967519e-02
  5.5176499e-03
  1.7483182e-02
 -1.2419314e-02
  1.0316531e-03
  9.3673449e-03
  1.3152522e-02
 -3.7480690e-02
  7.8393612e-03
 -1.7334633e-02
 -1.4836823e-02
 -4.7143060e-03
  9.0817604e-03
 -1.3227880e-02
  1.9569551e-03
  2.5928817e-03
 -2.8853307e-02
 -1.2666953e-02
 -1.8881815e-02
  4.4368231e-03
  4.4303029e-03
 -9.6750353e-03
  9.5590912e-03
  1.2654561e-02
  5.0414689e-03
  2.2391163e-02
 -8.6700441e-03
  8.3100321e-03
 -2.6811214e-02
  1.4379757e-02
  2.3805938e-04
 -2.9551715e-02
 -1.1610728e-02
  2.0807367e-02
  3.0950585e-04
  1.2187829e-02
 -4.9912883e-03
 -1.4467585e-03
 -9.2199119e-04
  9.6814735e-03
 -4.1792408e-02
 -3.0673670e-02
  1.7038032e-02
  3.5629343e-02
  3.8497899e-02
 -7.0340941e-03
 -3.7661570e-03
  6.4675845e-03
  1.3300243e-02
 -2.5787313e-02
  1.5811548e-03
  7.4622631e-03
  7.5802684e-01
 -1.1806730e-03
  6.4515896e-02
 -4.9630064e-03
  2.1409863e-01
 -5.6319993e-02
  1.6648872e-02
  1.2504716e-01
  5.2853984e-01
  1.9559119e-02
 -1.5291152e-02
  4.9220989e-03
 -2.7232219e-03
  3.7386563e-02
 -1.9375693e-02
 -3.2465113e-03
  2.4158070e-02
  5.3197425e-03
 -2.7725568e-01
  3.6986239e-02
  2.9100971e-02
  2.5385860e-02
 -7.1821949e-03
  4.4732854e-02
  1.7007223e-01
 -1.3086494e-02
 -3.8507603e-02
 -1.2224003e-02
 -1.4329430e-03
  2.6220846e-01
  9.1783376e-03
  1.2160822e-02
 -2.2333440e-01
  1.2826613e-02
 -1.2287404e-03
 -1.4580876e-01
  8.9562386e-02
  5.8164028e-04
 -4.5234632e-02
  5.6296606e-03
 -5.7753408e-03
 -8.2035232e-03
 -1.6934916e-02
 -7.4031758e-03
  2.8044242e-02
  2.9673086e-02
 -5.1787031e-01
 -1.4819540e-02
 -5.2366860e-04
 -1.4268663e-03
  7.0303611e-02
  2.0084038e-02
 -2.0499490e-02
  2.8696125e-02
 -2.3672616e-02
  3.4279635e-03
  3.5602283e-03
  1.6008682e-03
 -4.8027676e-02
  3.8473983e-03
 -2.9533776e-03
 -5.4766377e-04
  3.1802040e-03
  3.7394881e-02
  5.6103617e-04
  2.4180224e-02
  1.9396339e-02
  6.8204924e-03
 -9.7208284e-03
  7.0054401e-03
 -5.0898315e-03
 -9.1829227e-04
  1.1529024e-03
  1.1544775e-02
 -2.7370958e-03
 -5.5632279e-03
 -2.4358461e-02
  6.7256755e-01
 -3.4079025e-03
 -2.6153973e-03
  2.2590984e-02
 -2.7049277e-03
  2.7184316e-04
 -6.3373856e-03
 -1.1661021e-02
 -1.3152412e-02
 -5.7658162e-03
 -7.2341925e-03
 -2.2417618e-01
 -1.7473713e-01
 -1.2163150e+00
 -1.6820841e+00
  1.9911139e-01
 -4.2402205e-01
 -9.8776275e-01
 -4.2131507e-01
  8.5737997e-01
 -5.5275369e-01
  7.3071939e-01
  1.4867637e+00
  1.8001439e-01
 -6.5294528e-01
 -5.9252381e-01
 -2.4057614e-02
  5.6267712e-02
 -2.4395300e-01
  1.7685439e-02
  7.3322880e-01
 -2.1660477e-01
 -2.5762999e-01
 -5.4565921e-02
 -1.1034527e-01
 -1.7484715e+00
  2.3855426e+00
 -8.7424666e-01
 -4.1696244e-01
  8.5478568e-01
  5.2189227e-02
  1.9388253e-02
 -2.5731151e+00
  8.7746602e-01
  4.4864941e-02
  2.0593770e-03
  6.4434868e-01
  1.8855645e-01
  1.5478525e-03
 -9.7986750e-02
 -5.8463411e-03
  2.1788413e-02
  4.0666061e-04
 -1.1519377e-01
 -2.4703749e-01
 -9.0938527e-03
 -2.7037713e-01
  1.2093036e-02
 -9.4458992e-03
  3.8832698e-02
 -5.8510184e-02
 -2.0922359e-02
 -5.3107411e-02
 -1.3213187e+00
  2.8150044e-02
  1.8160280e-03
 -1.5385095e-02
  1.0879212e-03
 -2.0890176e-02
  2.6274428e-02
 -1.5558287e-02
 -3.4126166e-02
 -2.1442149e-03
 -1.5388577e-02
 -1.5340800e+00
  7.3042610e-03
 -4.8302233e-02
 -1.0984840e-03
 -2.0287086e-03
  4.2476706e-02
 -1.2417905e-02
  5.7873940e-01
  7.1961964e-03
 -1.8297760e-02
  4.7196820e-03
  1.3811818e-02
  1.1318912e-03
  1.5003120e-02
  1.9188030e-02
 -4.1679912e-03
  5.1667385e-02
  2.7692644e-03
 -6.2315911e-03
  1.3026411e-02
  5.0667357e-03
  2.4100929e-02
  6.2402440e-03
  7.4630929e-03
  2.7241139e-02
 -2.4458084e-03
 -2.5141065e-03
  2.4204899e-02
  1.8219821e-02
 -3.7538987e-02
 -1.8321373e-04
  2.9778346e-02
  3.8833835e-03
 -3.7622578e-03
  1.9318150e-02
 -2.9290408e-02
 -6.2667611e-03
  4.4573829e-01
 -1.3119675e-02
 -4.0063877e-03
  1.1738869e-03
 -2.1092375e-03
 -3.1883135e-02
  1.4863569e-02
 -2.0695034e-02
 -2.6263755e-02
 -2.0678774e-02
  1.6356729e-02
 -8.3703045e-03
 -7.1158357e-02
  2.4694413e-01
 -2.7377550e-02
  1.0038301e-02
 -2.3845501e-02
 -8.4070722e-03
 -2.6675160e-03
 -7.8475270e-03
 -2.5084778e-03
 -1.0038411e-02
  3.1397823e-02
 -8.3472701e-03
 -3.8862946e-03
  4.3270946e-03
  1.4455892e-02
  1.4811212e-02
  1.1819311e-02
 -1.3059907e-02
  7.2682370e-03
 -4.2051300e-03
  2.3394864e-02
 -3.0634543e-03
  1.5971182e-02
 -1.4652465e-03
 -4.6183085e-03
  7.0479198e-04
  5.6392378e-03
  1.2461545e-03
 -1.5362047e+00
 -1.0059054e-03
 -2.3847658e-02
  2.6616817e-02
  1.4307137e-02
 -8.3097238e-03
  3.9366279e-03
  2.9479610e-03
 -3.0214814e-03
 -6.9799335e-03
  4.7299378e-03
  1.0090455e-02
 -6.8105203e-03
  1.1548817e-02
 -1.2854616e-03
  2.6008073e-02
  2.2663234e-02
  1.9433448e-02
 -3.0046493e-02
  4.9033714e-04
 -2.9850337e-03
  1.1986420e-02
  9.0654194e-03
 -3.1293388e-02
 -1.8224727e-03
  1.1997838e-02
  2.9446686e-02
  1.2562378e-02
 -3.5665933e-02
 -2.9827193e-03
 -4.1089328e-03
  2.0780392e-02
  6.0962560e-03
  2.7935034e-02
  2.7050594e-02
  1.4435952e-02
 -1.1633973e-02
 -1.0829886e+00
 -4.4406378e-01
 -1.3227060e-02
  3.6020270e-01
 -2.4808543e+00
  2.9246523e+00
 -8.9506701e-02
  2.1843880e-01
  3.1376090e-02
  1.1532027e+00
 -3.7964460e-01
 -3.7162114e-02
  3.9783008e-02
 -1.0456301e+00
  4.5018458e-01
  3.5315184e-03
  6.0930854e-01
 -6.1275931e-03
 -1.2828694e-03
 -3.0722260e-03
 -1.2814999e-01
  1.8730831e-01
  1.6990902e-02
  2.9784110e-01
 -6.1793411e-01
  1.9292496e-01
  1.6837311e-04
 -7.0605293e-02
 -1.5724972e-01
 -8.4432233e-03
  6.9781817e-02
 -4.5545632e-04
  2.6491601e-02
  3.1707402e-02
  6.9373642e-04
  1.2042871e-02
 -3.6128819e-02
 -1.4527039e-02
 -4.5131226e-03
 -1.2769633e-02
  2.5622146e-03
 -7.3922835e-03
  1.0220840e-02
  1.2129297e-02
  9.0903398e-03
  1.0630650e-02
  2.7650201e-03
 -1.1325889e-02
 -6.5686400e-03
 -1.8482279e-02
  2.3926385e-02
 -3.0090001e-01
 -5.6903157e-02
  1.6278947e-02
 -1.0307625e-02
 -2.4444426e-03
  5.3428020e-03
 -4.0113665e-03
 -1.0158976e-02
 -5.2879285e-02
  6.1641205e-03
 -1.2173173e-02
 -5.6909351e-03
  3.5196268e-03
  4.6530150e-02
  4.7807623e-02
  4.4829063e-03
  8.2228445e-02
 -2.0378839e-02
 -4.1125237e-04
  9.7474670e-03
 -2.2503857e-03
 -9.3470479e-04
 -1.4968487e-02
  4.0298104e-02
  3.7107796e-03
 -4.6837283e-04
  1.0041520e-02
  1.4647107e-02
 -5.8154999e-03
  2.1225510e-02
  8.8234693e-03
 -1.5402190e-02
 -2.6541177e-02
 -1.8207305e-03
  2.3173122e-03
 -2.8220562e-02
 -5.5303302e-02
 -4.7472320e-02
  7.6020515e-01
 -2.3636147e-01
 -1.0311103e+00
 -3.4472093e-02
  3.4762207e-01
  1.0230627e-01
 -1.0506538e+00
  3.5730648e-01
  5.7648480e-01
  5.4759091e-01
 -5.4491222e-01
  4.9807880e-02
  1.9692592e-01
 -5.0827360e-01
  1.0484146e-02
  2.2515826e-02
 -1.1704625e-01
 -1.7632151e-01
  4.1001388e-01
 -2.5894731e-01
 -1.2728974e-02
  2.1330035e-01
  1.0679976e-01
  1.8635584e-01
  7.4837700e-02
  7.4744672e-02
  1.5199907e-01
 -7.5806491e-02
 -8.6317047e-02
  2.4890450e-01
  7.0902899e-02
  2.0482637e-02
  6.8552066e-03
  5.0753530e-02
 -2.8186056e-01
 -7.4174954e-03
  8.3069466e-02
 -4.4512149e-02
 -3.2190853e-03
 -2.1267328e-02
 -1.1976571e-01
  1.9036287e-03
 -3.3987029e-03
  1.2168340e-02
  1.5107762e-02
  2.1555275e-02
 -1.3466828e-02
  1.1276116e-02
 -3.2597710e-03
 -3.9168049e-02
  1.6916238e-01
  5.4129302e-03
  1.0610730e-02
 -9.8513812e-03
 -8.7113231e-03
  5.7320292e-03
 -7.2336290e-03
 -2.0679459e-04
 -6.7621549e-03
 -1.6243981e-02
  5.1239617e-03
  9.1754170e-03
 -1.9919684e-02
 -8.6270757e-03
 -2.3985443e-01
  1.4557421e-02
 -1.5491780e-02
  6.1183237e-04
 -1.0081243e-02
 -1.9831739e-02
 -2.5706969e-02
  1.9779459e-02
 -1.1552123e-02
  4.4731610e-03
 -1.7682534e-02
 -4.9118656e-03
  9.5992833e-02
 -6.9805430e-03
 -1.6762577e-02
 -2.6932168e-03
 -1.3858338e-03
 -2.5694244e-02
  1.9147709e-02
 -2.9422985e-02
 -5.1392997e-03
  1.8521313e-03
 -4.4514686e-03
  5.7567973e-03
  6.0670041e-03
  8.6687086e-03
 -1.3067357e-02
  1.4249805e-02
  1.6870376e-02
  5.5538642e-04
  4.2526857e-03
 -1.1033548e-02
  3.5687196e-03
  8.5192407e-04
 -6.9023082e-03
 -2.7319251e-02
  1.7826154e-04
  3.5706345e-02
  1.3286835e-02
 -2.4870564e-03
 -1.0930886e-02
  9.6746385e-03
  9.0890182e-03
  1.1344553e-02
 -1.2818208e-02
  8.5113281e-03
  1.9309873e-02
  3.5065440e-03
 -1.0816813e-03
  1.4369390e-03
  3.2865822e-02
 -6.3300687e-03
 -5.0837640e-03
 -1.5827594e-05
 -1.8641718e-02
 -8.4019611e-03
  8.7659582e-03
  1.2492333e-02
 -7.1479138e-03
  1.6903803e-02
 -1.9938760e-02
  9.7905518e-05
  5.5638449e-03
 -1.6219504e-03
 -1.7849293e-03
  2.0802926e-02
  5.4488011e-02
  1.1089576e-02
 -2.4249928e-01
 -3.7657514e-02
 -6.5039530e-02
 -8.4144890e-02
 -2.7170390e-01
 -2.9484853e-01
  7.8815930e-02
 -8.1322074e-02
  8.2309823e-03
  6.1779928e-01
 -9.2501976e-03
 -5.6793624e-01
  8.3446234e-02
  8.6053282e-02
  2.9285654e-02
 -7.2421045e-03
  2.4549055e-01
  2.5308916e-01
 -3.8967770e-02
 -4.6900190e-02
 -2.2264091e-02
 -7.2361608e-03
  1.6649177e-02
  5.0966948e-01
 -2.2942804e-01
 -7.7565876e-04
  1.5866470e-01
 -2.1629365e-01
  6.0281102e-03
 -2.3234468e-02
  2.8016323e-02
 -1.0702187e-02
  1.0658288e-02
  5.2254267e-02
 -1.3077182e+00
 -9.1271408e-02
 -2.7513318e-02
  6.5563987e-03
 -6.1591230e-03
  1.5720509e-02
  8.1366695e-02
 -1.1595567e-02
  2.9622473e-02
  5.1279891e-02
 -5.6745559e-03
  6.0447776e-03
  1.0608074e-01
  7.4177906e-03
  1.4019003e-02
 -1.0111785e-03
 -9.7289644e-03
  6.2283878e-03
  1.6562722e-03
 -1.2786042e-02
  1.1945699e-02
 -3.4568182e-03
  8.1842262e-03
  2.1714438e-02
  7.4945726e-03
  5.3410791e-04
 -2.7068943e-02
  1.3032772e-02
  3.8313437e-02
 -4.4343174e-03
  1.4576272e-02
 -1.0364810e-03
  6.9100613e-05
  1.8103024e-02
 -1.4054216e-02
 -1.1031217e-02
  2.6760874e-02
  1.5502021e-02
  5.7556154e-03
  1.7447751e-02
  1.6746333e-02
 -1.0245305e-02
  2.9831359e-03
  2.0541388e-03
 -5.9471941e-03
 -2.1459019e-02
 -3.6303999e-03
 -7.1251364e-03
 -4.3755295e-03
 -1.0551605e-02
  4.2382557e-02
  3.4641746e-02
  4.8017302e-01
 -1.0900171e-01
 -2.1414172e-02
 -1.5599584e-02
 -1.6307500e-01
 -1.6344213e-01
  7.0703790e-02
 -3.5084460e-02
  6.3904375e-01
  5.7235053e-03
  6.8701267e-02
  3.6642943e-02
 -4.0099295e-03
  8.5992981e-03
  4.2424247e-02
 -2.4891342e-04
  1.4051266e-03
  7.3063409e-01
  9.0339463e-03
  5.7542138e-03
  1.9610703e-01
  1.9181848e-01
  2.3672657e-02
 -5.6419205e-03
 -5.2413344e-03
 -1.6577919e-01
  1.8821482e-02
  1.5535729e-03
 -2.2457233e-01
 -9.3347974e-02
 -6.9526434e-03
 -1.1037729e-02
 -1.9441728e-02
  1.8156974e-03
  3.3541501e-02
  2.2944877e-02
 -5.6712162e-02
 -5.9601003e-03
 -1.3040983e-02
 -3.3649921e-03
  9.2057539e-03
  1.0324312e-02
  2.5134739e-02
  5.4522362e-03
 -2.8361490e-02
 -6.1541335e-03
 -4.4917766e-02
  3.0586269e-02
 -4.9572467e-05
 -3.5235938e-01
  3.0393740e-02
 -1.6141322e+00
 -7.4527252e-01
 -3.3100624e-02
 -1.1606839e-01
  5.9273654e-01
  1.2084140e-01
 -8.8827252e-02
 -5.5685782e-01
  2.0229332e-01
 -2.0161304e-01
 -3.1375140e-04
 -2.8882157e-02
  6.7306930e-01
 -9.0942293e-01
  8.0081606e-03
  8.2269992e-04
 -1.0910508e-02
 -7.7623031e-03
  9.3057631e-03
  5.6013584e-02
  4.0012825e-02
  2.4776308e-02
  1.3127336e-01
 -1.6564278e-01
  4.8983474e-03
 -4.0448993e-03
 -3.2875183e-01
 -5.5624253e-01
 -8.0630239e-03
  4.9873453e-02
 -1.5641133e+00
 -5.8719408e-02
  3.6819831e-02
  9.3090795e-03
  2.4104457e-02
 -8.8928126e-02
  3.2404132e-02
  3.0820781e-01
  7.9224072e-02
 -2.0037851e-01
 -1.0327425e+00
  4.3927655e-03
 -1.8607426e-02
 -9.5550194e-02
 -1.0062575e-01
 -6.9285887e-01
  5.8593210e-02
  3.7125835e-01
  1.9415027e+00
 -2.2288816e-01
  6.0230851e-01
 -3.3129552e-01
 -3.5405159e-01
 -4.4307995e-01
 -1.3880496e+00
  3.8751298e-01
 -1.0564759e+00
 -1.1069151e+00
 -5.4615301e-01
 -1.1086087e+00
  1.2434655e+00
  2.0448629e-02
  1.2581125e+00
 -7.3511696e-01
 -8.9045197e-02
  2.8111422e-01
 -1.2840956e-03
  8.1690978e-03
 -6.8522893e-02
  1.6035390e-01
 -7.1149772e-01
  9.9446259e-02
  4.0733138e-01
  6.6059786e-01
  4.4350494e-02
 -1.1765406e+00
 -1.6111761e-01
 -4.1745484e-01
  1.2876300e-02
  7.9066420e-01
 -1.9994658e-01
 -5.9643328e-01
  6.9748282e-01
 -1.6628567e-02
  1.5929171e-01
  2.9498544e-01
  1.3076715e-04
  9.0519238e-01
  2.0321826e-02
 -1.4771243e-02
 -5.7367778e-01
  6.0267263e-04
  7.3132980e-01
 -4.1874722e-01
  2.8950742e-01
 -2.9077214e-01
  8.5064936e-01
 -1.3432942e-01
 -9.8449953e-02
 -8.2313996e-03
 -3.3905220e-01
  3.1146305e-03
 -3.6337881e+00
  1.5010455e-01
  1.4091648e-01
 -7.8684193e-01
 -1.9775357e+00
 -3.2840554e-02
 -1.1084974e-01
  8.7852263e-01
 -1.3442665e+00
  6.7206556e-01
  2.3373096e-01
  4.4112511e-02
  1.7340478e-01
 -2.5760371e-02
  7.6268530e-01
  2.3108505e-01
  7.6610190e-01
 -4.0790990e-01
  1.9437364e+00
  5.2914135e-02
  1.0811712e-02
  1.2768182e+00
  2.0486284e-02
 -3.3058316e-01
 -6.1112291e-01
  1.4919554e-01
 -1.2658259e+00
  3.4954348e-01
 -2.4358076e-01
 -1.1275029e-01
 -1.6839430e-01
  5.2697092e-01
 -1.0695779e-01
  2.3197095e-01
  4.8694819e-01
 -1.9070959e-01
  6.9483155e-01
  2.4890800e-01
  1.3692898e+00
 -1.6727675e-02
 -7.6983690e-02
 -3.8241088e-01
  8.5627317e-01
 -5.2396202e-01
 -1.9116125e+00
 -6.9305766e-01
  1.1238444e-01
 -1.2589294e-01
 -2.6359312e-02
 -4.7718175e-04
  3.0478884e-02
  2.2775536e-02
 -4.6000544e-02
 -6.3939415e-02
  2.5743933e-02
 -7.1389559e-03
 -1.8742187e+00
 -4.9615572e-03
  1.5090611e+00
 -8.1236586e-02
  2.2273507e-02
  1.5556751e-02
 -1.3612905e-01
  1.0993721e-02
  1.5351948e-01
 -2.1710445e-01
 -6.8174958e-01
  1.8817898e-02
  3.2260269e-02
  3.1248698e-02
  5.7905090e-01
 -3.9318198e-01
  3.9345124e-01
  5.2577974e-03
  4.3555543e-02
 -5.5805944e-02
  2.4573193e-01
 -1.1821848e-01
 -1.7618209e-03
  9.6811168e-02
 -1.8455409e-01
 -1.0255482e-01
  5.7607163e-02
 -4.2034370e-01
  1.2158993e+00
 -5.7429558e-01
  6.1230773e-01
  2.2514482e-01
  2.5968833e+00
  6.0761631e-01
  9.7221458e-01
  6.0522645e-03
  5.1052564e-01
 -8.6040271e-04
  2.7291256e-01
 -5.6594513e-02
  2.3290217e+00
 -4.5032889e-02
  9.0837252e-01
  2.3095354e-01
 -5.5715162e-01
  1.1916567e-02
  2.5225272e-02
  5.5556066e-02
 -8.1319445e-01
 -4.0154606e-02
 -3.9637667e-01
 -7.7630013e-01
 -1.8593371e-01
  1.4275198e+00
 -2.7362460e-03
 -3.4955359e-01
 -2.5301301e-01
 -2.1956166e-02
  1.2312702e-01
 -1.1136959e-02
 -5.5919915e-01
  3.4894992e-02
 -8.9234496e-03
 -2.3155971e-01
 -7.6500052e-01
 -1.2718519e+00
  1.9561313e-03
 -2.7685709e-02
 -2.4096134e-01
 -1.4790690e-01
  4.5603985e-01
  4.3472749e-01
 -1.2633182e-01
  2.2139527e-01
  6.4748389e-01
  1.0412459e-01
 -2.5795099e-01
 -8.5442054e-01
 -2.1501632e-01
 -5.4209924e-01
  5.5389225e-01
  2.2423495e-02
 -2.6692057e-01
  1.7970701e-01
  5.3050929e-01
  4.9711382e-01
  5.8052081e-01
  5.3708494e-02
  4.7115567e-01
  1.2621614e-01
 -4.9902570e-01
  4.5055339e-01
 -7.1512353e-01
  1.2310777e+00
  6.7339635e-01
  8.4873486e-01
 -2.6026723e-01
 -7.6659888e-02
  2.0739762e-02
 -3.7621725e-03
 -2.2334080e+00
 -1.4753875e+00
 -2.3584023e-01
 -1.4828818e-01
 -1.7677657e-01
 -2.9371309e+00
 -1.9651505e-01
 -9.9177703e-02
  1.6772991e-01
  5.6928873e-01
 -1.1095071e-01
  3.7633587e-02
 -4.6585432e-01
  5.8289427e-01
 -1.7473947e+00
 -6.5838194e-01
 -1.1430851e+00
 -2.8488502e-01
 -3.4118795e-01
 -6.9124097e-01
  3.0372316e-01
 -1.5133853e-01
  5.7137084e-01
  3.4219897e-01
  1.3563894e+00
  5.8189802e-02
  6.4456916e-01
 -1.4157590e+00
  1.0911711e+00
 -8.5226834e-01
  1.0884775e+00
 -6.4915454e-01
 -7.5911880e-01
 -1.0531032e+00
  1.8940195e-01
  1.0495538e+00
 -1.4750018e-03
 -1.1623108e-01
  5.1260889e-03
  3.9112082e-01
 -1.2021682e+00
 -1.5962248e-01
  4.6668593e-03
 -3.5299456e-01
 -8.9023858e-01
 -4.0152025e-01
 -1.7806992e-01
 -5.1844031e-01
 -1.9139977e-02
  1.6735753e-01
 -3.8392422e+00
  4.8939571e-02
  5.6954302e-02
  2.3029907e-02
  7.6151079e-01
 -4.6469572e-01
 -1.1586406e+00
  8.2135749e-01
  6.8736380e-01
  2.6765930e-02
 -3.8169086e-02
  2.2278646e-01
 -1.8638915e+00
 -2.3730251e-03
  4.9420515e-01
  4.8253298e-02
  1.4501148e+00
 -3.7102097e-01
 -8.0514386e-02
 -6.6723302e-02
 -8.4127688e-01
 -2.4271366e-01
 -2.8745405e-02
  8.4757262e-01
 -7.5198275e-01
 -1.4429843e-01
 -1.7169612e-02
  5.1521546e-01
 -1.6003840e+00
 -1.5778782e+00
  4.8526015e-02
 -4.2466575e-01
 -2.7887258e-01
  1.8204047e-01
  7.1339846e-01
  8.9098699e-02
 -8.0816245e-01
  4.1545279e-02
 -3.6374360e-01
  2.1191163e-02
 -4.4375822e-01
 -3.0083483e-01
 -6.9959953e-02
  4.2601648e-01
 -6.4828330e-01
 -8.8722683e-02
 -7.4842453e-01
  4.0474138e-01
 -3.8449299e-01
  9.1891766e-02
  5.9992486e-01
  3.6534244e-01
  1.2071105e+00
 -3.3245258e-02
 -1.1038417e+00
 -9.8759782e-01
  1.3175420e-03
 -3.5307953e-01
  7.4206001e-01
  1.5779954e+00
  1.4804720e-03
 -1.3169165e+00
 -7.5871283e-01
  2.2959363e+00
  2.7344246e+00
 -7.8273140e-02
  9.0087922e-03
 -2.0056338e+00
 -2.9366410e-01
 -2.1255934e-01
 -3.9918029e-01
 -4.4321664e-02
 -1.5697572e+00
 -6.1353827e-01
 -1.1833974e-01
  1.5172205e+00
  1.3788646e+00
 -1.6832124e-01
  1.4384308e-01
 -1.7455015e-01
 -4.8760623e-02
 -3.7335515e-02
  1.3398130e-01
  2.0373547e-01
  4.3652013e-01
 -5.3891414e-01
 -1.2533356e+00
  6.7596877e-01
 -6.9752502e-01
 -1.5139885e+00
 -4.8241857e-01
 -1.4600621e-02
  1.4053415e-01
 -2.0553790e-02
 -1.1328795e+00
 -5.2520764e-01
  1.4725641e+00
  7.3735785e-01
 -1.4653326e+00
 -1.8131673e+00
  1.8396239e+00
  1.0442834e+00
 -2.8686759e+00
 -3.2260159e-01
 -1.6247104e-01
  2.4915577e-01
  1.2484989e-01
  1.3304947e-02
  1.0571995e-01
 -1.1439550e+00
  1.1941787e+00
 -2.1013315e+00
 -6.3977465e-03
  2.6651640e+00
 -2.6739345e+00
 -5.6620860e+00
  1.8660766e-01
  1.0636957e+00
  1.8740544e+00
 -8.3193062e-03
 -1.1151923e+00
 -1.7445711e+00
  1.3994725e-02
 -3.2950044e-01
 -5.6243235e-01
  1.6659118e+00
  2.3278940e-01
 -2.3690739e-01
 -6.2883034e-02
  7.2709608e-01
 -2.7314603e-01
 -5.6086832e-01
  1.1569792e-02
 -1.0178610e+00
 -7.6685488e-01
  2.6754162e+00
 -5.7838511e-02
 -6.5987915e-02
 -2.0838959e+00
  2.6753676e+00
 -1.2550318e+00
  2.7354777e-01
 -7.7165067e-01
  1.3207148e+00
 -1.2438189e+00
  7.3161739e-01
 -7.5940722e-01
 -6.2546247e-01
  6.0272413e-01
  9.2293388e-01
 -6.5678281e-01
 -9.2852366e-01
  2.5719477e-02
  2.0055178e-01
  7.7715494e-02
 -2.4834806e-01
  8.3140802e-01
  1.1594387e-02
 -4.2482477e-01
  6.0125297e-01
 -2.7320042e-01
  6.0679678e-02
 -1.2909458e+00
 -6.8409154e-03
  1.2711558e+00
  6.4217433e-02
 -9.2183715e-01
  3.7171682e-03
  4.3363295e+00
 -1.4417463e-03
 -1.4165083e+00
 -9.1233877e-03
 -5.4463047e-01
  2.1453605e+00
  1.0961194e+00
  1.5310451e-01
  4.7188964e-01
 -1.1698811e-01
 -1.9117895e-01
 -1.0809753e+00
  2.8202184e-02
  1.4834285e-01
 -2.3675039e+00
 -1.8551437e+00
  1.3141366e+00
 -6.6884078e-02
 -1.4898028e+00
 -8.6892861e-01
 -1.3650801e+00
  8.1374437e-02
  1.4993550e+00
 -2.1062302e-03
 -2.4809891e-01
  1.7083041e-01
  2.7457511e+00
  1.6333999e-02
  3.0976009e-01
  5.8569986e-02
  4.2495471e-01
 -2.8767714e-01
 -2.3174904e-01
  3.6165215e-02
 -2.3719151e+00
 -7.5504500e-01
  1.4322245e+00
  3.0417877e-01
 -3.8963458e-01
  8.7763499e-03
 -4.9305153e-03
 -8.4114075e-04
 -1.2355025e+00
  4.7619078e-01
  4.1030490e-01
  9.9752986e-01
  1.2603383e+00
 -1.5180861e+00
  3.6683633e+00
  6.0556922e-02
  1.3032236e+00
  1.0151155e+00
  2.6488072e-01
 -3.0162016e-02
 -2.2709273e-01
 -3.3083037e-02
  9.9222578e-02
  9.2089638e-02
 -1.9077783e-02
 -1.4730825e+00
 -5.2835052e-03
  2.3969409e-01
  1.0316849e+00
  7.4528402e-01
  1.5548421e+00
  7.7852800e-02
  5.0993240e-01
  7.3329973e-01
  6.1423051e-01
  4.6710320e-02
 -6.9652212e-01
 -1.7120290e-01
  2.8346640e-01
  8.6732072e-01
  3.3601955e-01
 -3.4824303e-01
  2.0765245e-01
 -1.0461061e-02
  2.5137979e-01
 -6.4917636e-01
  9.5616204e-01
 -9.9459541e-01
  9.2171472e-01
 -2.0619307e-01
  1.7056030e-01
 -1.6671842e-01
  2.2200582e+00
 -1.4437605e+00
 -9.2858487e-01
  8.0672428e-03
 -3.2132953e-02
 -8.2065326e-01
  3.4142891e-04
 -2.7939729e-02
 -4.2542294e-02
  3.5850401e+00
 -4.2081387e-03
  6.7316085e-01
 -1.5219997e+00
 -1.3343707e+00
 -2.5374070e-01
 -1.7180498e+00
 -9.1952074e-01
  2.2258092e-01
 -9.1354726e-03
  1.0602485e+00
 -9.8175965e-02
  1.0290523e+00
  1.3499915e-02
 -2.7232301e-01
 -1.5689861e+00
 -5.1791185e-01
 -2.1970557e-01
 -3.3899340e-01
 -1.5951425e+00
 -3.4681284e-01
  3.8105130e-02
  7.5442713e-01
 -4.9728200e-01
 -3.5511661e-02
 -2.4931049e-01
 -3.9993888e-01
  2.5559852e-01
 -1.5244176e+00
  3.4232751e-01
 -8.4420867e-02
  1.3761948e-01
 -1.1158950e+00
 -6.8287509e-03
  5.7673935e-02
 -3.2251295e-02
 -1.5011075e-02
 -3.6905280e-01
  6.2371627e-03
 -4.9787867e-03
  3.8061419e-01
 -7.4097365e-02
  3.3299886e-03
 -5.0448600e-02
 -2.1292765e-02
 -1.5229583e-02
  1.9495273e+00
  2.5116378e-01
  5.0513737e-02
 -2.8241220e-01
  4.7406492e-01
 -1.3480106e-01
  4.7958061e-01
  5.6938177e-01
 -1.7717887e+00
  7.4185260e-02
 -7.6853436e-01
 -4.0269721e-01
  2.0097687e+00
  4.1544688e-01
  5.4532868e-01
 -6.1117798e-01
 -8.7498212e-01
 -1.2218082e+00
 -5.3102833e-01
  4.2823187e-01
 -2.2322749e-01
  1.2718229e+00
  3.6185285e-01
 -9.8944491e-01
  1.6386538e+00
  4.2989585e-01
  2.2746727e-01
 -5.9929922e-02
  1.0494449e+00
 -3.4313083e-02
 -1.3129970e+00
  6.9242686e-01
 -7.3164314e-01
 -2.5492290e-01
  1.1448588e-01
 -1.5516445e-01
  1.2581618e+00
  4.2641529e-01
  2.2503665e-01
 -5.8535999e-01
  2.7482431e+00
 -3.4453906e-02
 -1.9195592e-01
 -3.9101043e-01
  1.6828851e+00
  5.5264398e-02
 -1.9799501e-01
  1.6428839e-01
 -5.0871566e-02
  4.8867488e-01
  5.9559810e-01
 -2.5727120e-01
  3.8485301e-01
  2.0304164e-01
  5.3514451e-02
 -7.2802311e-01
 -2.2903549e-02
 -4.5737106e-01
 -9.2037535e-01
  3.7548811e+00
  1.9320816e+00
  2.0446672e-01
  3.8785011e-01
  1.5964341e+00
 -8.4737778e-02
  3.2813787e-02
 -5.4212636e-04
 -6.6788853e-03
  8.4560823e-01
 -1.7774072e-01
  3.9032211e-03
  7.2965288e-01
  7.8509349e-01
  1.0181866e+00
  9.7104621e-01
 -1.9183885e+00
  3.3446157e-01
  1.7796415e-01
  7.6298881e-01
  4.3242015e-02
  9.6611965e-01
  2.7571952e-01
  9.0391506e-03
  1.0442964e-02
  2.9476532e-01
 -1.0122850e+00
 -8.6575204e-01
 -9.9791831e-01
  2.3201995e-01
  1.1003865e-01
  5.8949131e-01
 -1.6093128e+00
  1.6778858e+00
  4.1679475e-01
  1.0108703e+00
 -6.8518567e-01
  1.5696374e+00
  5.6816542e-01
  7.5704443e-01
 -2.5671244e-01
  5.3747468e-02
 -7.3005319e-01
  7.8467429e-02
 -1.3544883e+00
 -3.0054668e-01
  1.0929070e-02
 -9.2290139e-01
  1.3164863e-01
 -5.4557798e-03
  1.3466572e-03
  5.4966863e-02
 -9.8183322e-01
  3.9786186e-02
  1.9539461e+00
 -1.2000142e+00
 -3.0139500e-01
 -1.1803828e+00
 -6.2570906e-01
 -5.8007461e-01
  8.6741024e-01
  6.0795027e-01
  2.7540573e-01
  6.4959514e-01
 -1.5238754e+00
 -1.2471558e+00
  7.1624056e-02
 -3.3871669e-01
 -1.6411742e+00
  4.4209335e-04
 -7.7363342e-01
 -4.6299189e-01
 -4.4615693e-02
  2.7646685e-01
  1.0303228e+00
  4.7544118e-02
  5.1498336e-01
 -7.2212589e-01
  6.2255051e-02
 -6.2633264e-01
  1.0999081e+00
 -8.5516879e-03
 -1.5974329e-01
 -5.0878954e-01
  7.0695257e-01
  2.1751991e-03
 -6.2044525e-01
 -1.7067897e-01
  1.4509490e-01
 -3.5263625e-01
  1.1407812e-02
  3.5256621e-01
 -1.3754120e-01
 -2.4842447e-01
  6.3568467e-01
 -1.0352148e+00
 -8.9947307e-01
  6.0330421e-01
 -1.6343829e-01
 -1.9002805e+00
  4.8931621e-02
  6.6314754e-03
 -1.6704954e+00
  3.0681362e+00
 -1.8640180e+00
  2.1585460e-01
 -3.3553284e-01
  5.8914356e-02
 -1.7409868e+00
  2.6844352e-01
  6.5989114e-02
 -2.6181738e+00
  1.0974814e+00
 -2.3617558e-03
 -2.7979532e-01
  1.8092511e+00
 -1.0561643e+00
  6.6703898e-01
  9.2990690e-01
  2.7697936e-01
 -1.7758706e-01
  5.0885683e-01
  2.4581745e+00
 -2.0145783e+00
  1.0142012e+00
  5.2051669e-01
  7.4574071e-01
 -1.4219325e+00
  3.7574980e-01
  6.1492503e-01
 -1.4130226e-01
  1.2825623e+00
  4.1931573e-01
  1.5491721e-01
 -6.8620038e-01
  2.4228843e-01
  1.8896301e+00
  6.5456733e-02
 -3.2819152e-01
 -1.1826004e+00
  1.6749958e+00
  8.0116779e-01
 -4.5981732e-01
 -1.0412406e+00
  8.0038869e-01
  3.2560393e-01
 -2.0467901e+00
  3.8905804e+00
  8.7144661e-01
 -1.2960769e+00
  1.3954346e+00
  7.8220147e-01
  4.6355492e-01
  2.6418868e-02
 -4.9173445e-01
 -1.4451658e+00
 -1.6724247e+00
 -1.7654613e+00
  1.4945283e+00
 -1.4305394e+00
 -6.0209367e-02
 -2.9620761e-02
  3.1808585e-01
  3.8028178e+00
 -6.7773312e-01
 -6.5201682e-01
 -1.6689903e+00
 -1.7638671e-01
 -9.0727106e-02
 -2.1914954e+00
  9.7192615e-01
 -3.2236725e-01
  2.3890395e+00
 -7.0376772e-01
  4.8232379e+00
 -1.2317125e+00
  1.5710512e+00
 -6.3617027e-01
  2.9814410e+00
 -9.7778279e-01
  1.2392462e+00
 -1.6553108e-01
 -8.4485149e-01
 -1.7188641e+00
  4.0690677e-04
 -8.3667964e-01
 -1.4380680e+00
  1.2146263e-02
 -1.3189334e-02
 -9.7034998e-02
  2.3815228e-01
  5.2053899e-01
  9.4885007e-02
 -2.9616153e-01
  5.0306165e-01
  5.3081197e-01
  2.6558269e-02
 -3.0468088e-03
 -4.2372185e-01
 -3.7230483e-01
  6.6406244e-01
  4.7272724e-01
 -3.2492809e-03
 -5.2932912e-01
  6.0622282e-02
  1.2856148e-02
  5.4056197e-01
  8.0131847e-01
 -6.1406332e-01
 -7.6005295e-02
 -1.8992788e-01
 -1.5928930e+00
  2.6765549e+00
  1.4302256e+00
  2.2416627e-01
  3.2202473e-01
  6.7455649e-02
 -1.7595887e-01
 -7.8269131e-02
 -3.4243333e-01
  2.3009472e-01
  3.4888241e-01
 -4.5858106e-01
 -1.0409693e+00
  2.7402523e-01
  8.2534325e-01
  3.9977035e-01
 -5.3034315e-04
 -2.0361076e-01
 -4.9881679e-03
  2.5065956e-01
 -8.9220464e-01
  1.0387252e-01
  1.0657495e+00
 -5.4955244e-01
 -1.1261905e+00
  5.2620256e-01
  9.3465887e-02
 -8.0814719e-01
 -2.9671007e-01
  1.4173140e-01
 -2.4261475e-01
 -2.6386017e-01
  3.0070585e-01
 -6.9132182e-03
  1.7786650e-01
  5.1754698e-02
 -3.3445936e-02
 -1.4463935e-02
  5.0558686e-01
  1.8795704e-02
  1.8795704e-02
  1.8795704e-02
  1.8795704e-02
  1.8795704e-02
  1.8795704e-02
  1.8795704e-02
  1.8795704e-02
  1.8795704e-02
  3.4313183e-02
  3.4313183e-02
  3.4313183e-02
  3.4313183e-02
  3.4313183e-02
  3.4313183e-02
  3.4313183e-02
  2.9012233e-02
  2.9012233e-02
  2.9012233e-02
  2.9012233e-02
  2.9012233e-02
  2.9012233e-02
  2.9012233e-02
  1.3580502e-02
  1.3580502e-02
  1.3580502e-02
  1.3580502e-02
  1.3580502e-02
  1.3580502e-02
  1.3580502e-02
  5.7021868e-03
  5.7021868e-03
  5.7021868e-03
  5.7021868e-03
  5.7021868e-03
  5.7021868e-03
  5.7021868e-03
  1.1793899e-02
  1.1793899e-02
  1.1793899e-02
  1.1793899e-02
  1.1793899e-02
  1.1793899e-02
  1.1793899e-02
