nep4 2 Cu Se 
cutoff 7 5 100 44
n_max 8 6
basis_size 12 12
l_max 4 2 0
ANN 50 0
 -3.2107621e-02
  2.4513096e-01
  1.9267701e-01
 -5.2179992e-02
  3.7505472e-01
 -5.6434000e-01
 -2.8513664e-01
 -1.3571870e-01
 -2.8130427e-01
 -2.8742623e-01
 -2.0145446e-01
 -3.5825819e-02
 -1.9165915e-01
  2.9150024e-02
 -2.8004134e-01
  1.5717924e-01
  1.4746001e-01
 -3.8065720e-02
 -1.7292064e-01
  1.6338383e-01
  1.3563924e-01
 -6.9652215e-02
 -6.7191243e-02
  3.4547961e-01
  2.1040689e-02
  2.2866321e-01
 -1.5715905e-02
  1.8432787e-01
  1.3684274e-01
 -2.9887745e-01
  2.4577928e-01
 -2.9221511e-01
 -1.8643989e-01
 -1.5246552e-01
 -5.2735396e-02
 -5.2958451e-02
  1.7433743e-01
  2.4005243e-01
 -3.0003527e-01
 -1.1596718e-01
  3.8109854e-01
 -1.9895159e-02
 -1.5838453e-01
  1.0454512e-01
 -2.4882102e-01
  9.6773070e-01
 -1.7000591e-02
 -7.2815889e-01
 -1.6983300e-03
  5.1945406e-01
 -2.7504915e-01
  2.7248841e-03
 -1.7549996e-01
 -1.2742555e-01
 -2.3170744e-01
 -2.4532138e-01
  2.0107279e-02
 -3.0398050e-01
  8.4870845e-02
  1.5502563e-01
  1.1070497e-01
  1.6937687e-01
  3.9723334e-01
  2.3027360e-02
 -7.0716464e-03
  1.6162169e-01
  3.7086576e-02
 -4.9756292e-02
 -4.0478522e-01
  7.1174145e-01
 -2.5448945e-01
  4.2977080e-02
  4.4223031e-01
  4.0101665e-01
 -1.5054040e-01
 -1.4852631e-01
  1.0184852e-01
  1.0990892e-01
 -5.8234252e-02
 -2.4251416e-02
  4.9907589e-01
 -7.5626336e-03
  2.2829989e-01
 -1.5942141e-02
  2.3677009e-01
  4.0685701e-01
 -1.1072965e-01
 -1.7181788e-01
  9.4927087e-02
 -1.1269104e-01
  7.4063027e-03
 -3.8832966e-02
  2.9854655e-02
 -1.1884370e+00
 -6.9855481e-02
  2.8075296e-01
  2.2088778e-03
  1.5067810e-01
 -1.1481837e-01
 -1.8685098e-01
 -8.1064329e-02
  5.8016591e-02
  1.5319573e-02
 -3.5154935e-02
  3.9448407e-01
  1.0071273e-01
  2.1469623e-01
 -9.7223222e-02
  4.2203021e-01
 -4.1694140e-01
  1.6941008e-01
  1.3279684e-01
 -8.0267265e-02
 -1.1456543e-01
 -8.7735581e-01
 -1.9322336e-01
  6.7876853e-02
  8.1173140e-01
  2.4357575e-01
 -4.2113207e-02
  4.2154866e-01
 -1.6998857e-02
 -3.2327679e-01
 -3.4907347e-01
 -9.9222578e-02
 -1.6042951e-02
 -1.0623592e-03
 -4.3922611e-02
  4.2059764e-01
  4.4756216e-01
 -9.0545967e-02
  3.3898588e-02
  1.2733675e+00
 -5.6367029e-02
  1.7105827e-01
 -9.5630985e-01
 -2.7237138e-01
  6.2695014e-01
 -4.5596585e-01
  1.8723843e+00
 -7.1562064e-01
 -1.4737131e-01
  7.9257822e-01
 -1.6242387e+00
  7.1022916e-01
 -5.8802985e-02
  1.4930489e+00
 -3.8037306e-01
  9.1994125e-01
  1.2938724e-01
  5.4654843e-01
  6.9614416e-01
 -4.5177066e-01
 -3.0056092e-01
 -6.4524926e-02
  4.8057133e-01
  1.1089125e+00
 -3.8554776e-01
  9.0584522e-01
 -7.0506108e-01
 -7.7086323e-01
 -9.2008549e-01
 -2.2208057e-02
  3.6476484e-01
  9.6123648e-01
  7.5815529e-01
 -3.4013331e-01
 -5.7180011e-01
 -3.9979276e-01
 -4.2269415e-01
  7.5404476e-03
 -2.2206512e-01
 -9.3814707e-01
 -6.8105042e-02
  1.3263927e-01
  6.5236664e-01
  2.8347880e-01
  1.3474086e-01
  3.1473491e-01
 -5.2084025e-02
  3.5628304e-02
  7.7868730e-01
 -3.7385345e-02
  3.1115177e-01
  3.2263786e-02
 -4.7419223e-01
 -2.3153535e-01
 -7.0573574e-01
 -5.2574687e-03
 -1.7024732e-01
 -2.3125240e-01
  3.4459519e-01
  4.6126023e-02
  8.4600192e-01
  5.2761033e-02
  3.8133818e-01
  1.6254126e-01
 -5.5330154e-02
  2.0600514e-01
  1.9298187e-01
 -8.3666757e-02
  9.5978670e-02
  7.3616308e-01
  1.7843066e-01
 -9.6871728e-01
 -1.8714519e-01
  1.9313924e-01
  1.2088741e-01
 -1.6249681e-01
  1.6160409e-01
  9.1727674e-01
 -6.7434542e-02
 -1.8424015e-01
 -4.2305417e-02
  2.0486336e-02
  2.8034359e-01
 -3.9557651e-01
 -6.4482130e-02
  4.9422050e-01
  7.3726207e-02
  9.7629458e-02
  6.8906508e-02
 -5.0064363e-04
  8.2334682e-02
  7.0589475e-02
 -4.7779828e-01
  9.3067199e-01
  1.3127854e-01
 -1.6687290e-01
  1.3612825e-01
  6.9395500e-01
 -3.3867013e-01
 -3.1334397e-01
  2.1872880e-01
  1.9883135e-01
  9.1664439e-01
 -1.8931538e-01
  1.6217707e-01
  2.9160357e-01
  1.6955379e-01
 -1.2703039e-01
 -8.8806815e-02
  1.9048598e-02
  2.2693954e-01
  1.2343601e+00
  1.7659885e-01
 -3.6028755e-01
  2.1331694e-02
 -6.0991187e-02
  1.3381223e-01
 -3.3286065e-02
  8.8655921e-03
  1.7012404e-01
 -4.8012063e-03
  2.6055562e-01
 -3.4129241e-01
  2.2116488e-01
  6.3040155e-01
  4.0462270e-01
 -1.3852651e-01
 -6.7163788e-02
 -3.8634539e-03
  1.2287440e-01
  2.9642582e+00
  3.8834831e-01
  1.0097679e-02
 -2.5801951e-01
 -5.9965260e-02
  1.1479490e-01
 -5.9163161e-03
  1.7421396e-01
  2.2980331e-01
 -6.8999380e-01
  3.6005273e-02
  2.6479167e-01
 -1.3707414e-01
  1.9196896e-01
  2.7887574e-01
 -2.4692036e-02
  3.5760038e-02
 -2.0779046e-01
 -1.1680692e-01
 -2.9041793e-02
  3.0516727e-02
  2.5953412e-01
 -1.4045699e-02
 -2.0961867e-01
 -1.7954922e-01
  6.9154364e-01
 -3.2323581e-01
 -1.2053941e-01
  4.8374420e-01
  4.5084828e-01
  1.6802335e-01
 -2.9442525e-01
 -2.3373286e-01
  4.2749569e-02
  7.2553210e-02
  3.2095230e-01
 -1.9784722e-01
 -7.1518891e-02
  5.0493747e-01
  3.3825734e-01
 -2.9255733e-01
  8.0005258e-02
  5.1650769e-01
 -3.5506317e-01
  2.7729455e-01
 -1.6644397e-01
  5.9418178e-01
 -1.4623529e+00
  8.4871048e-01
 -2.5121471e-01
  5.3705502e-01
 -5.7792276e-01
 -4.1510990e-01
 -5.1129335e-01
 -2.0112043e-02
  7.4176866e-01
  1.7944286e+00
 -2.4928032e-01
  4.6300071e-01
 -1.1194787e-01
  1.7885442e-01
  1.3244140e+00
 -8.0029118e-01
 -1.3000810e+00
  1.5177377e-01
  6.4771795e-01
  5.0082999e-01
  2.6297612e+00
  1.5626371e+00
  3.0140981e-01
 -1.9007969e+00
  2.7848989e-01
 -1.7178550e-02
 -1.6736467e-01
  5.6155449e-01
  1.7850069e+00
  2.2411546e-01
 -9.4995940e-01
  2.7786174e-01
  1.2151578e-01
  5.3481346e-01
  3.4404710e-01
 -3.2365173e-01
  7.9749501e-01
 -7.9087220e-02
  1.1663157e+00
  8.7412953e-02
 -3.5636857e-01
 -9.0860564e-01
  2.9879832e-01
 -2.0803110e-01
 -2.1827072e-01
  2.3796586e-02
 -4.7576013e-01
  7.6632452e-01
 -1.0788517e-01
  2.3743869e-01
 -2.0987664e-01
 -7.7689856e-02
  4.9783379e-01
 -2.8845692e-01
  6.3332677e-02
  1.1118240e-01
  4.2869371e-01
 -3.1533754e-01
 -4.8623827e-01
 -1.7493108e-01
 -3.4362003e-01
 -6.2998694e-01
 -2.5556030e-02
  2.1536495e-03
 -2.4825248e-01
  6.1346698e-01
 -1.7758232e-02
 -5.9745993e-02
  8.4998184e-01
 -1.1853424e-02
 -4.6170902e-01
 -1.6563940e-01
 -2.4632357e-01
 -2.5852633e-01
 -7.4231643e-03
 -1.4405983e-02
  2.7649638e-01
 -1.0567800e-01
  4.3479130e-01
 -2.4683883e-02
 -7.1313512e-01
 -9.9631257e-02
 -5.6941055e-02
 -1.9631924e-01
  2.0391017e-01
 -2.0463148e-01
  2.3291633e-03
 -2.8776852e-02
 -6.2152371e-04
  9.0108722e-02
  8.8217109e-02
 -8.6330354e-01
  2.3521632e-03
 -3.2176610e-02
 -1.7132747e-01
  1.5834188e-01
  2.3389429e-01
 -5.9892714e-01
 -2.5522432e-01
 -3.2656550e-01
 -2.3323886e-02
 -2.7408573e-01
 -2.1311043e-01
  9.2827007e-02
  7.2479047e-02
  1.3780212e-01
 -9.5376760e-02
  1.6708761e-02
  8.5922033e-02
 -1.7449561e-01
  1.1962615e-01
 -7.2627753e-02
 -3.3906418e-01
 -3.6710897e-01
 -1.3319616e-01
  7.0791595e-02
  1.3023163e-01
  1.6707517e-01
  1.0666348e+00
  8.3493695e-02
  9.4840616e-02
 -1.0747774e+00
  3.7026595e-02
 -1.3955948e-01
  1.9712004e-01
 -1.3749981e-01
 -6.8774052e-02
 -4.5320898e-02
 -3.0535731e-01
 -2.7299368e-01
 -2.6660487e-01
 -5.7980321e-02
  2.2124417e-01
  3.6704299e-01
  2.7323815e-01
 -5.8545488e-01
  1.4889216e-01
  1.4458103e-01
 -3.2839999e-01
  1.1316564e-02
 -2.2652428e-01
 -6.0795993e-02
 -1.2138900e-01
  1.2181800e-01
 -3.6660969e-01
  2.9243182e-02
 -2.1792477e-01
  2.2081971e-01
  2.6355624e-02
 -4.0536564e-02
  1.3630599e-02
 -2.1828255e-01
 -5.5691019e-02
 -2.7091655e-01
 -1.4808841e-01
  2.6559010e-01
 -1.7886545e-01
  2.8676081e-01
 -1.2605566e-01
 -3.2121456e-01
  3.6392912e-01
 -1.2819612e-01
 -6.1829680e-01
 -1.7587593e-01
  1.8926637e-01
 -9.8785624e-02
 -9.7092099e-02
 -1.7891489e-02
 -4.0286601e-01
 -2.9873520e-01
  2.4351795e-01
  4.6180114e-03
  1.3936818e-01
 -1.1375213e-01
  1.5189312e-01
 -6.4725816e-02
  6.5646327e-01
  1.3210012e+00
 -1.6291285e-01
 -4.6847227e-01
  8.8548017e-01
 -2.5202472e+00
  8.2151330e-01
 -4.4786382e-01
 -8.0987775e-01
 -4.4508824e-01
  3.4381062e-02
 -1.8235391e+00
 -3.2034567e-01
  4.2322445e-01
 -4.1205116e-02
  6.9499657e-02
 -1.1628420e+00
 -1.5668744e-01
 -1.0221838e+00
  3.6989577e-02
 -1.2594242e-01
 -2.0604401e+00
 -3.5982978e-01
 -2.2224301e-01
 -6.0907573e-01
 -9.4283915e-01
  1.6153905e-01
 -3.5165012e-02
 -1.2432200e-01
 -1.2433658e+00
  4.6138361e-01
  2.0401622e-01
 -9.0916634e-01
 -2.8790304e-01
  1.5644772e-01
  5.5775940e-01
 -2.4200867e-01
 -1.4007238e-01
 -7.1230724e-02
 -7.7949055e-02
 -3.6512604e-01
  4.2750371e-01
  3.9073169e-02
 -2.5919122e-01
  1.6373638e-02
 -4.6133554e-01
  3.5827714e-01
  2.3186202e-01
  1.1774601e-01
  6.9351032e-02
  4.4654116e-01
 -1.5603617e-01
  9.5781535e-01
 -1.0201571e-02
 -3.2074484e-01
 -2.2824092e-01
  1.5818657e-01
  2.7904473e-02
  8.3448410e-02
  5.2563941e-01
  7.4863642e-02
  5.1150954e-01
  1.8437861e-02
 -5.0030373e-02
 -1.0139015e-01
  1.5983245e-01
  1.2370823e-01
  6.6077381e-02
 -1.3414792e-02
 -2.6806936e-02
 -2.4808955e-01
 -3.2241475e-02
  1.6853178e-02
 -3.4066625e-02
  3.9476788e-01
  4.8943496e-01
 -1.6142684e-01
 -6.9966966e-01
  2.0641926e-01
  1.3726176e-01
 -7.7973920e-01
  1.0254240e-01
  2.2559449e-01
  1.4700778e-01
 -1.1960817e-01
  7.7668905e-02
  8.8010520e-02
 -7.8133076e-02
  1.0891508e-01
 -5.6458718e-01
  1.3761866e-01
  1.0688934e+00
  2.3590183e-01
  1.7926106e-01
  1.8102990e-01
 -2.0832711e-01
 -2.4075744e-01
  2.2130352e-01
 -5.7427937e-01
 -2.8612331e-01
 -6.1240952e-02
  1.1941927e-01
  3.4398533e-02
 -3.1633052e-01
  1.5036741e-01
  1.5799928e-01
 -3.1179331e-02
 -8.5530818e-02
  6.5244704e-01
  4.8189640e-02
  1.1626788e-01
  2.7709302e-01
 -6.1944656e-02
  5.0693947e-01
  1.9223341e-01
 -4.5217419e-01
  8.3131477e-02
  1.8656383e-01
  2.0181785e+00
  8.6073920e-02
  3.8167071e-01
 -6.3162245e-02
  1.5316193e-01
 -3.1917179e-01
 -4.2602059e-02
 -1.5191492e-01
  1.3366844e-01
  8.6266816e-02
  2.4907786e-01
  6.7739624e-01
  4.6932313e-01
 -8.5929714e-02
  1.4511995e-01
 -2.8048694e-02
  6.3980453e-02
 -7.9370481e-01
 -1.6585822e-01
  3.0224240e-01
 -1.7721109e-01
  4.6140122e-01
  7.0822015e-02
 -2.6015615e-02
 -2.6528677e-01
  6.3634068e-02
 -8.4700823e-02
  1.4105253e-01
 -5.2828144e-02
 -1.0533587e+00
  1.4089745e-01
 -5.6234670e-01
 -8.4695809e-02
 -1.6310386e-01
  2.0235583e-01
 -4.1535154e-01
 -3.1782818e-01
 -6.6862649e-01
 -4.0025268e-02
 -7.2016962e-02
  5.0854880e-01
 -1.1374557e-01
  4.9861264e-01
  1.9904871e-01
 -4.5718396e-01
 -7.0208989e-02
 -1.2755193e-01
 -2.2203423e-02
 -3.1925490e-01
  3.1119999e-01
  6.0296237e-02
  1.8700461e-01
  3.4738487e-01
  1.7991565e-02
  1.6584677e-01
  1.9229700e-01
  1.3970758e-02
 -6.5664224e-02
  1.9747803e-01
  5.1497366e-02
  3.0080758e-02
  2.3298273e+00
 -1.6010535e-01
 -5.2563183e-02
 -2.1390325e-01
 -3.1721988e-01
  1.4337362e-01
 -5.2163713e-02
  4.7335543e-02
 -8.8625260e-02
  5.3501540e-01
  3.3259374e-01
 -2.2615923e-01
  5.1024741e-01
  3.3573464e-01
 -3.8729253e-01
  7.3240727e-02
 -1.3983947e-01
  2.9861543e-01
 -4.4131374e-01
 -4.2518103e-01
  2.2348464e-01
 -2.0565541e-01
  6.4492300e-02
 -2.6335961e-01
 -2.9272489e-02
 -8.8573009e-02
 -1.2671475e-01
 -1.1187031e-01
  1.2024239e-01
 -1.9072741e-01
  7.2667584e-02
 -3.2848471e-01
  2.3614602e-01
 -1.1036600e-01
  1.4211375e-01
 -1.4286867e-01
 -1.4029788e-03
  1.7199926e-01
  3.3749652e-01
  7.1261711e-02
 -1.5282888e+00
 -2.9794231e-01
 -2.1434906e-01
 -2.3857422e-01
 -7.0350039e-01
 -2.3501810e-01
  4.3060046e-01
 -2.4119744e-01
  4.5717925e-02
  3.5635033e-01
 -2.4870397e-01
  2.0220308e-01
 -1.2122735e-01
  2.2961903e-01
 -3.7534073e-01
  9.8513818e-01
  2.8227729e-01
 -3.2484751e-02
  2.9008061e-01
  4.7042325e-01
 -3.8081792e-01
 -5.8571595e-01
 -2.1726930e-01
  7.0548242e-01
 -6.6746332e-02
  3.0023727e-01
 -1.6940071e-01
  1.0512591e-01
  9.1863148e-02
 -1.9949339e-01
 -1.4257295e-01
  2.0822557e-02
 -1.7406656e-01
 -5.9736683e-03
  2.0878007e-01
  5.7912564e-01
  1.8513280e-01
 -6.3475627e-03
 -2.4834494e-01
  8.1490839e-01
 -1.6283764e-01
  1.4500499e-01
 -9.8890908e-02
  4.8810479e-01
  3.7601784e-01
 -1.4185835e-01
 -2.0098562e+00
 -8.8278151e-01
  2.2454837e-01
  7.2380535e-02
 -3.8178021e-01
 -1.9085612e+00
 -1.6263159e-01
 -9.2235677e-02
 -9.3769455e-01
  5.7414609e-01
 -1.9451234e-01
 -2.3954415e-01
 -3.0844438e-01
  6.1687964e-01
 -1.7148807e+00
  6.3718176e-01
  2.9359385e-01
  4.1549452e-02
 -9.9847212e-02
 -1.3725226e-01
  7.3499307e-02
 -1.0875574e+00
 -1.7822959e-02
  4.5772320e-01
 -6.4047140e-01
 -6.6727382e-01
 -1.8188807e-01
  3.0041808e-01
  3.9002004e-01
  2.2136174e-01
  4.3310848e-01
 -1.4673351e+00
  2.2298619e-01
  2.0893615e-01
  6.4148319e-01
  2.4030277e-01
 -6.5225822e-01
  1.0412063e-01
  8.9085333e-02
 -5.1194179e-01
 -1.0950401e-01
  5.7280046e-01
 -4.9462172e-01
  2.8132534e-01
 -3.8971129e-01
  2.8491405e-01
 -1.3312751e+00
 -6.4157814e-02
 -1.8677422e-01
 -7.7767737e-02
 -4.1843450e-01
  1.6928333e-01
  2.5416234e-01
  1.7503680e-01
 -1.4283787e-02
 -1.3545826e-01
 -5.0500238e-01
  3.3028749e-01
 -3.8310701e-01
  1.4076908e-01
  1.4545515e-01
 -1.3103327e-01
  9.2122704e-02
  4.6534106e-02
 -1.9281396e-01
 -4.0187761e-01
  5.6552939e-02
 -1.3960496e-01
 -8.8843264e-02
  1.9017711e-01
  2.4966571e-01
  3.0507317e-01
 -9.9596910e-02
 -1.5792702e-01
  7.8630276e-02
 -3.8346868e-02
 -8.9337364e-02
 -1.0265733e-01
  1.1573310e-01
 -3.3396059e-01
 -2.3734707e-01
 -6.4713043e-01
  4.4810027e-01
  3.2010385e-01
 -1.7750567e-02
 -1.6246143e-01
 -1.6759695e-01
  5.9555382e-01
  2.8421417e-01
 -4.1406658e-02
  7.0158720e-02
  8.0664583e-02
  1.7140591e-01
 -1.2851714e-01
 -8.5094254e-03
 -5.5069290e-02
 -1.4509904e-01
  1.4983810e-01
  1.1383951e-01
 -7.0118636e-02
 -1.6737115e-02
  1.0365970e-02
  3.5981100e-02
 -1.3588144e-01
 -3.3921823e-03
  3.2481113e-01
 -5.7778042e-02
  7.5487196e-02
 -9.0272076e-02
 -1.4515412e-01
  3.2211146e-01
  1.6614601e-01
  3.2612526e-01
 -2.4037614e-01
 -8.7751225e-02
 -3.2883912e-02
  1.3712505e-01
  1.8915077e-01
 -7.7685751e-02
  5.1693994e-01
  1.6904669e-01
 -9.8625231e-01
  1.8304677e-01
  1.6453961e-01
  3.4378055e-02
  3.0933696e-01
  1.1983662e+00
  6.1330068e-01
 -1.1225820e-02
  2.3457751e-02
  3.0950007e-01
 -1.5734150e-01
  4.7495272e-03
 -1.5494247e-01
 -4.6908957e-01
 -2.2560485e-02
  9.0942597e-03
  6.1382866e-03
  4.2273444e-01
 -2.5332755e-01
  2.0161432e-01
 -2.6221359e-01
 -2.2030871e-01
 -1.0530808e-01
  9.2946643e-01
  4.0706978e-03
 -2.8580275e-01
 -9.8678246e-02
 -4.7894749e-01
 -1.7936878e-01
  1.5551606e+00
  3.5189077e-02
  1.9509751e-01
  6.2070656e-01
  4.6074060e-01
 -7.8641683e-02
 -1.8232936e-01
 -3.9070424e-01
 -2.6305746e-02
 -3.4719333e-01
 -3.9180472e-01
  5.2237970e-01
  2.5429693e-01
 -2.3083751e-01
 -2.4046664e-01
  3.5563931e-02
  3.2892099e-01
  1.9344836e-02
  2.1174923e-01
 -3.5751465e-01
  4.6310958e-01
  1.0101184e-01
  1.8960086e-01
  4.8193467e-01
  6.0749280e-01
  4.1969016e-02
  2.1665683e+00
 -8.8136308e-02
  2.8879759e-01
  2.0847995e-02
 -2.5723758e-01
  1.4071689e+00
  4.3557513e-01
  1.4612205e-01
  4.3531570e-01
  8.6996526e-02
  9.1209388e-01
 -3.7520340e-01
 -9.8901473e-02
  4.0103266e-01
  3.6265790e-02
  1.4271230e-01
 -5.8668606e-02
  1.8680551e+00
 -2.8929176e-02
 -1.0680541e-01
 -1.2390102e-01
  3.6863658e-01
 -2.1796496e-01
 -6.9207221e-02
  8.2146460e-01
 -6.4381343e-01
 -1.1912664e+00
 -1.7710963e-01
  7.4092078e-01
 -1.1237429e-01
  1.1532938e-01
  6.7875600e-01
 -2.4146597e-01
  1.3246293e+00
  4.0207604e-01
 -8.8462487e-02
  6.2130574e-02
  2.7224445e+00
  2.3856276e-01
  3.7561812e-02
  5.0178722e-02
 -1.1483741e-01
 -2.2320840e-01
 -2.1547198e-01
  4.8495904e-02
  9.1472164e-02
 -8.4239103e-02
 -8.3370216e-02
 -4.3024778e-02
 -3.1260395e-01
  4.4633120e-02
 -4.3570173e-01
  7.4379072e-02
  1.1634478e-01
  1.5761524e-01
 -1.4926241e-01
 -1.5873586e-01
  1.3947879e-01
  2.7275309e-02
 -4.8163301e-01
  4.2323130e-01
  2.8667556e-02
 -4.1712180e-02
 -2.0382643e-02
  1.5573081e-02
 -4.9425498e-01
  3.9916718e-01
 -2.2200455e-01
  9.1097817e-02
  1.3097158e-02
 -2.4654627e-01
 -3.3881299e-02
 -1.8368718e-01
 -2.4431378e-01
 -1.3812691e-01
  2.4886708e-01
  2.5740492e-01
 -1.2476245e+00
  6.7306813e-03
 -4.5722187e-01
 -3.1942531e-01
 -1.1656058e-01
  1.5741098e-01
 -4.1071209e-01
 -1.0233942e-01
  1.6816849e-01
  5.1203120e-01
 -5.0440144e-02
 -8.2858674e-02
 -2.1301387e-01
  1.1073984e+00
  5.3810269e-01
  1.0655138e-01
 -3.5680196e-01
 -7.0120573e-02
  1.5080556e-01
 -7.7530318e-01
  1.2700120e-01
  2.5442097e-01
  2.1775585e-01
 -5.1890302e-01
 -4.3234774e-01
  2.1891943e-01
 -9.9168390e-01
 -2.3426339e-01
 -9.0202186e-03
 -3.2416025e-01
  1.2881133e-01
 -1.2839898e-01
 -9.2336524e-01
 -1.4219439e-01
  4.6156745e-02
 -5.4543000e-02
  2.8876483e-01
 -1.5382513e-01
  2.1612264e-01
  1.1190616e-01
 -9.0988256e-02
 -1.3972156e-02
 -1.4553227e-01
 -1.5515542e-01
 -3.0645281e-03
 -4.3268746e-01
  4.8832130e-01
 -1.5974587e-02
  7.8735992e-02
  9.2258997e-02
 -1.8285039e-01
 -1.1805815e-01
  2.1249874e-01
  1.0184430e+00
  5.2588069e-01
  5.7788503e-01
  9.3754411e-01
 -2.4291377e-01
  5.4697543e-01
  2.7508700e-01
 -2.6288770e-02
 -2.5206351e-01
  2.1467569e-01
  1.4606733e+00
 -2.5871089e-02
  8.8359672e-01
 -1.4868233e-01
 -1.5830414e-01
 -7.3105907e-01
  2.6415843e-01
 -8.6359787e-01
 -1.2008706e-01
  1.5154609e-01
  1.8871285e-02
 -4.9122408e-01
  1.4208385e+00
  2.0212114e+00
  1.6738948e-01
  2.1809034e-01
  1.7516377e+00
  5.4958779e-01
 -3.4386200e-01
  7.4853651e-02
  1.1162250e+00
 -6.6678709e-01
 -1.4021847e-01
  4.2310300e+00
  2.9763198e-01
  8.5704494e-01
  8.5832494e-01
 -2.0822819e-02
 -3.3234441e-01
  5.3766423e-01
 -7.3044889e-02
  2.6142734e-01
 -1.4428781e-01
 -1.7540510e-01
 -4.6383047e-01
 -1.7169051e-01
 -1.3663638e-01
 -4.5714125e-01
  4.5218790e-01
 -1.0230198e-01
  1.2121983e-02
 -1.3151184e-01
 -1.4384669e-01
  1.4485301e-01
  4.1675347e-01
  1.0908236e-01
 -5.6255050e-03
  4.3988696e-01
  1.4920247e-01
  5.5167407e-01
  2.3005635e-02
 -1.4115576e-01
  1.2018427e-01
  3.9961228e-01
  1.1204050e-01
 -5.9406155e-01
  2.5026119e-01
  1.7512950e-01
 -1.6942151e-01
  3.3110288e-01
 -1.6061434e-01
 -1.4763609e-01
 -1.4003210e-01
  7.9367630e-02
 -9.9613719e-02
 -1.2747949e-01
  1.0440600e-01
 -1.5261043e-02
 -4.7908269e-02
  6.9170237e-02
  7.2825223e-02
  5.0037103e-03
  3.3400780e-01
  1.3529183e-01
 -5.0786227e-01
 -8.7448575e-02
 -1.7556161e-01
 -1.6906215e-01
 -2.0252745e-01
 -5.8697987e-01
  3.8508824e-01
 -6.9115740e-01
  8.8138777e-01
 -8.8038027e-01
 -9.4844191e-04
 -4.1269419e-01
  2.0249489e-01
 -1.2559801e-01
  5.1353371e-01
 -8.1229371e-01
 -2.1660146e-01
 -7.4069552e-02
 -2.2032306e-01
  1.4596160e-01
 -4.3260008e-01
  3.0948544e-02
  6.0142559e-01
  6.3545302e-02
 -1.6884986e-01
  5.3840458e-01
 -3.0158740e-04
 -7.4699998e-02
  1.5220069e+00
 -1.0069599e-01
 -1.1084555e-01
 -4.9240106e-01
  1.0225134e-01
 -3.7656927e-01
 -1.3577075e-02
  6.1204815e-01
  2.2135553e-01
 -3.4123763e-01
 -2.3400079e-01
  5.2583122e-01
  1.9776496e-01
  3.6370344e-02
  4.1583645e-01
 -1.6120766e-01
 -5.1461470e-01
 -2.8946921e-03
  1.3128029e-01
  1.8389606e-01
 -6.5186137e-01
  2.9388645e-03
  9.9116303e-03
  2.3980097e-01
 -2.5893465e-01
 -2.7677363e-03
 -6.4378291e-01
 -5.4809719e-01
 -1.6768725e-01
 -7.7921107e-02
  1.7698063e-01
 -8.9695811e-02
  4.5295514e-04
  2.3513155e-02
 -5.0872427e-01
 -1.4392202e-01
  1.3140908e-01
  3.1117794e-01
  4.1205463e-01
 -1.4261028e-02
 -2.2455829e-01
  4.4668596e-02
 -5.1055633e-02
 -2.6659235e-01
  1.8800242e-02
 -3.4563851e-01
 -1.3758543e-01
  7.9322532e-02
  1.4522296e-01
  2.6422378e-01
  7.0102714e-02
 -1.1704367e-01
 -2.0684153e-01
  3.4622425e-01
 -1.9581553e-01
 -8.1071489e-02
  1.0569213e-01
 -2.4706313e-01
  1.9550277e-01
  2.1927124e-01
  7.0648365e-02
 -3.8651163e-03
  5.6218356e-02
  3.8176805e-02
 -4.9929481e-02
  7.8651883e-02
  9.6079476e-02
  4.5525447e-02
  5.2572441e-01
  1.1078436e-03
  9.5837057e-02
  3.1304315e-02
  8.8276714e-02
  2.7669799e-01
 -1.2106878e-01
  5.2860051e-01
  1.3270560e-01
  6.9303162e-02
 -4.9925560e-01
 -1.7393152e-01
  3.7849173e-01
  2.3340499e-01
 -2.6545966e-01
  1.3773279e-01
  1.7375502e-01
  1.1768350e-01
 -6.2785096e-02
 -4.6724871e-01
  1.8265118e-01
  1.5304734e-01
 -5.1749472e-02
 -4.0655956e-02
 -8.7696463e-02
  2.1764939e-01
  3.8008335e-01
 -2.0918110e-01
  5.3746775e-02
  6.4259902e-02
  2.3419321e-01
 -1.4690369e-01
  2.3792107e-01
  4.7046700e-01
  8.9550227e-02
  1.1071587e-01
 -3.2701403e-01
  4.0865475e-01
  2.7879968e-01
 -5.3388342e-02
 -6.9450164e-01
  1.4492704e-02
 -1.4356028e-01
 -3.5809237e-01
  2.5653768e-01
  2.6785960e-02
  5.9731387e-02
  1.6562250e-01
  4.2639941e-01
  2.5990760e-01
 -3.2521192e-02
  2.9153597e-01
 -3.7628916e-01
 -8.5883401e-03
  4.0562046e-01
 -3.0902052e-01
 -3.6367476e-02
  6.0285561e-02
 -4.1245952e-02
 -4.2338781e-02
  4.3257289e-02
  4.5470154e-01
  1.7666899e-02
  2.7664429e-01
  1.0950671e-01
  2.0756872e-02
 -3.0766645e-01
  3.6139663e-02
  8.6825237e-02
 -4.9964678e-01
  2.2179334e-01
 -2.4506781e-01
 -3.1958583e-01
  5.0434929e-01
  1.5647256e-01
  1.5242444e-01
  4.1320282e-01
 -3.7453946e-01
  2.0615007e-01
  1.8191011e-01
  2.2530811e-02
  1.8547362e-01
 -9.3461163e-03
  5.8017354e-03
 -1.7297694e-01
  6.9195050e-01
  1.6360021e-01
 -7.1583763e-02
 -7.5742829e-01
 -3.0630457e-01
  1.3244127e-01
 -1.5755776e-01
  1.0847794e-01
  1.3252314e-02
  2.8060785e-01
  1.7558654e-01
 -3.7985948e-01
  1.3383356e-01
 -1.2163587e-01
  1.3924780e-01
 -5.4723400e-01
  3.9841038e-01
  1.6163923e-02
 -2.4680446e-01
  1.6827099e-01
  2.8072678e-02
 -2.8751383e-02
 -7.0649016e-01
 -5.2865211e-02
  1.7239332e-01
 -3.3096713e-01
 -2.3938356e-01
 -1.5388599e-01
  1.3546756e-01
  5.5481410e-01
  8.7292627e-02
  5.9589241e-02
 -2.7928737e-01
 -6.4731069e-02
 -2.6113667e-02
  1.5461619e-01
 -1.7957942e-01
  9.2181355e-02
 -2.0154086e-01
  3.5347801e-01
 -5.2778486e-02
 -2.8663513e-01
 -5.2704906e-01
 -5.8728242e-01
  2.6669312e-01
 -4.8326063e-01
 -1.7156553e-01
 -5.2835815e-02
 -7.9827034e-01
 -8.3465505e-01
  2.1879690e+00
  2.2613615e-02
  1.6005342e-01
 -2.9271132e-01
 -1.1255192e-01
  5.7011627e-02
 -3.5249725e-01
 -2.9095279e-02
  4.2994547e-01
 -6.6817313e-01
 -5.5358589e-01
  1.1027411e+00
  7.4317276e-02
  1.2070674e-01
  6.4351007e-02
  5.6737971e-01
  9.2659183e-02
 -6.9552219e-01
 -4.6793288e-01
 -3.9597124e-01
  6.1410302e-01
  1.4819667e-01
 -3.0291757e-01
  1.1555073e+00
 -8.1191504e-01
 -3.0596206e-01
  3.0482846e-01
 -3.0315137e-01
  1.9487019e-01
  3.3729337e-02
  5.3502852e-01
  1.0172805e-01
 -6.8819843e-02
  8.1565559e-02
 -4.2525208e-01
 -4.1557759e-01
  4.3309334e-01
 -6.4681783e-02
  1.5318170e-03
 -1.5575919e-01
 -8.2860842e-02
 -7.0158041e-01
 -1.3378040e-01
  6.5091796e-02
  1.6954175e-01
 -9.9480909e-01
 -3.1611234e-01
 -4.0204701e-01
  3.8068047e-01
 -3.5011366e-02
  1.4976618e-01
 -7.4201383e-02
  3.1239539e-01
 -7.4783906e-02
  2.2977909e-01
  4.6039963e-01
  2.3563625e-02
 -1.3791846e-01
 -2.3282301e-01
  9.5060110e-02
  2.3346408e-01
  1.3073343e-01
  6.3518785e-02
  8.7045237e-02
 -1.9095436e-01
  2.7788255e-01
  6.5921813e-02
 -4.5338450e-03
  8.9195006e-02
 -2.7036649e-01
  1.1203858e-01
  4.9691610e-03
  2.2604281e-01
  1.3903028e-01
 -1.2241895e+00
 -9.6357539e-02
 -1.9368078e-01
  3.0167210e-01
  9.3230784e-02
  3.0736804e-01
 -4.4290203e-01
 -1.2471417e-01
  5.7454675e-01
 -1.0020737e-01
 -2.8638980e-01
  7.9882190e-02
 -2.6276337e-02
  8.5829347e-02
  2.1093419e-01
 -4.2683995e-01
  1.1317078e-02
 -7.7966511e-02
  4.4899794e-01
  7.6283582e-02
 -1.8640803e-01
 -1.6706160e-01
 -1.0298479e+00
  2.3171020e-01
  8.3425000e-02
 -1.1072138e-01
 -1.6347340e-01
  1.0819043e-01
 -1.2618402e-01
 -5.4849154e-01
 -2.6320425e-01
  5.5645086e-02
 -5.0404871e-01
  1.9157407e-01
 -7.9210907e-02
  1.4671758e-03
  1.9011898e-03
 -5.1087338e-01
  1.2228706e-01
  4.6781559e-02
  5.5444360e-02
  1.2093286e-01
 -1.7074583e-01
  3.0190662e-01
  4.0622152e-02
  4.8778301e-01
 -3.8198277e-02
  2.1136263e-01
 -9.8187178e-02
  5.0350167e-02
  7.4145772e-02
  5.0942963e-01
  7.8534707e-02
 -2.0938529e-01
  9.1647759e-02
  4.9593702e-01
  8.2780086e-02
  3.7249168e-03
  7.3987328e-02
 -4.3187797e-02
  9.9670261e-02
  2.7169159e-01
 -1.2569931e-01
  6.6004026e-01
  2.7134028e-01
  7.0333585e-02
 -1.1806987e-01
  2.4922435e-01
 -1.9071183e-01
 -3.3904351e-02
 -7.4281834e-02
 -4.0294074e-02
  9.5341131e-02
  4.1917551e-02
  8.5178502e-02
  4.5165941e-02
 -1.6897930e-01
 -1.6573732e-01
 -1.7688495e-01
  6.3451809e-01
 -1.3260362e-01
 -5.1618111e-01
 -6.4929050e-01
  1.1609033e-01
  2.5195057e-02
  1.8433437e-02
  9.1711447e-02
  5.5409157e-01
  1.9512431e-01
 -7.3006436e-02
  3.8470872e-02
  6.1482519e-02
  1.8060546e-01
  9.0868562e-02
 -2.4464646e-01
 -1.7271966e-02
  1.0171994e+00
 -7.7599697e-02
 -2.8706473e-01
 -2.3863508e-01
  1.2546362e-01
 -2.0970160e-01
  1.7453572e-01
 -1.9932145e-01
 -2.4805044e-01
 -1.7470349e-01
  2.0271975e-01
 -3.2811940e-01
  5.8880381e-02
 -3.0144185e-01
 -2.2638567e-02
 -1.0636842e+00
 -5.0494969e-02
 -1.0778972e-01
  1.5197845e-01
 -1.6561795e-02
 -2.3685627e-02
 -1.0752095e-01
 -1.8208976e-01
  4.0857202e-01
  4.0427732e-01
  1.5276162e-01
 -1.7683089e-01
  2.6298156e-02
  3.5240793e-01
  1.4694190e-01
  9.7215369e-02
 -2.2188228e-02
  1.4609903e-01
  9.8510116e-02
  2.9555291e-02
  3.8324425e-01
 -2.9409030e-01
  3.6299306e-01
 -5.3479269e-02
 -3.1253210e-01
 -1.3740510e-01
 -1.5206678e-01
 -1.2772356e-01
  1.2211498e-01
 -7.5804478e-01
  7.2771914e-02
 -6.6678748e-02
  1.8963909e+00
 -4.1826555e-01
  2.1848014e-01
  4.3174908e-01
  4.3515928e-02
 -2.0777924e-02
 -2.6191723e-01
 -4.5915879e-02
 -5.2615553e-03
 -5.9675928e-02
 -5.9196264e-02
 -1.7931518e-01
  5.0352526e-01
 -2.9869235e-01
 -1.2066534e-01
  1.6061196e-01
  1.9828714e-01
  1.2629218e-02
 -5.1622462e-01
 -3.0497667e-01
 -1.9542575e-02
  1.2663327e-02
  1.2202501e-01
  2.9333487e-01
 -4.7892180e-01
  1.7546193e-01
 -7.4568346e-02
  9.0699151e-02
 -6.8153068e-02
  1.7993048e-01
 -9.6503258e-02
  6.0057309e-02
  3.6329111e-01
  2.2605410e-01
  1.0290326e+00
  1.5302990e-01
  5.6668925e-01
 -4.9909547e-02
  1.0036174e-01
  3.7176839e-01
 -3.7187930e-02
  2.0765571e-01
  1.4131711e-01
  8.7530747e-02
  1.0956715e+00
  1.6711572e-01
  1.5918247e-02
  4.2899072e-04
 -2.7892515e-01
 -8.0612361e-02
 -3.0738613e-01
 -2.6957467e-01
 -3.5050207e-01
 -6.1469719e-02
 -2.0182137e-01
  3.2751143e-02
  9.5359899e-02
 -2.8345007e-01
 -2.0149320e-01
 -1.2562615e-01
  1.7825763e-01
  9.6215302e-01
  8.7877460e-02
  1.7556365e-01
 -2.7241656e-01
  2.0339033e-03
 -1.3066435e-01
 -2.5533029e-01
 -1.2188276e-01
 -9.2201278e-02
 -7.6021206e-01
  1.5136579e-01
 -2.6314420e-01
 -2.0254347e-01
 -4.4143906e-01
  2.0707516e-01
  6.3771516e-02
  6.3249791e-01
  1.0880345e-01
 -7.4002676e-02
 -2.9515308e-01
 -1.4433842e-02
  8.6941577e-02
  5.6878358e-01
 -3.8571823e-03
 -1.8339197e-01
 -2.7328473e-01
  3.2155970e-01
 -2.9048648e-01
 -1.1111894e-01
 -7.1755260e-01
 -4.3673378e-01
  1.9797578e-01
 -2.9762229e-01
 -1.0570849e-01
 -5.7355493e-02
 -2.7394766e-01
  1.5460834e-01
 -4.2457229e-01
 -5.7045266e-02
  1.3777749e-01
 -3.5760082e-02
 -2.6127359e-01
  5.8646739e-02
  2.7382049e-01
 -4.8921049e-01
  1.1785126e-01
  2.8067020e-01
  1.2336909e-01
 -1.3186058e-01
  1.3259742e-01
  8.8287301e-02
  3.7190932e-01
 -9.4507806e-02
 -2.7130352e-02
  8.2214616e-02
  2.9516768e-01
  7.2298151e-01
 -1.0179397e-01
 -9.4059661e-02
 -2.9430750e-01
 -3.4889981e-01
 -1.6960683e-01
  9.3449369e-02
 -9.2343083e-03
 -2.0854041e-02
  5.4849006e-02
  2.5762331e-01
 -4.3900728e-01
 -1.7322233e-01
  2.6663163e-01
 -1.4094344e-01
  2.7631188e-02
  6.9310471e-02
  1.9898631e-01
 -1.2108213e-01
 -2.5292245e-01
  1.9904153e-01
 -1.3401311e-02
  2.9375287e-02
 -1.7189756e-01
  2.8473530e-03
  1.4553693e-01
 -2.2398692e-01
  3.8141277e-01
  3.1605449e-01
 -1.2862808e-01
  3.0551136e-01
  5.8664128e-02
 -1.5769161e-02
  2.9888820e-02
 -2.6245022e-01
  1.2536491e-01
 -2.6465815e-01
 -1.1243658e-01
 -6.8340532e-02
 -3.5940030e-01
  4.4876594e-02
  9.4388854e-03
 -1.6674274e-01
 -2.6000887e-01
 -1.5197074e-01
 -1.0250726e-01
  1.1817275e-01
 -3.9859784e-01
  9.4875053e-02
 -4.1012028e-01
  3.5290357e-01
  1.7037992e+00
  2.2590442e-02
 -1.8608144e-01
 -1.8601801e-01
 -2.8073937e-02
 -2.6494980e-01
  2.4100721e-01
 -5.9212945e-02
  7.6001996e-01
 -9.8967582e-02
 -1.9753233e-01
  6.0912338e-03
 -2.3424654e-01
  4.5246333e-02
  9.5742464e-02
 -1.6704533e-01
 -2.8651428e-01
  3.8902879e-01
  2.0716663e-02
  8.9231068e-01
 -3.4697625e-01
  2.1818121e-01
 -7.3687625e-01
  1.5911421e-01
  1.3488980e-02
  1.1950693e-01
 -2.0640689e-01
 -3.3691975e-01
  5.9729832e-01
 -1.2880734e-01
  2.6001409e-01
  1.3310988e-01
 -4.5859241e-01
  3.2571286e-01
  1.3490096e-01
  2.9263934e-01
 -6.9994164e-01
  2.4146348e-01
  2.3394662e-01
  1.5468650e-01
  1.7099813e-01
 -3.1226844e-02
 -2.7766535e-01
 -3.2018393e-01
 -6.5188669e-02
 -1.6451107e-01
 -5.6373495e-01
 -4.1217946e-02
  4.7140235e-01
  2.7650854e-01
  1.8076194e-02
  1.5958814e-01
 -7.0061916e-01
  1.0277781e-01
 -8.7057632e-01
 -2.3467377e-01
  9.1046646e-02
  5.0848428e-02
  1.1546507e-01
  6.5941572e-02
 -5.7658941e-01
  3.8925625e-02
 -1.8077213e-01
  3.1692382e-02
  3.2403150e-01
 -1.6510108e-01
  2.8583908e-01
  4.6168312e-02
 -1.1488315e-01
  4.4347224e-01
 -8.3030667e-03
  4.2565744e-02
 -2.0010710e-01
 -6.0995889e-01
 -6.7216262e-02
  2.3153326e-01
  7.1167976e-01
 -1.9639319e-01
 -2.2435731e-01
 -1.6486582e-01
 -3.2240921e-01
  8.4463365e-02
 -2.9098013e-01
  1.1132448e-03
  1.7709009e-01
  1.5250833e-01
 -3.8299486e-01
 -5.8227569e-02
  9.1720903e-01
  1.4227134e-01
 -3.1358373e-01
 -4.5855590e-03
  3.2403105e-01
  1.2072732e-02
 -1.2427780e-01
  7.6864757e-02
 -2.8347719e-01
 -3.7969247e-02
 -5.4803675e-01
 -8.5442156e-02
 -2.5399175e-02
  4.2326087e-01
 -5.6734517e-02
  1.3055951e-02
 -3.3630040e-02
  2.0586418e-01
 -4.8242617e-01
  2.5165907e-01
 -4.8673454e-01
 -9.1469809e-03
  8.1832595e-02
  9.0014595e-01
  1.1683287e-01
 -5.9326661e-01
 -6.8569072e-02
 -4.2892221e-01
  1.0347407e+00
 -1.8073853e-02
  2.1423295e-01
  2.1934222e-02
 -2.7324283e-01
  2.9155359e-01
  7.4281788e-01
  1.3056837e-01
 -3.4481865e-01
  3.1298812e-02
  8.2638927e-02
 -5.0909355e-02
  2.1431798e-01
 -1.4547990e-01
 -5.9153378e-02
 -3.7265223e-02
 -2.0156246e-01
 -4.0985990e-01
  3.6173654e-01
  1.0969332e-01
 -1.7422561e-02
  1.4856562e-01
  9.2384316e-02
 -5.2010542e-01
  7.3541605e-01
 -1.6134299e-01
  5.5755895e-01
  1.9531330e-01
  5.3042084e-01
 -1.2162677e-01
  5.1845871e-02
  1.0381915e-01
 -1.5993851e-01
  2.8074908e-01
 -1.4885997e-02
  1.9191641e-01
 -3.7786984e-01
  6.4556462e-01
 -1.2162060e-01
  2.5359362e-02
 -1.4443293e-01
 -1.7563021e-02
 -1.6613415e-01
  8.4103018e-02
 -1.2400153e-03
 -6.1835591e-02
  1.9580437e-01
 -6.2322980e-01
  8.0194104e-01
  3.7052993e-02
  7.6849841e-02
 -8.8660009e-02
  5.7872146e-01
  2.2253032e-01
  3.5812832e-02
 -2.7172244e-01
 -2.5299639e-03
  1.6401352e-01
  8.9201644e-02
  1.6665888e-01
  1.1162169e-01
 -1.4908195e-01
  1.1641952e-01
 -7.4596353e-02
  2.9067299e-01
 -5.0918326e-02
  2.8786412e-01
  2.6159403e-01
 -1.5586913e+00
 -2.3595884e-02
 -3.4363698e-02
  6.8321519e-02
 -2.2503207e-02
  1.8324317e-01
 -2.8671387e-01
  1.3609850e-01
  1.3214421e-01
  1.6548784e-01
  1.5451106e-01
  2.4821244e-01
  4.0439123e-01
 -6.0213514e-02
  3.1158349e-01
  2.4488035e-01
  2.4166246e-01
 -7.4480188e-01
  2.9263946e-01
  2.6248303e-01
 -2.6204437e-01
 -2.1292697e-01
  1.1847593e-01
  1.0146605e-01
  3.4951413e+00
  1.9712614e-01
 -3.6333597e-01
 -2.3305473e-01
  4.5885764e-02
 -1.7148183e-01
  1.3249987e-01
 -2.9978293e-01
  2.6552138e-01
 -2.1184331e-01
  1.7550051e-01
 -3.0328727e-01
 -5.1875509e-02
  1.9377440e-01
  2.7239552e-01
 -1.7727247e-01
  5.1444268e-01
 -1.3643253e-01
  1.1383552e-01
 -9.5103770e-02
  5.8715947e-02
 -9.0964347e-01
  3.6564773e-01
  4.7370166e-01
  2.8252000e-01
 -3.6444575e-01
 -1.2345077e-01
 -1.0701007e+00
  2.7107518e-02
 -3.9312840e-01
  1.5431896e-01
 -3.0246243e-01
 -2.8273378e-02
 -6.6782244e-02
  1.5821969e-02
  1.1494371e-01
 -4.8110026e-01
  4.3697231e-02
 -7.7515095e-02
  1.7887419e-01
  2.8677887e-01
  4.4409200e-03
  7.7798441e-02
 -1.9369949e-01
 -2.1785941e+00
 -7.8036644e-02
  2.8185421e-01
 -1.3010266e-01
 -4.3781221e-02
 -8.6152457e-02
  4.5735112e-01
 -3.2906795e-01
 -1.9155048e-02
  5.7681125e-01
 -4.0481567e-01
  4.3681598e-01
  1.5172338e-01
  1.5640256e-01
  2.7390146e-01
 -8.7937996e-02
  1.3652775e-01
 -1.4453146e-01
 -7.7580679e-03
 -6.5823162e-01
  5.9242851e-01
  8.5178144e-02
  2.2608588e-02
  2.7241638e-02
 -8.5770138e-02
  4.7733319e-01
  1.4027829e-01
  8.1037092e-01
  3.3812302e-01
  1.2955719e-01
 -1.3689251e-01
  3.8850620e-02
 -1.1590866e-01
  1.1515183e-01
  2.8264279e-02
 -2.3609016e-02
  1.6105917e-01
  4.6550147e-02
 -1.7403948e-01
 -1.7386615e-01
 -1.3761595e-01
 -1.4386605e-01
 -2.4687409e-01
 -9.8438162e-01
 -6.7571181e-01
 -6.9084316e-02
 -4.1272245e-02
 -2.6639262e-01
 -6.7201734e-02
  1.4964230e-03
 -3.4902602e-02
 -6.7846097e-02
  4.7133248e-02
  2.6610589e-01
  6.7893013e-02
  1.0804167e-02
  3.6361575e-02
  5.5196974e-02
 -1.2698957e-01
 -2.4463305e-01
  9.1483325e-02
  2.6481229e-01
 -1.2958122e+00
  4.5780683e-01
 -1.0569234e+00
  1.3284965e-01
  3.8270959e-01
 -2.6184928e-01
 -4.6792783e-02
 -3.5553885e-01
 -1.7847592e-02
 -2.0400248e-01
  8.1417829e-02
  1.5050760e-01
  2.8012242e-02
  1.8076372e-01
  9.6037067e-02
 -2.8297603e-03
  5.3480137e-03
 -3.0254072e-01
  4.3962020e-01
  2.0751787e-02
 -1.9814712e-01
 -4.9854897e-02
 -9.0498254e-02
  2.7733904e-01
  2.1335511e-02
 -7.6801535e-03
  2.5848475e-01
 -2.9980976e-02
 -2.2308080e-01
 -6.7222136e-01
  1.7446358e-02
 -1.2295971e-01
 -2.1047604e-01
 -1.4868066e-01
 -9.2992932e-04
 -9.8599404e-02
  1.7776515e-01
 -7.5861320e-02
  3.2352212e-01
 -8.1588793e-01
  6.7247562e-02
  6.7023218e-02
  2.1919601e-02
 -1.8807858e-02
  2.7656519e-01
 -1.8967889e-01
  6.6306472e-01
 -1.8140331e-02
 -5.4183811e-02
  1.4298646e-01
 -2.7758902e-01
  2.7215424e-01
  8.3370119e-02
 -1.1632608e-01
  8.1051379e-02
 -6.9027787e-01
 -8.9497529e-02
  5.6525838e-01
  8.7818809e-02
  4.3582818e-01
 -6.4428315e-02
 -6.4790738e-01
 -2.9558125e-01
  1.1928185e+00
 -7.5866334e-02
 -6.8272389e-02
  1.0280499e-01
 -6.4871621e-01
 -6.2769629e-02
  1.5193848e-01
  4.9476960e-01
  1.2181608e-01
 -6.5579750e-02
  8.3688730e-03
  6.6307619e-02
 -1.2553683e-01
 -5.4856700e-01
 -5.9062533e-02
 -1.7522158e-01
  2.2278014e-01
 -6.5229997e-02
  2.4725443e-01
 -2.2907300e-01
  6.8241701e-02
  1.0141848e-01
  1.6541497e-01
 -2.5306171e-01
 -6.5985017e-02
 -6.1395917e-02
  7.7472687e-02
 -6.8930823e-01
  1.7193338e-01
  3.3060199e-01
 -2.0591819e-01
  5.4499406e-02
  2.8703454e-01
 -1.0299000e-01
 -1.4052986e-01
 -1.2069027e-01
 -5.1267880e-01
  1.1971545e-01
  5.0099868e-02
 -5.6179143e-02
  5.6717521e-01
 -1.4301570e-01
 -2.7062696e-01
  3.0962866e-02
 -1.9998193e-01
 -1.5737282e-01
  5.1658455e-02
  1.1418215e-03
  9.5231891e-02
  3.5525766e-01
  1.5014759e-01
  7.8904688e-01
 -5.6528438e-02
 -4.8302618e-01
 -1.8536575e-01
  1.9823892e-01
  3.4771246e-01
  1.6129074e-01
  4.1368255e-01
 -4.1790518e-01
  2.3241949e-01
  1.8522775e-01
 -9.9350750e-02
  4.2330816e-01
  4.4568488e-01
 -1.5384311e-02
 -2.0955427e-02
  3.6635765e-01
 -1.1765116e+00
  1.0441432e+00
  1.2179851e-01
  1.8246910e-01
 -1.0316402e-01
  3.9256424e-01
  2.1540171e-01
  6.9718456e-01
  1.9854647e-01
 -3.0181358e+00
 -9.1338128e-01
  2.2270630e-01
  2.6868295e-02
 -9.6991792e-02
  1.3188495e-01
 -2.4299931e-02
 -2.3267786e-01
  3.8779505e-02
 -1.5363219e-01
  2.4196975e+00
 -1.7188307e-02
 -3.9175615e-01
 -6.6806895e-01
  1.6049622e-01
 -4.5398813e-02
  2.3630996e-01
  3.9206249e-01
  4.8928374e-01
  3.2330367e-01
 -2.8037357e-01
 -3.6015324e-02
 -4.6641955e-01
  4.0663086e-02
 -6.9839038e-02
  1.9063775e-01
 -7.6539233e-02
  1.6337937e-01
 -1.3723007e+00
 -5.4770190e-01
 -6.0561901e-01
  1.0875887e+00
 -4.3173781e-01
 -1.5380451e-02
  1.3220750e+00
 -5.3790305e-02
 -3.7364103e-04
 -5.8176164e-02
  1.1250292e-01
 -9.4479211e-02
  1.8105242e-02
 -1.6583961e-01
 -4.0460882e-01
 -2.9241642e-01
 -2.6825821e-02
  2.8708529e-02
  3.0610099e-01
 -3.2003939e-01
 -5.9901947e-01
 -1.6383950e-01
 -3.8817808e-01
  1.7750594e-01
 -1.8901794e-01
  1.1389393e+00
 -1.7093552e-02
 -1.0988764e+00
 -1.3887495e-01
 -8.1566763e-01
 -1.5818929e-02
 -1.3957097e-01
  1.9025144e-01
 -1.0852596e-02
  2.0441117e+00
  1.1441478e-01
 -5.9979912e-02
  1.0519131e+00
 -1.8952566e-01
 -3.2369364e-02
 -1.1344194e-02
 -1.1242431e-01
 -2.9086000e-01
  3.1688344e-02
 -2.6098745e-02
  1.4889736e-01
 -5.6285877e-02
 -1.9896436e-01
 -7.7376977e-02
 -1.0617357e-01
 -1.0129433e-02
  1.5726024e-01
  3.3559355e-01
  3.1049439e-01
  6.7633176e-01
  1.2915879e-01
  1.7203107e-01
  1.6730115e-02
  4.7969380e-01
 -5.7242709e-01
 -1.6560823e-02
  1.8687540e-01
  1.1822832e-01
 -1.4413208e-01
 -1.7875431e-02
 -3.3565837e-01
 -1.7775282e+00
 -2.4388304e-01
  2.0063622e-01
  4.8800159e-01
  1.8883625e+00
  2.4902263e-01
  3.4269057e-02
 -3.3203533e-01
 -4.3499300e-01
  6.3868314e-02
 -1.1451580e-01
  3.8284683e-01
  5.3787827e-03
 -2.8491321e-01
  1.2654247e-02
 -2.1691036e-01
  2.4249908e-01
  1.2064154e-01
 -1.2533174e-01
 -1.9184203e-01
  3.8016200e-02
 -1.0422754e-01
  2.9212463e-01
 -3.7237722e-03
  4.8918240e-02
  6.7337826e-02
 -3.4895587e-01
  6.1046052e-01
  1.4226487e-01
  2.6992354e-01
  7.0970881e-01
  2.0541902e-01
 -6.6434488e-02
  1.4674827e-02
  1.9037086e-01
  1.8336438e-03
  2.3297666e-01
 -3.0453336e-01
 -1.7122658e-02
  5.6862098e-01
  5.9076506e-03
 -8.5334003e-02
  4.1580212e-01
  3.2864925e-02
  7.7561438e-02
  1.6927193e-01
  3.6984678e-02
  2.8881976e-01
 -2.8487056e-01
 -2.7091080e-01
 -2.7556822e-01
  3.1031318e-02
  1.5358588e-02
  1.0716967e-01
 -5.6444448e-01
 -5.5447057e-02
 -5.0568510e-02
  1.2368882e-01
  9.7263284e-02
 -1.2528619e-02
 -1.7514536e-01
 -1.4825076e-01
  1.6826673e-01
  7.8969143e-02
  1.5172847e-01
  7.9909213e-02
  3.6979314e-02
 -1.9482027e-01
 -7.0596486e-02
  1.5730347e-01
  5.9698343e-01
  2.1077602e-01
 -5.0033301e-02
  4.7112800e-02
  7.0118859e-02
 -8.7471440e-02
 -1.1334449e-01
  1.6284461e-01
  3.2347050e-01
 -9.5306728e-03
 -4.1224203e-01
  2.4037077e-01
 -4.0267184e-02
 -9.7729522e-01
 -8.0499023e-01
 -5.1000204e-02
  7.4444723e-01
 -4.8206847e-02
  3.7227386e-01
 -2.1360341e-02
 -4.5492879e-01
 -1.9975992e-01
  8.5484821e-01
  6.6528100e-01
 -1.2349062e-01
 -1.7750239e-02
  8.3912008e-02
 -3.9302036e-01
  1.0555074e-01
 -9.5924392e-02
 -2.9412085e-01
 -2.0668496e-01
 -8.1200805e-03
 -5.9924525e-01
  3.7154794e-01
  6.0486693e-02
  3.6845598e-01
  3.5644481e-01
  2.7850714e-01
  5.2404797e-01
  6.2830098e-02
  1.3134268e-01
  1.5832229e-01
 -3.2938349e-01
  3.1323904e-01
  9.8543182e-02
  2.9280984e-01
  6.1898619e-01
 -1.1107080e-01
 -4.9049161e-02
  6.1697531e-02
 -6.9170892e-03
 -7.1614109e-02
  1.2397664e-01
  1.8804105e-01
 -8.3856825e-03
  9.8395008e-01
 -6.5575755e-01
  1.1090584e+00
 -8.1281716e-01
  4.6636859e-01
 -1.1784372e+00
  1.9992715e-01
  8.5660163e-03
  2.7881077e-01
  7.4733846e-02
  3.1568456e-02
 -2.5748177e-02
  2.6626360e-01
 -2.5857946e-01
  5.6843531e-01
 -5.6809163e-01
 -5.1607168e-01
 -4.4229528e-01
 -3.6027026e-01
 -2.0282184e-01
  3.1573538e-02
 -1.1190014e+00
  2.3483887e-02
  2.0226708e-01
  1.4272819e-01
  5.2325231e-01
 -9.3378434e-03
  5.0250329e-02
  2.4251342e-01
 -3.4040710e-01
 -3.6914802e-01
 -3.6057746e-01
 -2.2699412e-02
 -6.7046767e-01
  9.0702921e-03
 -5.6939489e-01
 -3.2923713e-01
 -8.1025980e-02
 -1.7041451e-01
  1.2392137e-02
 -7.0072562e-01
 -2.6128480e-02
  3.7344787e-02
  3.7339878e-01
  1.5778270e-01
  1.0956903e-01
 -4.1402543e-01
 -1.2304474e-01
  2.1578494e-02
 -9.2374183e-02
 -2.1979554e-01
 -7.9387024e-02
 -8.9911932e-01
  8.6983122e-02
  1.7099901e-01
 -3.2198870e-01
 -5.4642671e-01
  2.1841745e-01
 -2.7801639e-01
  2.8909171e-01
 -5.5518732e-03
  8.2415767e-02
  3.3474761e-01
 -2.9715005e-01
  6.4186580e-02
  6.4445144e-01
  1.0741639e-01
 -2.1928784e-02
 -3.5110861e-03
  9.1917671e-02
 -6.9620326e-02
 -1.1216085e-03
  2.1326335e-01
 -1.7573434e-01
  4.7894093e-01
 -2.8869480e-01
  1.0256907e-02
 -2.1124388e-01
 -3.3950633e-01
  2.1639805e-02
  3.7032324e-01
  1.2982745e-01
  4.6238941e-01
  3.2852713e-02
 -1.4581996e-01
 -1.1474435e-01
  3.0794442e-01
  4.1199377e-01
 -3.0286637e-01
 -1.1158926e-01
  6.2402827e-01
 -1.0730724e-01
  4.2015024e-02
 -1.9342826e-01
  1.3316233e-01
 -2.6527530e-01
  5.3844237e-01
 -5.9630532e-02
 -1.7397264e-01
 -2.1563369e-01
 -3.1704885e-01
  8.2143441e-02
  4.1480277e-02
  2.9965115e-01
  2.2739266e-01
  1.4758734e-01
  1.6697511e-01
  4.5962015e-01
 -2.1304928e-01
  1.4369816e-01
  1.6788110e-01
  8.7370835e-03
  1.2735360e-02
 -1.3603564e-01
 -5.2778699e-02
 -7.7721007e-02
  1.7687711e-01
  4.6858677e-01
 -1.6466722e-01
 -1.4935249e-01
  2.0004508e-01
  7.8839958e-02
  3.4274974e-01
 -3.4938101e-03
 -7.5269431e-02
  1.1877186e-01
 -3.2931589e-02
  5.6096166e-01
  2.5985697e-01
  2.7182502e-01
 -1.6777006e-01
  6.7693877e-01
  6.0647912e-03
 -2.4188367e-01
  6.6767342e-02
 -3.2313567e-01
  1.4928843e-01
 -1.8653345e-01
  3.8394574e-02
 -4.7792815e-02
  1.6469279e-01
 -2.3319644e-01
 -1.2611170e-01
  1.3278596e-01
  2.6558587e-01
 -4.6421814e-01
  5.6510918e-02
  2.4839778e-01
  7.6397382e-02
  3.6746183e-01
 -9.5441863e-02
  1.4068979e-01
  1.0494986e-01
  1.1617820e-01
 -2.6889232e-01
  1.9907188e-02
 -3.6917272e-01
 -4.8986918e-01
  1.9954840e-02
  6.6623735e-01
 -9.1822304e-02
  4.6930641e-02
  4.1061588e-02
 -3.8928829e-02
 -3.7864432e-01
 -3.4477922e-01
  3.7437993e-01
 -9.8000720e-02
 -2.3051071e-01
 -2.8981352e-01
  1.6239452e-01
  7.9544019e-03
 -3.9082584e-01
 -9.3394786e-02
 -9.3682066e-02
  3.5077828e-01
 -4.0244129e-01
  6.9328062e-03
 -4.7095224e-02
 -2.5822729e-01
 -3.3292532e-02
 -4.8726298e-02
  2.0652308e-01
  1.5732864e-01
  2.3403996e-01
 -1.6094096e-01
  5.4356374e-02
  2.4314106e-01
 -2.1276423e-01
 -2.6734930e-01
 -2.1303901e-02
  1.4826137e-01
  1.9656745e-01
 -1.1533446e-01
 -4.7468427e-01
 -4.1906568e-01
  7.1520336e-02
 -7.0371889e-02
 -7.7355587e-01
  5.3530239e-02
 -5.1666659e-01
  1.0499250e-02
  8.4876299e-02
 -1.2317320e-01
  1.1113164e-01
 -1.2187287e-01
  4.8047277e-01
  6.2017795e-03
 -1.7306417e-01
  2.1864441e-01
  6.2436912e-02
  4.8948234e-01
 -3.4622091e-01
 -3.5773978e-02
 -7.0679903e-02
  3.8348369e-02
 -4.5076918e-02
  1.9070420e-01
  1.1973397e-01
 -2.2345075e-01
 -1.2721539e-02
  1.1091342e-02
  3.9457628e-01
  1.4653976e-01
 -6.1170501e-01
 -9.5930330e-02
 -5.5899805e-01
 -7.5605683e-02
  1.2660609e-01
  2.9004630e-01
 -1.8574303e-01
 -3.0701816e-02
  1.0264948e-02
 -3.1142893e-01
 -3.9480051e-01
  3.7728466e-02
  2.6463369e-01
  1.5010458e-01
  3.3627677e-01
  1.0864834e-01
 -8.0929361e-02
 -1.0439652e-01
  1.6215374e-01
 -1.8183166e-01
 -5.9266828e-02
 -2.2020496e-01
  2.9315975e-01
  3.8990286e-01
 -6.2276816e-01
 -5.5856133e-01
  5.2093081e-03
  1.4630714e-01
 -1.1360568e-01
  5.4706383e-01
 -3.6752582e-01
 -8.7021209e-02
  1.8702403e-02
 -3.1244037e-01
 -1.1343720e-01
 -1.1064169e-01
  4.0969335e-02
 -2.2244994e-02
 -4.1422091e-02
 -2.2554581e-01
 -4.0521827e-01
  5.4777628e-01
  4.8502123e-01
 -2.2417256e-03
 -5.9342664e-01
  2.7222711e-01
  2.7259025e-01
 -6.5682828e-01
  2.6427311e-01
  6.1819971e-01
 -7.3602730e-01
  9.0493686e-02
 -6.4980216e-02
  3.8723671e-01
  1.3671665e-01
  3.9576402e-01
 -3.0951756e-01
 -2.1306297e-01
 -5.1867243e-02
 -5.2495278e-02
 -1.0212830e-01
 -2.1309914e-01
  1.6523880e-01
  1.6904436e-01
 -1.8406583e-01
 -4.1858135e-03
 -9.1779076e-02
 -1.0288429e-01
  1.6493015e-03
 -1.1585776e-02
 -9.7840913e-03
 -2.0373376e-01
  4.8322223e-02
  1.4956497e-02
  7.4984059e-02
 -8.4449761e-02
  1.6521355e-02
 -3.4856331e-01
  1.0528995e-01
  1.4445718e-01
  1.8361580e-01
  1.5795648e-01
 -1.9481309e-01
 -3.1771377e-01
 -1.6437419e-01
  2.6344159e-01
 -3.7029707e-01
  2.4971005e-03
  1.4627235e-01
  6.7274523e-01
 -2.2764130e-01
  2.3936993e-01
 -1.5831480e+00
  8.0534959e-01
 -2.2314349e-01
 -2.9101998e-02
  2.0613492e-01
  9.6043251e-02
 -2.8984929e-02
 -1.1197761e-01
  2.4032792e-01
  1.9014700e-01
  2.0716925e-01
 -1.2762213e-01
 -7.2443411e-02
  2.9361302e-01
  1.0555686e-01
  6.7680560e-02
  5.4007694e-02
  1.5903442e-01
 -1.6895364e-01
  4.2757176e-02
 -1.4201078e-01
  8.8137493e-02
 -7.8278542e-02
 -3.4503692e-01
 -3.7007451e-01
 -5.1178485e-03
 -5.3725779e-02
 -2.6342809e-01
 -1.2570098e-01
 -1.1465767e-01
 -3.2298984e-03
 -2.3733248e-01
 -5.0265986e-02
  4.1367799e-01
 -3.7215135e-01
  5.3109590e-02
  3.4941919e-02
 -2.9660818e-01
  7.2635986e-02
  1.0323112e-01
 -2.5009674e-01
  4.4763371e-01
 -4.9577229e-02
 -8.6206749e-02
  1.7257124e-02
 -4.3029021e-03
 -2.0344667e-03
 -4.6437439e-01
  9.8195985e-02
  3.1516945e-01
 -9.0624839e-03
  1.5612072e-01
 -6.9904819e-02
 -1.2941995e-01
  1.0145303e-01
 -2.8990978e-01
 -9.4209850e-01
  6.5412182e-01
  3.4941640e-01
 -2.5574112e-01
  3.0179593e-01
 -9.0786032e-02
 -4.8715442e-02
 -5.4440703e-02
  1.4184012e-01
  1.4968754e-01
  2.5568824e-02
 -7.4205220e-02
 -7.8672566e-02
  3.6898053e-01
 -7.1729645e-03
  9.5211469e-02
 -4.0356971e-02
 -1.6702649e-01
  1.5133536e-01
  1.6095316e-01
  3.0112424e-01
  6.0152363e-02
  1.6192287e-02
 -6.4982945e-01
 -3.8716832e-01
 -1.4345974e-01
 -2.2112675e-01
  7.0090359e-03
  4.5095507e-02
  1.0839859e-01
  2.7515030e-01
 -8.6008644e-01
  9.8144896e-02
 -4.0541196e-01
 -7.6409519e-02
  5.6146109e-01
  6.8002057e-01
  2.5336725e-01
  2.4597333e-01
 -8.2253003e-01
 -3.3635244e-01
  1.5174261e-01
  5.2151042e-01
  5.4582882e-01
  9.1649368e-02
 -3.3681977e-01
  2.4441306e-01
  6.1516827e-01
 -3.5003340e-01
  3.3798900e-01
 -8.3651203e-01
 -5.6814915e-01
 -2.8760239e-02
  3.9951387e-01
  3.7407212e-02
 -2.2594407e-01
  2.0693234e-01
  2.4762402e-01
 -3.2845747e-01
 -2.8882787e-02
  1.5518463e-01
 -5.2092418e-02
  1.1762735e-01
 -1.2246128e-02
  5.0957912e-01
  8.3925068e-02
 -2.3844703e-01
 -1.4178528e-01
  2.4681959e-01
  3.8446614e-01
 -3.9816293e-01
 -1.4836723e-01
 -2.0502148e-02
 -2.3603117e-01
 -2.1560961e-01
 -9.7686894e-02
  2.0586334e-02
  2.1185137e-01
  2.5877258e-01
  4.3210376e-02
 -6.4553148e-01
  3.0291861e-01
 -4.5576781e-01
  1.1282843e-01
  2.3382832e-01
 -1.1648908e-01
 -9.6595287e-02
 -1.8076409e-01
 -2.2202900e-02
  5.7663999e-02
  3.1656206e-01
  1.6583261e-01
  9.3380675e-02
 -3.0756891e-01
  1.6879961e-01
 -1.8824013e-01
 -3.6364332e-02
 -2.4228526e-02
 -5.8055110e-02
  8.7931149e-02
 -4.6159407e-01
 -1.9751735e-01
 -2.8642046e-01
  2.9471777e-02
 -1.8258175e-02
  1.1075563e-01
  2.3049879e-01
  8.1648290e-02
  1.7873833e-01
 -2.2019596e-01
 -1.6355973e-01
 -7.3411703e-02
 -8.7638281e-02
 -7.2243023e-01
  3.9287838e-01
 -1.7332812e-01
 -4.6655977e-01
  8.1072822e-02
  3.7917435e-01
  2.7121675e-01
 -2.4489950e-01
  1.4081621e+00
  4.0140945e-01
  1.8437213e-01
  2.5265461e-01
  7.6934135e-01
  1.3705229e+00
  1.3864645e-01
 -5.5699930e-02
  1.2977120e-01
 -1.0964919e+00
  8.8794425e-02
  3.9200762e-01
 -1.9906384e-01
  5.5328220e-01
 -1.3118905e-01
 -5.8680397e-01
  1.2756439e-02
  5.8332462e-02
 -5.3071445e-01
  4.2812243e-01
 -3.6234885e-01
  1.5893462e-01
  2.8214306e-01
  5.0652172e-02
  1.2300251e-01
  2.6501802e-01
  1.3320170e-01
 -4.7331829e-02
 -1.7712295e-02
 -8.5777305e-02
 -2.3712119e-01
  7.2538778e-02
  1.1738585e-01
  1.9742319e-01
 -9.8728813e-02
 -1.6928256e-02
  1.1362509e+00
  9.7977293e-01
 -7.3223631e-03
 -4.3044066e-01
  1.8274534e-01
 -2.7440739e-01
 -1.0069330e-01
 -7.5138879e-01
  1.5006685e-01
 -8.2153447e-02
  1.1055883e+00
  1.6523172e-01
 -4.4746235e-01
 -2.5317776e-01
 -3.3716720e-01
  1.0229773e-02
 -1.0202953e-01
  3.5634735e-01
  2.2032389e-01
 -1.1083821e-01
 -3.7443224e-01
  5.4080176e-01
  1.7529732e-01
 -8.7054953e-02
  1.0475934e+00
  6.7263603e-02
  3.1462353e-01
  1.4865805e-01
  3.5293177e-01
 -2.9837570e-01
 -1.7600942e-01
  2.6173973e-01
 -1.0641481e-01
  1.5364131e-01
  3.4054965e-01
  7.0667106e-01
 -4.6658224e-01
 -5.2744143e-02
  4.7602254e-01
  1.9451258e-01
 -1.4120093e-01
 -2.1320914e-01
 -8.7122893e-01
  4.5232531e-01
  6.8116561e-04
 -1.4824444e-01
  2.8230688e-01
  3.6790779e-01
  1.4862622e+00
 -4.5859987e-01
  9.2123717e-02
  1.5652875e+00
 -4.6661116e-02
  1.4625524e-01
  5.7771876e-02
 -5.6677051e-02
 -2.6871271e-02
 -7.6761705e-01
  1.5198427e-01
 -3.2091770e-01
  3.7398711e-02
 -2.0434694e-01
 -1.3094285e-01
 -1.8430425e-01
 -2.3509659e-01
  4.5608449e-01
  1.9006342e-01
 -1.9094497e-02
  4.3604770e-01
  2.5430319e-01
  2.0331998e-01
 -2.8525874e-01
  3.5029408e-01
  2.9347011e-01
  9.6146151e-02
  6.4554536e-01
 -8.8126659e-02
 -5.2656852e-02
  1.7114380e-01
  3.0167186e-01
  3.4516069e-01
 -5.5465186e-01
  4.8310451e-02
 -3.1475016e-01
  1.3361999e-01
 -5.0606847e-01
  1.8165924e-02
  2.4832904e-02
 -4.2323714e-01
  5.7458127e-01
 -1.3430686e-01
  2.0616226e-02
  4.1267179e-02
  5.2713349e-02
  1.0955911e-01
 -4.0635377e-01
 -3.8491540e-02
  7.4905306e-02
 -1.6370299e-01
 -4.2184481e-01
  1.5955927e-02
  9.2495538e-02
  1.4297383e-01
 -3.7882291e-03
  3.3153862e-02
 -9.7468495e-02
  2.1455757e-01
  5.0188023e-01
 -4.9571622e-02
  6.7566097e-02
 -5.8652028e-02
  5.3807342e-01
  5.8483936e-02
  9.5468005e-03
  5.1451629e-01
  1.7945181e-01
  4.2844102e-01
  1.2207959e-01
  4.6345498e-02
  1.0082456e-01
  4.2926970e-01
 -3.4887531e-01
 -1.4529255e-01
  3.0826056e-01
  4.3162066e-02
  3.1276685e-01
  1.3709697e-01
  1.6133064e-02
  1.8233605e-01
  9.0353355e-02
  1.8428285e-01
 -2.3419231e-01
  8.4312700e-02
  1.2611523e-01
  1.2592822e-01
  3.6424614e-02
 -3.0185539e-01
 -1.1400302e-01
 -1.1381685e+00
 -7.4379817e-02
  6.5393932e-02
 -1.7776389e-01
  6.0273707e-01
  2.0510025e-02
 -7.4125491e-02
 -1.3116081e-01
 -2.7865767e-01
  3.1277362e-02
  2.0754516e-01
  1.1224541e-01
  1.6489729e-01
 -2.5590727e-01
 -6.4679533e-01
 -2.0732774e-01
  2.4286267e-01
 -4.6143419e-01
 -5.0538838e-01
  2.8437935e-02
 -1.2052391e-01
 -1.2482464e-01
  1.5363090e-01
  5.2148497e-01
  3.6392622e-02
  4.5039177e-02
 -9.9105574e-03
  4.5156237e-01
  2.4382964e-01
  1.0232733e-01
  8.1411906e-02
  1.2622961e-01
 -4.7766399e-01
  3.2162818e-01
 -3.9639257e-02
  1.0240985e-01
 -3.8686445e-01
  6.4468846e-02
  1.3490884e+00
  1.2254490e+00
  2.7115041e-01
 -5.1906097e-01
  1.1460590e+00
  7.2383933e-02
  8.9796357e-02
  5.4343629e-01
 -3.8178733e-01
  1.9081244e-01
 -2.6600305e-03
 -2.7837038e-01
  1.2566508e-01
  2.2428080e-02
  2.3243916e-01
 -2.1383700e-01
 -7.3027426e-01
  5.1883906e-01
  4.1294094e-02
 -2.9361287e-01
 -2.6835540e-01
  4.5900345e-01
  3.4897242e-02
  3.0151203e-01
  1.2914334e-01
  1.1161336e-01
  4.0469322e-01
  1.0045009e-01
 -3.0736899e-01
 -2.0882252e-01
  2.3004824e-02
  2.8964111e-01
  1.8511660e-01
  6.6423878e-02
 -3.6389896e-01
 -9.3144201e-02
 -2.6677847e-01
 -3.6661342e-02
 -4.2260088e-02
 -3.1914887e-01
  2.0314766e-02
  2.5905466e-01
  4.2470928e-02
 -3.0605171e-02
 -5.8728117e-03
  2.6979187e-01
  6.9765747e-01
  2.8035045e-03
 -1.4423044e-01
 -8.4365374e-01
  8.2429528e-02
  4.2428091e-01
  1.3320917e-01
 -4.1827372e-01
 -2.9124644e-01
  3.2438502e-01
 -7.5473440e-01
  2.8301671e-01
 -7.8819105e-03
 -4.9990840e-02
  1.1485565e-01
  7.6889835e-02
  3.7356025e-01
 -4.8100492e-01
  8.8020399e-02
 -2.8220031e-01
 -3.3293998e-01
  2.7078271e-01
 -2.7157846e-01
  1.2296902e-02
  4.5490068e-01
 -2.8754860e-02
 -4.3173772e-01
 -7.1500994e-02
 -7.3565744e-02
  5.4294074e-01
  1.2271829e-01
 -1.7865179e-03
  2.6931638e-01
  4.3315984e-02
  1.8917788e-02
 -3.0381098e-01
 -7.2198421e-02
 -6.8525933e-02
  6.3923496e-01
  1.6521461e+00
  1.4637385e-02
 -1.8436705e-01
  2.1577759e+00
 -2.4040189e+00
  1.1010721e+00
 -1.0786120e+00
  6.1045265e-01
 -9.0805650e-01
 -8.7292308e-01
  1.2265767e+00
  2.8424892e-01
  1.1216822e+00
  2.6774573e-01
 -9.3801790e-01
  1.7548243e+00
 -6.1119223e-01
 -7.7024186e-01
  1.0587712e-01
 -1.4221403e-01
  4.9019583e-02
 -1.7879784e+00
  1.4048317e-01
 -6.2261850e-01
  6.9488376e-01
 -5.5828609e-02
  8.5376430e-01
  3.8717410e-01
 -1.1776274e+00
  9.2767334e-01
 -2.5880024e-01
 -5.4657376e-01
  1.7447472e-01
  5.8284497e-01
  2.7911291e-01
 -3.3354199e-01
 -2.4735702e-02
 -4.8145272e-02
 -2.6513845e-01
 -4.1331747e-01
  9.1778571e-03
  2.0651302e-01
 -8.4685825e-02
  8.8568423e-03
 -1.9045603e-03
  2.8103268e-01
  1.1552571e-01
  7.3528528e-02
  1.2695962e-01
 -1.0220528e-01
  7.4093595e-02
  5.3123838e-01
 -3.7281001e-01
 -3.1367842e-02
  2.8551185e-01
  5.0560880e-01
  2.8595198e-02
  2.7610517e-01
  2.8922230e-01
  1.5534467e-01
  3.2388479e-01
  1.7424519e-01
 -5.6160919e-02
  2.2655921e-01
  1.0820762e-01
 -6.3705659e-01
 -1.4375749e-01
  7.4044488e-02
 -1.4280725e-01
 -3.7734404e-01
  4.4201732e-02
  2.0706493e-01
  3.0487728e-01
  4.2091191e-02
  1.9036147e-01
  1.2173945e-01
  1.3952683e-01
  2.8111297e-01
 -1.0428824e-01
  5.5401482e-02
 -1.1330229e-02
  4.1397266e-02
 -1.4746782e-01
  3.0785280e-01
 -2.8055286e-01
 -7.5234137e-02
 -3.5380069e-02
 -1.2740906e-01
 -1.5245807e-01
 -5.4334320e-02
 -4.4224724e-02
  4.0420322e-03
 -2.7597177e-01
 -3.7783954e-01
 -4.3376884e-01
  3.4235737e-01
  1.4328900e-01
 -2.7109656e-01
 -2.0783234e-01
  3.2788661e-01
 -3.9155716e-01
  2.5518736e-01
  3.8260594e-02
  1.5221472e-01
  3.7555179e-01
  1.0688265e-01
  1.3801260e-01
  1.2217809e-01
 -3.6057565e-01
  5.2754033e-01
  3.1437525e-01
 -3.2886792e-02
 -5.3629404e-01
 -9.7101051e-01
 -1.0203799e+00
  4.0629762e-01
 -1.8190868e-01
  1.7685555e-01
  2.8642249e-01
 -8.1396425e-01
  4.7987513e-02
  2.0164573e-01
 -5.0904572e-01
  8.0548748e-02
  4.3676803e-01
  6.2671259e-02
 -4.3730777e-02
 -6.2967949e-03
  1.7584138e-02
 -1.3591786e-01
  7.1805298e-02
  4.7453180e-01
 -1.2206841e-01
 -6.1840348e-02
 -3.1195444e-01
  6.9974810e-02
  1.3374542e-01
 -7.9409760e-01
 -9.6373633e-04
  1.4604273e-01
  1.4201542e-02
 -2.0715317e-01
  1.0902142e-01
 -5.1874745e-01
 -7.5731182e-01
  1.6514066e-01
 -9.3810193e-02
  9.8429784e-02
  3.3498969e-02
 -6.3500792e-02
 -5.2523798e-01
 -1.4069849e-01
 -2.2835766e-01
 -5.3722858e-02
 -3.3031195e-01
  3.3513196e-02
 -2.6366195e-01
  2.9202357e-01
  9.1754906e-02
  2.3807538e-01
  5.4831129e-01
 -1.0424488e-01
 -1.8851586e-01
  3.6529884e-01
 -1.0767785e-01
 -2.1022820e-01
  1.3738123e-01
  4.9500290e-02
  6.0993273e-02
 -2.3912087e-02
 -5.4581124e-02
 -1.1283012e-01
 -7.1699366e-02
 -4.8598513e-01
  9.9053256e-02
 -1.0505366e-01
 -6.7455128e-02
 -7.3336475e-02
 -2.0853558e-01
  1.1924489e+00
  3.2017215e-03
  6.5386397e-01
  6.1100996e-01
 -1.5682009e-01
 -6.5415144e-01
  9.9646008e-01
 -1.2660533e-02
 -1.5569361e-01
 -3.2230079e-02
  5.5579241e-02
  2.7908695e-01
  2.3682915e-01
  8.3319411e-02
 -1.5121505e-01
  1.9494909e-01
  6.8469524e-02
  4.5117491e-01
  3.0011538e-01
  9.0569064e-02
  3.6726105e-01
 -5.9418476e-01
 -3.3263391e-01
 -2.6002660e-01
  1.0594907e-01
  8.0484793e-02
  2.2708485e-01
 -4.8567498e-01
 -6.0981429e-01
  4.9803138e-01
  1.2106312e-01
  1.0442580e-01
 -1.6504125e-01
 -1.9454500e-01
 -2.6964545e-02
  1.3270099e-03
 -1.2079152e-01
 -2.2397202e-01
  6.8679869e-02
  2.1357389e-01
  1.9864489e-01
 -2.5366247e-01
 -2.9869044e-01
  2.9161689e-01
 -1.2452033e-01
 -1.3713044e-01
 -7.3029196e-01
 -2.5290813e-02
 -8.2439482e-01
 -1.6778958e-01
 -1.8547419e-02
  2.0952620e-01
  2.4256973e-02
 -2.2906220e-01
  1.1457447e-01
 -1.0203937e-01
  1.1380835e-01
  1.5121371e-02
  2.2440676e-01
 -2.3555468e-01
  2.6123765e-01
 -2.3764659e-01
 -3.1539313e-02
 -1.4852148e-01
 -6.4176232e-02
 -3.7850611e-02
 -3.7329525e-01
  1.3302660e-01
  1.1413486e-01
 -1.0879765e-01
 -7.4631266e-02
 -1.2343091e-01
 -4.0433174e-01
 -2.2343101e-01
  6.0812134e-01
  3.6272684e-01
 -2.3692466e-01
 -1.0409587e-01
  2.2613771e-01
  2.3242196e-01
  1.6361606e-01
  3.8777512e-01
 -1.1355500e-01
 -5.2121788e-02
  1.4500978e-02
 -2.1984887e-01
 -5.5881791e-02
 -3.9253628e-01
  2.7750932e-02
 -5.4642748e-02
 -2.9814103e-01
 -5.5234175e-02
  3.1218812e-01
  7.5090855e-01
 -3.7954938e-01
  6.8738389e-01
  4.2113346e-01
 -1.7033353e-01
  1.7897928e-01
  2.2543028e-01
  1.9271548e-01
  1.4954175e-01
 -1.1780018e-01
  5.3137857e-01
  1.8989703e-01
 -4.6520489e-01
  4.2060801e-01
 -4.3280768e-01
 -2.0381908e-01
  6.4846627e-02
  2.9931632e-01
 -6.5731518e-03
  1.4119583e-01
  1.6407421e-01
 -2.2125319e-03
  5.9052635e-02
 -5.0980013e-02
 -7.6120883e-02
  3.6214784e-01
  2.0057057e-01
 -2.1929127e-01
 -3.2953992e-02
 -3.6350587e-01
 -1.1876159e-01
  9.6159860e-02
 -4.0634197e-01
 -2.5869244e-01
  2.9237270e-01
 -2.1139969e-01
 -1.6720274e-02
 -9.2037559e-02
 -3.6416948e-02
  2.9686335e-01
  2.7950796e-01
  5.0333366e-02
  3.2637674e-01
 -6.0039842e-01
 -4.7030920e-01
 -6.1812963e-02
 -3.6405236e-01
  1.9965072e-01
 -1.4558247e-01
  1.5978506e-01
 -6.7143053e-02
 -2.4127771e-01
 -1.0767017e-01
 -4.5063976e-02
  3.3059597e-01
 -1.5375966e-01
 -7.3922098e-02
 -4.2955416e-01
 -2.6716557e-01
  1.0844971e-01
 -5.4487564e-02
 -3.8642147e-01
  3.0566871e-01
 -1.6869214e-01
  1.6330229e-01
 -1.0151122e-02
 -2.9873171e-01
  2.3678978e-01
 -2.4367297e-02
  2.2998661e-01
 -6.3546449e-02
  2.7229688e-01
  1.0817720e+00
 -3.1260410e-01
 -7.7337414e-02
  2.4156393e-01
 -1.2923451e-01
  1.4947267e-01
  2.5505930e-02
  6.1465520e-03
 -1.1380687e-03
  3.0958503e-01
  7.3948637e-02
 -4.8986629e-01
 -1.5605860e+00
  5.6435335e-02
 -4.6637031e-01
 -2.9105275e+00
 -1.1690387e+00
 -1.3557744e+00
 -1.6613994e+00
 -3.9570367e-01
  1.3011923e-02
 -2.1144276e+00
  6.7237400e-02
  7.7590130e-02
  3.6391419e-01
 -9.1069740e-01
 -6.5141702e-03
  2.1611737e-01
 -2.3282762e+00
 -1.3978490e-01
 -1.7816304e-01
  3.7958500e-01
  5.9234682e-02
  5.3107988e-02
  4.2306639e-02
 -2.0638623e+00
 -4.6221307e-01
  1.8542667e-01
  5.6750482e-01
 -6.5370105e-02
  9.2804141e-02
 -3.5093179e-01
 -1.9518682e+00
  3.0169508e-01
  6.4669453e-02
  3.4113833e-01
  3.1213511e-02
 -1.2306010e-01
 -4.5081487e-01
 -3.1949991e-01
 -1.8294695e-01
  1.9896337e-01
 -1.3330702e-01
 -1.0868280e-01
 -1.1001095e-01
  7.3263079e-02
  2.5095556e-02
  7.7623717e-02
 -1.8918065e-02
 -1.0623725e-01
 -6.0077980e-02
 -1.4690887e-02
  4.3833190e-01
  1.5779369e-01
  3.0607045e-01
 -3.0211818e-01
 -1.5232731e-01
  4.0277976e-01
 -4.6815291e-01
  7.4876055e-02
 -5.2853400e-01
 -3.0695933e-01
 -1.2905630e-01
  1.0517393e-01
 -5.5886024e-01
  2.4657649e-01
  5.7223808e-02
  3.3842492e-01
  4.7356084e-01
  2.7938864e-01
  1.3696291e-01
 -2.1736164e-01
  3.8977569e-01
 -6.5562260e-01
 -2.5174478e-01
  5.3750199e-01
  1.9543886e-02
  4.7723156e-01
 -2.9973701e-01
  2.2932504e-01
 -6.4831418e-01
 -7.0015240e-01
 -2.0927312e-02
 -3.2592975e-02
 -3.7456718e-01
  2.3021957e-01
  7.8618966e-02
 -8.3180648e-01
 -6.0387664e-02
  5.4008994e-02
  1.5499800e-01
 -2.7815294e-01
  1.0147499e-02
  1.2557542e-01
  2.6344162e-01
  1.2513579e-01
 -1.9227234e+00
 -5.3608698e-01
  7.4940830e-01
 -1.7262900e-01
  5.4834750e-02
 -1.1046321e+00
 -2.1285972e-02
  5.1901597e-01
  4.2802322e-01
 -1.1026540e-01
  1.7691346e-01
  3.1980103e-01
 -1.9960979e-01
 -1.4111686e-01
  1.3068534e-02
  6.1360382e-02
 -7.7659243e-01
 -3.0641618e-01
  4.1007269e-03
 -1.8574539e-01
 -3.1812012e-01
 -1.4494956e-01
  9.2601944e-03
 -3.0657301e+00
 -5.4375380e-01
  3.2728949e-01
  4.0486684e-01
  3.7080914e-01
 -1.8103279e-01
  1.1748817e-01
 -1.5548554e-01
  7.6557867e-02
 -7.8156769e-01
 -4.8989668e-01
 -1.5143725e-01
 -3.3298630e-01
  3.8551652e-01
  2.8315663e-01
 -2.8263080e-01
  1.7376892e-01
  2.6192868e-01
 -5.6575477e-01
 -8.3891898e-02
 -4.1278803e-01
 -1.1306775e-01
  2.8296345e-01
  1.4386104e-01
  3.0163646e-02
  9.3442857e-02
 -9.5142931e-02
 -2.5662631e-01
  9.7638212e-02
  1.0490365e-01
 -3.0923279e-02
  8.6644791e-02
  1.8444833e-01
  1.8341187e-01
  2.7565950e-01
  1.6137850e-01
 -7.4926102e-01
  4.3644777e-01
 -9.7667776e-02
  1.9797425e-01
  1.1897811e-01
 -2.2189599e-01
 -8.3917424e-02
 -3.2507902e-01
 -1.3905635e-01
 -2.2535983e-01
  1.3224468e-01
  1.0532881e-01
 -1.0268348e-01
 -5.3084042e-02
  6.9744214e-03
  6.8582451e-01
  2.6558918e-01
  4.4624349e-01
 -9.0515008e-03
  5.8081236e-02
  2.1975528e-01
  5.1676296e-03
  4.2896616e-01
  4.3747467e-01
 -9.9327430e-02
  5.2957094e-01
 -2.2054344e-01
 -2.2591209e-01
  6.3171580e-02
  3.6929649e-01
  7.8026332e-02
  3.1401250e-01
  7.7665016e-02
 -1.7500423e-01
  1.9656242e-01
  2.3874399e-01
 -4.6061012e-01
  3.8840221e-03
 -4.5047963e-01
  1.8561934e-01
  3.1975678e-01
  1.1816371e-01
  1.0359030e-01
 -2.4087148e-02
 -1.1778113e-01
  4.1899371e-01
  1.8709621e-01
 -1.3346730e-01
  1.2402724e-01
 -6.4278394e-01
 -1.7742492e-01
  2.0860064e-01
  3.2862715e-02
 -2.3438643e-01
 -1.4068751e-01
  5.9801000e-01
  2.7853828e-02
  3.8461950e-01
 -2.7814013e-01
  1.6678765e-01
  7.4152038e-02
  1.5175192e-01
 -8.0923885e-02
 -6.1916806e-02
  2.4003666e-02
  2.4499804e-01
  4.9831118e-02
  1.3657746e-01
  7.7062714e-01
  3.1048536e-01
 -9.3816325e-02
  2.7503091e-01
 -2.2416057e-01
 -4.5261523e-01
 -9.9934943e-02
  2.4888115e-01
  2.3646712e-01
 -8.3816931e-02
  2.3194870e-02
  3.9517328e-01
 -2.5887766e-01
  2.9317814e-01
 -9.4836652e-02
  5.7451093e-01
  4.1643504e-02
 -2.7548379e-01
 -1.5001924e-01
  6.5404661e-02
 -4.0633980e-02
  1.4606740e-01
  3.4487912e-01
 -4.1796935e-01
  3.1457144e-01
 -2.1372966e-02
 -5.8991396e-01
  7.4862522e-01
 -1.8036698e-01
 -2.2435358e-01
  2.8695178e-01
 -6.7784317e-02
  4.9301066e-02
 -4.3267125e-01
  3.2602900e-01
  1.1688038e-01
 -3.4095806e-01
 -1.9510078e-01
 -1.2754112e-02
 -8.6634129e-02
 -3.5922889e-02
  3.1167057e-01
  1.6458172e+00
 -2.2429135e+00
  1.4889778e-01
 -8.5810000e-01
 -3.8142592e-01
 -1.1908100e+00
 -5.7722265e-01
  7.6313770e-01
  1.5524360e+00
  1.3423423e-01
  4.4531620e-01
 -1.6507939e+00
 -4.8130748e-01
 -1.6129598e-01
 -6.2709731e-01
 -6.2604867e-02
 -7.6447660e-01
  4.4914672e-01
 -9.1418946e-01
  7.4894637e-01
 -1.4303772e+00
  4.8179695e-01
 -1.0072111e+00
  1.0086865e+00
  6.3273209e-01
 -6.8749256e-02
 -2.7062207e-01
 -1.2951592e-01
 -2.0747380e+00
 -6.4695597e-01
  1.4155773e-02
  2.5918964e-01
 -5.1552195e-02
  1.2327625e-01
 -6.2824748e-02
  3.2542413e-04
 -5.9823200e-02
  7.4075356e-02
 -7.5066283e-02
  6.1548114e-01
 -5.8013756e-02
  4.3628731e-01
 -1.4975238e-01
 -7.2343349e-02
  1.5105101e-01
 -2.4985731e-02
  5.1149100e-01
 -1.0268424e-01
 -6.4468980e-03
 -3.1723905e-01
  4.1911054e-01
  2.7392069e-01
 -8.2757592e-02
 -1.5482165e-01
 -2.0830792e-01
 -1.5992320e-01
 -2.3395883e-01
  5.1983930e-02
  2.1490535e-01
  4.5962024e-01
 -3.6245209e-01
 -8.4430432e-01
 -4.0447178e-01
  4.9172327e-02
  5.0147459e-02
  3.2670188e-01
 -2.3869351e-03
 -4.7049376e-01
  1.6829839e-01
 -4.0311646e-01
 -2.4767227e-02
  1.0403335e-01
  4.0467665e-01
 -4.0202925e-01
  1.2737939e-01
 -1.1588072e-01
 -2.0563117e-01
 -2.4853711e-01
 -1.6960223e-01
  3.9811176e-01
 -7.6242447e-02
  4.2988169e-01
 -1.6197623e-01
 -1.7978191e-01
  5.6168966e-02
 -9.6748903e-02
  9.0571612e-02
  2.3834938e-01
 -3.8347739e-01
  4.1701776e-01
  6.0556138e-01
 -4.2781860e-02
 -9.9067077e-02
  1.5448105e-01
  1.9814742e-01
 -1.6841412e-01
  4.4580644e-01
 -1.5156305e-01
 -2.8334677e-01
 -1.5098932e-01
 -5.3907353e-01
 -2.0528626e-01
 -5.7582039e-01
  4.8746812e-01
 -2.2653973e-01
  1.2957430e-01
  2.1566829e-01
 -1.0971777e+00
  2.4291897e-01
  5.0259400e-02
 -1.9313820e-01
  6.2661415e-01
 -1.6345742e-01
  9.6183896e-02
 -4.9090618e-03
 -1.1276124e-01
  2.3494108e-01
  1.5698275e-01
  1.6121979e-01
  1.8839954e-01
  6.9140995e-01
  3.0471127e-02
 -4.5057890e-01
  1.6742678e-01
 -9.3876012e-02
 -3.5834432e-01
  5.7735521e-01
  2.4947561e-01
 -1.3151905e-02
  2.3166686e-01
  1.7983170e-01
  2.9881336e-02
 -1.3063778e-01
 -3.6184853e-01
 -2.6000929e-01
 -4.1675112e-01
  1.1891825e-01
  1.4587450e-01
  1.8572347e-02
  8.8542169e-01
  9.0111393e-01
  1.2920530e-01
  9.5976070e-03
 -2.5101441e-01
 -1.6162033e-01
  3.0397937e-01
 -3.9774263e-01
 -4.6011657e-01
  1.9845357e-02
  1.4939833e-01
  2.5471559e-01
 -2.6128456e-01
  2.6143083e-01
 -6.6886711e-01
  4.1283730e-02
  1.0213705e-01
 -1.8295258e-01
 -2.7031389e-01
  3.2217562e-01
 -1.0996565e-01
  1.8062593e-01
 -2.5170095e-02
  3.5779458e-02
 -1.6303277e-01
  4.4047996e-01
  3.3335859e-01
  1.8788710e-01
  3.9839715e-01
  9.2320785e-02
 -1.8236850e-01
  3.1126636e-01
  2.4328804e-01
  9.3251877e-02
  9.0963349e-02
 -4.3049961e-02
 -2.3250680e-01
 -8.7851590e-01
 -7.2332013e-01
  1.5012325e-01
  3.9685387e-02
  2.0042601e-01
  7.6617879e-01
 -5.0135601e-01
  1.2270864e+00
 -1.0904929e-01
 -7.1575934e-01
 -8.7971526e-01
 -9.0595566e-02
 -8.1857562e-01
  3.3436511e-03
  4.1614920e-01
  2.1114992e-01
  1.5859820e-02
  7.3285908e-02
  4.6725076e-01
  4.4145754e-01
 -3.2618968e-03
 -2.6025234e-03
 -8.7518096e-02
  4.3597618e-01
 -5.3508528e-02
 -4.2869814e-02
 -6.6197824e-01
 -1.2640356e-01
  1.8900692e-02
  4.1096509e-01
  8.9343004e-02
  1.6421001e-01
 -4.6772867e-01
  2.1309251e-01
 -7.5622749e-01
  2.8299728e-01
  6.6468939e-02
  1.8016320e-01
 -4.8114941e-01
  1.5746661e-02
  5.4738626e-02
  1.5039763e-02
 -3.1112617e-01
  1.1849673e-01
  4.7921410e-01
  6.0134989e-01
  1.8590678e-01
 -3.2817012e-01
 -1.3093100e+00
 -2.9875714e-01
 -2.5609240e-02
 -1.3973565e-01
 -4.6274573e-02
 -9.5906900e-03
  5.4414082e-01
 -1.9445337e-01
 -4.1981670e-01
  2.6448965e-01
 -5.7894593e-01
  3.7508538e-01
 -5.5196702e-01
  6.0421830e-01
  1.2479140e-01
 -2.3013699e-01
 -6.4030868e-01
 -1.2790906e-01
  1.0424596e-01
  2.8205964e-01
 -6.7436737e-01
  2.4470873e-01
  2.7840301e-01
 -3.5332359e-02
 -6.1907309e-01
  3.8941452e-01
 -2.0049684e-02
 -2.7967924e-01
  1.1842406e-01
  5.3179596e-02
 -1.7318076e-01
 -5.6356203e-02
  5.6622636e-01
  2.0426419e-01
  2.3920481e-01
  3.2114744e-01
 -3.2843316e-01
  6.0339618e-01
 -1.8711409e-01
  3.4085882e-01
 -2.6004955e-02
  1.0446690e-01
  1.5674445e-01
 -1.8619415e-01
 -1.5694377e-01
 -5.8623329e-02
 -3.1272024e-03
 -3.8262656e-01
 -2.8908861e-01
 -2.4172440e-01
  4.8072648e-01
 -1.4723830e-01
  7.3070660e-02
  1.9994527e-02
 -1.7459847e-02
  6.1584395e-01
  6.4622068e-01
  3.0334455e-01
  4.0160096e-01
  3.1926614e-01
 -1.9473332e-01
  6.8430290e-02
 -9.6333288e-02
  9.7926952e-02
  1.4541370e-01
 -7.7253759e-02
 -6.4836615e-01
  1.7322327e-01
  1.8930238e-01
 -2.2663862e-01
  3.8063484e-01
 -1.3447014e+00
 -2.7780181e-01
  7.4597955e-02
  1.8034428e-01
 -1.2506025e-01
 -1.3899684e-01
  2.4669293e-01
 -1.5365976e-01
  2.1647349e-02
 -7.7190191e-01
  3.8098963e-03
 -3.1826732e-01
  2.3755324e-01
 -3.3384454e-01
 -1.0449941e-01
 -8.4092095e-03
 -1.5588795e-01
  1.7237157e-01
  2.1732514e-01
 -5.3348131e-02
 -4.3077223e-02
 -2.7726051e-01
  2.0482267e-01
  3.8047585e-01
 -7.9412840e-02
 -6.2015474e-02
 -4.7124356e-01
  4.5126498e-02
 -5.1286314e-03
  5.4195683e-02
  3.1112900e-01
 -3.0837610e-01
  4.4792071e-03
  3.3564590e-02
  2.2135743e-01
  2.0432049e-01
 -1.1060441e-01
 -1.7062385e-01
  4.5920029e-01
 -3.4455928e-01
  1.5151034e-01
  1.7789669e-01
 -9.5651425e-02
  1.0930203e-01
 -3.2390442e-01
  5.2091934e-02
 -1.0942029e-01
  9.5298924e-02
 -4.2823938e-01
 -9.3606003e-02
 -2.7701515e-01
  1.5176776e-01
  9.0943053e-02
 -6.7009503e-01
 -1.7912662e-01
  8.4632665e-02
 -7.6466583e-02
  1.1263177e+00
  1.1985010e+00
  3.8068351e-01
 -1.6736286e+00
  4.8807195e-01
  1.6049563e+00
 -2.8035432e-01
  9.3679070e-01
 -1.7892743e+00
  2.8218274e+00
 -1.6785452e+00
  2.3811828e-02
 -1.6817542e-02
  3.1893522e-01
  8.2989806e-01
 -3.9496195e-01
 -7.3539883e-02
 -1.0870382e-01
 -9.8016053e-02
 -2.1936235e-01
  3.1591976e-01
  2.2760952e-01
 -6.5661794e-01
  2.2910559e+00
 -4.1901886e-02
 -5.8247864e-01
 -2.3431905e-01
  2.2983771e-02
  3.7957510e-01
  6.3256659e-02
  4.9566790e-01
 -5.1877224e-01
 -3.2906818e-01
  2.0690377e-01
 -1.0504037e+00
  1.4114857e-01
  2.0821284e-01
 -1.8196878e-01
 -3.9308244e-01
  9.4475985e-02
  3.0606449e-01
 -1.9560951e-01
  4.0886041e-02
 -8.5479543e-02
 -6.7616522e-02
 -1.1607838e-01
  3.7739590e-01
 -4.5087513e-01
  3.1590905e-02
  3.9133478e-02
 -2.0662442e-01
 -1.2201342e-01
  1.4517270e-02
 -4.1324040e-03
  1.6182068e-01
  1.4197904e-01
  2.8129366e-01
  2.1645905e-01
  1.5770003e-02
 -1.2226860e-01
  5.0953937e-01
  2.3910819e-01
  8.6551711e-02
  1.5543509e-01
  2.6061915e-02
  1.0215451e-01
 -1.8864965e-02
  9.7272329e-02
 -5.9510067e-02
  7.1545132e-02
 -5.8884947e-03
  3.0228728e-01
 -3.5802302e-01
 -3.6030826e-01
  1.3961503e-01
  5.6473833e-01
 -1.0445960e-02
  1.1864974e-01
 -1.1283429e-01
 -8.5039154e-02
 -2.6950547e-01
 -1.6256920e-01
  4.9270195e-01
  7.2873884e-01
 -3.0032712e-01
  1.6380094e-02
 -2.3814659e-01
  5.3181821e-01
  5.9220988e-01
  1.2551997e-02
  2.8378749e-01
  5.6078557e-02
 -7.1305402e-02
 -2.0373964e-01
 -1.5617575e-01
  2.6390493e-01
 -3.8896799e-01
 -6.2541342e-01
 -4.0958607e-01
 -7.6528966e-02
 -2.7814722e-01
  3.1180121e-02
 -2.1551506e-01
  1.8160780e-01
  1.0402511e-01
 -4.6827415e-01
 -1.2667210e-01
 -2.8236279e-01
 -1.0670341e-01
  2.7408540e-01
 -4.4350764e-03
 -2.7638510e-01
 -2.0489851e-01
 -9.0911001e-02
 -1.0352014e-01
 -3.6397237e-02
 -3.2333627e-02
  9.1240339e-02
  1.8522741e-02
  2.9069096e-01
 -3.5275478e-02
  8.3423591e-01
 -1.3141674e-01
  3.5939332e-02
 -7.7814266e-02
 -3.0831870e-01
 -7.4140169e-02
  2.6191181e-01
  7.4504703e-02
  1.0379513e-01
 -2.1802635e-01
  9.7475357e-02
  1.9302042e+00
  7.5554156e-01
 -1.7807773e-01
 -1.6063741e+00
  1.0883808e+00
 -5.7763171e-01
 -7.3485732e-01
 -6.2563020e-01
  9.4458528e-02
 -3.1134236e-01
  1.6537852e+00
  1.4966011e+00
  1.9021608e-01
 -6.1998886e-01
 -8.8128614e-01
  1.1947548e-01
  1.1723788e-01
  1.1189138e+00
 -2.2296359e-01
  3.9703348e-01
 -3.0213368e-01
 -2.9063517e-01
  7.0097816e-01
 -2.3062263e+00
  1.0382949e+00
  2.2661643e+00
  2.8042129e-01
 -1.0392824e+00
  5.0968185e-02
  4.3906290e-02
 -8.2184011e-01
  1.4185456e+00
 -4.6339130e-01
  7.1045089e-01
 -2.4354948e-01
  1.0630213e+00
  6.6765929e-03
  3.5493694e-02
 -2.0174606e-01
 -2.4649943e-01
  8.6745173e-02
 -7.8236312e-01
 -7.3387519e-02
 -2.4726532e-02
  3.1900384e-02
  6.9226474e-01
  7.5845614e-02
  1.7870608e-01
  1.1271372e-01
 -3.4707686e-01
  7.3923737e-02
  1.0598942e+00
 -1.5491639e-01
  3.8252911e-01
  7.4062729e-01
  2.8127122e-01
 -3.7629947e-01
  2.9544014e-01
  2.3487251e-01
  4.8962498e-01
 -2.0098470e-01
 -7.6847248e-02
 -7.8915700e-02
  2.9474029e-02
  1.0132140e-01
 -4.7270456e-01
  4.4461075e-02
 -5.6978136e-02
 -1.0628176e+00
 -3.8979778e-01
  6.4406144e-03
 -2.8010273e-01
  1.4557427e-01
  6.6011524e-01
  5.5559164e-01
  1.1896399e-01
 -3.8811021e-02
 -1.2430292e-01
 -2.3957098e-01
 -9.7034186e-02
  1.2463929e-01
 -1.3731074e-01
 -2.3088109e-01
  1.2580380e-01
  1.0086842e-01
  4.9175136e-02
 -2.5342152e-01
 -2.1669114e-01
 -3.4513640e-01
  1.5104883e-02
  3.9183505e-02
  1.7986169e-01
  5.7160497e-02
 -2.5757110e-01
  6.0697359e-01
 -5.8103001e-01
 -2.1335652e-01
 -5.3621340e-01
  2.8545162e-01
  2.0783371e-01
 -1.0723526e-01
  7.6499261e-02
  4.4274163e-01
 -1.4180979e-01
  8.9816630e-02
 -2.5223887e-01
  2.7915394e-01
  3.6554250e-01
  2.7499291e-01
 -7.2741807e-01
  3.0164886e-01
 -2.6101595e-01
 -8.0390751e-02
  5.4957163e-01
  4.4165459e-01
  1.3937914e-01
  5.2322441e-01
 -4.2899724e-02
  2.3073125e-01
 -6.0501325e-01
 -6.2111620e-02
 -1.5283361e-01
  1.3198778e-01
 -2.2965804e-02
  2.0498052e-01
  1.0706601e-01
 -1.5793163e-03
  2.7594402e-01
 -1.2988220e-01
 -2.6294395e-01
 -2.3223722e-01
 -5.5580401e-01
 -1.1726317e-02
  3.9862883e-01
 -3.5978217e-02
 -2.3597199e-01
 -2.8071877e-02
  1.4855446e-01
 -4.4238940e-04
  7.9398447e-01
 -2.7876669e-01
  1.3041293e-02
  5.7438202e-02
 -2.5940888e-02
  5.1855274e-02
 -1.0518480e-01
  8.5278146e-02
  1.9676083e-01
  1.9624308e-03
  3.0375376e-01
  9.5601313e-02
 -5.6652844e-02
 -4.9281344e-03
 -1.4918433e-01
 -7.6058410e-02
 -1.6695885e-03
 -4.6327198e-01
 -9.5729120e-03
  3.3722065e-02
  1.6043417e-01
  1.0583368e-01
  1.5781319e-01
  4.3497410e-01
  4.1356632e-03
  3.7996444e-01
  7.7071339e-02
  1.2932786e+00
 -1.0805701e-01
 -1.6637905e-02
  1.0053195e-01
  5.8561915e-01
  3.7868491e-01
 -1.7060614e-01
 -4.0393776e-01
 -3.2140109e-01
 -2.8557941e-02
 -2.8306133e-01
 -3.5392582e+00
 -7.6832938e-01
  5.5513972e-01
 -2.7054894e-01
  3.3734903e-02
 -3.6260837e-01
 -9.0138786e-02
  4.7445258e-01
  5.1788099e-02
 -1.0088181e-01
  1.4454575e-01
  9.8616794e-02
  8.6969830e-02
  5.0550699e-01
  7.9625303e-01
 -7.2793148e-02
 -2.1348827e-01
  3.9445460e-01
  8.1146395e-01
 -3.5939205e-01
  1.4077107e+00
 -9.3219280e-02
 -2.4930712e-02
 -8.7841851e-01
 -1.4515215e-01
  1.0756934e+00
  2.2058935e-01
  3.2985273e-01
 -3.4334948e+00
  1.9235608e-01
  3.3464804e-02
 -3.0015409e-04
 -9.4137657e-01
  8.9451417e-02
  1.9726874e+00
 -1.7046113e-02
  7.4696690e-01
 -6.4264172e-01
 -3.7304482e-01
 -5.4793841e-01
  6.4092481e-01
  3.6675376e-01
  7.2454196e-01
 -2.1462992e-02
 -3.6931676e-01
  2.3498462e-01
 -1.2172870e-01
 -7.3343232e-02
  1.0091596e-01
  7.2736514e-01
  5.1240367e-01
 -5.0558585e-01
  4.1718417e-01
 -9.7883038e-02
  2.0487707e-02
 -4.8072025e-02
 -5.1327098e-02
 -2.6908666e-03
  4.9193540e-01
 -1.3717356e-01
 -1.3648577e-02
  2.5441465e-01
 -1.2995613e-01
 -4.1438034e-01
  4.5045888e-01
 -1.2115691e+00
  5.9397262e-02
  5.5588346e-02
 -2.5871772e-01
  3.7374943e-01
 -7.8259939e-01
  1.0642281e-01
 -1.4399350e-02
 -1.5928388e-01
  1.4806339e-01
 -3.5925739e-02
 -3.0800443e-02
 -5.1155202e-02
 -4.7315794e-01
 -4.2302344e-02
 -1.1626775e+00
 -2.3090582e-02
 -9.9777716e-01
 -6.1734270e-02
 -3.6302400e-01
 -1.2318157e-02
 -4.0736836e-01
 -3.0591970e-02
 -1.6415237e-01
 -6.7396414e-01
 -1.1327635e-01
  1.9463755e-02
 -2.1025471e-01
  5.9369553e-02
 -1.1709316e-01
  8.9001566e-01
 -8.8072784e-02
  7.1361756e-01
  5.4345991e-02
  4.8960257e+00
 -6.1913747e-01
  7.8478557e-01
 -9.4656181e-01
  8.0525793e-02
  2.4570021e-01
  9.3946713e-01
  1.3658332e+00
  2.3499566e-01
  4.9855269e-02
 -4.3124723e-01
 -2.6445136e+00
 -4.1189668e-01
 -3.0097565e-01
  6.6021895e-01
  5.1927018e-01
  6.4888602e-01
  9.0213430e-01
  9.0195328e-01
  2.5986357e+00
  1.4022586e-01
 -2.2628860e-01
 -9.3362528e-01
 -2.0670298e-01
  7.3827559e-01
 -9.6657920e-01
 -6.6328675e-02
 -8.5758936e-01
  5.3478038e-01
 -7.7800983e-01
  1.9088371e+00
  7.3818851e-01
  7.3179281e-01
  5.7712716e-01
  4.5682186e-01
  2.6243081e+00
  1.0078508e+00
 -9.7576749e-01
 -2.1993221e-01
  1.1435493e+00
  4.2433214e-01
 -6.9642358e-02
  1.5717223e-01
  4.6635407e-01
  1.0055397e+00
 -3.1684548e-01
  1.3278632e-01
 -1.3384500e+00
 -3.7124348e-01
  1.0663269e-01
 -2.0727421e-01
  4.4288501e-01
  2.3860295e+00
  8.5433817e-01
  1.4150640e+00
  1.4639833e-02
  1.5816634e+00
  1.1148955e-02
 -1.3278295e-01
  1.1015347e+00
 -7.6594412e-01
  1.4227328e+00
  5.3326901e-02
 -1.5695237e+00
 -1.4672490e+00
 -1.0209559e+00
 -5.7764012e-01
 -6.2413901e-01
  1.6340442e+00
  1.2948504e-01
  1.1975116e-01
 -4.5796844e-01
  4.5407429e-01
  1.4754593e-01
 -8.2570338e-01
  6.9093174e-01
 -9.6584398e-01
 -2.0188158e+00
  3.2696077e-01
 -8.5092247e-01
  2.7102891e-01
 -1.2498952e+00
 -7.8946158e-02
 -7.6785839e-01
 -5.7099700e-01
  2.1836841e-01
 -3.6645949e-02
  1.8988940e+00
 -1.5564258e+00
  2.2805753e-01
  1.3755858e+00
  2.7489438e+00
  1.5426587e-01
 -4.7489047e-01
 -2.5341092e-02
  1.0320780e+00
  2.6590865e+00
  7.6583438e-02
  1.5075430e-01
 -2.6510295e-01
  2.5584092e+00
 -3.6400381e-02
  7.5912112e-01
  1.7141691e-01
  4.1650113e-01
 -1.0274005e+00
  3.0134508e-02
  3.6344829e-01
  1.1802620e+00
 -4.8565459e-02
  1.1743912e+00
  7.1549112e-01
 -8.3077055e-01
 -3.1524688e-01
 -7.6182485e-01
  3.0620664e-01
  9.5984548e-01
 -7.8644119e-02
 -3.3018446e-01
 -1.1005937e+00
 -2.5488575e+00
  4.1041914e-02
  7.8610098e-01
  1.6413678e+00
  1.0081260e-01
  1.7500658e+00
 -1.2096111e+00
  3.6929604e-01
 -8.1100303e-01
  2.8115063e+00
  1.5248418e-01
  3.2004479e-01
  6.3536602e-01
  2.1675396e+00
 -3.3341959e-01
  6.6069388e-01
 -2.1575277e-01
 -6.8832028e-01
  1.8451029e-01
 -9.5556712e-01
 -3.5973787e+00
 -2.8818592e-01
 -2.6761660e-01
 -2.0701830e-01
  8.0478914e-02
 -7.0751393e-01
 -4.3190185e-02
  3.8807029e-01
  2.4430668e-01
  7.3195165e-01
 -1.0795587e+00
 -1.8278587e+00
  2.2027471e+00
 -1.0799865e+00
  5.2948219e-01
 -4.7183201e-01
 -3.3600855e-01
 -1.3562241e+00
 -5.3065103e-01
 -7.7281553e-01
 -1.0468682e+00
  7.1351990e-02
 -1.9106476e-01
 -1.1197661e+00
 -2.7405202e-01
  5.9140724e-01
 -4.5470706e-01
  1.6338056e-01
  1.6881484e+00
  2.7882960e+00
  2.8164883e+00
  1.4755552e+00
  3.3079287e-01
 -1.9901891e-01
 -1.4337888e+00
 -6.7910898e-01
 -1.7837040e-01
  5.7182735e-01
  1.1108165e+00
  8.8288546e-01
 -3.8889447e-01
 -1.1809217e+00
  3.5105881e-01
  1.6516067e+00
  7.9259020e-01
 -2.4072170e+00
 -1.2423026e-01
  1.9527709e+00
  6.4612216e-01
 -8.1674361e-01
 -7.8688228e-01
 -1.1796774e-01
 -2.0098923e-01
  1.6243809e+00
  1.1152683e+00
 -2.4928848e-01
  1.4481090e-02
 -2.7301943e-01
  2.3890445e+00
 -8.3844894e-01
 -1.0241628e+00
 -1.0090318e+00
 -9.4860166e-01
 -1.2517525e+00
 -1.6903630e+00
 -1.5863246e+00
 -5.8983970e-01
  6.5754080e-01
  7.4708931e-02
  3.1458727e-01
  5.3526592e-01
 -3.1505003e+00
  6.1473764e-02
  2.4143474e-02
 -1.5825015e-01
  1.5011811e+00
 -5.1917171e-01
  3.5080224e-02
  3.6528265e-01
  1.2520924e+00
 -2.9482111e-02
 -8.0451047e-01
 -3.0732062e-01
  7.1127641e-01
  7.5029403e-01
  1.6436791e-01
 -2.9602230e-01
  3.9328847e+00
  4.6737656e-02
  1.0676317e+00
  2.1079250e-01
 -7.9519176e-01
 -4.4486170e+00
  6.4437526e-01
  4.2110644e-02
  5.0359786e-01
 -1.4011699e+00
  9.2582488e-01
  4.5407721e-01
 -2.7738565e-01
  3.0695075e-01
 -1.7030904e-02
 -9.2825121e-01
  9.4629985e-01
 -1.2351985e+00
  4.6349764e-01
  2.0969830e+00
  4.8517415e-01
 -2.4361801e-01
 -6.1662453e-01
  2.7566570e-01
 -8.7452096e-01
  4.6186443e-02
 -1.4574304e+00
  3.4306389e-01
 -4.0743425e-01
  3.0161935e-01
 -1.1501991e+00
  6.4327709e-02
 -7.1573651e-01
 -1.1392524e+00
  3.2566658e-01
  1.5416205e+00
 -1.4476186e-01
 -1.3011472e+00
  5.9748095e-01
  3.6223915e-01
  1.1415102e-01
 -2.2727961e-02
  1.3531792e+00
 -2.2268406e-01
  1.7470863e+00
  5.1522493e-01
  3.1376400e+00
  2.8565967e+00
 -6.9985986e-01
  1.4336095e+00
  1.5652555e+00
  6.3100970e-01
 -1.9866312e+00
 -2.4909872e-01
  1.1526037e+00
  2.7055773e-01
  9.5450866e-01
 -7.9699713e-01
  4.0282845e-01
  6.1343171e-02
 -5.0261371e-02
 -3.0383823e+00
 -1.1411190e-01
 -1.6606376e-02
 -1.8449187e-01
 -1.2563378e-01
  8.8781393e-01
 -2.5967780e-01
 -2.2473528e+00
  1.3189350e-01
  2.6729290e+00
  4.4501737e-01
 -7.3927665e-01
 -1.4741861e+00
  2.5706768e+00
 -4.4470671e-01
  8.8428706e-01
 -2.9369000e-01
  6.5497583e-01
  1.2672020e+00
 -3.0778584e-01
  6.3871473e-01
  2.2003906e+00
  7.1952862e-01
  3.7987298e-01
  3.6988509e-01
  1.2358540e-01
  1.2363657e+00
 -4.0694720e-01
  2.0689847e+00
 -1.0496237e+00
 -1.9966861e-02
  1.5492915e-01
 -3.4705830e-01
 -7.5094081e-02
  2.2576838e+00
  5.9911883e-01
  1.0244730e+00
  5.7361495e-01
  1.1655593e+00
 -5.3572375e-01
  1.5432996e-01
 -5.7931447e-01
  1.2000329e+00
  1.9330325e+00
  2.2773027e-01
 -4.3843681e-01
 -2.1474306e-01
  7.7238567e-02
  7.0545334e-01
 -1.4685099e+00
  6.8468201e-01
 -3.6392772e-01
  4.4846393e-02
  7.0428878e-01
 -1.5071181e+00
 -1.6994423e+00
  1.3232150e-02
 -1.4618552e+00
  1.4312148e+00
  4.9117547e-02
  8.3490670e-01
 -1.1083956e+00
  4.9975681e-01
 -2.3221724e+00
  1.2459727e-03
  7.4216199e-01
 -5.0658053e-01
 -1.4014921e+00
 -3.8136341e-02
  1.0287883e+00
 -1.3833532e+00
 -8.0354184e-01
  9.2091542e-01
  2.6215191e+00
 -6.9821572e-01
 -7.3877648e-02
  2.7633352e+00
  7.0371550e-01
  4.4045681e-01
  1.2975128e-01
  4.7022218e-01
  7.3206532e-01
  2.8824595e-01
  1.9945471e+00
 -4.2778140e-01
 -9.3135643e-01
 -8.0521071e-01
  1.2477195e+00
  1.0331482e+00
 -2.4838781e+00
  1.1456366e+00
  9.6618539e-01
  1.4945726e+00
  1.7183021e-01
  2.1121140e+00
  2.5051055e+00
  1.6520624e-01
 -7.9421788e-01
 -6.1945128e-01
  9.0203983e-01
  1.2078860e+00
  5.1238441e-01
 -5.3640372e-01
 -7.4108177e-01
 -2.2774284e+00
  1.5583538e+00
  2.3540829e-01
  2.3472102e+00
 -4.2653868e-01
  6.5281200e-01
 -1.0074757e+00
  3.8072128e+00
  1.9270432e+00
 -9.4718590e-02
 -1.8617446e+00
  1.2025725e-01
 -4.7835484e-01
 -3.2180655e-01
  1.7891619e+00
 -1.4843874e+00
  1.1779459e+00
  6.0927300e-03
  1.1397394e+00
  5.3703362e-01
  9.0318507e-01
  1.3392630e-01
  1.0379410e+00
  7.9192603e-01
  1.9130966e-01
  2.1496699e+00
  1.1342804e-01
  5.0431628e-02
 -1.0497550e+00
  2.2024829e-02
  1.7766622e-01
 -2.0918670e-01
 -1.2487043e-01
  9.4396037e-01
 -5.1690781e-01
 -4.1782805e-01
  9.7116947e-02
 -3.6400375e-01
 -6.4873117e-01
 -7.3432344e-01
 -2.2052012e-01
  1.4096185e+00
 -4.2073701e-02
  1.7429410e+00
 -1.9931228e-01
  1.1484547e+00
  5.6490302e-01
 -1.3729706e+00
  2.3614001e+00
 -1.6661836e+00
 -1.8484049e-01
  4.4146681e-01
 -1.5126001e+00
 -5.7316333e-01
 -1.0592245e+00
  1.2839409e+00
 -7.4028961e-02
  6.1826837e-01
  1.0653952e+00
  1.7674023e+00
 -5.3073370e-01
  1.3217373e-02
  5.3765315e-01
 -3.7725067e-01
  4.0112865e-01
 -2.4802688e-01
 -7.9675162e-01
  6.2694901e-01
 -4.9389133e-01
  2.9159391e-02
 -2.9902838e-03
 -3.1034422e-01
 -1.5386888e-01
  1.2708743e+00
 -4.1592517e-01
  1.6108953e+00
 -2.1874223e+00
  4.1539103e-01
 -8.0611020e-01
  1.9308493e+00
  1.7875309e+00
 -2.4309342e-01
 -6.6093564e-01
  1.2903035e+00
 -1.4000273e-01
  6.7200905e-01
 -1.6155078e+00
  2.5062066e-01
  2.7631679e+00
  3.9144561e-01
  3.0094075e+00
 -3.0691788e+00
 -3.6478364e-01
  6.3422090e-01
  1.6612659e+00
  7.4932218e-01
  1.5615512e+00
 -4.8726061e-01
 -2.7431209e+00
  2.4511540e+00
  1.6577030e+00
 -2.0438771e-01
  4.7810400e-01
 -4.3235633e-01
 -9.8502594e-01
 -1.6291358e-01
  1.9818529e+00
 -4.0380874e-01
 -5.8212173e-01
 -1.7762580e+00
  4.0831199e-01
 -8.3818424e-01
 -6.7543812e-02
 -1.1796902e+00
 -1.3363948e-01
 -8.6055070e-01
 -9.3196779e-03
 -8.3526425e-02
  1.5602428e-01
 -1.3071589e+00
 -5.1320237e-01
  5.8549964e-01
  1.2260180e+00
 -5.8662689e-01
 -7.8962706e-02
  3.3221331e-01
 -2.3163746e-01
 -2.9478225e-01
  3.9989512e-02
 -5.3764290e-01
 -1.9176929e+00
 -1.5479691e+00
 -1.1839871e+00
  3.6334485e-01
 -2.8038633e-01
 -3.2012091e+00
  9.4072729e-02
  1.3557515e+00
  7.8579611e-01
  2.3455126e+00
 -4.7745976e-01
  7.9530299e-01
  2.4135232e+00
  7.6960111e-01
 -1.1973549e+00
 -9.7215408e-01
 -2.2091470e+00
 -2.5081162e+00
  3.7076283e-01
  8.8649595e-01
  4.5377934e-01
  8.7033826e-01
 -4.3530449e-01
 -1.0943848e+00
 -2.9269531e+00
  1.5667279e-01
 -2.8597200e-01
 -1.1459568e-01
 -2.3663810e-01
 -1.7475338e+00
  1.5227666e+00
 -2.0350920e-02
  3.4606436e-01
 -3.5103366e-01
 -2.6283032e-01
 -2.2233728e-01
  4.3301094e-01
  1.9538888e+00
 -3.2349396e-01
 -1.0080396e+00
 -1.1179962e+00
  5.9564382e-01
  5.2809006e-01
 -8.8906342e-01
  3.0043429e-01
 -9.3338376e-01
 -6.5012842e-02
 -1.1283375e+00
  3.5071142e-02
 -1.0188512e+00
 -6.5047807e-01
  1.1585005e-01
  1.1768037e+00
 -2.4179801e-01
  1.1705445e-01
  7.7854939e-02
  4.7049880e-01
 -9.3131906e-01
  1.2608175e+00
 -9.2901629e-01
 -3.6860466e+00
  7.0718145e-01
 -2.2326384e+00
  1.2624090e+00
  2.2417531e+00
  1.7024250e+00
  4.1173844e+00
 -2.1861229e-02
  1.1253385e-01
 -1.0266284e+00
 -1.4035001e-01
 -2.8168447e-02
 -4.3784159e-01
  2.0427938e-01
 -9.8902237e-01
  9.9831510e-01
  1.1981596e+00
  1.0106301e+00
  2.2218337e+00
  9.6177220e-02
  5.9086382e-01
  5.4993892e-01
  1.7326571e+00
 -4.2472693e-01
 -3.7519908e-01
  3.0190760e-01
 -7.8936315e-01
  1.8147887e-01
  3.1237045e-01
  2.2108309e-01
 -3.0527707e-02
  6.0354048e-01
  6.0073864e-01
 -2.0640981e-01
  1.4014562e+00
  2.9425836e-01
  7.0195419e-01
 -1.7996559e-01
  2.6748377e-01
 -2.4871320e-01
  4.0467969e-01
 -2.7164271e-01
 -2.5664759e-01
 -1.3667935e-01
  1.2123872e+00
 -2.5689502e+00
  5.8536196e-01
 -4.1428271e-01
  9.6200235e-02
 -1.2839541e-01
  2.9257892e-02
  8.7287921e-01
  8.3282077e-01
 -3.5228640e-01
  2.2422361e+00
  2.9608709e-01
  1.2605447e-01
  1.0600404e+00
  1.3794816e+00
 -1.8455493e-01
  2.5192961e-01
 -9.8549597e-02
  3.5462180e-01
  6.7547226e-01
 -6.4390433e-01
  1.1297788e-01
 -1.4316830e-01
 -6.9976407e-01
  5.1653880e-01
 -5.6244314e-01
  1.0771567e+00
 -6.0657293e-01
 -8.7957543e-01
  1.7860827e-01
 -3.7761301e-01
  3.0629680e-01
 -2.1587983e-02
 -6.2576309e-02
  1.3351898e+00
 -1.0419296e-01
  1.1133866e+00
 -1.2230152e+00
  5.1903754e-01
 -2.8581333e-01
  2.5746664e-01
  1.1251848e-01
 -5.1791626e-01
  8.9671694e-02
 -2.6325926e-01
  3.6263496e-01
  5.5914611e-01
 -8.0112860e-02
  2.6276249e-01
  1.0242025e+00
  1.5353310e-02
 -6.3372499e-01
  4.1565695e-01
 -2.3587227e-01
 -1.0046773e+00
 -2.6949915e-01
 -1.1867660e+00
  1.1261303e+00
  1.9795042e-01
 -2.0633798e+00
  2.4148087e-01
 -2.5565442e-01
 -3.0418417e-01
 -1.2139591e+00
  1.1599290e-01
 -1.1315293e+00
 -2.3046497e-01
  2.6518426e+00
 -6.5452017e-02
 -8.2045245e-01
  5.3730235e-02
 -1.5661677e+00
  9.8014683e-01
 -5.8048394e-02
 -7.3623657e-01
  1.0457824e+00
 -3.4076840e-01
 -1.2712837e+00
 -1.4751358e-01
  3.5020409e+00
 -6.2415040e-01
  6.2221587e-01
  5.9020847e-02
  1.8711747e+00
 -9.4473737e-01
 -1.5812346e-01
 -4.2966330e-01
 -9.3945593e-02
 -1.2875804e-01
 -5.7879907e-01
 -4.1042042e-01
  1.3825314e+00
 -2.9440054e-01
 -9.3122452e-01
 -9.2192543e-01
  1.8365897e+00
  1.9441260e-01
 -3.9150983e-01
 -1.2055711e+00
  8.1440735e-01
 -3.4986913e-01
 -8.1298113e-02
 -1.0929126e+00
  6.3754827e-01
 -5.7452083e-01
 -1.7104654e-01
 -7.0506990e-02
  8.1528641e-02
 -1.3221532e-01
 -3.6693627e-01
  9.0250182e-01
 -3.7372795e-01
 -1.5459671e-02
  1.6722778e+00
  5.1128680e-01
 -1.7289075e-01
 -1.3889821e-01
 -4.2026456e-02
  1.8374044e+00
 -3.8099598e-02
  8.0732024e-01
 -1.5243491e+00
 -3.3983320e-01
 -4.8044884e-01
 -7.8260446e-01
  7.8319675e-01
  2.2922795e+00
  1.8376933e+00
  1.0194232e-01
 -1.5907086e-01
  3.0699229e-01
  1.2639402e-01
  1.0264099e+00
  1.0017188e+00
  1.3525715e+00
  7.8781831e-01
 -2.7189460e-01
  6.0724121e-01
  2.5353590e-01
  2.2317642e-02
  1.0771189e+00
 -1.7800909e-01
  2.1243326e-01
  2.1902112e-02
  1.0183541e-01
 -8.9433324e-01
  2.5949869e-01
 -5.8815289e-01
 -2.8401211e-01
 -2.0288706e-01
  9.4013137e-01
 -6.7673355e-02
 -8.9498609e-02
 -4.1825040e-03
  4.1741345e-02
 -6.7472386e-01
  4.3553597e-01
 -8.2423881e-02
 -7.1669477e-01
 -5.0452608e-01
  1.7981987e-01
  1.4019863e-01
  5.7895817e-02
  4.7073774e-03
 -2.3593331e-02
  2.3172216e-01
 -7.1880078e-01
  6.7773342e-01
  1.0515547e-01
 -2.4986944e-01
 -4.1042709e-01
 -1.3259789e+00
 -2.0575407e-01
  6.1312515e-01
 -4.5573205e-01
  9.3907470e-01
  1.8393208e+00
  2.4332412e-01
 -1.2436350e-01
  3.0076897e+00
  3.0313566e+00
 -4.0173247e-01
  1.1597133e-01
  1.2674868e+00
 -6.1778206e-01
 -2.1613123e-01
  4.0625289e-01
 -4.0936470e-02
 -2.2972465e-01
  1.7509615e-01
 -1.5408782e+00
  2.4810927e-01
 -6.7058846e-02
 -6.7847025e-01
 -4.9435373e-02
  1.9028200e-01
  1.4320880e+00
  1.2860062e-02
  2.2001298e-01
 -4.9569553e-01
  1.1895019e+00
  2.2475183e-01
  3.1348370e-02
 -6.9112867e-01
  9.3265587e-01
  3.3408192e-01
  2.9369274e-01
  2.3359172e-02
  2.3359172e-02
  2.3359172e-02
  2.3359172e-02
  2.3359172e-02
  2.3359172e-02
  2.3359172e-02
  2.3359172e-02
  2.3359172e-02
  3.7800722e-02
  3.7800722e-02
  3.7800722e-02
  3.7800722e-02
  3.7800722e-02
  3.7800722e-02
  3.7800722e-02
  2.9012233e-02
  2.9012233e-02
  2.9012233e-02
  2.9012233e-02
  2.9012233e-02
  2.9012233e-02
  2.9012233e-02
  1.3580502e-02
  1.3580502e-02
  1.3580502e-02
  1.3580502e-02
  1.3580502e-02
  1.3580502e-02
  1.3580502e-02
  5.7021868e-03
  5.7021868e-03
  5.7021868e-03
  5.7021868e-03
  5.7021868e-03
  5.7021868e-03
  5.7021868e-03
  1.2225810e-02
  1.2225810e-02
  1.2225810e-02
  1.2225810e-02
  1.2225810e-02
  1.2225810e-02
  1.2225810e-02
