nep4 2 Cu Se 
cutoff 7 5 100 44
n_max 8 6
basis_size 12 12
l_max 4 2 0
ANN 50 0
 -7.2496720e-03
 -1.4263114e-02
  2.9122576e-02
  8.8633848e-03
 -1.9292809e-02
 -9.2347108e-02
  3.3513732e-02
  1.6910158e-02
  2.6777908e-02
 -1.2663568e-02
 -1.0292794e-02
 -3.3790341e-03
 -4.6239519e-03
  9.7035361e-04
 -6.0338075e-03
  1.3196548e-02
  1.0164608e-02
  7.6261694e-03
  5.5076163e-03
  1.4338685e-03
 -1.1473187e-02
 -1.4130373e-02
 -2.4774098e-03
  4.2279825e-02
 -7.9482272e-02
 -2.7542239e-02
  2.6004571e-02
 -2.6474388e-02
  3.5929275e-03
  8.9571243e-03
  4.1462556e-02
 -1.7920358e-02
 -1.7680010e-02
  8.0262246e-03
 -5.3225569e-02
 -3.1508677e-02
  4.2306358e-04
  2.2042885e-02
 -1.4642601e-02
  9.7797588e-03
  1.1961940e-01
  2.0772773e-03
  1.0223564e-02
 -8.4131947e-03
  3.2693432e-03
 -8.0326787e-04
 -9.2911796e-04
 -2.0470729e-02
 -1.3562928e-02
  2.9493424e-01
  7.3418580e-04
  1.1391480e-02
  6.7000405e-04
  2.3195745e-02
  6.3747158e-03
 -8.0853794e-04
  5.1415935e-03
 -1.9175652e-02
  8.4162308e-03
  1.0866583e-03
  1.3872127e-02
  6.3712685e-04
  6.0072471e-03
  2.7718092e-03
  1.0793825e-02
  1.5199368e-03
  7.7071227e-03
  4.3647867e-03
  4.5792307e-03
 -2.1580700e-02
 -2.0592089e-03
 -8.3218198e-03
 -2.2720173e-03
 -8.0338931e-03
  2.2320723e-02
  3.6156822e-02
  5.2877511e-03
 -8.8349124e-03
 -3.1600479e-02
  4.1728955e-02
 -8.5332990e-03
  4.7759879e-03
  1.9030439e-03
  2.3332329e-03
 -6.6044983e-03
 -1.9729441e-02
 -6.9846013e-03
 -8.8016652e-03
  2.1885294e-03
 -1.6894387e-02
  1.9525213e-04
 -2.0583665e-03
  1.2237296e-02
 -1.0949986e+00
 -2.2408061e-02
 -6.7849336e-03
 -3.1617205e-03
  1.3062423e-02
 -2.0164857e-02
 -6.8748193e-03
 -5.2892677e-02
 -4.6879048e-03
  1.0151238e-02
 -5.5780425e-03
 -1.4229618e-02
  4.2593583e-02
  2.7805373e-02
 -2.5186196e-02
  4.6298392e-03
 -1.7574950e-03
 -9.1100466e-03
  4.1048858e-02
  2.9639995e-03
  1.4456205e-01
 -6.3543415e-01
 -6.5482548e-03
  7.5062960e-03
  9.3544394e-02
  2.4413911e-04
 -1.4651177e-02
  3.7331716e-05
  6.5679257e-03
 -1.9630712e-02
  8.0681164e-03
 -9.9318773e-03
  9.4738333e-03
 -8.3684675e-02
 -6.7834593e-03
  1.4241008e-01
 -2.6244437e-02
 -9.7090118e-03
 -1.7105024e-03
  1.3411887e+00
 -1.2988865e-02
  1.2416629e-01
 -1.0259640e+00
 -2.8651106e-01
  6.2475646e-01
 -3.9412823e-01
  1.9093287e+00
 -6.4502627e-01
 -5.8738444e-02
  8.2168251e-01
 -1.5402645e+00
  5.7808143e-01
  1.3725648e-02
  7.8239131e-01
 -3.8299268e-01
  8.6067718e-01
 -3.9536379e-02
  6.1772615e-01
  6.7539430e-01
 -3.8418904e-01
 -1.2279671e-01
 -1.3926834e-01
  5.6131697e-01
  8.9829868e-01
 -3.0876678e-01
  9.5428443e-01
 -7.0671952e-01
 -6.7386001e-01
 -9.4272846e-01
  5.9587008e-01
  1.8313760e-05
  5.0655603e-01
  6.7497259e-01
 -1.1024544e-01
 -1.5562013e-01
 -1.7414552e-01
 -2.6626056e-02
 -9.3873054e-02
  4.5026019e-02
 -3.7003312e-01
  3.7286382e-02
  7.9626020e-04
  6.9068485e-01
  2.0876154e-01
  5.4940665e-03
 -5.1730396e-03
 -2.6577711e-03
  1.6489340e-02
  7.8794569e-01
 -2.2599144e-02
 -4.5017833e-03
 -1.7065536e-03
  9.4920630e-03
 -9.9742552e-03
 -7.8088745e-02
  3.6176741e-03
  7.5142812e-03
 -3.7086101e-03
  5.0008107e-02
 -1.1845790e-02
 -2.5905263e-02
 -3.4418455e-03
 -1.8658148e-02
 -1.1659836e-02
 -3.9316565e-03
  9.4564743e-03
  2.2348836e-03
 -8.0926800e-03
 -3.4454134e-03
 -2.3686437e-02
 -1.3385375e-02
 -8.4636528e-03
  1.4433188e-02
  5.8171398e-04
 -1.7179062e-03
  9.0979971e-03
  9.6543189e-03
  1.4025001e-03
  3.6624139e-03
 -1.3194475e-03
 -9.3714958e-03
  6.9704661e-03
 -9.9393539e-04
  4.1042208e-03
  2.9041680e-02
  6.3888598e-03
  6.2425453e-03
  4.2919956e-02
  2.3715454e-03
  1.5149531e-02
  1.8943407e-02
  6.0236730e-02
 -3.7591663e-01
  2.0344919e-03
  1.1451853e-02
 -4.7883214e-03
 -8.0521218e-04
 -1.0604606e-03
  1.2764768e-02
  1.4922934e-02
 -1.0889551e-02
 -1.7181868e-02
  2.5957893e-03
 -5.7443287e-03
  7.3131192e-03
  8.9601148e-03
  1.7643057e-02
 -4.2311691e-02
 -2.8123471e-03
 -4.4757653e-02
  1.5007166e-02
  4.1718753e-03
 -1.6229984e-03
  2.2787950e-03
 -9.0896199e-03
  4.3895207e-02
  9.1885850e-03
  2.9898998e-03
 -2.7290161e-04
 -9.7398181e-03
 -9.7639244e-03
 -4.9589835e-03
  1.4366093e-03
 -6.8955822e-05
 -4.6220452e-02
  1.7445298e-02
  1.2457313e-02
  2.8757414e-02
  3.8168896e-03
 -2.0350982e-04
  2.8014920e+00
  4.6622558e-03
 -8.1329131e-03
  5.3555169e-04
  4.1144285e-03
  1.1917938e-02
 -2.6995849e-02
  1.0101365e-02
  1.2288573e-02
 -8.4516425e-03
 -2.5414261e-03
 -7.0933066e-03
 -4.9140044e-02
 -1.2763948e-02
  3.1654615e-04
  6.0345354e-03
  4.2616613e-03
  8.4437625e-03
  1.4070677e-02
 -3.6226555e-03
  2.3614820e-03
  2.8917920e-03
 -8.4906807e-03
 -8.1547229e-03
 -1.7566403e-04
  5.0268166e-02
 -5.7914737e-03
  1.3737720e-02
  1.0268787e-02
 -6.2496483e-02
  1.1973514e-03
 -9.8589817e-03
 -1.2568798e-02
  3.7196344e-03
 -1.1756972e-02
  8.6134532e-03
  4.7023715e-03
  5.4645840e-02
  5.8560932e-01
 -4.7706305e-03
  3.1435560e-03
  4.8561789e-02
  2.3276281e-02
 -1.2566792e-04
  1.6475279e-02
  1.0045920e-01
  5.4293078e-01
 -1.1726629e+00
  7.9816574e-01
 -9.4286621e-02
  5.6021661e-01
 -5.4250723e-01
 -3.8510796e-01
 -5.1690650e-01
 -6.0627391e-03
  5.2000922e-01
  1.8617383e+00
 -2.3146455e-01
  3.7607282e-01
 -1.0609386e-01
  7.5160772e-02
  1.1047885e+00
 -5.9881020e-01
 -1.2722404e+00
  8.3775312e-02
  4.3869486e-01
 -2.4089556e-02
  2.0991316e+00
  1.3797847e+00
  3.7173748e-01
 -1.8890485e+00
  9.0067625e-02
  7.6447397e-02
 -9.3002617e-02
  5.2059895e-01
  1.5801493e+00
  2.1868332e-01
 -6.7887151e-01
  1.9137335e-01
  9.7802570e-03
  4.5759064e-01
  2.9644883e-01
 -4.4302147e-02
 -1.1344787e-02
 -3.8555469e-02
  5.5207688e-02
  3.0150518e-03
  1.5211894e-01
 -5.0746721e-01
  1.0126328e-01
 -2.8322056e-01
 -1.6708796e-01
 -3.3111159e-02
 -9.5148526e-02
  7.3580801e-01
  7.1370145e-03
 -1.1425649e-03
 -2.4772823e-01
  1.6267453e-01
  5.3586525e-01
 -6.9925390e-02
 -2.0881407e-02
  4.3523614e-03
  7.3080868e-01
 -1.9604158e-01
 -8.7498873e-02
 -3.9982870e-02
 -3.9420673e-01
 -4.4531727e-01
  5.7905335e-02
  1.5406967e-02
  6.9334768e-03
  4.7048256e-01
  1.3831991e-04
 -9.3827046e-02
  4.2781511e-01
 -2.2057772e-01
 -2.5911748e-02
 -2.9304537e-01
  4.3548927e-02
  1.4732191e-03
  1.9250555e-02
  8.6270561e-03
 -2.0070817e-01
  1.6811531e-02
 -2.1639511e-01
  2.3753313e-02
 -1.3645600e-01
  2.0644914e-01
 -2.4696451e-03
  1.2968663e-02
 -8.1519643e-03
  7.6798555e-03
  9.2372440e-02
  1.8598321e-01
  1.0929771e-02
 -2.3797268e-01
  1.1282046e-01
 -6.4664680e-01
 -2.0269280e-02
  2.4355334e-01
  2.2161941e-01
  3.3428168e-01
 -7.3765041e-03
 -3.8619651e-03
 -2.9697251e-03
 -2.4361249e-02
 -1.2122987e-02
  2.7575865e-02
 -1.2876223e-02
  1.7227055e-01
 -8.7538119e-03
 -4.6227116e-02
  3.0021174e-02
 -7.2960719e-04
 -9.6008983e-03
  2.9079342e-01
  1.7252229e-01
  4.9956259e-01
  9.3469456e-02
 -6.7822230e-03
 -1.4362723e-03
  1.4579949e-01
  4.4497289e-03
  4.3969091e-02
  5.9246516e-01
  4.7694805e-01
 -5.2819822e-02
  1.4054392e-02
  7.0243087e-03
  4.1762993e-02
  2.8635846e-03
  6.2799361e-04
 -8.5554756e-03
 -3.8079114e-04
 -3.9656021e-02
  3.5842564e-02
  9.3641067e-03
 -1.7155366e-02
 -3.8825262e-03
 -5.0042840e-03
 -2.6491459e-03
 -6.0672932e-03
 -4.6447362e-03
 -1.0034624e-02
  7.5992094e-03
  2.6595643e-02
 -1.1176936e-02
  1.1189880e-02
  8.5509289e-03
  1.4254557e-02
  2.4750289e-02
 -1.5248596e-02
 -8.0446922e-04
  1.7067493e-03
 -1.1277512e-02
  7.7931341e-03
 -7.0063481e-03
  8.2223909e-03
  1.5632285e-02
 -1.1599136e-03
 -9.5022898e-03
 -1.8085563e-03
 -7.5337575e-03
  4.3811705e-02
 -2.2119567e-02
 -4.6272399e-03
  1.4245698e-02
 -2.2341716e-03
 -1.9879969e-02
  3.3430476e-03
  9.6430536e-04
 -2.3437818e-03
  5.6232722e-03
 -1.2968568e-02
  4.3996507e-03
  4.8604771e-04
  1.3595043e-02
  1.5803521e-02
  6.9003236e-03
 -3.9447825e-03
  2.6635590e-01
 -2.2587343e-03
  4.4260064e-01
  1.3007317e+00
  1.2735401e-02
 -4.7525063e-01
  8.3622140e-01
 -2.4552546e+00
  8.0885583e-01
 -5.0807390e-02
 -7.1530527e-01
 -2.7648509e-01
 -3.8439427e-02
 -1.5601292e+00
  3.1820436e-03
  4.0366468e-01
 -3.3317244e-01
  1.0784873e-01
 -1.1418363e+00
  8.5275583e-03
 -1.0476323e+00
 -2.7040465e-02
 -4.0445130e-02
 -1.7284480e+00
 -3.8111812e-01
 -1.7694870e-01
 -5.7089496e-01
 -6.7090350e-01
  2.1617431e-02
 -1.6148891e-02
 -3.1039253e-01
 -8.9666194e-01
 -5.6501545e-02
 -3.2680207e-03
 -5.7446849e-01
  1.8101378e-01
 -2.0452229e-02
  6.5740812e-01
 -1.2384600e-03
  3.8419437e-02
  1.1300843e-01
  5.3566387e-03
 -2.5494434e-02
  2.9414767e-01
  7.8095570e-02
  2.5505319e-02
  5.7111378e-03
  4.1598302e-01
 -1.7954493e-02
  1.8909626e-03
 -1.3812878e-02
  1.1007357e-02
 -1.0654370e-02
 -9.2371469e-03
  9.6525863e-02
  2.0928441e-02
 -6.0716603e-02
 -1.9495692e-02
 -7.7911383e-03
 -3.9100936e-03
 -1.3505423e-02
  1.2543342e-02
  1.6638011e-02
 -2.0824487e-03
  7.9164089e-04
  4.8827091e-03
  2.1943771e-03
  6.2521972e-02
  5.6160376e-03
  1.2418608e-01
 -3.9773777e-02
  4.8836097e-03
 -4.4183433e-04
 -1.3466744e-01
  1.7706009e-03
  4.7599259e-03
 -2.0317018e-02
  5.6651249e-03
  2.5992988e-02
 -4.1586128e-01
  1.8527156e-02
 -2.0013787e-02
  3.1310436e-04
  5.4646056e-02
  1.5468295e-02
 -1.1372938e-02
  2.9620579e-03
 -2.5060913e-02
 -4.7872160e-02
 -2.4728423e-02
  4.0390812e-02
  1.0368641e-02
 -7.5364201e-03
  2.3652416e-01
  6.6827000e-03
 -7.9395182e-02
 -1.9377964e-02
 -1.2891611e-02
 -5.1039208e-02
 -5.7035394e-02
  1.4636949e-02
  2.0553783e-02
  4.7482550e-04
  1.1619573e-02
 -8.0403909e-02
  2.3523760e-03
 -2.3282895e-02
  1.3266595e-02
  8.7458678e-03
 -2.6029442e-02
 -3.1631188e-03
  3.6191426e-03
 -6.4651179e-03
  2.6505052e-03
  1.3808080e-02
 -4.2971071e-02
  1.2449008e-02
  4.7125295e-02
 -2.3663577e-02
 -8.2862861e-03
  5.4037392e-01
  1.7088782e-03
  3.6265291e-03
 -6.1820369e-02
 -7.2968245e-02
 -2.5407817e-02
  3.1828109e-02
 -2.9627327e-04
  7.1898452e-04
 -1.1149478e-02
  5.4432102e-03
  1.0620843e-02
  4.2637281e-02
  2.5446314e-01
  4.2924699e-03
 -1.6690629e-02
 -1.1039009e-02
 -7.4961758e-01
  1.8960992e-01
  1.7148274e-01
 -1.8250181e-01
 -2.5593357e-02
 -3.2366496e-01
 -1.0095100e-02
  5.8374717e-04
  3.2308037e-04
 -6.2549300e-02
  2.8413769e-02
  1.0097462e-01
 -4.7157943e-01
 -5.4733232e-02
 -5.5014614e-02
 -7.6802850e-02
  1.7819049e-02
  7.8902431e-02
  2.9511387e-03
  7.1694474e-03
 -1.2185064e-01
  3.3358503e-02
 -1.2120490e-02
 -2.8331741e-03
 -3.0741211e-02
 -4.1887071e-02
 -5.6830492e-02
 -3.7294596e-02
  3.8126160e-03
  8.1308978e-04
  6.3816174e-03
 -1.5078888e-03
  1.5062229e-03
  3.6601536e-02
  3.0923489e-02
  1.9587341e-01
 -2.6913954e-02
 -1.4537461e-03
  2.4246112e-02
 -5.5558789e-03
  3.4137625e-02
  6.4914208e-03
  3.4145515e-02
 -6.3575720e-03
 -4.3017417e-03
 -3.1002427e-02
 -2.6514456e-03
 -3.2763384e-02
  3.5705827e-03
 -1.9150041e-01
 -2.4416775e-03
 -2.2924995e-02
  7.3977555e-03
  1.8499004e-02
  3.6607031e-05
  4.3632847e-04
  4.7101076e-03
 -4.5609117e-02
 -2.4368078e-02
  1.0088123e-02
 -9.9914186e-03
 -2.3112530e-02
 -1.6895682e-02
 -3.1998339e-03
 -1.4995895e-03
 -2.9579678e-03
 -8.3998721e-03
 -1.3931973e-02
  5.3932238e-03
  4.0134162e-02
  1.2461256e-02
  2.0077886e-02
 -3.9192825e-03
  7.1904650e-03
 -1.0674757e-02
 -1.2185881e-02
 -8.3045969e-03
  9.3541546e-03
  3.6283149e-03
  2.7525479e-03
  1.9639337e-03
 -5.0229011e-03
  4.5313034e-05
  1.6411129e-02
 -1.1306494e+00
 -9.3412668e-02
 -1.5460552e-01
 -3.6544308e-02
 -6.8012232e-01
 -1.2089286e-01
 -1.2189466e-01
 -2.6738051e-01
  1.4184311e-01
 -3.8212836e-02
 -1.2735808e-01
 -9.0309754e-03
 -7.8896694e-03
  1.7078567e-01
 -2.2125475e-01
  5.6713408e-01
  2.4183891e-03
  3.0222118e-02
  4.3029493e-01
  9.2160426e-02
 -1.5934933e-02
 -4.4450152e-01
 -2.4973164e-01
  1.3732425e-02
  1.1858094e-01
  2.6191586e-01
  4.2083613e-03
 -2.3927123e-03
  9.1602638e-02
  1.2189931e-01
 -8.3329193e-02
 -8.1507588e-04
  7.4271955e-02
 -5.4169762e-01
 -1.4037392e-01
  6.0048330e-01
  1.1973733e-02
 -1.5877108e-01
 -1.2611336e-02
 -1.1821871e-01
  2.7019501e-02
 -1.5122435e-02
  2.0480771e-03
  1.4789002e-01
 -5.7461366e-02
 -9.7094700e-03
 -1.7139659e+00
 -9.2344093e-01
  1.8184277e-01
  5.7328850e-02
 -4.4123557e-01
 -1.8564672e+00
 -1.1352736e-01
 -2.0457530e-01
 -2.2428252e-01
 -1.2476378e-02
 -5.9187976e-03
 -1.4554216e-03
 -1.5124640e-02
  4.0291139e-01
 -1.5764507e+00
  5.1305234e-01
  3.6810002e-01
 -1.1664810e-01
 -1.4432409e-02
  2.2211133e-02
 -3.9182599e-03
 -9.6435660e-01
  1.3541094e-02
  2.1316946e-01
 -1.5331146e-01
  1.6351249e-02
 -1.4552826e-01
  2.3869012e-02
 -3.3894740e-02
  2.2069228e-01
  9.8407734e-03
 -1.0294049e+00
 -3.0420227e-02
 -3.6397390e-03
  4.0515795e-02
 -9.0499133e-02
  4.3944154e-02
 -1.4084542e-01
 -1.3251534e-02
  1.1761885e-02
 -2.8176280e-03
  1.7332718e-02
 -1.3325832e-02
 -1.7429622e-02
  2.6426349e-02
  7.1644939e-02
 -1.1929845e+00
 -1.0009573e-01
 -4.1982677e-02
 -4.3261372e-02
  1.5961990e-02
  6.8747355e-03
 -2.5518756e-02
 -1.0260644e-03
 -2.0231875e-02
  1.8488504e-02
  2.8830731e-02
  2.0759985e-02
 -1.5440446e-03
  2.0140151e-03
 -9.1705751e-03
 -2.6608692e-03
  4.6824310e-03
  3.3133305e-03
  1.8552102e-03
  7.2034718e-03
 -3.9920233e-02
 -1.8804979e-02
 -1.5674818e-02
  3.2854732e-05
  1.7893897e-01
  1.0895678e-03
 -1.2986405e-02
  1.4696145e-02
  7.0169922e-03
  1.1502667e-02
  3.4121316e-02
 -3.8849085e-04
  2.1683859e-02
  1.0000051e-02
 -2.2889576e-03
 -2.7702989e-02
  5.4711965e-03
  5.1935706e-03
  6.3964394e-03
 -7.4653914e-03
 -6.3817161e-03
  7.0869029e-03
 -1.3090696e-02
  1.3183462e-02
  8.5614724e-03
  1.0147827e-02
  1.8794268e-02
 -2.9484849e-02
 -3.5265211e-03
  4.0806788e-03
  1.0975555e-02
  4.3998280e-04
  6.8395532e-04
  5.2800518e-05
  2.5548767e-03
 -2.4174545e-02
  1.9447582e-02
 -6.6889813e-03
 -1.3145864e-02
 -5.5182688e-03
 -2.7105620e-03
 -3.3483181e-02
 -2.6380984e-02
 -3.4188367e-03
 -1.2384532e-03
  2.4780793e-02
 -1.5516094e-02
 -7.2067352e-03
  1.1820265e-02
  9.3676094e-03
  5.3455299e-03
  1.0545094e-02
 -4.6245093e-03
  1.9089624e-02
  8.1807058e-03
  2.2277269e-03
  2.3942543e-02
 -1.5427351e-02
 -5.5975374e-04
 -7.3016714e-03
 -5.0850697e-03
 -1.6468404e-02
  2.7002289e-03
  2.1471256e-02
 -6.3416213e-02
  3.1509024e-01
 -2.4148222e-02
 -2.7537437e-03
 -4.5179731e-01
  2.2316817e-02
 -2.5752645e-02
  1.1719086e-01
 -4.8722345e-03
 -2.6649000e-02
 -2.7969604e-02
  1.9142550e-01
  8.2327388e-03
 -1.8398657e-01
 -1.2172857e-02
 -1.9024270e-02
  2.7641939e-02
  3.5865149e-03
  2.1890237e-03
 -9.6701887e-03
 -2.0975247e-03
 -5.4910738e-02
  3.8494866e-02
  3.8896367e-04
  4.3545890e-01
  1.0062000e-02
 -8.4533598e-03
  6.1704782e-03
 -7.3567532e-02
 -2.0949577e-01
 -1.7275114e-01
 -6.7018121e-03
 -1.5711772e-03
 -9.4873764e-02
 -1.9858660e-02
 -2.7695473e-03
  7.6240592e-04
  1.5850054e-02
  1.1254741e-02
  2.9262819e-03
  1.7590202e-02
  1.1117383e-02
  9.8415893e-03
  8.0097973e-02
  9.7179931e-01
  8.0553293e-03
  1.5393720e+00
 -3.7326157e-02
  3.0004078e-01
  5.5764847e-02
  7.5135551e-02
  1.4793314e+00
  4.0670836e-01
 -3.0485145e-03
  3.0187663e-01
 -1.4785663e-03
  4.9378777e-01
 -3.8634572e-02
 -1.4695331e-02
  3.8377604e-01
 -1.1529125e-02
  3.9593709e-01
  3.0315792e-02
  8.2656789e-01
 -2.1013837e-01
  1.8971942e-01
 -6.5019861e-02
  4.3202229e-02
  1.4408214e-01
 -2.8387967e-01
  8.1011325e-01
 -3.7813789e-01
 -3.0508709e-01
  1.7040038e-02
  4.8759684e-02
  1.5495574e-01
  6.8581849e-02
  5.1738352e-01
  5.2897103e-02
  9.5712698e-01
  8.1410690e-04
 -1.0757092e-03
 -7.0803493e-02
  1.8000824e-02
 -3.5837639e-02
 -1.6207784e-02
 -6.7572825e-02
  4.3966584e-03
  9.5883515e-03
  1.4471948e-02
  7.5607230e-03
  3.6617918e-03
 -2.5311738e-02
 -1.0604402e-02
  1.2809716e-02
  1.7052574e-02
  1.1664800e-02
  1.7317102e-03
 -5.0961915e-03
  1.9669130e-02
  8.1342887e-03
  7.3790387e-04
 -2.4806101e-02
 -1.4680417e-02
  1.2837586e-02
  1.9368615e-02
  1.8972289e-02
  3.2279291e-05
  1.9528584e-03
  2.1608691e-03
  1.5933290e-02
 -5.7570236e-03
 -5.9845403e-04
 -5.6176074e-04
  1.9835226e-02
 -7.2754319e-03
  1.7352831e-02
 -6.8406008e-02
  2.5405986e-03
  5.3633530e-02
 -1.3494729e-02
  1.1254916e-02
 -4.6438742e-03
 -3.7860668e-01
  9.6774902e-03
  2.7437224e-03
 -6.4496184e-03
  5.8535263e-03
  6.0236361e-02
  9.3827229e-03
 -1.6693532e-02
 -9.5480662e-03
  1.9866671e-02
  4.3495633e-02
 -1.1507752e-02
 -5.8522608e-02
  1.0325273e+00
  3.7731156e-01
  2.5439076e-02
 -1.4611146e-01
 -4.0774513e-03
  8.8375136e-02
 -4.3431530e-03
  3.5696843e-04
  1.4602034e-02
 -6.8713273e-03
  2.7410395e-03
 -6.0479231e-02
 -2.9122425e-02
  5.9917998e-03
  6.4983219e-04
 -8.8711623e-03
 -2.8010998e-03
 -5.0409744e-03
 -4.0823286e-03
 -1.3007033e-01
 -4.2810878e-03
  5.5165752e-03
  4.7396543e-03
 -3.4109987e-03
  2.0573363e-02
 -1.0737868e-02
 -2.5986243e-02
  2.3446213e-03
 -6.2694731e-03
  2.2761350e-02
 -9.3599930e-03
 -6.2765845e-04
  4.4207051e-03
  9.0541486e-03
  8.0676167e-05
  1.9311713e-02
 -1.0965362e-02
 -8.9240243e-04
  6.7315581e-03
  2.4641241e-01
  7.3801076e-01
  8.0651142e-02
  4.5402336e-01
  4.6430400e-01
 -1.8173966e-01
  1.5057573e-02
  1.8494174e-01
 -6.2595837e-02
  5.6590745e-03
  1.0571418e-01
  4.8912326e-01
 -1.0844585e-01
  5.4932332e-01
 -2.3176324e-02
  1.3910578e-02
 -5.8867639e-01
  2.3046282e-01
 -6.7038900e-01
 -1.0073610e-01
 -3.1139620e-02
  2.6156990e-02
  1.1371999e-02
  5.5393642e-01
  2.0338116e+00
  1.8653926e-01
 -6.9293663e-02
  8.9716502e-02
 -5.9070396e-03
  4.7273226e-03
 -6.4223275e-02
  5.0220066e-03
  1.8931098e-02
 -5.2415938e-03
  1.6487348e-01
 -1.6191477e-03
 -1.8988699e-02
  7.8811876e-02
  6.9723248e-02
 -2.1827960e-02
  1.3021427e-01
 -1.6768180e-02
 -3.1754742e-03
 -2.5106728e-02
 -1.1696814e-02
 -9.2882314e-04
 -7.1570729e-03
  4.3788846e-04
 -3.9589591e-02
  2.0379958e-01
  4.6346621e-03
 -2.4396983e-01
  1.6222879e-01
  1.5047338e-02
 -8.7184021e-03
 -5.2661363e-02
  3.0582644e-02
  7.5272690e-03
 -1.7830114e-03
 -4.4157714e-02
  4.1027039e-02
  1.1962011e-02
 -1.3503712e-02
 -1.4809042e-01
  5.4256725e-03
 -6.4211339e-04
 -1.6063764e-03
  5.2936107e-02
  6.8174601e-03
  4.5812029e-02
  6.1571416e-02
  3.6014423e-02
  3.9891545e-03
  3.7755746e-02
 -9.7607533e-03
 -2.1925336e-03
  2.3310775e-02
 -7.1186717e-03
 -2.5195935e-01
  4.6674572e-03
 -1.1573069e-02
 -3.2934472e-02
 -2.1834640e-02
 -1.7541597e-02
 -1.3493252e-02
 -3.8155675e-02
  5.8893766e-04
 -5.7689324e-03
 -1.8802093e-02
 -8.5268438e-02
 -5.5045933e-01
  3.2930771e-01
 -3.9671645e-01
  8.7216336e-01
 -8.3041900e-01
  4.8964027e-02
 -4.8858228e-01
  6.5896803e-01
 -4.6147242e-02
  4.4944319e-01
 -3.3380821e-01
 -1.6863984e-01
 -2.7778069e-02
 -2.1759898e-03
  3.0828195e-02
 -1.5982603e-01
 -6.4969761e-03
  3.9885134e-01
 -1.6779408e-02
 -1.6186735e-01
  8.1381284e-02
  2.3401765e-02
 -3.5386583e-01
  8.1369060e-01
 -3.6983721e-02
 -2.5241855e-01
  2.6797090e-02
  1.6477759e-01
 -9.9815302e-02
 -9.8928474e-02
  1.0527995e-02
 -3.7971564e-02
 -1.2556246e-03
  3.8303100e-02
  2.5871274e-01
  1.4251439e-02
  5.5344053e-02
  1.0735389e-02
  1.2780175e-01
 -2.7223310e-02
 -9.5687166e-04
  2.4671277e-01
 -2.1331208e-02
 -3.3872776e-02
  4.9770806e-02
 -2.3717804e-02
 -4.3771688e-02
 -2.4051391e-01
 -2.0256380e-03
  1.4702334e-01
  1.5744114e-01
 -2.2606535e-02
 -2.8647762e-02
 -2.2765644e-01
  2.1328333e-01
  5.5145051e-02
 -4.3138401e-03
  6.4192228e-03
 -8.4963031e-03
 -1.2226773e-01
  5.4984412e-04
  3.7174109e-02
  2.5894172e-02
 -5.4644526e-04
 -2.2005441e-02
 -5.5656105e-04
 -1.7445111e-01
 -2.4909402e-01
  3.6208227e-02
  3.4358945e-02
  7.7319779e-02
  2.8586921e-01
 -3.6361534e-03
 -2.2192348e-02
  3.3462841e-02
  2.5590325e-02
 -8.5660763e-02
 -3.2111779e-02
 -1.1821828e-02
 -4.9135014e-03
 -2.0211697e-02
 -8.3811814e-03
 -2.4139030e-02
  5.2884440e-03
 -2.3958670e-02
  1.5603232e-03
  1.8883985e-04
 -3.8392976e-02
 -2.4434108e-02
  5.8288500e-02
  1.2755421e-02
 -2.0897992e-02
  3.1105224e-03
 -1.1495819e-02
  1.8174300e-02
  2.7409913e-02
  2.5005367e-02
  1.1395923e-02
  5.8611198e-03
  3.6032349e-03
  4.9550636e-03
 -2.4908759e-02
 -6.0674059e-04
 -1.4072954e-02
 -3.9636623e-03
  2.1542110e-03
  7.2079962e-03
  1.4589167e-02
 -2.0774659e-03
  4.0060710e-02
  5.8882986e-03
 -6.8144579e-03
  3.5896350e-02
  6.8835402e-04
  1.0562444e-03
  1.2169746e-02
  1.9593865e-02
  3.6128182e-03
 -2.2823088e-02
 -1.9365118e-03
 -6.7080525e-03
 -4.7228895e-02
 -8.6782342e-03
 -5.6715878e-03
  1.4600803e-02
  8.8516437e-03
  5.0386754e-03
  1.5057244e-02
 -1.2963055e-02
 -2.4505975e-03
  9.0252450e-03
 -1.1182106e-03
 -5.1246220e-03
 -3.1166241e-02
  1.6440686e-02
  2.2240356e-02
  3.6733707e-03
 -4.6007596e-03
  1.5146879e-02
  1.1412139e-02
 -5.5358307e-03
 -1.9581931e-02
  4.5123599e-03
  2.9417530e-03
 -3.8249912e-03
  6.2866737e-03
  6.6983677e-03
 -6.9696143e-02
 -6.7068927e-02
  1.5061798e-02
  7.7869580e-04
 -6.6575743e-03
  5.5769589e-03
  1.2845694e-02
  4.0784609e-03
 -9.2682587e-03
  2.1337476e-02
 -3.2265757e-03
  9.0337349e-03
 -1.2743435e-02
  5.1682722e-04
  2.7941130e-03
 -7.1269656e-03
 -8.5306894e-03
  1.5764618e-02
 -1.7401766e-02
 -5.5612461e-03
 -2.8480852e-02
  1.9507565e-03
 -1.6455807e-02
 -4.6062781e-03
  2.3566727e-03
  4.8338943e-03
 -1.2275539e-03
 -8.9428965e-03
 -3.1084804e-02
 -5.0781108e-04
  3.0019965e-02
  3.5649396e-02
 -4.3660638e-01
 -1.0839777e-02
  2.3155862e-03
 -1.0931479e-01
 -4.1928352e-03
 -5.1078117e-03
 -3.9325617e-02
 -2.4569487e-02
 -3.9708815e-03
  3.3424322e-02
 -8.6574769e-03
 -3.3263746e-04
  4.7936160e-02
 -7.7363933e-03
  6.5065767e-03
  7.6967543e-03
  5.5343943e-04
  1.3018441e-02
  3.8578012e-03
  6.7602581e-04
  7.7897438e-04
 -1.5278332e-02
 -1.5214158e-03
  2.8155237e-03
  2.5385216e-02
  7.3504634e-04
 -1.0852030e-02
  1.3517146e-02
 -7.7270255e-03
 -8.3883569e-02
 -1.6890377e-02
  1.3375178e-02
  1.6314713e-03
  4.7566826e-03
 -6.9083006e-04
  1.5081867e-02
  4.4639348e-03
 -1.4281757e-02
  1.0974916e-02
 -5.1198596e-01
 -5.9431785e-01
  3.0566952e-01
 -3.0820221e-01
  4.7339083e-04
 -5.4692131e-02
 -5.9318584e-01
 -9.6328235e-01
  1.9476926e+00
  5.6174155e-02
 -2.3202242e-01
 -1.1386754e-01
  9.9083148e-02
  2.3488612e-01
 -9.6306078e-02
  6.7690708e-02
  5.2046746e-01
 -4.7307113e-01
 -5.4407203e-01
  8.0198205e-01
  3.8351119e-01
  1.9534230e-03
 -7.8457944e-02
  5.1258969e-01
  2.3300231e-01
 -7.0744532e-01
 -2.5146061e-01
 -6.0285058e-02
  8.7974027e-02
  5.3928071e-03
 -2.4206636e-02
  4.4647515e-01
 -3.8328737e-01
 -6.0694627e-02
 -1.5762572e-01
  1.0696894e-02
 -6.3987356e-03
 -1.5357770e-01
 -8.3329529e-04
 -1.0395617e-01
 -3.5075462e-01
 -3.0956357e-03
  7.3527195e-03
  3.0779222e-04
 -1.3188634e-02
  3.5855297e-03
  8.3454810e-03
 -4.4702919e-04
  2.4950972e-03
 -6.2014693e-01
  1.9701503e-03
  3.9090435e-03
 -2.1436779e-02
 -8.7663746e-01
 -2.7867289e-02
  4.0658852e-03
  7.9901185e-04
  2.0446341e-02
 -3.7275781e-03
  4.1764468e-02
  5.5768806e-04
  1.9491790e-03
  2.4304412e-02
 -2.2367949e-02
  5.2872356e-03
  3.6673499e-03
  9.3938597e-03
  1.3144058e-03
  2.9477067e-02
  3.6222641e-03
  2.7182535e-03
 -2.4069934e-03
 -1.5277273e-02
 -3.1744987e-03
 -3.4341239e-04
  3.1951808e-03
  4.1039899e-02
  1.4657240e-02
  8.5417449e-02
  6.5988158e-03
 -2.7963409e-02
  3.0967491e-03
 -8.5045880e-04
 -1.2310654e-02
  2.4226871e-03
 -1.0278895e-02
  1.7530484e-02
  1.6304245e-03
 -3.3274945e-02
 -3.6146538e-03
  1.6706835e-02
  3.2681923e-03
 -1.6505674e-01
 -1.9867124e-02
  2.2705540e-02
 -2.6428236e-03
 -6.3297916e-03
  3.2051746e-02
  1.0434154e-03
 -1.0646979e-02
 -2.7626069e-02
  8.0056172e-03
 -2.0897152e-02
 -2.7217686e-02
 -4.7605471e-03
  1.2999620e-02
  3.1910741e-03
  5.8399914e-03
 -9.3270149e-03
  5.8905333e-03
  5.0934006e-02
  2.0252673e-02
 -2.7888002e-02
 -1.3370126e-02
 -1.8762112e-02
  5.8613825e-03
  3.7824247e-02
 -2.3030801e-02
 -8.5512232e-03
  1.7696926e-02
 -3.4687805e-03
 -1.3326114e-02
  1.1896482e-03
  1.7901704e-02
  1.0547053e-01
 -1.8532798e-02
  3.7324817e-03
  1.1272890e-02
  8.8272979e-03
  3.0533620e-04
 -1.1621498e-02
  1.8396063e-03
  3.1596623e-02
  8.8240132e-03
  3.3639134e-03
 -3.1383969e-02
  2.2284668e-02
  4.3620488e-01
 -2.3906343e-02
  9.7674899e-02
  5.1286253e-03
  8.0253510e-03
  4.8156087e-03
  1.5799593e-02
 -1.1552689e-02
 -6.6302232e-03
  1.3579767e-02
  1.0178249e-02
 -1.0746440e-02
  2.1572459e-02
 -1.3426195e-01
  1.1300573e-02
 -2.8758754e-03
 -4.4893431e-03
  5.2034378e-02
  3.7567683e-03
  2.3239061e-02
  8.5284021e-03
  3.2955264e-03
  1.3451321e-02
  4.7199279e-03
 -1.0258363e-03
 -8.0138808e-03
 -7.4809985e-03
 -4.0855832e-02
  3.3512316e-04
  1.2947586e-01
  2.6786009e-02
  3.5845013e-03
  1.1565971e-02
  1.7024660e-03
  1.5331745e-02
  1.2727901e-02
 -1.7002564e-02
  3.2040823e-02
 -3.5499379e-02
 -4.7651011e-02
 -8.6004309e-02
 -3.4070099e-03
 -2.1514802e-01
 -5.1690838e-03
 -1.0249367e-01
  1.6555784e-02
 -2.2536853e-02
  2.1951014e-02
  3.2120138e-02
 -1.9792350e-02
 -1.1430603e-02
  3.0728471e-02
  3.3715736e-02
 -9.9305576e-04
 -2.2248624e-02
 -2.4001535e-03
 -5.4708827e-01
  3.8591295e-02
 -8.7607764e-03
  1.3032481e-03
 -1.3473535e-02
 -4.9039968e-03
  2.5733728e-02
 -3.0635197e-02
 -4.0551506e-02
  2.7567450e-02
 -1.8484779e-03
 -2.7028131e-03
  2.0606155e-03
 -1.7345065e-02
 -1.1243924e-02
  1.9871598e-02
  1.0261434e-03
 -7.2396897e-02
 -2.8095214e-02
  8.8619726e-04
  3.9053648e-03
 -1.0342564e-03
 -1.2738973e-02
 -6.2791887e-04
  1.3980271e-02
 -3.2889051e-03
  1.7915977e-02
 -2.0800242e-02
  7.2426291e-04
 -1.4304094e-01
  2.2261266e-03
  1.9806183e-03
  4.1164666e-01
 -1.5159871e-01
 -3.5589053e-03
 -7.9964973e-02
 -2.6152439e-02
  1.1508329e-02
 -3.3028463e-01
 -7.4908491e-03
 -6.9511393e-03
 -5.0492249e-03
 -5.0464507e-02
 -6.9706473e-03
 -5.1027931e-02
  2.1792538e-02
  6.0616989e-02
  1.6998092e-02
  3.3265222e-02
 -2.2717148e-02
  4.6713590e-03
 -1.2433926e-02
 -2.0341193e-02
  4.4900522e-02
 -4.1708585e-02
  4.2499989e-02
  1.1509500e-01
  2.3641572e-03
 -5.8958605e-02
  3.9418492e-02
 -1.0123280e-03
 -3.1301424e-02
  1.8660212e-05
 -1.7350757e-02
 -1.3895897e-02
  3.7613281e-03
 -5.6254752e-03
 -5.0907996e-02
 -4.7460794e-03
 -1.0690915e-02
 -1.2290606e-02
  2.0037930e-02
  7.8966264e-03
  7.5725419e-03
 -2.3154087e-02
 -2.4192868e-02
 -1.0579428e-02
  1.7954700e-02
 -4.8673232e-03
  1.4462413e-03
 -2.7098472e-04
 -1.0566879e-02
  2.9093895e-02
 -4.2273197e-03
  1.0661090e-02
 -7.8176763e-03
 -1.8708467e-02
 -1.0368522e-02
 -1.4358284e-02
  1.0507142e-02
  7.2140428e-03
  8.2624033e-03
 -4.1435496e-03
 -1.8361591e-02
 -8.4550390e-03
 -3.7530614e-03
  4.6631685e-03
 -1.8563840e-03
  6.6629802e-03
  2.7011158e-03
  4.5399647e-04
  1.8175391e-02
 -2.0918120e-02
 -3.6903829e-03
  2.6069280e-02
  1.2572124e-03
 -3.0606289e-03
  1.7776268e-02
 -1.3166986e-02
  7.3393006e-03
 -1.0531168e-02
  6.9610728e-04
 -2.5436800e-02
  7.4600722e-03
 -1.8362364e-02
  2.1609664e-03
  1.1011391e-02
  5.5349097e-03
  7.6330416e-03
 -2.9440947e-02
 -2.8630832e-01
  2.8170720e-02
 -6.9764135e-03
 -3.0447902e-02
 -2.6337740e-03
 -2.9285228e-02
 -4.6900148e-03
  2.2807954e-02
 -5.0758049e-03
 -1.0112029e-02
 -1.1683457e-02
 -3.0118661e-02
  1.8169226e-02
  4.6876386e-02
  2.3147636e-03
  3.6843431e-03
  2.6471987e-03
  6.9671008e-04
 -2.7909754e-03
  1.4558138e-02
 -5.3685391e-03
  3.4071691e-02
 -1.0205474e-03
 -5.8864383e-04
  1.6379012e-01
 -2.4910097e-03
 -7.5399675e-03
  1.6476218e-02
 -6.5679103e-04
  1.9671902e-02
  9.1544855e-03
  7.5663249e-03
  3.3205138e-03
 -3.1687994e-02
 -1.3154117e-02
 -8.4324069e-03
 -2.4747988e-03
 -6.9769677e-03
 -1.1501295e-02
 -5.8460515e-05
  1.0259687e-03
 -7.3356028e-03
 -7.4309399e-03
  1.1463424e-02
  4.7655017e-03
  1.1934702e-02
 -4.3654460e-02
 -8.0100536e-02
 -3.4969528e-03
  3.8907079e-03
 -2.5552185e-04
 -6.3579873e-04
  1.0427334e-02
  1.2824016e-02
  3.2535004e-03
  1.4639374e-02
  1.3690335e-02
 -7.8083272e-03
 -1.0804676e-02
 -1.0553692e-02
  3.7584691e-03
  1.9341525e-02
  4.2483243e-03
 -1.3999043e-03
 -1.2623656e-03
  4.1745333e-03
  5.6375293e-03
  7.8342399e-03
 -1.6424304e-03
  2.7129203e-02
  5.1524034e-03
 -1.1151120e-02
 -6.8934493e-02
 -3.7203631e-03
  5.6923619e-03
  8.0690160e-03
 -3.7290333e-03
 -3.6008772e-02
  1.6120557e-02
  3.8207378e-02
 -4.6256807e-02
  2.0452814e-02
 -1.5460583e-02
 -1.1216762e-02
 -2.7393494e-03
 -4.8107593e-03
  1.4767498e-02
  1.9918222e-02
  7.3171132e-03
 -3.0796952e-03
 -1.5744597e-02
  6.6755568e-03
 -7.0719081e-03
 -1.3318944e-03
  8.9825859e-04
  4.3827146e-03
  3.0204266e-02
  4.3772038e-02
 -1.4356193e-03
  1.8555267e-01
  1.9350495e-02
  1.2421054e-03
 -5.6344997e-03
  1.1118934e-02
  9.1944924e-03
  4.5915265e-03
 -7.2371280e-03
  1.4108749e-02
  2.5075860e-02
  1.8010011e-02
  1.3971904e-02
  6.9284961e-03
 -6.2728114e-04
 -2.7255649e-03
  3.5707566e-03
 -9.7467992e-03
 -4.6667503e-04
  6.4131573e-02
 -4.1796546e-03
  2.1177119e-02
 -2.3534033e-03
 -1.6342655e-02
 -5.0787006e-02
  3.4125037e-02
  6.6900149e-02
 -2.0699771e-02
 -9.5341131e-03
 -6.0775988e-03
  4.5373699e-01
  2.8968130e-03
 -1.2188215e-02
 -1.2475015e-02
 -6.8873024e-01
  3.6599040e-02
 -1.8597025e-01
 -3.0079016e-02
 -7.7194907e-02
 -3.6914949e-03
  4.1018598e-02
 -2.5972244e-03
  3.4754425e-02
 -1.2167882e-01
  8.4889203e-04
 -3.1442311e-02
 -1.5736490e-02
 -1.0849888e-01
 -7.1157389e-03
 -8.5310057e-02
 -4.9668192e-03
  1.0999647e-01
 -1.7910911e-01
 -9.4867066e-02
 -1.3440612e-01
 -5.2778900e-01
  3.8668804e-02
 -1.2751168e-02
  4.7669694e-01
 -5.7092994e-02
 -1.1250356e-02
 -3.0659320e-02
  3.0237380e-02
  1.0768456e-01
  1.2581347e-02
  2.8266523e-02
  1.8145511e-03
  1.6699357e-02
 -2.2466421e-02
  9.1496184e-03
 -1.2416045e-01
  2.5394613e-02
 -9.0441607e-02
 -2.2361311e-04
  6.6626919e-03
  2.6083530e-03
  2.8510943e-02
 -2.6515782e-02
 -2.5449720e-01
 -4.2469813e-03
  4.3681104e-02
  2.6309725e-03
 -3.1866853e-03
  3.4683922e-03
 -6.0942695e-03
  7.8037432e-03
 -1.2286825e-02
 -1.0147782e-03
  1.4172727e-04
  1.9583181e-02
  1.6333517e-02
  4.9571823e-02
 -1.8253179e-02
 -1.6715281e-02
 -3.9282531e-02
 -1.2166798e-02
 -1.2067560e-02
 -1.6903026e-01
  3.8359442e-01
 -1.2081498e-03
  2.7345882e-03
  1.4558394e-02
 -1.3900781e-01
  5.1667308e-04
  1.0640107e-03
 -3.1655289e-02
 -3.3316389e-02
  2.1130683e-02
  5.4312330e-02
 -2.4595400e-03
 -1.1987321e-02
  1.1670515e-03
 -2.9632899e-03
  5.4061613e-03
 -4.0150071e-03
 -4.6150824e-03
  1.7204680e-02
  6.2815519e-03
  1.2936100e-02
  2.4615509e-02
 -2.9352552e-03
  6.6543545e-04
  5.2333993e-01
 -7.0145092e-04
  2.4571238e-01
  2.0640734e-01
 -2.7432654e-03
 -1.0353461e-02
  8.1851901e-03
  1.2975430e-02
  3.7143428e-03
 -4.3221597e-02
  2.6005572e-03
 -2.5825704e-02
 -7.6370174e-03
 -8.9981677e-03
 -1.8463438e-02
 -2.7517941e-02
 -2.2894437e-03
  3.9422847e-03
 -4.6990078e-02
  4.7710217e-03
  3.0092755e-03
  2.9531238e-03
  1.9162429e-02
 -2.7713333e-03
  1.2991615e-02
  4.2950558e-03
 -1.2359067e-02
  2.6389463e-02
  1.3510890e-02
  2.2863593e-02
 -1.6159654e-03
  4.2672135e-02
  3.3783045e-02
 -9.5852213e-03
 -3.5473269e-03
  3.2441128e-02
  6.7077535e-03
  3.1295856e-03
 -1.2358283e-03
  1.5336022e-02
  2.2623032e-02
 -1.0733769e-02
 -1.3519462e-02
  5.0201071e-03
 -8.4306264e-01
 -4.6183593e-03
  8.7208048e-02
 -1.5496522e-02
 -2.3932273e-02
 -3.0208079e-03
 -2.8989196e-03
  6.8359980e-03
  1.4735855e-02
 -1.1261415e-02
 -2.4213688e-03
 -1.1536732e-03
  2.1112259e-02
 -1.4535798e-02
 -3.7095822e-02
  8.3931480e-03
 -2.3808777e-03
 -1.1610835e-02
  5.9689032e-03
 -2.3517005e-02
  7.4622948e-03
  2.3742756e-03
  2.6865525e-02
  3.4222375e-03
  2.9885077e+00
  5.3936872e-03
 -2.1654841e-02
 -1.9145977e-02
 -1.0036072e-02
  6.2951427e-03
 -1.2492202e-02
 -4.7405567e-02
 -1.7226418e-03
 -1.2433811e-02
  4.4258818e-02
 -8.1675649e-03
  1.7712669e-02
  2.0655049e-02
  1.2823535e-02
  2.1982757e-02
 -2.3470987e-03
 -9.1726119e-03
  4.7130492e-02
 -5.2613113e-03
  1.1990146e-01
 -2.1040349e-01
  8.9140572e-02
  2.4592552e-01
  4.4953182e-02
  2.5613014e-02
  3.4104060e-02
 -4.6838699e-03
 -2.5219791e-02
  7.7449717e-03
  1.6387463e-02
  2.2463898e-01
 -1.1451732e-01
  6.1767562e-03
 -4.5464714e-03
 -8.9666303e-03
 -1.1033773e-01
  2.5245994e-03
 -2.8706521e-03
  2.5037568e-02
  1.2615534e-03
 -2.5859657e-01
  4.4554912e-02
 -3.4978658e-02
 -8.4246069e-01
 -2.5854267e-03
  1.7053491e-02
 -2.7839178e-02
  8.3218971e-03
  1.4012715e-02
 -2.1331764e-03
  1.6259959e-01
  7.9538459e-03
  8.3732475e-03
 -1.1268398e-04
  4.0161610e-03
  1.0871584e-02
  4.7370354e-03
 -5.7322239e-03
 -5.1977303e-02
  1.0177508e-02
  2.3880716e-01
 -1.1820222e-01
 -2.6587946e-03
 -3.0802481e-03
  2.9218595e-02
  3.1416021e-02
  7.5387484e-03
  1.5614594e-02
 -1.8997997e-02
 -2.8510166e-02
  1.6856141e-02
  1.1282157e-02
  1.4846748e-02
 -8.3740922e-03
 -5.2350204e-02
 -7.0150127e-03
  1.9508956e-02
  9.7456247e-02
  5.3460896e-03
 -4.0910016e-03
 -5.9030624e-03
 -6.1797120e-02
  2.8916192e-04
 -1.4631412e-02
  2.1367371e-02
  3.8176578e-02
  2.6733728e-02
  7.7624468e-04
  4.7705323e-03
 -6.6629067e-02
  3.3302963e-02
  6.3406574e-03
  1.8179830e-02
 -1.6773427e-02
 -6.5139268e-04
  2.1723142e-02
 -1.4680474e-02
 -3.1087939e-03
 -3.2346854e-03
  1.2215193e-02
  7.5077824e-04
  3.8645840e-03
 -4.1650224e-02
 -8.0414419e-04
  1.1433190e-02
 -1.4437310e-01
 -1.2976164e-02
 -9.5290047e-01
  9.4234399e-02
  1.2369594e-04
  1.4360482e-02
  1.5771810e-02
 -7.7537135e-03
 -6.0906637e-02
  1.1115043e-02
 -4.0470203e-03
 -6.2145852e-04
  1.3642915e-02
 -1.6847235e-03
  6.8020611e-03
  3.4673832e-02
  8.7773409e-03
 -1.3593566e-02
  2.9199405e-02
  6.6398149e-03
 -2.5432851e-02
  3.9394926e-03
 -1.7241949e-02
  2.1959364e-02
  1.8480068e-02
 -8.7053571e-03
 -2.9165270e-02
 -2.2113878e-02
 -2.3548337e-02
 -7.8071197e-03
  2.4915922e-02
 -5.2579846e-03
  1.8845934e-02
 -4.3997923e-03
 -3.0766357e-02
 -1.6415358e-02
 -2.1357978e-02
  1.8476708e-02
  1.2693158e-02
  1.6747308e-03
 -8.2305282e-02
  4.9692604e-01
  1.9279295e-01
  3.1100001e-02
  6.0049826e-01
  1.3191244e-01
  5.9187973e-01
  3.0953076e-02
 -3.1668983e-02
 -4.7306469e-01
 -3.8845739e-01
 -1.8301906e-02
 -3.1265134e-01
  3.5579395e-01
 -3.0840918e-01
  3.8587290e-04
  4.5956902e-02
  3.2161236e-01
 -1.4926752e-01
  2.1488844e-01
  1.8816566e-02
 -3.6411116e-01
  6.8032420e-03
 -9.0631030e-02
  3.5643447e-02
 -4.4412125e-02
  2.0845979e-01
 -2.8537348e-01
 -6.0806245e-01
 -3.0023542e-01
  1.1208151e-02
  3.3266979e-01
 -8.5919730e-02
  5.9139006e-02
  3.2399043e-01
 -2.4950238e-01
 -1.4034966e-01
 -4.1573755e-03
  4.4830297e-03
  7.9445010e-03
 -2.1793224e-01
 -7.6229393e-02
  4.1045554e-02
 -3.0791208e-02
  6.4436421e-02
 -3.7634071e-02
 -4.0727817e-02
  2.2693332e-02
 -5.2410481e-04
  1.0761746e-02
 -6.3430643e-01
 -8.8068622e-04
  5.0574679e-02
  2.0711781e-03
  2.1870673e-02
 -3.7058443e-02
  2.3065310e-05
  1.2286495e-02
 -3.3981793e-02
  1.4261736e-02
 -8.7777982e-03
  6.7319311e-03
  2.3071283e-02
  1.4817649e-03
  2.5021695e-03
  1.3865449e-02
 -5.4322578e-02
  7.4383039e-03
  1.2546347e-02
  1.0239205e-03
 -9.9306675e-03
  1.8073991e-04
 -1.3622712e-02
 -1.5635747e-03
  6.5790527e-02
  8.4954239e-03
 -8.0174999e-03
  1.0235962e-02
  2.8083431e-02
  2.2993287e-02
  3.3046834e-02
 -8.7737283e-03
 -3.0421184e-02
  3.0216040e-02
  1.6618124e-03
 -6.9265976e-03
  7.5639370e-03
  1.9003285e-02
  1.8457804e-02
  1.9414635e-02
 -2.2312846e-02
 -1.1348521e+00
  1.0098596e+00
  1.2517938e-01
 -4.1098968e-04
 -1.8340368e-03
  2.7174237e-01
  3.2978395e-01
  3.1207681e-01
  8.0278635e-02
 -2.9717927e+00
 -4.6751867e-03
  2.3109876e-01
  1.8426506e-02
 -1.2752516e-02
  9.0288438e-02
  8.1726812e-02
  4.3002404e-02
  2.0998277e-02
 -1.4408863e-01
  2.3417063e+00
  2.3745853e-03
 -3.1038126e-01
 -6.3101202e-01
  2.3961918e-01
 -4.1016567e-02
  1.7028196e-02
  6.5842494e-03
 -5.3423331e-03
  1.3487354e-02
 -2.8702155e-01
  5.1199168e-04
  3.0767666e-03
 -7.1530282e-03
  7.2635259e-03
 -2.7847320e-02
 -4.8761358e-03
  2.9146358e-02
 -4.6903962e-01
  5.5222926e-03
 -5.6187725e-01
  8.5257882e-01
 -4.2638361e-01
  5.1308379e-02
  7.8406513e-01
  2.7932402e-02
  1.5912419e-03
 -2.7953044e-02
 -5.1174075e-03
 -6.6281937e-02
  1.8574491e-02
 -1.2501635e-01
 -4.1874832e-01
 -1.1145883e-01
 -3.5651330e-02
  3.1012848e-02
  3.2643622e-01
 -3.4892547e-01
 -5.0740165e-01
  1.8035728e-02
 -4.3011612e-01
  9.3652807e-02
 -1.1834744e-01
  8.4650707e-01
 -1.0641705e-02
 -1.0584056e+00
 -1.8415222e-01
 -7.9608417e-01
 -6.3833147e-03
 -1.3868172e-01
  2.5268167e-01
 -3.0541668e-02
  1.1082184e+00
  1.1550592e-01
 -9.5287666e-02
  9.6908599e-01
 -1.8659556e-01
 -2.6687557e-02
 -2.6668224e-02
 -1.0015162e-01
 -3.1084925e-01
  2.9418707e-02
  5.7293586e-03
  1.3774756e-01
 -6.2336352e-02
 -2.4721940e-01
 -2.4299161e-03
 -7.6914787e-02
  5.2132688e-02
  5.5965069e-03
  3.3602238e-01
  3.1029928e-01
  4.6076012e-01
  2.2384668e-02
  1.2435748e-01
 -7.8967355e-02
  3.5871077e-01
 -4.8115739e-01
 -3.4333557e-02
  1.1212973e-02
 -2.9983159e-04
  2.1266793e-03
 -2.1914832e-02
 -1.7368609e-01
 -1.4904807e+00
  4.5528882e-03
  6.6743426e-02
  3.0089680e-03
  2.0180319e-02
  5.3594496e-02
 -1.0537100e-02
  3.1612720e-02
  7.9171034e-03
  8.0154426e-03
  7.1611833e-03
  1.8990620e-03
  1.2377110e-02
  2.9049166e-03
 -6.7509495e-02
 -2.9285921e-02
  1.6800119e-02
 -7.2345058e-03
 -5.5410359e-03
  2.1681727e-03
  1.3058266e-02
  4.2986544e-03
  2.0906296e-02
 -6.6160904e-03
 -4.2938283e-03
 -2.3816787e-02
 -1.4641085e-03
  4.0431460e-04
  9.1517344e-03
  6.3250773e-05
  6.9937878e-04
  6.3264822e-03
  3.0430958e-02
 -9.5782249e-04
  1.9959662e-02
 -1.4290085e-02
  8.5548544e-04
  6.5583540e-03
  1.3013445e-02
 -1.0135626e-01
  5.9412949e-02
  2.8262684e-01
 -5.7380803e-02
  6.4055756e-02
  2.1474327e-01
 -1.2333869e-02
 -4.2362351e-02
 -3.0654140e-02
 -2.8582672e-02
  8.7815702e-02
  9.3289211e-02
 -1.1367102e-02
 -6.9508720e-03
  1.2385566e-04
 -1.6366003e-01
  4.7118831e-03
  4.3833565e-02
  2.6207045e-02
 -2.8796955e-03
 -2.6524181e-02
  3.9486412e-02
  2.5504917e-01
 -5.6808088e-02
  6.8928413e-02
  1.7542090e-02
  6.4824256e-03
  3.1784888e-02
  5.7291812e-03
 -7.1669579e-03
 -1.8017678e-01
  2.4706796e-02
  1.5459483e-02
 -6.7468069e-02
 -1.0580935e-02
  1.5710779e-01
  6.7258757e-03
  1.4978099e-02
  3.4639570e-03
  8.1469379e-03
 -1.4576634e-03
 -4.5934290e-02
 -8.6999489e-03
 -1.7310129e-02
 -8.3914870e-01
 -5.1424766e-01
 -2.3172398e-01
  3.1198952e-01
 -3.1943515e-02
  3.5919783e-01
 -2.9847166e-01
 -3.9637730e-01
  3.4188062e-02
  6.8237954e-01
  1.3131433e-02
 -5.1011539e-01
  1.0172299e-01
 -2.4362209e-01
 -2.4528932e-02
 -7.8815036e-04
 -7.3270909e-02
 -2.3994943e-02
 -1.1350481e-02
  1.7616721e-02
 -3.9388454e-01
  4.3720999e-01
 -1.3523532e-01
  1.5643136e-01
  5.6593724e-02
 -5.6567043e-02
  2.5208503e-01
  3.0733587e-02
 -4.2660800e-01
  2.9615743e-02
 -1.3149299e-02
  9.6792132e-02
  2.5397621e-02
 -4.0174227e-02
  4.4603411e-02
 -5.4911426e-03
  1.3400915e-02
 -8.6691473e-03
 -7.8711156e-03
 -1.4839025e-02
 -5.3544571e-03
  4.9299860e-01
 -1.3756255e-02
 -4.9293935e-03
 -6.5275121e-01
  1.1601225e+00
 -5.1304281e-01
 -3.3063132e-02
 -1.1834896e+00
  1.9417301e-01
  1.4295369e-01
  2.7073139e-01
  3.3535033e-03
 -2.5054518e-02
  2.5516590e-02
  3.8049784e-01
  9.0811159e-03
  6.2637880e-02
 -5.0466776e-01
 -2.7680638e-01
 -6.0397796e-03
 -8.4696729e-03
  1.2046413e-03
 -2.0268818e-02
 -8.7561744e-01
 -2.0593446e-01
  8.5798755e-02
  1.0569403e-02
  4.0242326e-02
  1.8441167e-02
 -5.4091133e-02
  2.2121599e-01
  1.2366888e-01
  1.7285466e-03
 -1.4051554e-01
  3.9651304e-02
 -6.0348054e-03
 -2.6858456e-02
 -4.3296093e-01
 -3.3207324e-03
  4.6546250e-03
  1.6442732e-03
  4.4615343e-03
 -6.7147240e-02
  5.6929082e-02
 -1.1174249e-02
  2.5249017e-02
 -1.2908952e-02
 -6.9972933e-03
 -1.9791860e-02
  7.5079463e-03
  3.3712517e-03
 -1.2443582e-02
 -1.3265805e-02
  5.5813091e-04
  7.2151616e-02
  9.8705466e-04
  1.1210339e-02
 -8.4154634e-03
 -3.8243614e-02
  1.2393668e-02
  9.3734413e-03
  1.1900969e-02
 -7.6665380e-03
  7.0960424e-03
  1.3220924e-03
 -2.9531000e-02
  2.3461461e-02
  1.8973502e-03
  3.4387270e-03
  2.0403136e-04
 -4.0027942e-04
  2.7035996e-03
 -7.2343405e-03
 -3.8832403e-03
  1.6487859e-02
 -2.6643653e-03
  2.6733534e-02
 -1.9342699e-03
 -2.0981697e-02
  1.4907616e-02
 -2.9229808e-03
 -8.9462548e-03
  5.0906385e-03
 -1.6597241e-02
  6.3095517e-03
  3.1053707e-01
  2.1323455e-02
  6.6986494e-03
  3.1575106e-02
 -1.5653942e-02
 -3.3694671e-03
  8.6437641e-03
  3.7034500e-02
 -5.8964510e-03
  1.3511572e-02
  3.1163279e-02
  3.8357552e-02
  9.1959955e-03
  4.8907455e-03
 -3.7045872e-03
  1.0231571e-02
  1.4650695e-02
  1.3193297e-03
 -1.0601947e-02
  1.7180631e-05
 -5.4807365e-03
  8.8620484e-03
  4.6774028e-03
  2.0244190e-02
 -6.3434429e-03
 -1.2482211e-03
 -6.8008737e-04
 -2.5237253e-02
 -1.8373569e-03
 -3.8299314e-03
 -9.6403286e-03
  4.5716809e-04
 -2.3913349e-03
 -3.6346116e-03
 -2.3536319e-03
  1.4920395e-03
 -1.3961457e-03
  1.2970217e-02
  2.7784365e-03
 -3.7695989e-03
  3.3573713e-03
 -9.4365207e-03
  2.6549743e-03
  6.5058284e-04
 -2.1409184e-02
  4.7365751e-02
  1.3160783e-02
  1.1724341e-02
  4.1414753e-02
 -1.2082936e-02
  1.0425960e-02
  1.8730864e-02
 -7.0362967e-03
  2.0011682e-02
  5.0307708e-03
  2.9098505e-02
  6.9424124e-03
 -1.6107846e-02
 -1.7141198e-01
  3.9516012e-03
 -3.3871256e-02
  4.4040143e-02
 -8.3562344e-02
 -1.5987959e-03
  3.2769926e-02
 -1.4870309e-02
 -2.3661971e-03
 -2.1360395e-02
  1.7198496e-02
 -1.5652512e-03
 -1.3254805e-02
  2.2794451e-03
  6.0875928e-03
  2.8118657e-02
  8.7315571e-03
  1.8986041e-02
 -3.3310859e-04
 -9.0060020e-03
  1.8855615e-02
  2.6022014e-03
 -8.1754558e-02
  6.5281495e-02
  6.2833745e-03
  3.6567438e-03
 -1.9676354e-02
 -2.3247464e-02
  2.3334625e-03
  7.3395474e-03
 -1.1866082e-02
 -3.0547539e-02
 -4.2126114e-03
 -1.8484311e-02
 -1.6080767e-02
 -6.6872418e-04
  4.4122576e-03
 -2.1205608e-02
  1.5669292e-02
  3.0603255e-03
 -4.0576523e-03
  8.3165728e-03
 -3.5843139e-03
  2.4529349e-05
 -5.5791563e-03
  1.7923510e-02
 -5.1662941e-03
 -2.4984557e-02
 -1.6997118e-02
  1.1197615e-02
  1.0686196e-02
  1.8390112e-02
  1.6407680e-03
 -1.2931569e-02
  7.9856347e-03
 -1.6954351e-02
  7.9796612e-03
  1.4845382e-03
  4.1810833e-03
 -4.3789628e-03
 -1.4952268e-02
 -5.1953029e-02
 -7.9576252e-04
 -2.5922639e-02
  1.0804801e-02
 -2.7036164e-03
  8.3605340e-03
 -6.2831393e-03
  3.7128679e-03
 -1.0293985e-02
 -5.0402060e-03
 -6.6593625e-03
 -1.6127465e-02
 -1.0645729e-02
 -1.8791512e-02
 -4.0709898e-02
  4.3039168e-03
 -2.3106478e-02
  2.1069031e-02
  1.0045725e-02
  3.6104673e-03
  3.2805126e-02
 -4.1905106e-03
 -4.4088863e-04
  1.9106835e-02
  3.8989463e-03
  1.4533060e-02
 -4.8596975e-03
 -2.4922600e-02
 -3.3778291e-02
  1.3682215e-02
  1.3085709e-02
  1.2006126e-02
 -3.2700863e-02
 -2.1484895e-03
 -8.8863270e-03
 -3.1131880e-02
  8.3823852e-02
 -1.4128899e-02
 -5.2067419e-03
 -2.5101826e-03
 -1.4634412e-02
  1.0468833e-02
 -2.3001987e-03
 -2.5814584e-02
 -9.8241810e-03
  1.2405051e-02
  7.9177052e-02
 -3.0661342e-01
  1.5474068e-03
 -4.8414064e-03
  4.3005374e-04
 -5.6459019e-03
 -7.1163764e-03
 -5.3546792e-03
  1.2887516e-02
  1.2406508e-02
  1.3876584e-02
 -1.5599695e-02
  3.1522377e-03
  1.7847067e-02
  2.0502363e-03
 -3.5258727e-03
 -8.1362836e-03
  4.8477507e-01
  3.6454231e-01
  7.1696276e-03
 -9.1119838e-01
  3.0885631e-01
  2.7392888e-01
 -6.0845667e-01
  1.5914246e-01
  2.8527251e-01
 -7.3580635e-01
  4.0559518e-01
  3.9892793e-01
  4.4985530e-01
  1.4093491e-01
  1.3133274e-01
  4.8135538e-03
  1.3938594e-01
 -9.4525833e-03
  3.0884320e-02
 -2.6567647e-02
 -1.2177155e-02
 -8.9115659e-03
  2.3171237e-01
 -1.5621038e-01
  6.5549918e-02
  1.2583981e-01
 -9.7906604e-02
  9.2147589e-02
  3.6492340e-02
 -8.9930138e-03
 -9.9582113e-03
 -1.6285731e-03
  6.0507744e-03
  6.3000709e-02
  3.8363561e-02
  5.0685875e-02
 -3.2641040e-04
  4.3934841e-02
  1.2010431e-02
  1.1630276e-02
  3.1501945e-02
 -1.5486325e-02
  8.7841030e-04
  1.8261887e-02
  3.7420746e-03
  1.1442462e-06
  4.9501348e-02
 -6.5021310e-04
  5.7143196e-03
 -1.2223087e-03
  7.4294354e-03
 -6.5883380e-01
  5.9726536e-02
  4.2610005e-02
 -2.0716479e-02
 -7.8189084e-03
 -8.3225342e-03
 -1.3339958e-02
 -1.3444442e-02
  6.4985631e-03
  1.5226288e-02
  4.6090246e-03
  1.2514699e-02
 -2.4388159e-02
 -1.2370104e-02
  6.0022503e-02
 -1.3025939e-02
 -7.7874414e-03
 -6.3929677e-02
  2.4011526e-02
 -9.9927587e-03
  1.1425777e-02
  1.2519251e-01
  9.5370272e-03
 -1.5700189e-02
  5.0671022e-02
 -7.5427219e-02
 -1.0912556e-03
 -3.6818893e-03
  1.8373035e-02
  3.9457516e-03
  2.2956045e-02
 -3.3311551e-03
  4.1035269e-03
 -1.3900939e-02
  6.7665786e-03
 -9.4416961e-03
  7.9536214e-03
 -2.9534914e-02
 -4.7532497e-03
 -7.6442976e-03
  7.1102027e-03
  5.4335892e-03
 -5.2706450e-02
 -8.6077182e-03
  1.3234685e-02
 -2.8677927e-03
 -7.9353536e-03
 -2.2609488e-03
  2.3804240e-02
  2.5328334e-02
  3.8108833e-02
  7.3806797e-03
 -5.4642754e-03
 -2.8137246e-03
 -6.1019068e-04
 -6.5648537e-03
 -1.1453526e-02
  7.3730280e-03
 -1.3542471e-02
 -1.9668726e-02
 -2.5176278e-03
 -9.2011681e-03
  2.4902493e-02
  1.9158749e-02
  1.1944428e-02
 -9.6110199e-03
 -9.2379637e-03
  2.0514635e-02
  4.9634542e-02
  2.4618772e-03
 -1.6679022e-02
 -1.3797032e-02
 -2.7758364e-02
  2.6894800e-02
  3.0193580e-03
  1.3869378e-02
  4.1175704e-03
 -6.9326637e-03
  4.2359601e-03
  3.9168810e-03
 -4.2244531e-02
 -3.2065378e-03
 -1.1098851e-01
  1.6194150e-01
  4.7423277e-02
  9.4615361e-03
  2.6015225e-01
 -7.4803364e-01
 -1.1273224e-02
 -2.3265006e-01
 -5.9898529e-02
  3.0332929e-01
  2.3442058e-01
  2.1522757e-02
  3.6912709e-02
 -7.9143517e-02
 -4.9612871e-03
 -5.2999586e-02
  7.4755341e-02
 -1.5492330e-03
 -5.0708186e-03
 -2.2614472e-02
 -1.9108340e-02
  1.2542176e-01
 -5.7746607e-01
  6.7167063e-03
 -1.2256537e-02
 -1.8245924e-01
 -1.1461221e-01
  1.9238622e-01
 -2.9044287e-02
 -1.7177718e-03
  5.0521251e-02
  1.9026692e-03
 -3.0856961e-02
  1.7131397e-03
  4.3044139e-02
  2.1569499e-04
 -8.9980261e-03
 -9.8383734e-03
 -1.2849095e-02
 -1.4030629e-02
 -6.2858611e-02
  1.1291615e-02
 -2.9076964e-02
  1.1949378e-01
 -7.4072391e-02
 -9.5968761e-02
 -3.8571372e-03
 -4.2843569e-02
 -2.7367887e-01
  1.8008234e-01
  4.6967417e-03
  3.1018206e-01
  4.5401517e-02
 -1.7354500e-02
 -3.8117811e-02
 -8.0152780e-02
 -2.0162065e-02
  1.6868476e-02
  3.7544049e-02
  1.4672616e-02
 -3.5778657e-01
 -6.4269572e-02
 -1.1664372e-01
  1.6437246e-02
 -7.8843441e-03
 -6.2914789e-03
 -1.8733749e-02
 -9.7632013e-02
 -5.6873700e-03
 -8.0038896e-03
 -1.2539024e-02
  2.9976855e-03
  7.1457052e-03
 -8.7545114e-03
 -2.4677005e-01
 -9.1893254e-03
  2.0749918e-03
 -2.4404032e-03
 -1.2259895e-03
  9.6829496e-03
  1.0985034e-02
  3.1047869e-03
 -1.8632894e-03
  6.5408517e-03
  8.1985639e-03
  3.8341645e-02
 -6.3546617e-03
 -5.5830979e-01
  3.6614335e-01
  2.2178184e-02
 -2.9147208e-01
  3.1611592e-02
  5.3991085e-01
  3.2175523e-01
 -1.9844571e-01
  1.2929758e+00
  2.4119031e-01
  1.1019570e-02
 -6.1601270e-02
  5.8619097e-02
  1.3788865e+00
  2.3675399e-04
  1.4220376e-03
 -2.5572160e-03
 -6.7584348e-01
 -4.0728878e-02
 -5.3088278e-02
 -8.3761131e-03
  2.9853299e-01
 -3.9525013e-02
 -1.3449164e-01
 -5.4286704e-03
  1.2575677e-02
 -4.6179377e-02
  3.7747732e-01
 -3.3781043e-01
  1.9844495e-02
  2.5075717e-02
  5.9738737e-02
  1.0564230e-01
  3.4768744e-03
  1.8271664e-01
 -9.4507234e-03
 -1.7435530e-03
  4.1156009e-02
  2.2486217e-02
  3.7927546e-02
  1.4240062e-03
 -1.1716475e-02
 -2.1671940e-02
  5.2269050e-03
  1.1420867e+00
  9.1830397e-01
 -6.6749826e-02
 -5.0871229e-01
  6.0995437e-02
 -3.0438161e-01
 -1.1549652e-01
 -6.7913634e-01
  1.0931543e-01
 -1.5118116e-01
  8.7108290e-01
  2.4475243e-03
 -5.0428963e-01
 -2.0934044e-01
  4.1195717e-02
 -2.4724524e-02
 -1.2680013e-02
  5.6126821e-01
 -1.1951305e-03
  1.4219259e-01
 -3.9531973e-01
  8.3105810e-02
  6.7213103e-02
 -2.7170685e-01
  7.6931554e-01
 -3.6013238e-02
  1.5009281e-01
  8.0511294e-02
 -3.0613858e-03
 -1.2835832e-02
 -1.6657289e-02
  2.3215047e-01
  2.2262316e-02
  7.6552421e-02
  1.4980225e-01
  1.9457611e-01
 -4.5422232e-03
 -5.0560539e-03
  6.8307905e-03
  1.3378286e-03
  4.6583908e-03
 -2.0212198e-03
 -4.6719185e-01
 -1.0530468e-02
 -2.8598646e-02
  2.1551158e-03
  1.9345801e-02
  1.5464139e-01
 -2.4542967e-02
 -1.0311453e-02
 -1.1566945e-04
  1.4608756e+00
  1.0908455e-02
 -7.0323311e-03
 -9.4000995e-04
 -4.2710174e-04
 -1.1687975e-02
  8.6784624e-03
 -1.4209801e-02
 -8.2606692e-03
  8.5512232e-03
 -9.3655419e-03
  3.7477852e-04
 -2.2252105e-02
  6.1465590e-03
  3.3667206e-03
  6.1119569e-04
  1.3493398e-02
  6.3659819e-03
  3.1972051e-02
  1.1829809e-02
  9.2189722e-03
  6.4512878e-03
  3.7826428e-03
  2.4935899e-02
 -1.0314313e-02
 -7.3707388e-03
 -8.0221277e-03
 -3.6143186e-03
  1.2604517e-02
 -6.5500401e-03
  4.3438403e-03
 -8.3159627e-03
 -6.3241377e-02
 -5.4919450e-03
  6.8470398e-03
 -1.6422519e-03
 -1.9555196e-02
  6.1285449e-05
  5.0800624e-03
  1.3527273e-02
 -8.9433573e-02
 -1.8482963e-03
 -6.2425169e-03
  2.9723307e-03
 -3.3310026e-01
 -2.2984877e-02
 -1.7715555e-02
 -9.7842300e-03
  1.6963221e-02
 -4.9547948e-02
  1.5986575e-02
 -2.6014561e-03
 -2.3175789e-02
  5.1741060e-03
  1.5228909e-02
  1.0540727e-02
 -3.7940342e-03
 -3.9645340e-03
 -7.4599897e-03
 -9.2915772e-03
  9.5734987e-03
  3.5334840e-02
 -1.0612532e-03
 -6.6611562e-03
  1.8110648e-02
  1.0504643e-04
 -5.7395827e-04
 -9.5518231e-03
 -7.0551173e-03
  1.5605877e-02
  1.2182057e-02
 -1.0409673e-02
 -6.2197899e-03
  7.9121320e-03
  4.3159861e-02
 -4.7060885e-03
  5.3684809e-03
 -5.5943942e-04
  3.3431801e-03
  3.9790884e-02
 -1.0439601e-01
 -5.1535876e-03
  3.1092041e-03
  5.5723339e-03
  9.5502231e-03
 -2.1155355e-03
 -5.5773091e-03
 -1.5133475e-01
  8.2949558e-03
 -6.9180364e-03
  9.0247039e-03
 -1.0525950e-02
  1.1181126e-02
  1.1629610e-02
 -7.1175881e-03
 -7.2498443e-03
 -1.3424907e-02
 -1.6086606e-02
  2.7350423e-01
  3.5360919e-03
  2.1645945e-02
 -9.8535409e-03
 -1.8828763e-02
  1.0199268e-02
  7.0927443e-04
 -5.6679281e-03
  6.3418426e-02
  8.8914027e-03
  7.4947923e-03
 -1.4396342e-03
  3.7871134e-02
  1.1124950e-02
 -5.2235695e-03
  6.7308652e-03
  3.9253971e-03
  7.1953535e-03
 -9.1632619e-04
  3.1405229e-02
 -3.9349910e-04
 -1.5988735e-02
  1.0823322e-02
 -1.7055119e-03
 -1.1636242e-03
 -6.6282162e-03
  4.8219420e-02
  1.3275113e+00
  9.3615431e-01
 -7.0819384e-03
 -9.6477978e-02
  1.1421995e+00
 -8.7219596e-02
  2.5128075e-03
  5.7950222e-01
 -2.8371897e-01
  2.7586633e-01
  1.0299629e-03
 -5.2640595e-02
 -8.0045583e-03
 -1.4029868e-01
 -1.6092801e-02
  5.8966018e-03
 -2.0132938e-01
  1.0022574e-02
 -1.4793939e-02
 -4.3155663e-02
  1.1231769e-03
  1.0525576e-02
 -9.0636639e-03
  7.4622729e-03
  9.5905978e-03
 -3.2749427e-03
  3.4629050e-01
  2.7998954e-02
 -1.2883261e-03
  3.5075441e-03
 -7.6121115e-03
 -3.6706470e-02
 -2.8391531e-02
 -3.3029059e-03
 -3.3818977e-03
 -9.8122600e-03
  2.8921513e-02
 -5.7215528e-03
 -1.7126465e-02
  2.3853965e-02
 -3.2225964e-03
 -8.9337202e-03
 -1.0189349e-02
  1.3699750e-03
 -1.3051912e-02
 -2.1408323e-02
  4.6509117e-01
  1.7980061e-03
  2.1232956e-03
 -4.8180795e-01
  2.8545026e-02
  3.6589086e-01
 -1.1231539e-01
 -1.3312970e-01
  4.2567542e-03
 -3.3694664e-03
 -4.2932387e-02
 -3.2701481e-02
  3.8044110e-03
 -1.5105178e-02
  1.9987492e-02
  2.0232808e-02
 -3.4562435e-03
  4.5971073e-02
  2.0545042e-01
 -5.1762544e-02
 -8.0382386e-03
 -6.6420687e-03
 -1.6696842e-02
  1.5302749e-02
 -2.4435312e-02
 -5.1442001e-02
  6.0494497e-02
 -8.2014408e-03
  6.8825302e-03
  1.6413325e-02
 -2.5387798e-03
  8.7706102e-03
 -1.1768555e-03
  2.2490458e-03
 -3.9875023e-02
  5.7869842e-03
 -2.4106890e-02
  9.3699032e-03
  3.2479029e-02
 -3.4183413e-02
  1.9935291e-02
  1.0108696e-02
  2.2138455e+00
 -2.3803167e+00
  1.2715244e+00
 -1.0154644e+00
  6.2632948e-01
 -1.0565451e+00
 -8.5666084e-01
  1.2179406e+00
  3.0528647e-01
  7.4101001e-01
  1.9136125e-02
 -9.8022437e-01
  1.1182623e+00
 -4.2392489e-01
 -8.0239064e-01
 -5.2444297e-03
 -1.0763549e-01
  4.7761926e-01
 -1.7635939e+00
  2.9336217e-01
 -5.8290398e-01
  6.8356401e-01
 -4.0199652e-02
  8.3256626e-01
  3.9181879e-01
 -7.0325905e-01
  5.3274530e-01
 -3.0958581e-01
 -1.0439900e+00
  5.2298964e-03
  3.3758330e-01
  5.2176309e-01
 -2.8081483e-01
  1.8121034e-01
 -1.9686525e-01
  2.2792413e-03
 -4.9793784e-02
  1.5184512e-02
 -1.1161556e-02
  2.8110120e-01
 -6.5453472e-03
  1.1896351e-01
  2.3416013e-02
  7.4185757e-03
 -6.1814403e-03
 -2.9349800e-02
 -1.1620755e-02
 -8.7517776e-02
  4.6584797e-01
 -3.9992638e-02
 -8.8916179e-03
  8.6363785e-02
 -4.4092715e-02
 -2.8336341e-03
 -2.2129074e-02
  4.1238315e-02
 -9.2555970e-02
 -9.9031746e-02
  3.5646103e-02
  5.3612972e-03
  1.0442195e-02
  1.8141797e-02
  1.9112853e-02
  4.3146557e-04
  4.4223685e-03
 -2.5772730e-02
  2.4086379e-02
 -2.0842327e-02
 -3.4002089e-03
  3.5091843e-02
  4.0799766e-03
  9.6067311e-03
 -2.0019552e-02
 -3.2491721e-02
 -4.3696247e-04
  3.3918549e-03
 -3.1676125e-03
 -1.2156812e-02
  1.5705132e-01
 -1.1449842e-02
 -1.1042567e-02
  1.3091282e-02
 -1.3627720e-02
  3.6261600e-02
  4.5684163e-02
  1.0730706e-03
 -1.4357082e-02
 -2.7772035e-02
  2.9021703e-02
  3.0559632e-03
 -7.3966901e-03
 -9.8070242e-03
 -1.7179176e-04
  3.7927786e-03
  2.4858241e-03
  1.0625583e-02
 -1.4153524e-02
  3.3239625e-02
 -2.4628418e-02
 -9.8052928e-03
  1.5841009e-02
 -2.0627689e-03
  5.5255378e-03
 -1.1840097e-03
  5.3275004e-04
  1.1675937e-02
 -2.2255555e-02
 -5.2751065e-03
 -1.1616007e-03
 -1.6561136e-02
 -1.6671367e-02
 -6.8771386e-01
 -2.5302642e-03
 -1.1174494e-02
 -8.6625284e-03
 -1.1198452e-02
 -1.3987968e-02
  1.3597624e-02
 -8.5618263e-03
  2.9795812e-02
  3.1022474e-02
 -8.4038312e-03
 -1.7356882e-02
 -9.5421001e-03
  6.4300150e-02
  1.4906590e-02
 -7.9706777e-03
  1.6774492e-02
  1.0991278e-02
 -2.3183320e-02
 -4.6409760e-02
  2.0944204e-02
  4.6655731e-03
  3.1923431e-03
  1.4518028e-02
  3.9416039e-04
 -2.0799104e-02
 -1.0337412e-01
 -1.2678032e-02
  1.9399000e-02
  2.9861757e-03
  2.5180087e-03
  5.0021098e-03
  1.9843553e-03
  3.0402211e-02
  1.8077621e-02
  1.6001329e-02
  4.9901783e-02
 -3.0247667e-03
  3.6693464e-03
  3.0223674e-03
  3.7452064e-02
  1.9185342e-03
  6.7262216e-03
 -1.7797118e-02
 -2.5606239e-03
  2.1148981e-03
 -1.3992074e-02
  2.9050768e-03
 -6.6432264e-03
  3.6247462e-02
  1.0014082e-02
 -1.4415692e-02
  9.7472034e-03
 -3.0459990e-03
  2.2894684e-02
 -1.3590925e-02
 -2.0298550e-02
  4.0754848e-03
 -3.7228279e-03
  1.2889912e-02
 -3.6178999e-02
  1.4623014e-02
 -1.3769278e-03
 -3.8425002e-02
  2.7259594e-02
  1.8235095e-01
 -5.6268584e-02
 -1.1946009e-02
 -3.9465450e-02
  2.6723482e-02
 -2.2724878e-02
 -2.8491426e-02
 -5.0442468e-02
 -1.9276376e-01
 -9.1833413e-02
  1.5957586e-02
 -1.5632132e-02
  2.0927083e-02
 -1.2600680e-02
  8.3787413e-03
 -3.6082622e-03
  1.7556366e-02
  3.5191711e-02
  2.3089088e-03
 -8.1854602e-03
 -2.1094718e-04
 -1.6260722e-01
  4.7213208e-02
 -8.3425045e-03
  1.2117911e-03
 -1.9428616e-02
  1.2932497e-02
  8.4592484e-02
 -2.9007648e-04
  5.0343862e-03
 -2.4597796e-02
 -1.7152829e-02
 -9.0171257e-03
  1.0070276e-02
  1.0416958e-02
  2.2196097e-02
 -7.2063599e-04
 -3.2840476e-03
  2.9127477e-02
 -1.5485812e-02
 -8.2135489e-03
 -1.3825137e-02
  7.2635598e-03
  1.1330714e-02
  1.5712719e-02
 -9.0796314e-03
  1.7364569e-03
  4.4952636e-03
 -4.1814600e-03
 -3.9597057e-02
  4.9171180e-02
  2.1735011e-01
 -1.5736354e-03
  1.3004860e-02
  1.1386703e-02
  8.3391555e-03
 -1.2407110e-03
 -2.5375981e-02
  1.0836056e-02
 -5.7019363e-03
  1.5205930e-03
 -1.9279022e-02
 -3.5480563e-02
  5.5701486e-03
  1.7539962e-03
  1.1336219e-02
 -2.1788141e-02
  2.3610856e-02
 -6.3147433e-02
  3.0249014e-02
 -1.1263951e-02
  3.8317010e-02
 -3.5995040e-03
 -5.9769973e-02
  4.8997821e-03
 -1.4410481e-02
  1.9149527e-02
  3.9636809e-03
 -1.7281674e-02
  1.8001115e-04
 -2.5052060e-03
  8.5901013e-03
  4.4028643e-03
 -4.4354005e-03
  2.4101127e-02
 -5.6888559e-03
  3.3654762e-03
  2.4147052e-02
 -2.7417818e-03
  2.2623178e-03
 -4.1622409e-04
  1.8915189e-03
 -2.0699380e-03
 -3.0966222e-02
  6.0934783e-03
 -5.1253671e-03
 -8.2859900e-03
 -4.5512971e-03
 -1.0504891e-02
 -1.1682573e-02
  3.4281354e-02
  1.5071163e-02
  1.7895803e-02
  2.7277153e-03
  4.2398132e-02
  2.1990359e-02
  1.8233804e-02
  2.1554682e-02
 -1.8850762e-02
 -4.2469236e-03
 -1.4560074e-02
 -3.3104923e-02
  3.3829302e-02
 -1.3216017e-02
 -1.1705204e-02
 -1.8890753e-02
  3.5108058e-03
 -1.2815588e-02
  1.3743212e-02
 -4.7524017e-04
  7.5358893e-03
 -2.0723976e-04
  7.9040248e-03
 -1.2239367e-02
  8.9193527e-03
  4.4456631e-02
  2.2794474e-02
  9.8234285e-03
 -3.3249478e-03
  1.8544005e-02
 -1.2870770e-02
  2.8550124e-02
  4.0569995e-04
  4.7465231e-02
 -1.3785402e-03
  2.0687282e-04
 -1.5817994e-02
 -5.3372020e-01
  9.9178180e-03
 -3.1005493e-01
 -2.3183557e-03
  6.7227804e-03
 -4.2175658e-02
 -1.0514211e-02
 -3.4547228e-02
 -1.2838810e-02
 -8.9564770e-02
  1.3632395e-02
 -3.8676644e-03
 -3.0026924e-02
 -4.7477782e-02
  1.7057234e-02
  1.2933524e-02
  1.8360668e-03
 -9.6952002e-03
 -3.7134350e-03
  3.1885728e-02
 -1.8469419e-02
  6.4484118e-03
  2.0244954e-02
  7.7004447e-03
  3.7425240e-03
  1.1021775e-02
 -1.1890132e-02
 -9.2024254e-03
  5.3330129e-01
  2.9392611e-02
 -2.7741343e-02
  2.1163877e-03
  1.0459029e-02
  1.0261528e-02
  1.0571370e-02
  4.6951897e-02
  7.8288019e-03
 -1.7870784e-02
 -2.3158342e-03
 -4.7957504e-01
 -1.5794028e+00
 -3.4078215e-03
 -7.2341752e-01
 -2.7936182e+00
 -1.1736354e+00
 -1.2988497e+00
 -1.6617196e+00
 -3.9041415e-01
 -6.2389001e-02
 -1.9847895e+00
  5.4040950e-02
 -1.4993133e-01
  3.8498423e-01
 -1.7723155e-01
 -2.8129264e-03
  2.2473027e-01
 -1.8186276e+00
 -1.4663108e-01
  9.9742273e-03
  3.7374213e-01
  2.6911734e-02
 -1.8735571e-02
 -1.8571754e-03
 -1.7838017e+00
 -1.4628390e-02
  8.5567674e-03
  4.4632816e-01
  1.2604681e-02
  9.6485475e-03
 -2.6223493e-01
 -1.5354440e+00
  1.3840093e-01
  2.1392042e-03
  3.2187030e-01
 -5.6957655e-02
  3.2751411e-02
  6.4846091e-03
 -6.5057464e-02
 -9.3779936e-03
  1.4103189e-02
 -5.8136877e-02
  9.0707820e-03
  3.1215358e-03
 -7.2430582e-03
 -5.7416334e-04
 -5.4584481e-03
 -1.0665558e-02
  2.4013692e-03
 -1.1378693e-01
 -3.7236444e-03
 -3.6029904e-03
  2.4151372e-02
  3.8267303e-02
 -1.6305129e-03
 -1.2037948e-02
  8.2325293e-03
  5.1658824e-02
  7.4590825e-02
  5.2416306e-03
 -7.0116851e-03
 -4.6297397e-02
 -6.3578798e-03
 -8.9520235e-03
  4.5984797e-04
 -9.9466471e-03
 -2.2304710e-02
  2.8298289e-04
 -5.0273747e-03
 -1.4448000e-02
 -1.2263274e-02
  2.0534568e-03
  2.3586962e-02
  3.3926775e-03
  1.3585372e-01
  2.9344250e-02
  1.0520818e-03
 -5.4519186e-03
  6.7187147e-03
 -5.1526815e-01
 -2.4501571e-02
  4.2730410e-02
  1.5473839e-02
  1.9858310e-03
 -6.2873294e-03
  2.4828076e-02
 -4.6656881e-03
 -5.4988009e-03
  6.2184669e-03
 -4.6689920e-02
  1.5066907e-02
 -6.7524090e-03
  1.2799762e-02
  4.1047838e-03
  4.1154092e-03
 -2.0688909e-01
 -3.5077598e-02
  2.6773807e-02
  5.4356279e-03
 -2.7201006e-02
 -9.3447757e-01
  1.6374784e-02
 -4.8181703e-03
  2.0363715e-02
 -3.0805863e-02
 -4.0370040e-05
 -1.8570255e-02
  3.0384820e-03
 -7.4060232e-04
 -2.4879295e-03
  3.1610751e-03
  2.0402893e-03
 -3.6290020e-02
  4.1661086e-03
  1.2823766e-03
 -8.3371075e-03
  1.4639501e-03
  1.6693980e-04
  8.7785143e-03
 -2.0626795e-02
  2.6273429e-02
 -5.8898069e-03
 -1.8214284e-03
 -1.2400121e-02
 -3.7271179e-02
  1.1335914e-02
  2.9460255e-02
 -1.4552310e-02
  3.3060130e-02
  3.6364552e-01
  3.2411132e-02
  1.0441842e-02
 -3.5711535e-04
  7.9263244e-03
 -3.3233654e-02
  3.6308568e-02
  7.6832916e-03
  2.0400581e-03
  1.2725998e-01
  1.3451511e-03
 -2.1568418e-03
  4.6524168e-03
 -2.2867356e-01
 -1.0776941e-02
  1.9343251e-02
  5.1960940e-03
  6.7610284e-03
  4.1664196e-03
 -3.3363965e-03
  2.2729913e-02
  5.5465000e-03
 -3.5001102e-03
 -2.7760519e-02
  7.5901328e-03
 -1.7595561e-02
  3.8622752e-01
  1.7826030e-02
  7.4608964e-03
  1.9113427e-02
  2.0844236e-03
 -2.8870171e-03
 -2.5662859e-03
  6.6211717e-03
 -1.1564877e-03
  1.2414618e-02
 -7.1698446e-03
 -3.3835348e-02
 -3.0906858e-02
  2.5408795e-02
  2.4870599e-02
  3.5775756e-03
  2.7205711e-03
  2.4268124e-03
  3.2863185e-02
  1.2354829e-04
  1.1264813e-02
  2.4965492e-01
 -1.9756348e-01
  1.0039113e-01
 -4.0511843e-03
 -1.3324688e-02
  1.5363257e-01
  3.3425305e-03
  2.2436062e-01
  9.5218055e-02
  2.2154960e-03
 -2.2759727e-01
 -4.0723290e-02
  6.8465481e-03
  5.2831718e-03
 -2.5137972e-02
  8.8824742e-03
  4.0155761e-02
 -2.6355656e-03
 -4.1905753e-02
  9.4287368e-03
  2.6068088e-01
  3.3643264e-02
 -1.7030662e-01
  1.4240907e-02
  4.6379296e-03
 -3.4772733e-04
 -5.5868138e-02
 -5.3976208e-02
 -3.7555385e-02
 -2.0716053e-02
  2.1710748e-02
  2.1006991e-03
 -3.3002617e-03
 -2.2629598e-02
  4.1429829e-03
 -1.1703950e-02
  4.1601490e-03
 -6.4200587e-03
 -1.2200355e-02
 -4.6692826e-03
 -1.3032468e-02
  1.1600904e-02
 -1.5507268e-02
 -6.2921997e-03
 -2.9343229e-02
 -4.9338229e-03
  4.3659231e-01
 -1.4582162e-02
  4.6982295e-03
  9.0635046e-03
 -3.5272585e-03
  3.2348461e-03
  1.8526517e-02
  3.4318725e-03
  7.4824262e-03
 -1.6219722e-02
  9.9903885e-03
  9.4493147e-04
  3.2071780e-02
 -4.2917207e-03
  8.6935703e-03
  3.0851696e-02
 -1.4532859e-02
 -1.1534601e-02
 -2.8728118e-02
 -5.9604552e-04
  2.0329660e-02
 -9.3747657e-03
  1.2368127e-02
  1.1449010e-02
  8.8819312e-03
 -4.1898405e-03
 -1.2916322e-02
 -4.8170681e-03
  2.7568282e-03
  2.6873257e-03
 -1.6771655e-03
  5.7678204e-03
 -5.9607588e-03
 -7.5263175e-04
 -1.9676054e-02
  3.1232405e-03
  3.9538583e-03
 -2.3287081e-03
  3.0370872e-02
 -3.7212921e-03
 -1.7190179e-02
  7.3340260e-03
  1.5219860e+00
 -2.2484918e+00
  4.3037344e-02
 -3.9891386e-01
 -4.7060671e-01
 -1.0567720e+00
 -5.8885849e-01
  7.7157563e-01
  1.4183857e+00
 -2.0801516e-01
  1.7471480e-01
 -1.7848007e-01
 -1.4371648e-01
 -3.7922534e-01
 -6.6560429e-01
  1.9765563e-02
 -7.9626584e-01
  5.9790645e-02
 -4.9868882e-02
  6.0050350e-01
 -9.7487086e-01
  1.4065607e-01
 -2.9100189e-02
  2.5250626e-01
  1.5214013e-01
 -2.7062798e-02
 -1.0479336e-01
 -1.8242993e-03
 -1.0962347e+00
  1.6456580e-01
  9.3770470e-04
 -9.8594138e-03
  1.6459588e-02
 -1.7450657e-01
  8.1609294e-02
  2.7689808e-03
 -3.9872169e-03
  6.9773775e-03
  1.2062149e-02
 -2.0869829e-02
 -3.3799328e-02
  1.9432016e-01
  1.5411434e-02
 -4.7165300e-03
 -4.3932252e-02
  3.7784607e-03
 -1.9349117e-02
 -8.8936845e-03
 -2.1568161e-02
 -2.3421220e-02
  5.0518466e-03
 -1.6824495e-02
  6.1443653e-03
 -1.3997783e-02
 -3.1464775e-03
  6.7690620e-04
 -1.4751725e-02
 -4.0619634e-04
  8.4657746e-04
 -1.4392629e-02
  1.0766208e-02
 -6.1888051e-01
  1.0616902e-02
  1.3986228e-02
  1.7998440e-02
  2.0942600e-03
  1.1852503e-02
  2.0820970e-02
 -1.8368807e-02
 -1.0422323e-02
 -3.6251815e-03
  2.0123499e-03
  1.8053439e-02
  8.9654243e-03
 -2.6988145e-03
 -2.0840645e-03
  1.0105809e-02
 -4.5800963e-03
 -7.0927236e-03
 -1.0973027e-02
  3.5192880e-03
  4.4664936e-03
  1.9856405e-02
  9.0264985e-03
 -2.7824391e-03
  5.5545243e-03
 -3.4440376e-02
 -6.1836611e-03
 -2.4853525e-01
  1.0378210e-01
  3.3941168e-01
 -8.3665468e-02
 -1.4176363e-01
 -3.4488919e-01
  1.4855665e-01
 -1.6010024e-01
  5.1309466e-01
 -5.4388684e-01
 -2.6088709e-01
  1.0378064e-02
 -2.2509737e-01
 -2.3864707e-01
 -7.5990628e-03
  9.0629026e-02
 -2.4198696e-02
 -2.3690942e-03
 -1.1806970e-03
 -5.4994720e-01
  9.2717566e-02
  3.2487426e-02
 -1.1315305e-01
  7.6024503e-01
 -3.0251563e-01
 -8.6077102e-02
  1.3475795e-02
 -2.5520861e-01
  2.3791334e-02
  1.5560539e-01
  3.3301285e-01
 -1.5826605e-01
  5.6677596e-03
  2.1672577e-01
 -4.3863744e-02
 -2.2398157e-01
 -4.4026794e-03
  5.7941298e-03
  2.7273841e-02
 -1.1790197e-02
  1.3645967e-03
  1.4179562e-02
  3.2102866e-03
  5.5522854e-03
  1.1952575e-02
 -1.9229510e-01
 -2.4173610e-02
  7.5704581e-04
 -2.5894463e-02
  8.4966207e-03
  8.2174830e-02
 -8.0610057e-03
  1.7057486e-01
 -3.4524435e-03
 -1.5427288e-02
 -8.3885109e-03
  7.5832498e-03
 -8.0266148e-03
 -2.9055333e-01
 -1.4904291e-02
 -2.5272278e-02
 -3.3181213e-04
  7.9217032e-03
  1.5341574e-02
  1.0270824e-02
  1.3527456e-02
  5.4864727e-02
  2.7370965e-03
 -2.4273811e-02
 -7.8803571e-03
 -8.5879117e-03
  5.1894831e-03
 -5.3223455e-03
 -9.1310451e-04
 -1.1813180e-02
  8.1341723e-03
 -8.0548110e-05
  4.9757655e-03
  6.1448473e-03
 -2.2817668e-02
  5.2504856e-03
  1.3472334e-02
  2.2174562e-03
  2.7336299e-03
  1.7446110e-02
 -2.4487007e-02
  4.1083340e-03
  5.4352311e-04
 -6.8625295e-01
 -7.0420462e-01
 -1.7329352e-02
  3.5846585e-01
  2.2793357e-01
  7.7148926e-01
 -1.0520181e-01
  1.0727900e+00
  5.1378686e-02
  2.7714144e-02
  7.6293219e-03
 -4.6602819e-02
 -3.5647845e-01
 -1.5042147e-01
  2.0145983e-03
  2.6766913e-02
  1.0782218e-02
 -8.2413964e-03
  7.5080884e-03
  1.3914932e-01
  1.0385921e-02
  1.8655818e-02
 -1.2070342e-03
  4.0516397e-03
  1.7514104e-02
 -1.9941542e-02
 -7.5368714e-03
  2.0518531e-03
 -1.2760280e-01
  8.9750346e-04
  6.7513906e-03
 -4.1405130e-02
 -1.0854277e-02
 -7.6466940e-02
 -2.7472192e-01
  1.6103268e-03
 -1.6447605e-03
 -3.0136254e-02
  2.3406526e-02
  2.3893269e-02
 -7.7321148e-03
 -1.0734656e-02
  4.4166613e-02
  5.5913618e-03
  9.2390098e-02
  5.5982936e-02
 -1.3410309e-02
 -4.4899933e-02
 -7.6582217e-01
 -2.3374890e-03
  2.6207623e-01
 -1.1036117e-01
 -1.0637589e-01
  2.0059859e-02
  3.8087636e-01
 -6.6880831e-03
  5.6806806e-02
  4.4768467e-03
  9.2155144e-02
  2.7610136e-03
  6.1655946e-02
  2.3449672e-02
 -1.9463208e-03
 -3.6536995e-02
  9.4696112e-02
  5.8435625e-03
  1.2963754e-02
  4.8248481e-02
 -3.6103266e-01
 -3.5561219e-02
 -2.5979759e-02
 -3.6784045e-02
 -3.1319931e-02
  3.9952107e-02
 -4.0531717e-03
  1.4652031e-02
  4.7447719e-03
  1.0469907e-02
  3.6646344e-02
  6.5171826e-03
  2.5436725e-03
  2.0060701e-02
  2.4482295e-02
  2.5137817e-02
 -6.5814382e-03
  2.3261053e-03
 -1.9861784e-02
  1.6661661e-02
 -9.2246383e-03
 -3.8666904e-02
  1.6651750e-02
 -2.8721653e-02
  2.9734587e-03
 -4.7739167e-03
 -1.4109834e-03
 -2.1414264e-01
 -8.4122107e-04
 -1.0960259e-02
 -3.2632507e-02
 -1.6272319e-03
 -1.7152119e-02
 -1.8156368e-02
  1.2374723e-03
  1.4113636e-02
 -5.4757097e-03
 -4.0796688e-03
 -7.6251002e-03
  2.3026820e-03
 -2.8657848e-02
  2.0884718e-03
 -2.2556912e-02
  1.2361993e-03
 -7.5910299e-05
 -3.7312564e-02
 -3.7759110e-02
 -3.9359286e-02
 -9.9059306e-03
  1.2339750e-02
 -8.7667136e-03
 -8.2658732e-01
 -1.0300639e-02
 -5.7813260e-03
 -2.7109948e-03
 -2.9410955e-02
  1.1722971e-02
  2.6285131e-02
 -2.2567036e-03
  5.9468006e-03
 -2.3053797e-02
 -4.7921808e-03
  1.1982247e-01
  2.5210660e-02
  5.4909300e-02
  1.1700379e-02
  3.0286738e-04
 -6.5795146e-05
  8.4338943e-05
  2.0344352e-02
 -1.4630525e-02
 -1.0466699e-03
  5.3629447e-03
 -9.6524674e-03
  9.3450518e-03
  1.6742781e-02
  2.8744178e-02
 -5.0147575e-01
  6.2464676e-03
  1.3396160e-02
 -1.0632710e-02
  9.4962521e-03
 -6.4846762e-03
 -4.0363052e-01
 -2.8923549e-02
  8.5634971e-04
  1.0232323e-02
 -7.2836857e-03
 -2.3503885e-02
 -5.9741805e-03
 -1.4497843e-02
 -7.0429663e-03
  1.3426051e-04
 -1.8398927e-03
  1.3585916e-02
  3.5626767e-03
  2.9206850e-02
 -8.1960475e-03
  1.0390723e-02
 -1.3413653e-02
  9.9032540e-03
 -2.7529215e-03
 -8.9621649e-04
 -2.1721005e-02
 -8.1495789e-04
  4.3298971e-02
  2.0238854e-02
 -7.5454809e-02
  1.1447407e+00
  1.1281991e+00
  3.1813443e-01
 -8.4574914e-01
  4.5193645e-01
  1.5495131e+00
 -1.3426979e-01
  9.3893772e-01
 -1.5992744e+00
  2.1904304e+00
 -3.4530491e-02
  9.0740938e-03
  3.1996933e-01
  2.9291913e-01
  8.0349714e-01
  1.6948911e-03
 -3.7908915e-03
  4.4947769e-03
  4.2473432e-03
 -2.8056219e-01
  2.3939809e-01
  1.4951478e-01
 -1.4264840e-01
  2.0888896e+00
 -9.4537787e-02
  2.7859583e-02
  1.5821110e-01
 -2.6143657e-02
  3.5348947e-03
 -2.8600913e-02
  1.0500043e-01
 -3.3921171e-03
  1.9149417e-02
  2.8258494e-01
 -7.3552859e-01
 -2.4173642e-03
  2.0356033e-02
 -2.7701365e-02
 -1.3766733e-02
 -4.2258473e-03
 -1.5118408e-03
 -1.7261285e-02
  1.0685343e-02
  2.0731881e-03
  2.5128578e-03
  3.3154204e-02
  1.3132850e-02
  8.3244033e-03
  1.8237643e-02
  1.7925316e-02
  3.1771474e-03
 -1.3617080e-01
 -7.0658047e-04
  1.0033779e-02
  8.0716535e-03
  8.5383290e-03
  1.3558526e-02
  4.4751022e-02
  8.8993907e-03
 -2.0971794e-02
  2.9219171e-02
 -7.4356627e-03
  7.8439470e-03
  2.6845140e-02
 -4.9142381e-03
 -4.4321574e-02
 -1.3898996e-02
  2.1367602e-03
  1.4763447e-02
 -2.0270433e-02
 -1.1668199e-02
 -7.7821692e-03
  4.7908995e-02
  8.5619800e-03
 -2.8617026e-02
 -7.0050010e-03
 -1.9060203e-04
  1.6325306e-02
  2.7870059e-02
  2.8518490e-03
  8.7461649e-03
  4.3003676e-03
 -5.5863157e-02
  3.5059029e-01
  4.5914635e-02
  1.6475131e-03
 -1.8963707e-03
  3.3542048e-03
 -1.7059445e-01
 -4.2164312e-03
  1.5741982e-01
  6.1350115e-02
  1.1264225e-02
  2.2349006e-02
 -4.7700722e-02
  2.4963389e-01
 -6.1060037e-02
  3.4980860e-02
 -1.6401955e-01
  5.4587722e-03
 -1.7953427e-03
 -8.6482856e-03
  1.6576191e-04
  4.1255052e-03
 -1.0323142e-02
 -1.1309657e-01
 -5.4923524e-03
 -2.2351254e-02
  1.6942644e-02
 -7.2788801e-03
 -2.6302148e-02
 -6.2302891e-03
 -2.9311366e-02
 -1.1875244e-03
  2.0430002e-02
 -1.7097495e-01
 -2.3949560e-02
 -4.5381752e-03
  1.2529686e-02
 -3.5701767e-02
  2.8747760e-03
 -3.5425352e-03
 -9.7296268e-02
 -3.3484429e-02
  2.6305353e-02
 -1.0008835e-03
  2.9931332e-03
 -6.4970530e-03
  8.9740450e-04
  9.5788436e-03
  4.2649727e-02
  3.2345840e-04
  1.9156365e+00
  7.5271815e-01
 -1.9100082e-01
 -1.5988442e+00
  1.0858822e+00
 -5.4642463e-01
 -7.6295102e-01
 -6.1742204e-01
  9.7837321e-02
 -3.2886389e-01
  1.3601881e+00
  1.5089319e+00
  9.3154900e-02
 -6.2577927e-01
 -9.9862552e-01
  8.0277398e-02
  3.9399371e-02
  1.0339179e+00
  3.3229511e-02
  2.7160454e-01
 -4.1429064e-01
 -3.3871862e-01
  9.7073454e-01
 -2.0471838e+00
  8.8915884e-01
  2.2584157e+00
  6.0944933e-01
 -1.0445579e+00
  2.4945457e-02
 -9.8310284e-02
 -7.8016043e-01
  1.3471173e+00
 -4.4544986e-01
  5.6591415e-01
 -2.1968645e-01
  8.1457657e-01
 -5.5756425e-03
  5.3220283e-04
 -4.2303957e-02
 -2.6888916e-01
  1.0105587e-01
 -2.2689468e-01
 -4.2255212e-02
 -6.0404018e-03
  1.3467318e-02
 -1.5147435e-02
  2.8360857e-02
  6.9643408e-03
 -2.3144856e-03
  1.5726833e-02
  5.9477787e-04
  5.1346612e-01
  2.0030741e-02
  9.4599593e-03
 -1.0030350e-02
  1.3898395e-01
 -9.4815111e-04
  1.4635953e-01
  3.1945087e-02
  2.6515284e-01
 -1.0306939e-02
 -2.7526040e-02
 -7.7698417e-02
  7.3747411e-03
  3.4948187e-03
 -1.1095991e-02
  1.3764785e-02
 -9.8835630e-04
 -9.8968428e-01
 -1.3556532e-03
 -2.3960648e-03
  1.2895321e-03
  6.6190831e-02
 -1.6326681e-02
  1.9836606e-02
 -2.0576799e-03
 -2.2689197e-03
 -3.2346915e-03
 -2.4819268e-02
  2.7061484e-03
 -1.9896539e-02
 -3.8711487e-03
 -4.5849357e-02
 -2.2553617e-02
 -5.1171772e-02
 -1.6278615e-02
  3.8770544e-03
  4.2984528e-03
 -2.6896158e-01
  8.0547750e-02
  7.5336762e-02
  8.3212420e-02
 -2.2606030e-01
 -2.7074870e-01
  1.9581620e-01
 -5.2538645e-01
  2.1824326e-02
 -2.7432969e-01
  1.7861551e-02
  7.0234269e-01
  1.0975713e-01
  4.4528836e-01
  5.5582821e-02
 -1.0226202e-02
  4.9910755e-03
  5.2527428e-02
  3.8985559e-01
  1.6127791e-03
  2.9087630e-01
 -2.2731233e-02
  5.0575262e-01
  2.0468382e-02
 -2.2484293e-02
  1.9394983e-01
  1.5983754e-01
  1.1098192e-01
  1.2837407e-01
 -4.0702991e-02
 -2.5483051e-01
 -7.0806099e-03
 -8.9476462e-03
 -1.5085089e-01
 -7.4672960e-02
  2.3488799e-02
  3.8045846e-02
 -9.4285067e-03
 -2.4427446e-02
 -2.9890375e-02
  7.0411764e-02
 -9.9085465e-02
 -9.1061033e-03
  6.1185649e-03
 -2.3413235e-03
  1.8365894e-02
  3.3393798e-03
 -7.2818971e-03
  1.4940999e-04
  1.7225852e-02
 -2.0886783e-02
  3.5070574e-01
  2.4894755e-02
 -4.5017437e-03
 -7.0238486e-05
 -1.0507794e-03
 -1.4107265e-02
  5.9064864e-03
  2.7217910e-02
  1.4690377e-02
 -3.1533435e-02
  4.4382391e-03
 -4.7148246e-02
 -8.7960642e-03
  1.3265869e-02
 -2.9054766e-03
  2.2899434e-02
  1.6116509e-02
 -2.4694487e-02
  8.7522464e-03
  9.5764529e-03
  3.7488516e-02
 -1.1720659e-02
 -3.0259187e-03
  1.3994733e-02
 -8.2529671e-03
  3.5096988e-02
  2.2022231e-03
  6.1580431e-01
 -4.0294039e-03
  5.2876964e-02
  1.3759208e-02
 -1.3007255e-02
 -8.1002126e-03
 -3.2728150e-02
 -2.7912841e-03
 -3.5867088e-03
  3.2960106e-02
  9.5915486e-04
 -8.0346537e-01
 -7.7422559e-01
  6.1068654e-01
 -3.6237672e-02
  4.5367857e-03
  3.7535284e-02
  1.1531264e-04
  6.8236478e-03
  1.9359836e-01
 -2.7846643e-01
 -4.0285871e-03
 -1.6325101e-02
 -1.1299215e-02
  4.8720095e-01
  8.2447189e-01
 -2.2939938e-01
  7.6316176e-03
  7.4187191e-03
  7.4616486e-01
 -1.9927788e-01
  1.4541866e+00
  9.0512708e-03
 -2.3170386e-02
 -4.5645461e-04
 -2.7786526e-01
  1.0980158e+00
  4.9885521e-03
  1.0475677e-02
 -3.4307408e+00
 -4.1332706e-03
 -3.0700210e-02
 -1.7087707e-02
 -4.5147863e-01
 -1.8914032e-03
  1.9464968e+00
 -1.9104792e-02
  4.6414787e-01
 -5.0223447e-02
 -1.1932036e-02
 -5.0661445e-01
 -4.8022242e-03
  8.7917298e-03
  7.2483677e-01
 -2.2302346e-02
 -3.5397798e-02
  2.4836129e-01
 -3.1721655e-02
 -1.2880363e-01
 -3.7819669e-03
 -4.1352827e-02
  4.5778480e-01
 -5.7275438e-01
  4.6962690e-01
 -3.6873225e-02
  9.6151754e-03
  4.9208518e-02
 -4.6628263e-02
  1.8681886e-02
  5.7541513e-01
 -1.6971891e-01
 -1.0405225e-02
  2.8399894e-01
 -2.0859781e-01
 -4.1139185e-01
  4.6019316e-01
 -7.4410313e-01
  6.1962519e-02
  2.0923769e-02
 -2.5360355e-01
  2.9760441e-01
 -9.5138854e-01
  1.4806825e-01
  1.1409844e-02
 -1.0222387e-01
  1.4376444e-01
 -4.2356424e-02
 -1.5523317e-02
 -2.4214013e-02
 -5.6706434e-01
 -1.8558052e-01
  2.8644431e-02
 -5.6809992e-02
 -6.0525101e-01
 -6.8050772e-03
 -3.7249956e-01
 -3.0505838e-02
 -6.7666125e-01
 -6.5694623e-02
 -2.0956527e-01
 -4.2041734e-01
  5.3707868e-02
  3.4114279e-02
 -2.8226003e-01
  5.1281922e-02
 -2.4724503e-01
  9.0074557e-01
 -1.2958734e-01
  7.0905733e-01
  7.3519215e-02
  3.7453861e+00
 -5.6919843e-01
  5.2502519e-01
 -9.6984440e-01
  9.1808744e-02
  6.7835994e-02
  1.2751088e-01
  1.2322991e+00
  3.3542189e-01
 -1.1938178e-03
 -3.8704237e-01
 -2.5112665e+00
 -2.3679854e-01
 -3.4147689e-01
  1.9802983e-01
  5.0970531e-01
  5.7367420e-01
  3.7223244e-01
  5.5900323e-01
  2.6113672e+00
 -4.4810116e-02
 -1.0432059e-02
 -1.0356733e+00
 -2.0097286e-01
  7.9629928e-01
 -8.2205164e-01
  2.5347477e-01
 -7.5698406e-01
  2.7055141e-01
 -2.6466684e-02
  1.8005517e+00
  7.4557418e-01
  5.9025925e-01
  5.7585710e-01
 -3.7905391e-02
  2.6160984e+00
  9.5091623e-01
 -4.9797982e-01
 -4.2871251e-03
  1.1506780e+00
  4.3034068e-01
  5.4441940e-04
  1.5047607e-01
  4.1838309e-01
  7.2941560e-01
 -2.6681191e-01
  1.2866943e-01
 -1.3067539e+00
 -3.4329197e-01
  2.1303621e-01
 -2.5223410e-02
  3.4956571e-01
  2.1665261e+00
  7.8912807e-01
  9.0363061e-01
  2.8111592e-02
  1.3663806e+00
 -1.3010546e-02
  5.2048815e-03
  8.1264889e-01
 -1.7567708e-01
  6.6585165e-01
  3.0454524e-02
 -1.4072942e+00
 -1.5120671e+00
 -9.4697726e-01
  1.2985836e-01
 -6.8573475e-01
  1.5656706e+00
  1.3435029e-03
  4.2369598e-01
 -4.5096770e-01
 -6.9480583e-02
  4.8454165e-01
 -4.9385259e-01
  6.9978178e-01
 -9.1622990e-01
 -1.9396094e+00
  3.1280613e-01
 -9.7694182e-01
  7.6464064e-02
 -1.1860707e+00
  8.9210227e-02
 -6.5141588e-01
 -6.7783242e-01
  2.1896681e-01
  3.8100407e-02
  1.9353595e+00
 -1.6457417e+00
  4.9130976e-01
  1.1910014e+00
  2.7291110e+00
  1.6252610e-01
 -3.1330448e-01
  2.5033869e-03
  9.4587517e-01
  2.5335870e+00
  1.1843006e-01
  2.0519726e-01
 -2.1604064e-01
  2.5978856e+00
 -8.6987153e-02
  5.5672610e-01
  2.0327862e-01
  5.2610075e-01
 -1.0030807e+00
  1.4696093e-03
  3.2826468e-01
  7.6661700e-01
  5.5724392e-03
  4.6886327e-03
  1.8963806e-02
  1.1204625e-05
 -1.0188242e-03
 -1.5641622e-01
  4.4134263e-02
  3.2113075e-01
 -1.5148051e-01
 -4.7988392e-02
 -8.7239844e-01
 -9.1564721e-01
  7.1555868e-02
 -4.8744902e-03
  1.4098250e+00
  5.6737568e-03
  1.3885710e+00
 -7.2304451e-01
 -6.9823004e-03
 -4.1157538e-01
  2.5892122e+00
  2.2636245e-01
  1.7923680e-01
  3.5454699e-01
  1.6818168e+00
 -9.6588030e-02
  6.8632358e-01
 -1.4185824e-01
 -5.0617361e-01
  1.8036717e-01
 -5.8415127e-01
 -3.2369151e+00
 -3.7938249e-01
 -9.2270255e-02
 -1.1655791e-01
  6.2103998e-02
 -7.3507196e-01
 -3.8312614e-02
  3.4756273e-01
 -1.4541136e-01
  7.4296564e-01
 -9.6641934e-01
 -1.2905295e+00
  2.0990369e+00
 -1.0965955e+00
  1.6000105e-01
 -3.7886485e-01
 -4.3347415e-01
 -1.2509774e+00
 -5.1830971e-01
 -7.5505811e-01
 -8.4904528e-01
 -2.0006350e-01
  1.7109532e-02
 -1.1061801e+00
 -1.2652434e-02
  5.7260388e-01
 -4.9647567e-01
  2.4651727e-01
  9.8623246e-01
  2.3392327e+00
  2.2352304e+00
  1.4303097e+00
  1.7771348e-01
 -1.8604952e-01
 -5.4244751e-01
 -5.6797564e-01
  5.5518292e-02
  5.0845921e-01
  7.7117616e-01
  8.3157271e-01
 -2.3922168e-01
 -1.1629347e+00
  3.8837689e-01
  1.5846564e+00
  6.8049568e-01
 -2.1904304e+00
 -8.1376597e-02
  1.8418875e+00
  2.2090530e-01
 -7.6971000e-01
 -6.3297784e-01
 -1.1766144e-01
 -6.6543028e-02
  1.6562885e+00
  1.0886860e+00
 -1.7906007e-01
  5.2050576e-03
 -1.5822490e-01
  2.3624861e+00
 -7.5715184e-01
 -9.3446195e-01
 -9.2412919e-01
 -7.4412388e-01
 -1.2607137e+00
 -1.6336206e+00
 -1.5775484e+00
 -4.4421238e-01
  5.0648028e-01
  3.2588649e-01
  8.8727415e-02
  2.3759939e-02
 -3.1372840e+00
  2.0595785e-02
  2.0212485e-01
  3.1345342e-03
  1.4985656e+00
 -9.8253846e-02
  1.4969723e-03
  8.3663743e-03
  1.1999162e+00
  1.1958883e-01
 -3.7975058e-01
 -5.6921872e-03
  6.8278575e-01
  7.1235442e-01
  4.6301860e-02
  2.6837257e-03
  3.9041817e+00
  1.0538082e-02
  6.5324269e-02
  7.9796370e-03
 -7.0484531e-01
 -3.7826376e+00
 -2.0242777e-02
  1.1701141e-02
  5.4284698e-01
 -1.3900365e+00
  8.9571238e-01
  4.2554155e-02
 -2.5924891e-01
  1.2539493e-01
  1.3696982e-01
 -8.2462525e-01
  9.0577036e-01
 -1.3064940e+00
  5.7323822e-03
  1.8913345e+00
  4.8217624e-01
 -2.4671321e-01
 -5.4964924e-01
 -1.2502806e-02
 -7.7936763e-01
 -1.3019471e-02
 -1.4245336e+00
 -9.9806838e-02
 -4.2450014e-01
  2.0952319e-01
 -4.2698238e-02
  7.3413283e-02
 -7.4037141e-01
 -1.0405496e+00
  3.5526204e-01
  5.6850445e-01
 -1.4944421e-01
 -9.8763061e-01
  1.4547563e-02
  2.0532973e-02
 -4.0528372e-02
  1.5934650e-04
  8.4145540e-01
 -1.8289426e-01
  1.3119547e+00
  1.6531374e-01
  2.5663254e+00
  2.5207305e+00
 -6.4387125e-01
  1.2922995e+00
  1.0752107e+00
  1.4630827e-01
 -1.9185588e+00
 -5.6520724e-03
  8.0986869e-01
 -1.8915437e-01
  8.2504636e-01
 -2.8216273e-01
  8.3200902e-02
 -6.6098131e-02
 -8.9411020e-02
 -2.3142374e+00
 -6.1198495e-02
  1.0035978e-01
 -2.3197675e-01
 -2.4194481e-02
  5.2672231e-01
 -2.7876595e-01
 -2.1062534e+00
  4.8825320e-02
  1.6133529e+00
 -4.4438723e-03
 -5.4142606e-01
 -1.2747430e+00
  2.1289136e+00
 -3.8941631e-03
  8.8982701e-01
 -2.9773664e-02
  3.5686222e-01
  4.7758767e-01
 -2.5647935e-01
  4.2705858e-01
  1.3713323e+00
  7.3226325e-02
  3.7815383e-01
  4.1486880e-01
  1.3106582e-01
  1.1153361e+00
 -3.5726726e-01
  1.8265842e+00
 -8.9965779e-01
 -6.9617121e-03
  1.1591716e-01
  2.7219567e-04
  7.2940581e-02
  1.5795621e+00
  7.9008132e-01
  7.8387648e-01
  4.9815437e-01
  1.0982999e+00
 -3.0854219e-01
 -2.1876698e-02
 -5.9678173e-01
  3.1060907e-01
  1.7084377e+00
 -1.4191149e-02
 -1.4071928e-01
  7.2387666e-02
  1.9570211e-01
  7.1546328e-01
 -1.3527955e+00
  2.4607392e-01
 -1.2453759e-01
  8.1066914e-02
  5.2930969e-01
 -1.5156859e+00
 -1.6371610e+00
 -9.4290497e-03
 -1.1855958e+00
  8.2678211e-01
  8.6381309e-02
  6.2077773e-01
 -1.2509689e+00
 -7.1538817e-03
 -2.3167245e+00
  2.6389349e-01
  6.6246438e-01
 -4.6643153e-01
 -1.2590431e+00
 -4.7560684e-02
  9.9216384e-01
 -9.5565897e-01
 -7.2770303e-01
  8.7764972e-01
  2.0556448e+00
 -6.8387014e-01
 -3.3278668e-01
  2.1914828e+00
  7.3089862e-01
  3.9470330e-01
  1.3397951e-01
  2.8273711e-01
  7.5610626e-01
  4.6216083e-01
  1.3153267e+00
 -2.0707827e-03
 -9.7811419e-01
 -6.7530572e-01
  9.1801834e-01
  8.6695188e-01
 -2.3929424e+00
  1.1595583e+00
  9.5020115e-01
  1.4438286e+00
  1.0000551e-01
  2.0315745e+00
  2.4298017e+00
  7.6327398e-02
 -6.5032917e-01
 -5.5281448e-01
  1.0673504e+00
  1.0778018e+00
  6.0074246e-01
 -2.8492606e-01
 -6.2956089e-01
 -2.2449992e+00
  1.4854840e+00
  2.9073629e-01
  2.3078716e+00
 -2.7320927e-01
  6.9885647e-01
 -8.7100524e-01
  3.5054142e+00
  1.8894520e+00
 -1.0169726e-01
 -1.3095299e+00
  9.6965119e-02
 -4.3742171e-01
 -2.6779598e-01
  1.7578225e+00
 -1.4072385e+00
  1.0782256e+00
 -7.8661460e-04
  1.1959580e+00
  5.0116593e-01
  9.6667457e-01
  4.3891393e-02
  9.3978971e-01
  5.9812731e-01
  1.7939006e-01
  2.1401007e+00
  6.1462555e-02
  9.7246833e-02
 -9.9204820e-01
 -3.4802794e-02
  1.1165567e-02
  2.4889589e-03
 -1.2126700e-03
  7.9493022e-01
 -5.3037214e-01
 -4.0534011e-01
  9.8631255e-02
 -2.7928397e-01
 -5.1200253e-01
 -6.1278236e-01
 -2.5065139e-01
  1.2895920e+00
 -4.9719797e-03
  1.6016746e+00
  1.2262781e-02
  8.9684016e-01
 -2.6001716e-01
 -7.4403834e-01
  2.2289104e+00
 -1.4990923e+00
  1.3658042e-01
  1.3924323e-01
 -1.0200837e+00
 -2.2833936e-01
 -9.1277581e-01
  1.1192068e+00
  5.0848417e-02
  5.6250083e-01
  8.1067026e-01
  1.7567422e+00
 -1.0056885e-01
 -2.1360675e-01
 -1.0370291e-02
 -8.2510270e-02
 -2.8623620e-01
 -1.5355177e-01
 -4.9844182e-01
  5.1147372e-01
 -3.5103345e-01
  2.6609644e-02
 -2.5227198e-01
 -3.8377061e-01
  8.8979240e-04
  1.0128832e+00
 -3.9439631e-01
  1.1055700e+00
 -1.2314637e+00
  4.3943849e-01
 -6.9864297e-01
  1.9300206e+00
  1.7438587e+00
 -3.2360248e-02
 -2.8120577e-01
  7.6307243e-01
 -1.1993348e-01
  4.9391779e-01
 -1.2486318e+00
  3.7613842e-01
  2.8511710e+00
  2.2752827e-01
  2.9204433e+00
 -3.0611248e+00
 -4.6509463e-01
  1.2182573e+00
  1.4103422e+00
  6.6651148e-01
  1.2267276e+00
 -4.3876627e-01
 -2.2784581e+00
  2.2892687e+00
  1.3822111e+00
 -6.4405330e-02
  4.8155484e-01
 -3.8736403e-01
 -6.0924119e-01
  8.0719687e-02
  1.9592706e+00
 -3.5970238e-01
 -3.5587424e-01
 -1.5086299e+00
  1.3661331e-01
 -6.2814301e-01
  3.7022837e-02
 -1.0761784e+00
  4.8781525e-02
 -8.5688639e-01
  2.2960191e-03
 -1.9465572e-01
  1.8420234e-01
 -1.2548003e+00
 -3.6508787e-01
  6.0190201e-01
  9.8021579e-01
 -6.3206494e-01
 -7.5030804e-02
  2.4465448e-01
 -1.8114220e-02
 -2.4920073e-01
 -2.4777684e-02
 -6.4018852e-01
 -1.5706638e+00
 -1.5458285e+00
 -1.1671624e+00
 -3.2493949e-01
 -2.6262832e-01
 -3.1944497e+00
  9.2250854e-03
  4.6645483e-01
  4.0437141e-01
  2.3037391e+00
 -9.1870636e-02
 -1.5677890e-01
  1.7100168e+00
  7.7454859e-01
 -1.0606585e+00
 -8.1239194e-01
 -2.1600552e+00
 -2.5417981e+00
 -1.9328129e-01
  1.2820150e+00
  9.2793888e-01
  7.0434505e-01
 -6.0522789e-01
 -1.1229731e+00
 -2.4142094e+00
  1.2545526e-01
 -1.3305323e-01
  2.1565254e-03
 -6.3132608e-01
 -1.7180907e+00
  1.3023204e+00
  1.4626384e-01
  4.8413160e-01
 -3.5530740e-01
 -2.1682775e-01
 -4.2696261e-01
  5.5375808e-01
  1.9595624e+00
 -3.3597353e-01
 -8.2266665e-01
 -1.1413200e+00
  5.5086809e-01
  4.5386979e-01
 -3.2056905e-03
  1.6863103e-01
 -9.5283806e-01
 -1.7303726e-01
 -3.9601144e-01
  1.1194797e-01
 -1.0126299e+00
 -7.9096287e-01
  5.5268914e-03
  1.2102423e+00
 -1.8599810e-01
  1.6279194e-01
 -2.2988496e-03
  8.3569598e-01
 -7.9781133e-01
  1.0013804e+00
 -7.0599180e-01
 -3.0939064e+00
  8.1479508e-01
 -2.3790004e+00
  1.1564329e+00
  2.2858529e+00
  1.6839974e+00
  3.9348698e+00
  3.6143281e-02
  8.6692823e-03
 -9.8301184e-01
  2.7533647e-02
  2.1297323e-02
 -9.8132795e-01
  1.5118480e-01
 -1.1417881e+00
  1.0072112e+00
  1.2053603e+00
  9.1224301e-01
  1.8797256e+00
  6.3192636e-02
  6.6428882e-01
  4.1481096e-01
  1.7567606e+00
 -3.2273528e-01
 -1.9784553e-01
  2.4129556e-01
 -5.1387358e-01
  1.7018738e-01
  1.3781172e-01
  3.0014750e-01
  2.2138938e-01
  5.9969193e-01
  6.5117913e-01
 -2.0450036e-01
  1.2461922e+00
  2.5935051e-01
  5.2401561e-01
 -2.3175238e-01
  9.0274714e-02
 -1.4029458e-01
  3.7832159e-01
 -2.6575533e-01
 -3.4712771e-01
  2.0296944e-02
  1.1470513e+00
 -2.4910989e+00
  7.8626156e-01
 -2.2203013e-01
  7.3028249e-01
 -1.3933435e-01
  1.2660252e-02
  7.5612938e-01
  3.7124997e-01
  7.5020276e-02
  1.6143889e+00
 -1.5675288e-01
  6.4821315e-01
  1.7394906e-01
  1.1816108e+00
 -1.6177040e-01
  8.1001386e-02
 -2.8117380e-01
 -1.1943506e-02
  8.2427150e-01
 -2.9243547e-01
  1.5926352e-01
  1.2728661e-01
 -5.5573136e-01
  7.6577687e-01
 -6.1448902e-01
  5.6866813e-01
 -2.4799347e-01
 -4.5896873e-01
  8.1195854e-02
 -1.1784235e-01
  4.7125715e-01
  2.4911234e-01
 -2.7240553e-01
  8.0601758e-01
 -2.9352894e-01
  1.1599461e+00
 -1.1656877e+00
  6.1796594e-01
 -3.4604838e-01
  2.4158642e-01
 -1.2695082e-01
 -4.5675407e-03
  1.5213993e-01
 -9.1255590e-02
  1.3651302e-01
  1.1720865e+00
  7.4373204e-03
  3.2239416e-01
  6.0601717e-01
  2.0924842e-01
 -6.0172188e-01
 -3.0282024e-01
 -4.8774135e-01
 -1.0064332e+00
 -1.8437149e-01
 -3.8911691e-01
 -2.4590838e-01
  2.3756217e-04
 -2.2977388e+00
  2.1538366e-01
 -4.0961650e-01
 -3.8701180e-02
 -1.1569375e+00
  5.4589037e-02
 -1.1690862e+00
 -6.4002562e-01
  2.6727576e+00
 -5.0027147e-03
 -7.5495207e-01
  3.5973601e-02
 -1.4941992e+00
  3.3573824e-01
 -1.1447469e-01
 -7.4572557e-01
  9.5218545e-01
 -3.8546923e-01
 -1.3420111e+00
 -1.1297331e-02
  3.2830701e+00
 -1.7800985e-01
  3.4305146e-01
 -7.3319063e-02
  1.5199928e+00
 -8.3813435e-01
 -2.3523414e-01
 -4.3336806e-01
 -5.8026653e-02
 -1.6502012e-01
 -6.9814396e-01
 -7.8383625e-02
  1.2264317e+00
 -4.0582731e-01
 -8.6370409e-01
 -7.4863404e-01
  1.9275277e+00
  2.3343753e-05
 -5.4152614e-01
 -7.2692549e-01
  7.0989752e-01
 -3.2986000e-01
 -2.4560568e-01
 -9.2985266e-01
  4.2427734e-01
  1.1443618e-03
 -1.3662657e-01
  2.4799533e-01
 -4.6305247e-03
  2.6555683e-02
 -7.0388836e-01
  3.2494623e-02
 -8.0073448e-03
  2.5359667e-03
  1.7899481e+00
  2.8697601e-01
 -5.2815030e-04
  9.5437036e-04
 -8.2106108e-04
  2.0900044e+00
 -2.6504478e-01
  4.1597173e-01
 -1.2668383e+00
 -4.0631657e-03
  3.5369810e-01
 -7.0122647e-01
  8.8996327e-01
  2.1299345e+00
  1.6544201e+00
  2.4746455e-01
 -2.9790398e-01
 -1.8899185e-03
 -3.0861974e-02
  2.4901900e-02
  6.8535972e-01
  1.0158790e+00
  3.4609580e-01
 -7.2096837e-01
  5.1233846e-01
  6.7882484e-01
 -3.9610095e-02
  8.6695397e-01
  6.8790221e-04
  5.3432620e-01
  1.0841209e-02
  1.3213176e-01
 -8.0975771e-01
  9.6088715e-02
 -3.5501236e-01
 -6.4335531e-01
 -2.2011629e-01
  6.6342312e-01
 -1.4420757e-01
  4.2457994e-02
 -8.6040823e-03
 -1.5205001e-03
 -4.6545002e-01
  5.3126186e-01
 -3.6665255e-03
 -1.1991359e+00
  9.7709619e-02
  2.1708094e-01
 -2.0113947e-02
 -2.8286200e-02
 -8.6377233e-02
 -3.6298123e-01
  1.0810629e-01
 -4.4145045e-01
  7.4316990e-01
  2.6616174e-01
 -5.2529746e-01
 -5.3412324e-01
 -9.1787350e-01
  3.7966582e-03
  4.8707414e-01
 -2.9538554e-01
  9.5150274e-01
  1.5833478e+00
  4.7440484e-02
 -9.5360994e-02
  2.4143908e+00
  2.8436966e+00
 -3.0187929e-01
 -5.9937680e-01
  1.0829452e+00
 -3.8854113e-01
  5.3144353e-03
 -1.8499419e-01
 -3.8787298e-02
 -2.1137787e-01
  1.4704350e-01
 -4.6146217e-01
  2.1118861e-01
 -2.1763122e-02
 -5.7529366e-01
 -1.2568761e-01
 -4.6095397e-02
  1.3097810e+00
 -7.1173139e-02
 -3.0607268e-01
 -6.3858163e-01
  1.0526496e+00
  5.3361338e-02
 -4.7379887e-01
 -6.8183881e-01
  8.0885381e-01
  1.5006177e-01
 -8.0078542e-02
  2.3359172e-02
  2.3359172e-02
  2.3359172e-02
  2.3359172e-02
  2.3359172e-02
  2.3359172e-02
  2.3359172e-02
  2.3359172e-02
  2.3359172e-02
  3.7800722e-02
  3.7800722e-02
  3.7800722e-02
  3.7800722e-02
  3.7800722e-02
  3.7800722e-02
  3.7800722e-02
  2.9012233e-02
  2.9012233e-02
  2.9012233e-02
  2.9012233e-02
  2.9012233e-02
  2.9012233e-02
  2.9012233e-02
  1.3580502e-02
  1.3580502e-02
  1.3580502e-02
  1.3580502e-02
  1.3580502e-02
  1.3580502e-02
  1.3580502e-02
  5.7021868e-03
  5.7021868e-03
  5.7021868e-03
  5.7021868e-03
  5.7021868e-03
  5.7021868e-03
  5.7021868e-03
  1.2225810e-02
  1.2225810e-02
  1.2225810e-02
  1.2225810e-02
  1.2225810e-02
  1.2225810e-02
  1.2225810e-02
