nep4 2 Cu Se 
cutoff 7 5 100 44
n_max 8 6
basis_size 12 12
l_max 4 2 0
ANN 50 0
  1.0379551e-02
  3.9078237e-05
 -1.7646948e-01
 -1.9915791e-03
 -6.0079866e-03
  3.6981541e-01
  1.2228981e-02
  1.4934022e-02
  1.0005902e-03
 -2.6226859e-03
  2.3688844e-03
  3.4041684e-03
 -2.9447782e-03
  4.2006634e-03
 -2.8840633e-02
 -1.1072299e-02
 -5.7479511e-03
  4.7249097e-04
 -1.7172856e-02
  5.0231670e-03
  1.5130165e-01
 -1.3372280e-03
 -4.0521268e-03
  3.3892246e-03
 -2.5224236e-03
 -1.8589178e-02
 -1.4096469e-02
  1.4615532e-02
  2.7626447e-02
 -7.9708686e-03
  1.9535804e-02
 -6.2134331e-03
  3.3278805e-03
  1.0505304e-02
  1.1913360e-02
 -1.3006227e-02
  3.6300446e-03
 -8.1462655e-03
  5.9850523e-03
  1.2874803e-02
  1.0964880e-03
 -1.2587279e-02
 -8.0875703e-04
 -7.3186834e-03
  3.7187187e-05
  3.9639525e-02
  9.2658540e-03
 -1.6489469e-03
 -1.9928870e-01
 -3.5201733e-03
 -4.6388060e-03
  2.8412128e-03
  5.9777409e-02
  2.4734894e-03
 -4.1341226e-04
 -1.0369642e-02
 -1.8738447e-02
  5.2154590e-03
  2.3645419e-04
 -7.4692094e-04
 -5.0155921e-03
 -1.3601580e-03
  3.7711305e-03
 -1.0430367e-02
 -8.7173155e-04
 -7.5630508e-03
  8.7334644e-03
 -1.8371113e-02
 -1.9178714e-03
  1.5628854e-02
  9.3997344e-03
  1.3383933e-02
 -3.1716064e-02
 -1.8799787e-02
  1.9725120e-02
 -5.2600070e-03
 -6.5233344e-03
  5.3492715e-03
 -1.0757836e-02
 -1.7264856e-04
 -5.5151839e-02
  2.9220651e-03
  4.3388531e-03
  1.9341726e-02
  1.4559657e-02
  9.8471278e-03
 -1.0821866e-03
 -1.1166667e-03
  1.5819347e-01
  1.9457225e-03
  5.3940453e-02
  1.2081765e-01
  3.9451090e-01
 -3.4893081e-03
 -4.0188823e-03
 -7.1662682e-01
  2.0330241e-03
 -8.0799216e-01
 -7.6133814e-03
  6.2393700e-03
  9.1790818e-03
 -2.4195217e-02
  4.0404294e-03
  6.8194307e-03
 -2.2697586e-03
  2.1901965e-02
 -3.4459839e-03
 -1.0864398e+00
  8.7921685e-03
 -2.8735613e-03
 -7.3917024e-03
  5.9547815e-03
 -2.5539650e-03
  2.0649036e-02
  2.3001491e-03
  1.4313486e-01
  1.1364617e-02
 -5.4517392e-02
 -6.9776839e-03
 -1.0265394e-02
 -1.2031173e-02
 -1.8333059e-02
 -2.3872573e-03
  3.4705989e-02
  5.4568849e-03
  1.0046409e-02
  6.7813676e-03
  1.8681325e-02
 -1.7761164e-03
  1.1101331e-02
 -1.2094330e-01
  2.1498743e-03
  9.2696601e-01
 -3.1561098e-01
  1.9933368e-01
  5.2457207e-01
 -7.4240458e-01
 -2.5041232e-01
 -3.9632747e-01
  1.5304416e-01
 -7.7569991e-01
  5.4972894e-02
 -5.1624021e-03
 -4.0359790e-03
 -8.6645424e-02
  4.0749889e-03
  4.2142533e-02
 -5.2044493e-01
 -3.0017447e-01
 -1.8563221e-01
  1.6624863e-01
 -3.4368619e-02
 -4.0493235e-01
 -1.0961285e-01
  6.3734159e-02
  1.1366747e-02
 -5.4701600e-02
  1.0023179e-01
 -7.6179123e-03
 -4.1514987e-01
  4.3324670e-01
  1.2118863e-02
  1.3213666e-02
  2.2218466e-02
 -4.5717224e-03
 -1.3068711e-02
 -1.0107603e-02
  5.7804209e-01
 -8.6418517e-02
 -1.4876911e-01
 -8.1499167e-02
  7.4561439e-03
 -2.3771835e-02
 -6.7523820e-03
 -7.6354615e-02
  7.5576387e-02
  1.0754043e-03
  6.2593240e-03
  1.1718918e-01
 -3.8974672e-03
 -1.3796702e-02
  3.7986331e-02
  3.6221570e-03
  2.6983727e-02
 -2.0317947e-03
  1.5088683e-02
 -6.6411537e-03
  4.7227231e-01
 -2.1082922e-03
 -7.5468337e-03
  2.8810790e-03
 -5.9125707e-03
 -2.2860093e-02
 -4.9282415e-03
  1.3019065e-03
 -1.5705489e-02
 -3.2624728e-03
 -6.4050895e-03
  2.4141634e-02
  1.1377498e-02
  2.2288592e-04
 -8.8756140e-03
 -3.4263232e-03
  6.7091212e-03
 -6.4229937e-03
  1.1801999e-02
  3.6866618e-03
  1.2313638e-02
  2.0134719e-02
 -3.4733839e-02
 -2.1777814e-04
 -3.5654288e-05
 -3.1666253e-03
 -1.7008709e-02
  2.9166194e-03
  2.6683218e-03
 -4.5234705e-03
 -3.1524025e-02
  3.4268773e-03
 -1.6232379e-02
  1.7500628e+00
  2.5910106e+00
 -1.5404191e+00
  7.4094188e-01
 -9.9783051e-01
  4.7373736e-01
 -5.5840284e-02
  1.4556918e-01
  1.2420742e-02
  4.0062818e-01
 -7.2344922e-02
  3.5189644e-01
  1.3379961e-01
  5.5262905e-01
 -1.1123272e+00
 -1.5900786e+00
  1.7746105e+00
  1.2307984e-01
 -6.5906417e-01
  5.1633722e-01
 -4.7467327e-01
  5.8931273e-01
  7.4900866e-02
 -2.7428779e-01
  1.0050325e+00
  4.5242018e-01
  3.5790572e-01
 -8.1463289e-01
 -7.8597844e-01
 -6.0623175e-01
 -1.8901089e-01
 -1.3560877e-02
  1.4355143e-02
 -4.4681139e-02
 -5.9522688e-02
 -3.6980461e-02
  6.2045342e-01
  1.3292910e-03
 -6.0638911e-01
 -9.4126239e-03
 -5.0432686e-02
  1.2448571e-02
  5.3209402e-02
 -4.1342750e-03
 -1.4083632e+00
  5.3196974e-02
  1.0395323e+00
 -8.8987030e-02
 -9.5364201e-01
  1.6067982e-01
 -5.6504789e-03
 -1.2413524e+00
  8.3736507e-03
  8.8107018e-03
  1.1692487e-02
  6.4550467e-02
 -2.0141033e-03
 -1.0820379e-02
  1.6876113e-02
 -1.5193032e-02
  1.0172790e-02
 -1.4214084e-02
 -3.6726326e-03
  1.1770556e-02
  1.3918138e-02
 -1.5054447e-02
  1.0115794e-02
  1.0385967e-02
 -3.7140097e-03
  2.1331884e-02
 -8.5471440e-03
 -1.3281156e-03
 -3.9292653e-03
 -6.7308526e-03
  2.7281907e-03
  5.3112907e-03
  8.7688630e-04
  3.2346949e-03
  6.7345281e-03
 -2.2079833e-02
  5.6923977e-03
 -1.0052736e-02
 -1.8173020e-02
 -1.4842786e-03
 -4.5304608e-02
 -3.7825452e-03
 -2.3361002e-03
 -1.2307891e-02
 -1.5870078e-03
  1.7044881e-01
  1.7502280e-01
  5.2531031e-03
  4.0413967e-01
 -3.1062365e-03
  1.5826132e-03
  8.2389951e-02
  3.5532856e-01
 -5.9701800e-02
  1.8524358e-02
  2.6654659e-02
  1.0521783e-02
  4.7696331e-03
  2.2881873e-02
  6.2151523e-03
  6.6879638e-02
  5.2328489e-04
 -2.4247378e-02
  5.1311604e-03
 -6.6655334e-03
 -2.8393629e-03
  7.4549895e-03
  4.3419930e-03
 -4.0567815e-03
 -7.9832897e-03
  1.2590538e-03
  1.2774105e-02
 -1.6545421e-02
 -9.0089716e-02
  6.5544802e-03
 -1.4924513e-02
  1.6426621e-03
  1.7345505e-03
  1.7116657e-02
 -9.7265556e-02
  2.5217363e-05
  1.6502758e-02
  2.6282358e-03
  1.7577503e-02
  4.5209043e-02
 -1.1050735e-02
 -9.3446551e-03
 -3.6526867e-04
 -3.8247851e-01
  7.6126814e-02
  4.1910168e-02
  1.3827881e-01
  3.6099803e-02
 -7.8846160e-03
  2.7788104e-03
 -3.9538401e-01
  5.7430468e-02
  1.0623098e-02
  6.2832315e-03
  4.8290960e-02
  2.7792063e-03
  3.4962435e+00
  1.0245400e-03
 -4.8331241e-04
  5.1751090e-03
  7.0894826e-03
 -6.7327274e-03
 -1.9261429e-02
 -3.9646244e-03
 -3.0530863e-02
 -9.7589202e-02
  2.0254841e-03
  3.3778213e-03
 -1.3072658e-02
 -6.3097039e-03
  2.1705220e-02
  1.6025817e-02
 -2.2928189e-02
  8.3938790e-03
 -1.8449238e-02
  6.9692796e-03
 -6.9890227e-03
 -5.9829233e-04
 -7.5612575e-02
  2.5566854e-04
 -1.9183122e-01
 -8.3091464e-03
  6.3960548e-03
  4.7122152e-03
  2.1275892e-03
  1.6822062e-02
 -3.5661645e-02
  1.1570656e-01
 -3.7239885e-01
  6.6742569e-01
  4.1141978e-01
  4.1669908e-01
 -1.0932642e+00
 -8.7452924e-01
  9.2492485e-01
 -4.9465403e-01
  5.1195824e-01
 -6.1983854e-01
  1.8535693e-01
  5.7344449e-01
 -1.0019519e+00
 -3.0334730e+00
  6.8320310e-01
 -5.5687052e-01
  2.8115612e-01
 -9.1578299e-03
  1.8806566e-01
 -2.4906924e-01
  5.5778974e-01
 -8.4076357e-01
 -1.2140987e+00
 -1.3513025e+00
 -1.8008664e+00
 -1.6141701e+00
  2.0252736e-01
  3.0517906e-01
  6.4418769e-01
 -3.4529543e+00
 -2.1772210e-01
 -7.2328520e-01
 -5.1460469e-01
 -1.5469348e-03
  1.3753188e+00
 -2.5240108e-03
 -6.7885286e-01
 -1.1363986e+00
 -6.4820327e-02
 -4.0567026e-01
  4.2581186e-02
  1.0228367e+00
  1.1749059e-01
  1.5337418e-01
 -9.3672480e-03
 -1.2240452e+00
 -4.7162741e-02
 -1.5058340e+00
  4.5531169e-02
  3.5575577e-03
  7.2660938e-02
 -1.3781421e-02
 -1.1166807e-02
  4.2016106e-03
  3.5470575e-03
  1.3877869e-01
 -8.0523058e-04
 -7.3495889e-03
 -3.1597576e+00
  5.9929702e-02
  1.2807826e-02
 -1.5339557e-03
  2.6339630e-02
  4.1583199e-03
  3.6674563e-04
 -1.7041008e-03
 -6.1480757e-03
 -6.3159885e-03
  2.4728864e-03
 -8.8373348e-03
 -3.5829062e-03
 -3.8004948e-03
 -1.9778935e-02
  1.1184679e-02
 -1.5615082e-02
  2.8453406e-03
  5.7194694e-03
 -2.4155024e-03
  1.8968532e-02
 -8.9109074e-03
 -1.1676642e-03
 -2.5939398e-02
 -3.9761504e-03
  4.8214775e-03
  1.1283649e-02
 -4.1109428e-02
 -1.7996348e-02
 -2.9115170e-02
 -9.0539265e-01
 -1.1101224e+00
  2.0207722e-02
 -2.7834220e+00
  5.1636010e-01
  6.7759722e-02
 -4.5513573e-01
  2.9284447e-01
  2.7009675e-01
 -1.7647218e-02
 -1.5719740e-02
  5.0119375e-04
 -1.6994089e-02
  5.3338014e-02
 -1.0006681e-02
 -8.3329529e-03
 -4.4572055e-03
  9.7159501e-03
 -2.4201320e-03
 -2.5320193e-03
 -6.9552604e-03
 -2.7196592e-01
 -6.8254294e-03
  2.5134599e-03
  1.9073158e-03
 -8.6532440e-04
 -1.3600919e-01
 -1.5232852e-03
  3.4720384e-02
  4.8843179e-02
 -4.1690171e-03
 -1.0536127e-03
 -3.8618527e-03
 -1.8258573e-02
  6.8474531e-02
  6.4926334e-02
 -1.8378157e-02
 -1.2654647e-02
  9.3702448e-04
 -6.9789337e-03
  2.3914168e-02
 -2.8714888e-02
 -2.8517577e-03
 -1.0185950e-02
  1.3632240e-02
 -1.4048506e-03
  7.2052777e-03
  6.5475923e-04
  7.9897400e-03
  2.8894088e-01
 -1.9791402e-01
  6.8349522e-03
  7.2742286e-03
  8.0869831e-03
 -1.4184752e-02
 -1.8429846e-03
 -6.5637324e-03
 -7.4396506e-03
 -1.9993583e-02
  1.0201853e-02
  1.3570013e-02
  1.0209127e-02
  1.0531413e-02
  6.3677281e-03
  5.2534970e-03
 -6.9740191e-03
  4.7690031e-04
  2.1360373e-02
 -1.9405209e-02
 -1.4100259e-02
 -2.7842609e-02
  5.4183463e-04
  5.3809448e-03
 -2.6449809e-02
  1.1945905e-03
 -2.6861176e+00
 -2.2719961e-03
  1.3410310e-02
  3.5204552e-04
 -3.3850580e-02
 -1.8522061e-02
  1.2421565e-02
  5.7258820e-03
  1.4576673e-02
  3.3151692e-01
 -1.2334638e-02
  2.3865537e-03
 -1.5641971e-01
  3.0933008e-02
 -2.7092940e-01
 -4.6129094e-04
 -1.1712542e-01
  3.3906627e-02
 -2.2886770e-02
  1.9624720e+00
  1.9170519e-02
 -3.2980531e-03
 -3.9407583e-03
 -3.7094089e-04
  3.2628840e-04
  8.1070038e-03
  6.2335748e-03
 -7.3355865e-03
  5.5783270e-03
  1.0490524e-02
 -5.5105086e-02
  4.8304177e-03
  2.7585154e-02
  1.8352211e-02
  2.9366221e-02
 -1.5168303e-03
  4.1580838e-03
  7.2403587e-02
  1.4119090e-03
  2.0739799e-03
  1.0871885e-01
  2.2968853e-02
 -7.0126108e-03
 -1.1819501e-03
  2.8336341e-03
 -1.0586321e-02
 -4.2269411e-03
 -2.2713298e-03
  6.0886163e-03
 -4.1325795e-03
  5.4563591e-03
 -3.5656714e-03
 -3.5373508e-03
 -3.1527989e-03
 -3.6720491e-03
 -5.5652051e-03
 -9.7669885e-02
  1.2251306e+00
 -6.3814193e-01
  5.2700143e-02
 -1.7080425e-01
  3.8053885e-01
  6.7546988e-01
  6.2940724e-02
  6.6532224e-01
  5.2637438e-04
  5.9650332e-01
  3.4766281e-03
  1.2859751e-01
 -2.0318630e-01
  6.8856847e-01
  3.4477890e-01
  1.5691912e-01
  1.0248178e-02
  1.2074221e+00
 -3.4253869e-02
  6.3320868e-02
 -8.4560138e-01
  4.0162951e-01
  3.0187231e-02
  3.4100461e-01
 -4.6592513e-03
  7.6828390e-02
  2.9126552e-01
  4.4627750e-01
 -8.5297294e-02
  3.8315749e-01
  2.6012582e-01
  1.1888851e+00
 -2.1587024e-02
  2.7621850e-02
  3.2196049e-02
 -3.2048924e-03
  1.5940644e-02
  6.1597240e-01
  6.4743347e-02
  2.0165282e-01
 -2.7958667e-03
 -3.5283497e-01
 -2.8894329e-01
  7.7795261e-01
  1.2460376e+00
  8.3439541e-01
  1.8993028e-01
 -9.2050457e-01
 -4.1905549e-01
 -1.1700547e+00
  4.8373011e-01
  3.4248096e-01
 -7.2674078e-01
 -2.1689472e+00
  4.9392441e-03
 -7.5362143e-03
 -2.4377425e-01
 -2.5483005e+00
 -1.0175456e+00
 -9.5023906e-01
 -7.8604412e-01
 -8.6626995e-01
 -3.7120912e-02
 -8.5786469e-02
  1.2333035e+00
 -7.8776354e-01
 -5.5429582e-02
 -2.4658995e+00
 -5.1280808e-01
  1.2345043e+00
 -8.3980169e-03
  2.4711961e-01
 -4.2851722e-01
 -7.5473054e-03
 -9.8254752e-01
 -5.6149757e-01
  2.9695448e-01
 -7.5534189e-01
  3.7586504e-01
 -6.5213726e-03
 -4.5328137e-01
 -2.9395035e-01
 -1.9294351e-03
 -3.7567220e-03
 -8.1445510e-03
  1.0756604e-01
  1.7766981e-01
 -4.8228693e-03
 -3.3703260e-02
  2.4226038e-03
 -3.9808564e-02
 -2.9040921e-02
  1.2504100e-02
 -4.6508498e-03
  6.0632788e-03
 -1.2335749e-02
 -2.8552327e-02
 -1.6371905e-03
  5.4117469e-03
  1.3205886e-03
  1.0843974e-02
  9.3102269e-03
 -1.2006056e-03
 -8.1546437e-03
  2.2849064e-02
  2.4268184e-02
 -2.9106159e-02
 -8.8589333e-02
  4.1099233e-03
 -3.5836957e-02
 -1.7502710e-03
 -1.6927320e-03
  1.9365707e-03
  3.1367321e-02
 -1.0617072e-02
 -5.3700441e-03
  1.4551325e-03
 -1.4274423e-04
 -8.5628359e-03
 -4.1320575e-03
  3.4698709e-03
 -5.2054767e-03
 -7.8157859e-04
 -8.3218701e-03
 -1.1817480e-02
 -2.6136909e-03
  6.4975815e-03
 -2.6678653e-03
  1.1410863e-02
 -2.5248104e-03
  5.7451921e-03
  2.1309631e-01
 -1.9868198e-01
 -1.7569944e-01
  2.7168063e-02
 -9.0548255e-02
  1.0932564e-02
 -4.5488656e-01
 -3.3074731e-01
 -2.4738936e-01
  1.2819770e-01
  7.8325540e-02
 -1.4962879e-02
  4.3000221e-02
 -7.6237537e-02
  8.0074787e-02
 -1.5644334e-03
  2.5366673e-01
  1.8616740e-01
 -8.1183203e-03
  3.4805635e-01
  8.1246004e-02
  5.4304522e-01
  2.0833379e-01
  5.9035625e-03
  1.4953621e-01
  1.3742597e-01
  1.6578491e-01
  5.0340161e-02
  4.2011414e-02
 -2.8880733e-01
  1.2780214e-02
  1.0595403e-01
 -1.9038005e-03
  8.5093388e-03
  2.3368597e-02
  4.2432200e-02
 -2.0675546e-04
 -1.1090554e-01
  2.1186224e-03
  9.4127934e-03
  7.3718734e-02
  9.4579114e-03
  7.8414064e-03
 -2.1652909e-01
 -5.5743247e-01
 -7.6025136e-02
  1.5571655e+00
  2.7856231e-02
  2.8589871e-03
 -5.8829691e-02
  1.1523690e-01
 -3.5953838e-01
 -1.7707895e-01
  3.9437739e-03
 -7.1868040e-02
  1.0235355e-02
  9.2776176e-03
  5.5498239e-03
 -4.6058977e-03
  8.9068012e-04
 -1.9093420e-01
 -7.1335360e-02
 -1.0850830e-02
 -2.9518677e-02
 -4.7180881e-03
  8.6588335e-01
 -1.4218491e-01
 -1.7165968e-02
  5.2501019e-03
  5.6901123e-02
 -1.2555428e-01
 -7.9393372e-02
 -1.5273957e-01
  1.1716790e-03
  9.9654188e-03
 -3.0412353e-03
  4.0128371e-03
  8.0587203e-03
  2.8746212e-03
  1.0928572e-01
 -4.3222760e-03
  4.8872000e-03
 -3.2052390e-02
  4.2718607e-03
  3.9634728e-04
 -1.3782429e-03
 -1.6339866e-02
 -5.0978865e-03
 -6.7251280e-02
  1.5093231e-02
  4.4063425e-01
  1.3847281e-02
  7.6359563e-02
  1.1633447e+00
 -1.5090784e-01
  2.7935183e-01
  1.1165107e-01
 -1.6268503e-02
  1.7212512e-02
 -1.3096404e-03
 -1.8913632e-02
 -4.4243084e-03
 -1.1850058e-03
  1.8223322e-03
 -8.9944722e-03
  7.1552433e-03
  2.7144881e-02
 -2.8554279e-02
  3.2491781e-02
  9.1301790e-03
  4.5418963e-02
  5.2249916e-02
 -8.0845598e-03
 -4.7849673e-03
  7.8639381e-02
 -8.5454453e-03
  3.5022106e-02
 -2.4900953e-03
 -3.7310231e-03
  6.6237529e-03
  9.0912255e-03
  1.3949392e-02
 -1.5399482e-03
  3.0531935e-02
 -1.4708023e-02
  3.9872098e-01
 -9.2657103e-04
 -9.8040467e-03
  2.7093505e-02
 -8.2765418e-01
 -6.0347579e-03
  8.4473556e-03
  1.0237694e+00
  9.1775465e-01
  5.2285302e-01
  4.6302253e-01
  5.8420300e-01
  1.5679570e-01
  5.6295562e-01
  1.1874024e+00
  6.6500503e-01
  6.5363169e-01
  9.2330404e-02
 -1.8081665e-01
 -1.3291078e-02
  6.4621210e-01
  1.5133315e+00
  7.3476034e-01
  6.8083447e-01
  2.5241997e+00
 -1.0331298e-01
 -6.1853365e-03
  9.0658194e-01
 -9.1658860e-01
  9.6890491e-01
  9.6271747e-01
  2.2306249e-01
  3.4577772e-01
 -3.8558754e-01
  4.9663726e-03
 -9.1914719e-01
  2.8330690e-01
 -3.0454552e-01
 -1.1108071e-02
  9.4356470e-02
  2.3668571e-01
  8.9262140e-01
  3.2809094e-01
  1.9081999e-01
  1.9211980e-02
  3.6982164e-02
  2.1111980e-02
  3.5999021e-01
 -4.2054043e-03
  1.0503712e-02
 -9.7562693e-02
 -5.6579870e-01
 -2.1998480e-01
  5.5855304e-01
  1.4055183e-02
  2.2865981e-01
 -8.4423879e-03
 -1.8318098e-03
 -2.0374749e+00
 -1.7375455e-03
  1.1962485e-02
  1.8742774e-03
  8.2232058e-03
  4.8709228e-03
  3.4613083e-03
  5.0457916e-03
 -3.8228605e-02
 -6.0323287e-02
  3.3774402e-03
 -1.4234341e-03
 -3.1710882e-03
  2.1573761e-02
  4.2097573e-04
 -2.3014434e-02
 -3.3837497e-02
  4.9077906e-04
  1.7322648e-02
 -8.4376084e-03
  4.8140213e-03
 -3.2419607e-02
 -1.8548939e-02
  1.3098843e-02
 -2.0679447e-03
  3.3563867e-03
 -1.5596780e-02
 -7.1094036e-03
  1.6265612e-02
 -1.0740017e+00
 -1.5528573e-01
 -2.0404479e-03
  2.5130192e-02
  3.6762687e-03
 -2.1661878e-02
  1.4645676e-03
  1.2031536e-03
 -1.1372758e-01
 -4.4634175e-03
  4.4776306e-02
 -6.7092082e-03
 -1.0131432e+00
  3.0920481e-02
 -1.5302951e-02
 -4.5737121e-03
 -5.8875936e-03
 -5.5345695e-04
 -3.9773848e-02
  1.7586045e-02
 -2.7552836e-02
  1.0173429e-02
 -2.9913140e-02
 -5.8969043e-02
 -5.6819692e-02
 -7.9251342e-03
 -2.2700946e-03
  3.4646457e-04
 -5.0661648e-03
 -6.0221646e-02
 -1.2711185e-02
 -2.2823555e-02
 -2.6755331e-03
 -4.3830448e-03
 -9.1008777e-03
  1.5618429e-03
 -3.2568175e-02
  6.7733064e-02
 -5.0144214e-03
 -7.1615991e-03
 -8.7077636e-04
 -1.9439077e-04
 -2.0770434e-02
 -2.4580000e-02
  2.1888034e-02
  1.0776263e-02
 -2.6219230e-02
 -2.9848922e-02
  7.7932060e-02
 -2.2425430e-02
  5.5098534e-03
 -3.8019449e-02
 -3.6097211e-01
 -8.6330688e-01
  2.7668548e+00
  7.7855372e-01
 -1.4279621e+00
  1.6482878e+00
  1.5679456e-02
  2.1631038e-01
 -7.8638876e-03
 -1.4205910e-02
  1.0005475e-03
 -5.7548344e-01
  4.9848534e-02
  2.9143223e-01
 -2.0967562e-02
 -6.4704213e-03
 -7.7810889e-04
 -5.5140685e-03
 -1.5565784e-03
  6.6012726e-03
  1.1591704e-02
 -1.4609359e-02
 -1.1551372e+00
 -3.3849189e-01
 -9.6027023e-01
  2.2557549e-01
 -5.0798953e-02
 -8.8400818e-02
 -1.8532435e+00
 -2.0674741e-01
 -3.3849318e-02
 -1.6143685e-04
 -5.9513049e-03
 -5.6664425e-01
  5.5376045e-02
 -2.2809875e-01
 -6.0973121e-03
  1.3920408e-02
 -4.9991822e-03
  1.7107014e-02
 -1.2586598e-01
 -1.2980651e-02
  1.5226722e-02
  1.6616302e-02
 -3.2645053e-01
  2.2864118e+00
  9.8506343e-03
  8.8018852e-01
 -9.4442862e-01
 -4.6067828e-01
  1.1565186e+00
  7.7897364e-01
  9.2035484e-01
 -1.1340758e+00
 -5.7062715e-02
  8.7300120e-03
 -1.1261944e-02
  1.3083579e-01
 -1.1806272e+00
 -1.8680295e-01
 -6.4073819e-01
 -2.0972022e-04
 -2.1270730e-01
  4.4744257e-02
 -1.1047798e-01
 -3.1562725e-01
 -1.0785890e-02
 -1.6890515e+00
 -7.0386022e-01
 -1.5530631e-01
 -1.0595152e+00
  6.0996804e-03
 -2.2168919e-01
 -3.8021332e-01
 -5.7554349e-02
 -4.9354777e-01
 -9.4431825e-04
 -1.9885762e-01
 -4.4102814e-02
 -5.0776643e-01
 -1.2998143e-04
  2.8500393e-01
 -1.6277526e-02
 -5.3179101e-04
 -2.3968630e-02
 -2.5652440e-02
  1.6940357e-03
  4.0762928e-01
 -1.2706985e-02
  3.6988679e-01
  1.0272021e+00
  1.6995512e-02
  1.8181872e+00
  1.4945590e-01
  2.1858109e-02
  5.5174246e-02
  8.3159953e-03
  1.4430963e-02
  2.1308998e-04
 -8.6782863e-03
 -7.5995103e-03
  1.6062432e-03
 -1.9755191e-03
  2.1574466e+00
  4.1876212e-03
 -5.5417726e-03
 -7.5396998e-03
  5.1208399e-02
  1.6835727e-01
 -7.8270221e-03
 -1.4178537e-01
 -1.1419336e-03
 -4.2645680e-03
 -3.6566588e-03
 -1.1513438e-02
 -7.7429935e-03
 -2.8582136e-03
  1.4784851e-02
 -4.1727321e-03
  1.7753035e-02
 -2.3987689e-03
  5.1029511e-03
 -2.2709234e-02
  8.1336200e-03
 -2.0061894e-03
 -7.6414668e-03
 -4.1417680e-03
 -1.0324903e-03
  1.2047431e-02
  1.6568419e-02
 -8.7672686e-03
  1.7584881e-02
  3.5562731e-02
  8.9016043e-02
 -3.9056689e-02
  1.4632885e-01
 -1.1040259e-01
 -2.0714711e-01
  3.3504775e-01
 -3.7293926e-02
 -2.7759147e-01
  9.7471233e-03
  7.3325455e-02
  4.0358949e-02
  2.9033776e-02
 -2.7035585e-01
  2.3289929e-01
 -3.1876790e-03
  5.7818811e-02
  6.9154643e-02
  1.1208143e-01
 -8.2180575e-02
  5.2191806e-03
 -2.3560064e-02
 -1.7577464e-02
 -2.2873946e-02
  8.8087730e-02
  3.0825695e-02
  1.3567737e-02
  2.8924964e-02
 -1.9809538e-02
  3.5647649e-01
  1.9111228e-03
  2.2392446e-02
  1.2009440e-03
  8.9228287e-02
 -6.4117047e-03
 -1.7162116e-02
  5.7270913e-03
  7.7555872e-02
  1.6624822e-01
  7.0124574e-04
  1.1886897e-02
  3.8368222e-03
 -4.3525831e-03
 -8.8850250e-03
 -7.9447913e-01
 -1.7827375e+00
  3.9245078e-01
 -1.2865003e+00
  1.3780595e+00
  8.6271107e-01
  3.6479682e-01
 -1.3297987e+00
  2.2176717e-01
 -2.0502679e+00
 -2.5314286e+00
 -1.6760527e+00
  8.7864351e-01
  3.3298835e-01
  1.1313561e+00
  1.0505369e+00
 -7.6896656e-01
 -2.1476214e+00
  3.2306445e-01
  3.8378897e-01
  5.5955815e-01
  4.3144632e-02
 -7.1408916e-01
 -1.6216803e+00
 -3.6332271e-01
 -1.0111004e+00
 -7.2939509e-01
  2.7561101e-01
  3.7768096e-02
  6.6740042e-01
 -3.1544483e-01
 -3.5875463e-01
 -3.9528638e-02
 -1.0616506e+00
  7.5289315e-01
 -3.8865853e-02
 -3.1127778e-01
  9.0099317e-01
  3.6701118e-04
 -5.7902429e-03
 -1.0348969e+00
 -2.2917321e-02
 -1.1455369e+00
 -9.5272614e-03
  3.5090327e-01
 -9.4934630e-01
 -1.1683720e+00
  2.3639427e-01
 -3.8513210e-01
 -6.4131135e-01
 -6.4433664e-03
 -1.9095888e+00
 -7.0906238e-04
 -1.1800882e-02
  4.4082282e-03
  7.5434083e-03
  1.3622083e-03
  1.9512065e-02
 -7.3844828e-03
 -3.2669661e-04
 -2.2489486e-02
  4.8444592e-04
  3.6131620e-02
  2.1681229e-03
  1.2572610e-04
  6.0663233e-04
 -1.3776230e-02
 -3.4224542e-03
 -2.0504168e-03
 -1.7288815e-02
  8.8528376e-03
  1.1966623e-02
 -1.6387761e-01
  4.7695637e-04
  2.1572660e-03
 -4.9551637e-03
 -6.6508597e-04
 -6.7349491e-03
  1.8162984e-02
 -2.8686045e-02
 -2.2298222e-02
 -5.7214778e-03
 -1.0162212e-02
 -4.9866540e-03
  1.8478892e-03
 -3.4768645e-02
  2.3699307e-03
 -6.3853390e-03
 -1.8113356e-02
  8.6795473e-01
  1.9862054e-02
 -5.6220025e-02
  6.0089797e-01
 -2.2098975e-01
 -1.8687825e+00
  3.3995330e-01
 -1.0409552e-03
 -4.1784451e-04
  1.4187739e-02
 -2.3837263e-02
  7.0785834e-03
 -8.9459959e-03
  8.6906135e-02
  1.1565205e-02
 -1.4023097e-01
  9.4602713e-03
 -1.0895547e-03
  5.2439584e-04
  2.3919152e-02
 -3.1679131e-02
  2.1013403e-02
 -6.0303789e-03
  1.3312199e-02
  1.7245875e-03
 -2.6921229e-03
  3.2402962e-02
  4.9505648e-03
  2.5885031e-01
  3.7602808e-02
 -6.6533540e-03
 -8.9209229e-03
 -1.1428288e-03
 -1.4855918e-01
 -3.0687731e-03
  3.4645893e-02
  1.5188549e-03
  3.0850039e-03
  8.2357842e-03
  9.4278920e-03
  3.5730582e-03
  7.0048026e-03
 -1.0849420e-02
  2.4168944e-01
 -4.8787266e-01
 -5.7863790e-01
 -2.4360672e-01
  2.5056013e-01
 -2.6755023e-01
 -1.0188527e-01
  9.5241272e-01
  4.5307889e-03
 -5.1787645e-03
  8.1268717e-03
  3.4660753e-03
 -1.4344558e-02
  4.2986805e-03
 -2.0614974e-03
  6.9024847e-03
  2.3205372e-02
  2.1991672e-03
 -9.0338439e-03
  1.4915090e-02
  1.3885660e-02
  1.2896104e-02
  6.2608823e-02
  2.5671570e-02
  3.4960289e-02
 -1.1444325e-02
 -1.0194999e-02
 -3.1223604e-03
  7.8118697e-02
 -1.6468776e-02
 -7.7018179e-03
  3.6725621e-03
  9.4853947e-03
 -5.6603603e-02
  5.9632969e-04
 -3.2811318e-02
  1.1923527e-03
  3.6674179e-02
 -9.1931131e-03
  4.8337467e-03
 -4.9869958e-03
 -9.4702700e-03
  1.3192219e-01
  2.4808958e-02
  2.8787389e-01
 -3.0972093e-01
 -7.7955258e-01
  3.1376660e-02
  1.5630115e-02
 -5.3901330e-02
  5.0779413e-02
  3.0434462e-01
  8.7832525e-02
 -5.0815800e-03
  1.1056305e-03
  2.2019798e-02
  3.3009868e-02
  1.1446587e-02
  1.1960410e-03
  5.4984488e-02
 -3.7045810e-01
  2.2765966e-02
 -1.7510695e-02
 -3.2684544e-01
  1.6584802e-01
 -3.6132300e-01
  1.1348570e-01
  3.0981328e-02
  1.1477729e-01
 -6.7874659e-03
  1.9155371e-01
  1.4913818e-01
  3.6113840e-01
  9.5214210e-03
 -5.6610268e-02
  1.2675284e-02
  2.1575097e-02
 -9.8845810e-02
  4.1712500e-02
 -6.1663419e-02
  6.5058689e-03
  9.7066974e-03
  1.3998550e-02
  6.0755368e-03
 -1.1002322e-02
 -7.7956176e-04
  1.6942116e-02
  4.1806297e-03
 -6.9573748e-01
  3.2212281e-01
  1.1519153e+00
 -3.8190931e-01
  3.4721911e-01
 -3.3987370e-01
 -1.1108761e-01
  6.0957164e-01
  1.3340341e-02
  7.6372852e-03
  3.0502605e-01
  1.4605824e-02
 -1.2204167e-03
  9.8250643e-04
 -5.6886096e-03
  1.1685684e-03
  1.2258114e-02
  1.8834029e-01
 -5.6690108e-03
 -2.1880679e-04
  9.2676776e-03
 -4.9454734e-02
  3.8535583e-03
 -9.4062369e-03
 -2.7806647e-03
  4.5087636e-03
 -2.7112095e-03
  1.3358890e-02
  1.4428754e-01
  1.6629167e-01
 -6.2346365e-03
 -1.9628075e-03
 -3.5821523e-03
 -1.3701820e-02
  9.0150572e-03
 -1.2023611e-01
 -1.7361645e-02
 -5.6628557e-04
  5.9338911e-03
  1.5325517e-03
 -1.0241322e-02
  1.8058162e-02
  6.2384605e-02
  1.1994420e-02
  4.0621105e-01
  1.7289132e-02
 -1.7421970e-01
 -3.7867749e-01
 -7.8020561e-01
  2.5156455e-03
 -1.6086467e-02
  4.4721845e-01
 -2.8035071e-01
  7.4159727e-04
  2.7614908e-02
  8.1774760e-03
 -4.1522575e-03
 -5.5389833e-03
  9.0758605e-03
 -4.3869889e-03
  2.0454692e-02
 -1.1060100e-02
 -4.7658049e-03
  8.9676611e-02
 -2.5844865e-04
  2.2577600e+00
  1.0734279e-02
 -1.1426419e-02
 -1.1731065e-02
  7.2639021e-03
  7.2628427e-03
  5.4262495e-03
 -8.8886898e-03
 -1.3472797e-02
  1.8979106e-02
 -7.5745303e-03
 -1.0419311e-03
  9.2483126e-04
  8.1709996e-03
 -1.0323364e-02
 -1.7335456e-02
 -4.9662804e-03
  5.6071761e-03
  2.0828778e-03
 -2.2410289e-03
 -8.1411200e-03
  1.1273650e-02
  3.4427284e-03
 -3.2595943e-03
  4.9374867e-03
 -7.6047168e-04
 -1.7074585e-02
  4.3901158e-03
 -2.2384994e-02
 -5.2556600e-03
 -2.4422214e-03
  7.3110186e-03
  1.5479306e-02
  3.0861929e-04
  7.4953276e-01
 -5.1936302e-03
 -7.0868013e-03
  1.8996866e-03
  4.6354644e-03
 -6.7934785e-03
  1.2580642e-03
  1.4009044e-02
  7.7954172e-03
 -1.1175141e-02
  2.6753237e-03
  3.7278077e-03
  1.7771184e-02
  7.6659862e-03
  6.4038793e-03
  2.6132332e-03
 -3.7550074e-03
 -8.7168012e-03
 -3.6035892e-02
 -7.6722768e-03
 -7.8374927e-04
 -9.0973481e-06
  2.3592496e-02
  1.0765386e-02
  1.0198585e-02
  1.5166458e-03
  6.9949275e-04
  8.3905393e-03
 -2.2227988e-03
 -8.2548391e-03
  7.0968475e-03
  9.9082030e-03
  1.7069215e-03
  8.4834194e-01
  6.2829345e-01
  1.4127490e-01
 -3.1245100e-01
  4.1988888e-01
  5.0851381e-01
 -8.2039690e-01
  1.7600806e-03
 -5.9963638e-01
 -4.2835364e-01
  1.6753361e-01
  4.3380928e-01
 -2.5751382e-01
  1.4699171e-01
 -2.3041882e-01
 -1.3197838e-01
 -2.7577514e-03
  3.4667817e-01
 -2.5256443e-01
  4.5320901e-01
  2.4460107e-01
  2.1541393e-01
  2.6535583e-01
 -1.2939544e-01
 -4.5457357e-01
 -1.5252908e-03
 -1.0911463e-02
  7.5217701e-02
 -2.8670508e-02
  9.6746343e-01
  1.2924526e-02
 -8.5106101e-03
  3.6607325e-02
  7.4066529e-03
 -3.4003383e-03
 -2.5756586e-01
 -1.4878268e-02
  1.7125908e-01
  3.0975962e-01
  3.0493835e-02
  1.3196939e-02
  1.9010331e-02
 -1.1357524e-02
  2.2767950e-02
  4.2656735e-01
  7.8421050e-01
 -9.8336023e-01
 -2.9455783e-02
 -2.5712350e-01
  5.4501023e-02
 -9.0577975e-02
 -2.3183355e+00
  2.4374557e-01
  2.8427503e-01
  3.3580962e-01
 -3.3070471e-03
 -3.2264325e-03
 -1.2449099e-01
  5.6796598e-01
  2.1241654e-02
  2.4139321e-01
 -2.3374023e-02
 -7.2768563e-04
 -1.3143416e-02
  5.3283799e-02
  1.7673589e-02
  1.3147509e-02
 -9.8462179e-03
  2.7368950e-02
  3.1130005e-02
  4.4423202e-01
  5.7486486e-02
  4.8854969e-02
  9.8644954e-01
 -1.5623055e-02
  3.4773931e-02
 -6.8913870e-02
 -1.1279806e-01
  1.5489133e-02
 -1.8869718e-03
 -3.9397669e-03
  5.0144261e-03
 -1.5442620e-03
  4.5752912e-03
  3.6218140e-02
  4.7513924e-04
  2.7701631e-02
 -2.2592062e-02
  2.5785206e-02
  3.3587243e-02
 -9.1603555e-02
  6.4509898e-02
  9.0881109e-02
 -1.1726473e-02
  2.6713179e-03
 -5.6838918e-02
  3.3800419e-02
 -1.2596085e-03
 -1.6007213e-02
  1.3801002e-02
  1.0665653e-03
 -4.0476950e-04
  2.3309572e-04
 -5.7441974e-04
  8.4993362e-02
  7.2853655e-02
 -3.7258095e-03
  3.6100072e-03
 -3.6377194e-03
 -3.9696195e-03
 -9.1039920e-03
  5.7234652e-03
 -1.4147558e-02
 -6.6925615e-02
  1.2669737e-02
 -1.0394709e-02
 -9.8660411e-03
  1.7032223e-02
 -1.7006461e-02
  2.6004554e-03
  1.4194399e-02
 -1.9617539e-03
 -3.2642155e-03
 -1.3510703e-02
 -1.2993956e-02
  1.3380059e-02
  1.1513742e-02
  8.4933490e-03
 -5.9173587e-03
  1.5852980e-03
  5.6163473e-03
 -4.7109034e-03
 -4.3882828e-02
  2.1118515e-03
 -1.4262613e-02
 -7.6372519e-02
  1.1914284e+00
  7.4645071e-03
 -1.6489042e-02
 -4.5374469e-03
  2.5591750e-03
  3.0765054e-01
  3.2212036e-03
 -9.0315817e-03
 -3.6292389e-02
  2.0772172e-04
 -5.5507906e-03
 -1.1914323e-02
 -2.3182131e-02
 -7.3833275e-04
 -6.2599152e-01
 -3.4972420e-03
  9.0106041e-04
 -1.5064072e-02
 -3.6137659e-02
  6.4604171e-04
 -5.4796942e-02
 -8.7401746e-03
  1.4914824e-03
  5.9343940e-03
 -5.2565103e-04
  1.0082658e-04
 -2.0004052e-03
 -4.3219067e-03
  5.1350864e-03
  2.9327869e-02
 -7.0391208e-02
  1.0251565e-01
 -1.2770651e-03
 -9.2728660e-03
  1.6650846e-02
  3.6742691e-02
 -5.2734772e-03
  2.4898127e-02
  1.9943554e-02
 -2.1066550e-02
  6.8625346e-02
  1.2769140e+00
 -7.2513041e-03
 -7.4885762e-01
 -3.2671666e-01
  1.8562002e-01
  2.7057934e-01
 -1.5022331e+00
 -3.0276261e-03
 -3.2993791e-01
 -3.3803326e-01
  6.9138315e-03
  3.6761656e-01
  1.6465263e-01
 -1.7555654e-01
 -2.2332044e-01
  1.1956517e-01
  2.8483272e-02
  2.3630213e-02
  5.4524130e-01
 -1.1130254e-01
  2.0982690e-01
 -2.1006322e-01
  3.4418425e-01
 -5.8945630e-02
 -5.1810652e-02
 -2.2875057e-01
 -2.1928021e-01
  1.9885262e+00
 -4.5854345e-01
  1.4962077e-02
  4.1842517e-02
 -1.3768228e-03
  8.4676124e-02
  8.3859786e-03
  7.6496536e-01
  4.9634468e-02
  8.1842886e-03
  9.5015881e-04
  9.2643425e-03
 -1.0123815e-01
 -4.5737764e-03
 -1.6169629e-01
  5.4503670e-03
 -2.3390374e+00
 -6.6333348e-01
 -4.4570944e-01
 -9.5624363e-01
  1.3919307e+00
 -2.8472009e-01
 -1.6010689e-02
  2.5174668e-01
 -1.0584874e+00
 -1.0172813e-03
 -1.9286977e-02
  2.6039278e-02
 -3.2895144e-02
  8.2881376e-03
 -4.5293022e-02
 -2.0158647e-02
 -5.0504375e-03
  4.0809452e-03
 -1.0265769e-02
  5.9465852e-02
 -1.7420247e-02
  1.6415828e+00
  1.0163503e-02
 -4.1848775e-03
 -3.1178117e-02
 -1.1937562e-03
 -6.1624474e-03
 -3.6152057e-02
 -2.4068357e-01
  2.5401196e-02
 -3.1267621e-02
  3.1156288e-03
 -5.2728164e-03
 -6.6850558e-03
  6.0737175e-03
  5.4038106e-03
 -4.4927234e-04
  2.7882655e-03
 -3.5002764e-02
  4.4742436e-03
  2.3246617e-03
  3.7534456e-03
 -9.5653906e-02
  4.3671858e-03
 -9.7362918e-01
 -4.3155968e-01
 -4.3940920e-01
 -6.2269157e-01
  1.6852893e+00
  1.6099744e+00
  2.9034352e+00
  4.9024260e-01
 -5.1123142e-01
 -1.0361927e+00
 -9.2117786e-01
  1.5816266e-02
  8.3788764e-03
  4.3481449e-03
 -4.4780520e-01
  2.1043653e-04
 -3.9925692e-03
 -3.7703328e-02
 -3.2049692e-01
  4.4706180e-03
  2.4776898e-02
 -2.4022059e-01
 -1.7647666e-01
 -8.2067609e-01
 -9.5095066e-03
 -1.1035410e-01
 -2.7542922e-01
  3.1501451e-01
 -3.4669822e-01
  6.7752011e-02
  9.4065759e-03
 -1.6159669e-01
  2.4205728e-01
  1.9772065e-01
  4.9547359e-02
 -1.2445195e-01
  1.8578649e+00
  9.9208522e-01
  3.4834599e-01
  3.6517225e-02
 -4.9620330e-02
 -1.2734268e+00
  1.7354563e-02
  1.5816059e-02
  9.3222481e-01
 -1.1385401e-02
 -1.7003071e+00
  1.2019615e+00
 -6.6165650e-01
  1.2740174e-03
  2.1138056e-01
 -1.6755021e+00
 -2.8228611e-01
  6.9244362e-02
 -1.1167281e+00
 -9.5542747e-01
  6.0285985e-01
 -6.9933742e-01
  1.1550894e-01
  1.0465645e+00
 -1.8691458e+00
  1.5380615e-01
 -3.8170174e-03
  5.1940018e-03
 -8.0739111e-03
 -6.8129814e-01
 -8.7792790e-01
 -1.0226388e+00
  3.1818679e-01
 -1.0102238e-03
  5.3847617e-01
  9.6670934e-04
 -1.4062139e-01
  1.7821431e-01
 -2.1179885e-01
 -2.3929685e-01
  4.8192361e-01
 -1.8336464e-01
  1.3106870e-02
 -4.0029216e-01
  1.5558644e-02
 -7.5564515e-03
 -1.2447822e-03
 -9.6984124e-03
 -1.5207528e-01
 -4.4665616e-02
  1.5659834e-03
 -1.2017459e-02
  6.4618057e-01
 -4.5845133e-01
  1.0048854e+00
 -1.4004511e+00
 -1.1885812e+00
  1.5719889e+00
 -1.2317370e-01
  4.4739127e-01
  1.1284671e-01
 -7.9893827e-02
  2.7463198e-02
  1.7542360e-02
  1.6938979e-03
  1.3076279e-02
  2.1367436e-02
 -1.0060402e-02
  5.4172836e-02
  2.1486228e-02
  6.5868590e-03
  7.0080888e-03
  4.0400028e-02
  4.7320247e-02
  2.7015832e-01
  1.1556270e-02
 -2.3469655e-03
  2.8365292e-04
 -8.3877407e-03
  3.9099284e-02
 -2.3411207e-03
 -2.2526969e-01
 -2.2781368e-02
 -1.1017092e-03
 -1.3252673e-02
  3.8902130e-04
  6.9078058e-02
 -4.8443358e-03
  8.3090020e-03
 -7.0642014e-03
 -9.1968253e-03
 -2.0227212e-02
  8.9730313e-03
 -1.5288839e-02
  2.0746388e-02
  7.5843395e-04
 -2.2866263e+00
 -9.7380716e-01
  1.5664499e+00
  1.1124512e-02
  1.2128872e-02
  1.2900390e-02
  6.0671717e-03
  1.0358186e-01
 -2.6426721e-02
 -3.3465759e-03
 -3.8202349e-03
  1.0867028e-02
 -1.1228384e-02
 -2.8399106e-02
 -3.4448481e-03
  1.2361095e-04
 -8.1633485e-04
 -3.4218908e-03
  5.8410442e-03
 -9.8989988e-03
 -2.8604451e-03
 -1.0396191e-03
  9.1068968e-03
 -2.2077857e-02
  3.1422297e-03
  9.6934009e-04
 -1.9066146e-02
  7.9167476e-03
  9.7454851e-04
 -2.8629277e-03
 -1.1403328e-02
  3.9892844e-03
 -9.9385111e-03
  9.5554385e-03
  6.0804049e-03
  1.1957046e-03
 -1.4767217e-02
  9.3362760e-05
 -4.1620540e-03
  3.9002625e-06
 -7.3586381e-03
 -2.9029292e-03
 -1.1808421e-02
 -6.4810901e-03
  1.8332366e-02
 -3.5907399e-02
 -8.0698438e-02
 -3.3140168e-02
 -9.4200084e-03
  8.8762632e-03
  1.5428247e-03
  8.9036703e-01
  6.5774932e-03
 -4.1855201e-03
 -5.0589722e-03
 -1.2547771e-02
 -4.7234232e-03
 -3.8435382e-03
  5.1810476e-03
  2.0923782e-03
 -4.3845121e-03
  2.4928641e-02
  1.2607717e-02
 -5.7024881e-06
 -5.1545241e-04
  2.5399493e-03
 -1.7527187e-02
  1.3813674e-02
  8.4421299e-03
 -5.9694001e-03
 -2.2438413e-03
  4.4895103e-05
 -1.8802162e-03
  2.9142227e-02
 -2.9464080e-03
  3.5587060e-03
 -4.7026649e-03
 -5.5198893e-02
  8.0722282e-03
  7.0133111e-03
 -5.9641600e-03
  5.9611136e-03
 -6.3737640e-03
 -2.4273334e-02
 -1.2264097e-02
 -9.8158693e-05
  5.2361186e-03
 -1.5780546e-02
  1.3442299e+00
  7.3726529e-01
 -1.3151038e+00
 -1.0898615e-01
  1.1658955e+00
  8.1762277e-02
  1.7206265e-01
 -2.0175083e-02
  1.0632047e-01
  2.9307166e-02
  6.8918622e-01
  8.1770837e-02
 -4.6067062e-01
  2.7024674e-01
 -1.8609716e-02
 -1.6356067e-01
 -1.6288742e-01
 -9.6369907e-02
 -3.3459881e-01
 -3.9257723e-01
  2.8865393e-02
  1.9046476e-01
  7.3431957e-01
  1.1983753e-02
 -2.3783021e-01
 -1.4608638e-01
 -2.8296843e-01
  2.7139452e-01
  4.4953576e-01
  2.9403897e-02
  7.4355215e-02
 -1.1536759e-01
  9.3017563e-02
 -6.2008942e-03
 -2.5073279e-02
 -4.9866778e-01
 -4.1186893e-01
  4.0387574e-01
  4.5273873e-01
  6.6368775e-03
  2.3084078e-03
  1.5877087e+00
  4.6136117e-01
  2.9257839e-03
  2.1905949e+00
 -2.6472452e-01
 -1.5726769e+00
  9.6695632e-02
  8.0588174e-01
  2.3492743e-01
  5.3059626e-01
 -1.8331527e+00
 -6.0534555e-01
  5.8294078e-03
 -2.2437747e+00
  4.5394801e-02
  7.5186938e-02
  2.9527330e-01
  1.4172388e-02
  8.4248729e-02
  1.8267894e-01
 -1.5373850e-01
  4.5135070e-02
  7.7582556e-03
 -5.5497665e-02
 -1.7075278e+00
 -2.5021961e-01
 -9.3427140e-01
 -1.1363028e-01
  6.7524039e-03
 -9.3617374e-01
 -5.6140113e-01
  3.5079044e-01
 -6.1557430e-01
  2.0173320e-04
  7.3768049e-02
 -1.9778369e-03
 -1.0678379e-01
  9.9041499e-02
 -1.3039586e-02
 -4.8562276e-01
 -3.9678205e-02
 -1.7599283e-01
  1.0549794e-03
 -1.3035510e-01
 -9.2680063e-03
 -1.4399064e-01
  6.6554107e-02
  3.3321548e-02
  2.4032291e-02
 -3.1211361e-01
  3.2010707e-03
 -1.6048763e-02
 -5.2618990e-03
  1.8017907e-03
  6.4191036e-04
 -1.1753522e-02
  1.8413054e-02
 -1.5327815e-02
 -3.8178994e-03
  6.9920300e-04
 -3.0006249e-03
  9.7099822e-03
  1.5833573e-03
 -3.1175581e-04
 -3.8586941e-03
  1.2206992e-02
 -8.5696615e-03
 -6.2502604e-03
 -5.4720324e-03
 -3.9346372e-03
 -1.6198105e-03
  1.4636584e-03
  1.3587712e-02
 -2.5823796e-03
  1.3549095e-02
  2.5957324e-02
 -1.9943668e-02
  5.7905801e-03
 -2.2237148e-02
  1.2383400e-02
  1.7277526e-03
  2.4620710e-02
  3.9213486e-03
  8.0074873e-03
  2.7728179e-02
 -1.6958172e-02
  1.8154973e-02
  7.9225246e-03
 -3.7834467e-03
 -1.3689995e-02
  4.5548799e-04
 -2.2096818e-03
  1.2535302e-02
  1.6447474e-01
  6.7363787e-03
  1.9345711e-01
  8.1093544e-03
  2.2632413e-02
 -1.1640762e+00
 -1.4799646e-02
  3.0110534e-02
 -2.5222381e-04
  3.8525336e-03
  3.4507813e-03
  6.1609996e-03
  7.6945694e-03
  1.4027948e-03
 -1.2548034e-01
 -4.4248510e-02
  2.0559808e-02
 -2.6121978e-02
 -1.4254043e-02
  9.3444937e-04
  3.1307922e-03
 -2.8089324e-03
  7.8119412e-03
 -7.1840300e-03
 -3.0726323e-02
 -1.3817318e-02
 -2.2103706e-01
  7.1663894e-03
 -3.7677712e-03
  9.6319299e-03
 -2.3361372e-03
  6.2624286e-03
  2.6517001e-03
  2.3198863e-03
  1.3703378e-02
 -8.3218450e-03
  1.7394699e-02
 -1.4037714e+00
  8.4930155e-03
 -1.1520816e-03
  4.7497326e-03
  1.1913527e-02
 -2.7101097e-01
  8.5634664e-03
 -7.5910306e-01
 -3.2539713e-01
  3.3267601e-03
  1.7717613e-01
  9.5065936e-02
  7.2101825e-01
  5.8184732e-02
  1.8058719e-01
 -2.2041899e-01
  3.9922243e-01
  1.0892193e-02
 -2.4148965e-01
 -6.9935894e-01
 -7.4801838e-01
  6.8196435e-03
  1.5754519e+00
  4.6557602e-01
  2.3681421e+00
  3.9014831e-01
  2.1706320e-01
 -9.9710929e-01
 -2.8843768e+00
 -1.2337070e+00
  1.3752113e-01
 -4.1460881e-01
 -3.2302675e+00
 -6.7661598e-02
  1.1230299e-02
  2.4667818e-02
 -6.7084426e-01
  7.3977703e-01
 -1.0093272e+00
  9.9780806e-04
 -8.4275818e-01
 -6.5277614e-02
  2.6315780e-02
  3.9191797e-02
 -4.7639117e-01
 -2.0687088e-01
  6.4068884e-01
  6.7847598e-01
 -9.1827005e-02
 -2.3536234e+00
  7.7751523e-01
 -1.0233309e+00
 -1.2806301e+00
  4.2461175e-03
  6.4101446e-01
  1.0661469e-01
  4.6603858e-02
  6.5723665e-02
 -8.4447372e-01
  3.4304552e-02
 -1.4104805e+00
  4.9671793e-01
  4.1019109e-01
  1.0146824e-01
 -4.0620840e-01
  7.8695917e-01
 -2.7589421e+00
 -1.7298244e-02
  9.5349222e-01
  4.8749441e-01
 -6.3376123e-01
  2.7795961e-02
  5.8543462e-01
 -1.4825597e+00
 -1.0565057e+00
  3.1309551e-01
 -2.8181937e+00
 -8.9806485e-01
 -2.8036496e-01
 -1.6400544e-01
 -9.8993111e-01
  2.7428865e-01
 -4.0365681e-01
 -6.0444474e-02
  7.8882404e-02
  4.1052097e-01
  1.2298145e+00
  8.2472557e-01
  2.1018734e+00
  5.8111474e-03
  5.5293083e-01
  6.5623146e-01
 -5.5315968e-02
 -1.5439269e-01
 -3.3063921e-01
 -8.0457427e-02
  2.9081726e-01
 -3.2496810e-01
  1.0507444e+00
  1.0219187e-02
 -3.5378192e-02
  1.3499283e+00
 -2.6034653e-01
  7.5217243e-03
 -1.0958792e+00
  3.1214181e-02
 -2.1553189e-03
 -1.3024173e-02
  7.7093309e-03
 -1.2843944e+00
  9.5908833e-04
  5.6320359e-03
  4.2320029e-03
  1.0873649e-03
  1.4897296e-04
 -2.7233330e-03
  1.5603662e-03
  1.1231606e-02
  7.2057806e-03
  5.4301089e-03
 -5.4997159e-03
 -8.5480222e-03
  6.6412585e-03
 -9.4985884e-01
 -2.2626019e-03
  2.3596561e-02
 -3.5511758e-03
  2.8720030e-03
 -1.5434754e-02
 -1.2924266e-02
  5.7961242e-03
  9.8391366e-04
  1.3504164e-02
 -3.0647614e-03
  5.5967504e-03
  1.6355691e-02
  1.9349219e-02
 -9.9351835e-03
  2.3566736e-03
 -1.4041712e-02
  2.9842723e-02
  1.0976596e-02
 -1.8716566e-02
  2.7883289e-02
 -1.3427482e-03
 -5.7846527e-03
  7.7619622e-03
  7.9401862e-03
 -2.0902455e-03
  3.1661686e-02
 -1.1634876e-01
 -1.2467248e+00
 -1.7003424e-01
 -9.5339291e-02
  1.0712923e-02
  4.7738291e-03
  2.5343969e-01
 -1.1153071e-01
 -5.0605917e-03
 -1.6438164e-03
  2.1015992e-02
  2.7997643e-02
  6.0273238e-02
 -1.2398534e-03
 -3.4888594e-03
 -1.8539990e-03
  3.7473307e-03
  1.8249698e-02
 -6.8850862e-03
  3.1427867e-03
 -4.8091603e-03
 -1.2968284e-03
 -1.9299672e-03
 -5.4153143e-03
 -2.7540475e-02
 -1.1447102e-02
 -8.6013023e-03
  5.1491973e-03
  2.0052564e+00
 -3.5023291e-03
  2.5944526e+00
 -2.2077141e-02
 -1.0120522e-02
 -2.1591578e-03
  1.2992394e+00
  1.6520545e-03
 -2.1014248e-03
 -7.0342557e-03
 -1.0609218e-02
 -6.2995451e-04
 -4.9442919e-03
  4.1311409e-02
  1.3131069e-03
 -7.7211708e-02
  2.2179465e+00
 -7.3779958e-01
 -4.4515342e-01
 -3.7068697e-03
  9.9096191e-01
  1.1482661e-01
  2.7218635e+00
 -1.2409343e+00
  3.0843422e-02
 -2.1741064e-03
  7.0714932e-03
 -2.6725063e-01
  1.1718210e-03
 -1.5679997e-01
  7.7604833e-03
 -2.9329816e-01
 -2.3819168e-01
  3.2946932e-01
 -1.7038548e-03
 -1.5809067e-01
  1.0534996e-02
  2.9617674e-03
 -3.3361238e-01
 -1.3643566e-01
 -1.0664630e-02
 -1.1062227e-02
  2.2972149e-01
  9.6176378e-03
  2.6272459e-02
 -2.6020456e-02
 -1.5482181e-01
 -3.3736932e-03
 -6.6718662e-01
  4.6860356e-02
 -6.7450628e-03
  3.4068727e-03
 -2.8106635e-02
 -3.4146283e-02
 -1.8985752e-02
  5.0552690e-04
  5.7577183e-03
  3.9844932e-03
 -1.8010685e-02
  6.5741278e-02
  6.3272142e-03
  5.5511738e-03
 -3.4780383e-01
  1.0376056e+00
  9.5322478e-04
  1.4381294e-02
 -6.1774421e-03
  1.0083772e-03
  5.0096568e-03
  6.2636170e-03
  4.7459090e-04
  8.1349220e-03
  8.9212041e-03
 -1.3756370e-02
 -3.8791285e-04
 -2.8626645e-02
  4.2268261e-03
 -3.5465413e-03
  1.0460054e-02
  3.0394816e-03
 -1.7566207e-03
  1.9922504e-02
 -4.8480132e-01
  5.1607257e-03
  1.6778408e-02
  2.7842233e-03
  1.5037852e-02
 -3.6105211e-03
  4.3050367e-03
 -8.8438124e-04
 -2.5642100e-01
 -1.7459637e-02
 -1.6067877e-02
  9.2744604e-03
 -8.9743724e-03
  1.6092317e-02
 -4.9143098e-04
 -1.3614079e-02
 -6.9381911e-03
  2.7324865e-02
  1.0970734e-02
  1.1052230e-02
 -4.2778999e-03
  3.2925633e-01
  1.2293863e-01
  2.1954837e-01
 -1.0382995e-01
  1.0105960e+00
  8.2154512e-01
 -2.7666244e-01
  8.6161536e-01
 -1.5606098e-01
  1.0088096e-01
 -2.9639828e-01
 -2.9637017e-03
  1.4386438e-02
 -3.1308460e-01
  1.1339913e-02
 -2.2096601e-01
 -9.2032135e-02
  2.4136572e-01
 -4.2542372e-02
  2.7221197e-01
 -7.9826429e-02
 -2.5667025e-02
  6.8194550e-01
  1.9746119e-01
  7.3967740e-02
 -2.0031069e-01
  3.4791339e-02
 -5.1595706e-01
 -4.2254589e-02
  2.7923295e-01
 -7.0772156e-02
 -1.5656713e-02
  2.7883789e-01
  6.7268588e-02
 -4.3598217e-01
  1.0872119e-01
 -1.3000596e-01
 -4.4685551e-03
 -1.2467531e-02
  2.9968524e-02
  6.7997989e-03
 -4.2080120e-03
  4.2426679e-03
  2.8053644e-01
  2.2528125e-03
 -4.3990868e-03
  6.1924127e-03
  5.8769183e-03
  2.7414207e+00
 -4.8791047e-04
  3.1370299e-03
 -7.8370376e-03
 -4.6303141e-01
  1.0443842e-01
 -4.3078484e-03
 -4.0797484e-03
 -6.8056444e-03
 -8.9007290e-03
  2.0374670e-03
  1.3197024e-03
  1.4951642e-02
 -8.9650964e-03
  2.6637271e-01
  2.2132336e-03
  4.9325218e-03
  9.3189266e-04
  3.9848005e-03
  7.4611064e-03
 -2.4633014e-03
  1.3129759e-02
  1.9598464e-03
 -1.3204356e-02
 -8.3333470e-02
 -4.2420113e-03
  1.9250475e-03
 -2.3534182e-03
 -9.8715536e-04
  1.3464255e-02
 -2.0609953e-02
  1.6492178e-01
 -1.0187192e-02
 -1.3381874e-02
 -3.5934459e-04
  7.1442756e-03
 -2.7483087e-02
  6.4024581e-03
  1.1573898e-02
  5.6086215e-03
  1.5081844e+00
 -1.1796263e-01
  9.8555011e-01
  8.8188255e-01
  1.2385578e-01
  1.2622024e+00
 -1.0943965e-01
 -1.3563197e+00
 -2.0546668e+00
 -3.9819893e-01
  1.0141575e+00
 -1.9722208e-01
 -5.7747048e-01
 -7.3059118e-01
 -4.1755185e-01
  6.1714464e-01
  4.2807889e-01
 -5.1297951e-02
  4.6318445e-01
 -7.5209171e-01
  1.8368076e-01
  3.3005017e-01
 -1.1283981e+00
 -6.8298201e-03
  6.2133420e-01
 -4.8953223e-01
 -2.0809084e-01
  4.7194719e-02
 -8.4233038e-02
 -1.1948264e-01
  6.0091078e-01
 -9.5439218e-02
  9.5354751e-02
 -1.1526524e-01
  6.8074751e-01
  2.9867300e-01
 -3.9802313e-01
  2.4051280e-01
 -1.1521392e-01
 -4.3805602e-01
 -1.7145306e-02
 -1.7796719e-02
  1.5803231e-02
 -2.0483929e-01
 -1.3420603e+00
 -7.7736759e-01
 -6.8682706e-01
 -1.8259750e-01
  1.0832976e+00
 -1.2358639e+00
 -7.8960055e-01
  1.4875736e+00
  4.4941366e-01
  2.9606838e-02
 -5.6428808e-01
  4.5209017e-01
  7.8960776e-01
 -4.3777965e-02
  4.9325493e-01
  1.4937545e+00
  5.3230780e-01
 -1.5107842e-02
 -4.9060527e-02
  3.9788762e-01
  1.1723182e-01
 -2.2757394e-02
 -2.7522317e-01
 -4.4860642e-02
 -2.9923019e-01
  2.1845376e+00
  1.1756883e+00
 -5.8402371e-01
  2.3221130e-02
 -3.4615152e-02
 -3.4841129e-01
  7.5894922e-01
 -6.8362331e-01
  3.2892019e-02
 -1.0140508e+00
 -2.1322218e-01
  1.3263904e+00
 -4.6186512e-03
  1.8921539e-03
  9.7420802e-03
  4.1146516e-03
 -3.5137564e-03
  1.8247468e-03
  5.6844833e-03
 -1.9306123e-02
 -9.2405267e-02
  2.3075504e+00
 -6.3457459e-01
 -7.1190983e-01
  1.4987721e-01
  3.3527553e-01
 -4.2113173e-01
  9.3770999e-01
 -7.3951133e-02
 -7.4273944e-02
 -5.1100828e-02
  1.0944888e-02
 -3.6464617e-01
 -1.0865191e-01
 -8.1121898e-01
  3.4149948e-01
 -1.6045885e-01
  4.4373545e-01
  6.8932637e-03
 -2.7387179e-02
 -1.0660940e-02
 -1.1851138e-02
 -3.1870320e-02
  7.0601577e-01
 -6.8841040e-02
 -9.1362752e-02
 -3.2391286e-01
 -5.6004393e-01
 -4.5153219e-01
  2.3348233e-01
 -4.7712612e-01
  2.1652853e-01
 -1.8996056e-03
  8.0121346e-02
  7.7158906e-03
 -6.5319330e-01
 -1.8833764e-04
  2.4927301e-02
  4.5495436e-02
 -2.3481460e-02
  1.5165102e-03
  7.5457520e-03
  2.2577800e-02
  8.5577145e-02
  2.6363191e-01
 -5.0184429e-02
  1.3436882e-01
  4.2657501e-01
 -4.2302511e-03
  5.9842097e-04
  6.3556805e-02
 -1.3201191e-01
 -8.0981515e-02
 -1.3436876e-02
  3.7884712e-02
  4.0569905e-02
 -1.6918854e-01
  4.9497947e-01
  1.1556468e+00
 -1.1870037e-01
  1.1353178e-01
  2.6513481e-01
  1.8956801e-02
 -3.7094567e-03
  1.7031349e-01
 -4.9558975e-02
 -6.5063648e-02
 -2.7709410e-01
 -2.6459141e-02
  9.3808644e-02
 -3.7693736e-01
  3.7170883e-02
  7.5790666e-02
  2.6463261e-02
  4.2530355e-01
 -1.1033532e-03
  4.8011634e-02
 -5.3452097e-02
  2.5708256e-02
 -1.5383731e-01
 -6.5259282e-03
 -9.8431613e-03
  4.8293926e-02
 -2.0108745e-03
  1.2173830e-03
  1.6672863e-03
 -4.6890196e-03
 -8.5646557e-03
 -1.6673910e-02
 -2.4441329e-03
 -2.5330784e-03
  4.9810073e-01
  2.6122497e-02
 -1.9481339e-02
  4.0415679e-03
 -2.3901520e-02
  8.1615327e-03
  1.4347702e-03
 -4.0966524e-03
 -1.6729578e-02
  4.2377752e-03
 -1.2868386e-02
  7.1582794e-03
  4.9368589e-04
 -3.0477839e-03
  1.2810507e-02
  1.9524784e-03
  2.5219863e-02
 -1.1136529e-02
 -1.2004036e-03
  1.2161229e-02
  1.4058606e-02
 -6.4117401e-03
  5.0662095e-03
  4.1503930e-03
 -3.0420735e-03
  1.3292691e-02
  1.3412090e-02
 -1.9105130e-03
 -1.3650159e-03
  8.3695864e-05
 -2.0538248e-02
 -1.4156932e-03
  4.0841319e-02
  9.9346787e-03
 -4.8054778e-03
  1.3017522e-02
 -4.5951782e-03
  7.6254960e-03
 -4.9854089e-03
  2.6914522e-02
  1.2512624e+00
  1.0451046e+00
 -1.7793453e+00
 -9.6500838e-01
  7.7930409e-01
  2.2446787e+00
  2.9489866e-01
 -1.1011545e-01
  6.4048928e-01
  8.9216286e-01
  1.6653787e+00
 -2.8553735e-03
 -9.5071936e-01
  1.0453591e+00
 -1.3194663e-02
  3.8923219e-01
 -9.7234845e-01
  5.0251726e-02
  6.1772740e-01
 -4.8697808e-01
  2.1647488e-01
  1.5195878e-01
  7.1442884e-01
 -1.8411672e-01
  3.5730121e-01
 -2.2225982e-01
 -1.1787083e-01
  4.0101724e+00
 -2.6959609e-02
 -1.0990683e-01
  2.2088909e-01
 -3.4535155e-02
  6.3675925e-02
 -1.8887203e-03
  2.2066136e-01
 -1.1728037e-02
 -1.6372290e-01
  1.3268529e-04
 -3.4665279e-02
  5.9385982e-04
 -2.6885465e-02
 -4.8325355e-03
  4.6307622e-03
 -3.8777501e-03
 -8.9160481e-04
  3.6379807e-02
  2.4559727e-02
  5.3000557e-03
 -3.7498286e-03
 -1.1641176e-03
 -1.5962005e-02
 -1.3136673e-03
 -2.7621058e-03
  1.6838390e-02
 -1.1301658e-03
 -6.7590983e-03
  1.3839174e-02
  1.3096344e-02
  7.8102632e-04
 -2.5225174e-02
 -1.2122542e-03
  4.1033099e-03
 -1.5326640e-02
  7.7998098e-03
 -3.0228896e-03
 -5.3412071e-03
 -7.7267075e-03
  4.9874615e-03
 -1.5165732e-02
  4.9235737e-03
  1.7511973e-03
  4.5394348e-03
 -2.7416786e-04
  9.6242083e-03
  1.7671822e-02
 -5.5676727e-03
  1.1970621e+00
 -1.6619081e-03
  8.2335165e-03
  6.6555071e-01
 -1.4779185e-02
  2.9930487e-02
  2.4653821e-01
 -2.0633901e-02
 -1.8997276e-02
  3.2740976e-03
  1.7789097e-03
  6.8433937e-03
  5.2515996e-01
 -7.0484385e-02
  1.1312763e-03
 -1.4666384e-02
 -7.3233873e-01
  9.0653831e-03
 -1.9146250e-01
  4.7778651e-02
  1.8228243e-01
  7.2156126e-04
 -3.6444101e-02
 -7.2697928e-04
  7.2213970e-03
 -2.4053101e-01
  5.0845770e-03
  1.3153651e-03
  7.0048743e-03
 -4.8023753e-02
  1.0114549e-02
 -4.4256737e-03
 -8.9890482e-03
 -1.4002986e-02
  4.2928671e-03
  4.7409609e-03
  9.4518084e-03
 -3.0684102e-02
 -4.2808880e-03
  9.2119165e-04
 -2.5068016e-03
  1.1039701e-01
  8.4411418e-03
 -2.8177013e-04
  1.3827361e-02
  2.0170612e-02
 -1.5320339e-02
 -7.3777423e-03
  2.0890987e+00
 -1.7700719e-02
 -2.7473725e-02
 -8.6716103e-04
 -5.7872050e-03
 -4.5442078e-03
 -4.9690236e-03
  1.4947342e-02
  2.0488594e-03
 -6.6011827e-03
  4.2524291e-03
  3.4529171e-03
  1.6642359e-01
 -6.5624379e-03
 -4.7410894e-03
 -3.6691800e-03
 -1.6629837e-03
 -4.3566455e-03
 -5.5814828e-03
 -2.6493967e-03
 -6.5044910e-03
 -2.0375440e-02
  3.2471225e-02
 -1.4651199e-02
  1.4285655e-03
  1.0319844e-02
  2.3670569e-02
  6.1445022e-03
 -1.4328907e-02
 -1.9893724e-02
 -1.3487602e-03
 -9.0995468e-03
  8.9195007e-03
 -8.0463458e-03
  1.5514270e-02
  4.3462226e-03
 -5.5569313e-03
  7.1533364e-01
 -1.2940609e-02
 -1.4193710e-03
 -2.9078030e-03
 -8.4015512e-01
  6.6872681e-03
 -9.0738339e-03
  2.6059913e-04
 -1.0830997e-02
 -4.3351045e-03
  9.4140330e-03
 -9.0577863e-03
 -5.5341250e-03
 -6.0219131e-03
  1.5342625e-02
  1.6679283e-02
  7.6771714e-03
 -3.2836534e-03
 -5.9757577e-03
 -7.2032696e-01
 -9.7927274e-03
  1.6651571e-02
  4.0781409e-03
  2.6196304e-03
  1.5106337e-03
 -3.0403519e-03
  2.2802489e-02
  7.5443117e-03
  2.5711497e-03
  1.0142580e-02
 -9.0101216e-04
  1.7767826e-02
 -2.6916638e-03
  2.0197326e-02
  2.0552350e-02
 -4.7758506e-03
  4.7630062e-03
 -1.7607870e-02
  3.4704186e-02
  2.7321419e-03
 -8.5565679e-02
 -1.4631852e-02
  2.9252809e-03
  6.7349994e-03
  1.4022993e-01
  3.6230434e-03
  1.0864774e-02
 -1.5122234e-05
  3.4394220e-02
  5.8789407e-03
  9.4047282e-05
  2.7795113e-03
  1.9748995e-02
  1.0178645e-02
 -1.5671048e-02
  3.7438942e-03
 -1.4007940e-02
 -7.0709372e-03
  1.3646135e-02
  1.9995722e+00
  1.4903228e+00
 -7.4538434e-01
 -4.9629873e-01
 -1.3240065e-01
  6.2776268e-01
  2.4809151e+00
 -1.6893021e+00
  1.2284956e+00
 -3.0963558e-01
  1.1975072e-01
  1.1013958e+00
 -7.4944943e-01
  1.6626438e-02
 -1.2685840e-01
  6.9036514e-01
  3.7961669e-02
  6.1406147e-01
  8.2809022e-03
 -3.9136723e-01
  1.5111969e-01
  1.4404991e-01
  2.9942366e-01
 -3.4086314e-01
  3.2124120e-01
 -3.9589933e-01
 -4.7179529e-01
  2.3554941e-03
 -3.3462557e-01
  2.2448944e-01
 -1.3743967e-01
  2.8946311e-03
  1.0545910e-01
 -5.3436209e-02
 -5.3133639e-03
  3.6464635e-02
  2.9523486e-01
  9.8316814e-04
 -5.2286796e-03
  3.0020962e-02
  1.3402589e-02
 -6.5206131e-03
 -4.2974766e-02
 -1.6450826e-02
 -3.2016657e-02
 -3.9924705e-01
 -5.5597305e-01
 -1.4461419e-01
 -8.3426142e-01
  1.5591349e-02
  8.8061690e-02
 -2.2255227e-02
  2.2675849e-02
 -2.7250908e-02
 -5.8223337e-01
  3.7666510e-03
  1.1758076e-01
  3.1623635e-01
 -4.0852325e-03
 -1.1639418e-01
  1.1464912e+00
  1.0821736e-01
 -5.4181181e-02
 -6.9539184e-03
  3.4790844e-02
  2.0484461e-02
 -8.4173225e-02
  2.1875449e-01
 -8.0215529e-02
  7.8137465e-02
  7.0205592e-02
 -1.6080737e-01
  1.7643417e-01
 -4.8682364e-03
  8.7879859e-03
  1.7009809e-03
 -6.4713284e-03
  4.4420888e-03
  8.1721426e-04
 -6.8509452e-02
  6.7850113e-02
  4.0825278e-01
  1.1832343e-03
  4.7593960e-04
  6.7170649e-03
 -1.6591784e-02
  2.4359336e-04
  7.7077486e-03
  6.8784878e-02
  8.8377073e-02
  1.8824540e-01
 -1.0792800e-01
  5.6716657e-01
  8.5100029e-03
 -9.7082324e-02
 -1.2566498e-01
  4.1425757e-02
 -4.2112544e-03
 -3.5040724e-01
 -8.9579392e-03
 -1.3256667e-03
  2.5556605e-02
 -1.5220757e-01
  6.0219910e-02
  7.8072855e-03
 -3.0758472e-02
 -1.1363311e-04
 -4.2318952e-01
  3.9504739e-03
 -2.7461219e+00
 -7.3732428e-02
 -2.8661647e-01
 -1.1035111e-01
 -3.1946844e-01
 -5.3435508e-03
 -6.0493708e-01
  1.0069103e-02
 -1.3730937e-01
 -1.1428681e-01
 -1.1584056e-03
  1.1754686e-03
 -4.3318626e-02
 -2.6444027e-02
 -1.5774049e-02
 -2.1587269e-01
  4.0330797e-02
  9.4342092e-04
  1.9145869e-03
 -1.3456658e-02
  1.3367156e-02
  1.1514917e-02
  1.2520951e-02
  8.1892554e-03
 -1.0042042e-01
 -7.6457456e-02
 -6.1761327e-02
  1.2754092e+00
 -6.0020339e-02
 -1.3700809e-01
 -3.0901015e-01
 -2.0704116e-03
 -4.7490188e-01
 -2.3592783e-02
  3.9108820e-02
  1.5994341e-03
  3.9332237e-02
 -2.0238845e-02
 -9.9616356e-02
  9.8977029e-02
  1.2511062e-02
 -7.3678225e-02
  6.5066358e-03
  1.0115786e-02
 -1.3059886e-02
 -3.3931416e-03
  1.1011054e-03
 -1.1678427e-02
  3.0096024e-03
  1.2072722e-02
 -1.2716454e-02
  7.8608751e-02
 -3.4415463e-01
  2.8166774e-04
 -2.2205207e-02
 -1.2958581e-02
 -1.4422562e-02
  1.2862898e-02
  1.2823323e-02
 -3.2931170e-03
 -1.0993421e-02
  1.1049186e-02
  1.0903856e-02
 -7.9826945e-03
 -4.3174354e-03
 -2.9331034e-02
  9.6573196e-03
  5.8371949e-01
  6.9246775e-01
  1.1581513e+00
 -3.4155497e-01
 -2.1551871e-01
  1.0200433e-02
 -2.4194358e-02
  5.2274853e-01
 -2.7326107e-02
 -1.2241448e-01
  4.6738651e-01
  9.4703212e-04
 -1.6316326e-01
  1.8944416e-02
  2.5331480e-03
  6.1996204e-01
  1.2142300e-01
  3.2354060e-01
  8.2463175e-03
 -4.0394478e-03
 -6.4811236e-03
 -3.5208380e-03
  8.0836629e-03
  2.0042255e+00
  2.7041954e-01
 -1.2404651e-01
 -1.2939384e-03
  3.3184460e-01
  1.9609664e-02
 -2.1768464e-03
  4.3851039e-01
  5.1544592e-02
  2.6834586e-03
 -1.0367023e-02
 -3.2357685e-04
  2.3317633e-03
  4.0522073e-03
  1.2923634e-02
 -6.1875671e-02
 -6.8067508e-03
 -9.2299357e-03
 -2.0563895e-02
  2.9565073e-03
  1.9294348e-02
  2.9613879e-01
  3.4232062e-01
  1.9278297e-01
  1.0116281e-01
 -6.6241962e-01
 -1.6139610e-01
 -1.5944304e-01
  2.2821410e-03
 -9.3186361e-01
  1.7013938e+00
 -6.2430903e-02
  3.9093964e-02
  1.9450609e-01
  4.8857052e-03
 -3.3089492e+00
 -3.3978453e-01
  3.1537671e-02
 -2.8672488e-03
 -2.1411613e-01
 -1.2252772e-01
 -1.8648073e-02
 -4.3354996e-02
 -1.4620665e-01
  3.5444683e-01
 -1.4196896e-02
  2.0954836e-02
 -4.8874328e-03
  2.5160626e-01
  8.9379378e-02
  2.4366871e-01
 -1.2713636e-01
 -8.0455234e-03
  6.5418426e-03
  3.5300804e-04
 -1.7946343e-01
  4.3425791e-02
 -6.1534196e-01
 -4.9912173e-02
  1.2774313e-02
 -4.0399823e-03
 -2.3815108e-03
  4.6261474e-03
  1.2857882e-02
  1.7609810e-02
  4.7701178e-03
  1.1113421e-02
  1.4389810e-02
  2.3597206e-03
  7.4010573e-02
  9.4551779e-04
 -4.7376752e-03
  3.8117632e-02
  6.5682549e-03
 -1.0629247e+00
  2.8167870e-03
  2.0090144e-02
  4.6231719e-03
  1.2989316e-02
  1.1034028e-03
 -2.9321197e-02
 -7.2923955e-04
 -1.1468402e-02
 -1.7799141e-02
  1.4689935e-02
 -7.2117494e-03
 -6.8605458e-03
 -4.9919058e-03
  1.6189905e-02
  2.5735903e-03
  4.0220838e-02
 -1.7276827e-02
 -1.0595776e-02
  2.2678008e-02
  2.1526778e-02
  1.5945621e-03
  1.3511652e-02
 -4.5987409e-02
  2.0899512e-03
 -1.9354401e-03
  5.9863906e-03
  1.9105591e-02
 -3.6475481e-04
  6.3493801e-04
 -8.9232111e-04
 -8.9481205e-04
 -1.8161681e-03
 -2.4544511e-03
 -6.8749380e-03
 -3.9004609e-03
 -1.2879843e-02
 -2.0258653e-01
  5.0563742e-03
 -7.0404494e-01
  3.0380230e-02
  3.9749932e-02
 -2.2515362e-02
 -3.7434634e-02
  1.0283181e-02
 -1.5681742e-02
 -3.7041379e-03
 -1.9194266e-02
  3.4005247e-04
 -8.9632198e-03
  2.0891009e-02
  2.2666428e-02
  9.9435914e-03
  1.3962034e-02
 -1.2869565e-02
 -8.6369161e-03
  1.7079197e-02
  2.8367480e-02
  4.8870719e-03
  7.7582831e-03
 -1.0469153e-02
 -6.9660195e-03
 -1.0233654e-02
 -2.5766050e-02
 -6.0062576e-03
  1.3086643e-02
  1.5961903e-03
  2.7793087e-03
  8.2474796e-04
  1.0934459e-02
  1.9112541e-03
 -3.8429210e-04
 -2.7768528e-03
  3.4740148e-03
 -1.0055203e-02
  3.8514605e-03
 -4.4797696e-03
  1.3554567e-02
  8.8248700e-03
  3.8246652e-03
  6.3666637e-05
  7.4210390e-03
  1.8259138e-02
 -2.0144323e-03
  6.2839473e-03
  7.0979638e-04
  1.5266885e+00
 -5.8954116e-03
 -6.9346423e-03
 -5.3330581e-03
 -9.7174095e-03
  5.1375246e-03
  9.1057401e-03
  2.2485787e-02
 -3.4672893e-03
 -2.2826751e-04
  7.0416010e-03
  7.1732160e-03
  9.3212660e-04
  3.2933630e-02
  2.6070479e-02
 -6.5533048e-04
  6.3760439e-04
 -2.1605752e-04
  9.2542721e-03
 -2.5643596e-02
 -4.9103508e-03
  4.5759343e-03
  2.5564679e-03
 -8.1586428e-03
  2.3421133e-05
 -2.6256533e-04
 -6.1842091e-03
  2.5658585e-02
  9.2749055e-03
  6.2643047e-03
 -3.5703308e-03
  3.4356862e-03
  1.5488340e-02
  6.1309183e-06
 -3.7536077e-04
  3.4137762e-03
  7.3586851e-03
 -2.0861547e-03
  1.7208466e-01
 -2.4425380e-01
  3.1800172e-01
 -1.8840022e-01
 -1.8074277e-03
  9.2148728e-04
  6.1416704e-02
 -3.9440167e-01
 -6.3157521e-02
  1.2124500e-02
  1.3028427e-03
 -3.3258419e-02
  3.2060572e-03
 -1.8732036e-02
 -1.3051948e-02
 -1.1959514e-01
  2.7171873e-02
  1.0531042e-02
 -1.0978191e-02
 -3.4209844e-03
 -2.7343730e-04
 -2.0533774e-02
  1.9736093e-02
  1.0676243e-02
 -1.1648470e-02
  1.3158810e-03
 -3.0470684e-03
 -2.5993567e-03
 -6.6308875e-04
 -2.6752111e-03
 -7.4140360e-03
 -2.0859366e-02
 -4.6141688e-03
 -6.5883175e-02
 -4.7702864e-03
  1.1837024e-01
 -6.9691939e-03
 -8.9261495e-04
 -4.3315221e-02
  1.7245462e-02
  1.7498394e-02
 -2.7780596e-03
  1.0396139e-03
  6.8402231e-02
  1.1421481e-01
 -7.4299939e-02
 -2.1042143e-01
 -4.0636516e-01
 -1.8597122e-01
  5.4999545e-02
 -2.6255059e-03
 -3.1618676e-01
  2.2546813e-01
  5.0935959e-03
 -3.5280571e-04
  7.9122586e-03
  2.4652876e-02
  1.7132826e-02
  8.5104741e-02
  6.8185791e-02
  9.8878540e-02
  7.1188264e-02
  1.2828757e-02
  1.3140814e-01
  2.6568945e-03
  5.0103746e-02
  1.0538828e-01
  1.5882947e-01
 -2.7041178e-02
  1.5063610e-02
 -2.2724485e-02
 -1.6586290e-01
 -2.3246798e-04
  1.4242137e-02
  1.5841245e-03
  1.0137265e-02
 -7.5071241e-04
 -2.3153357e-02
  1.0665733e-02
 -4.8030730e-02
  1.2587106e-03
  1.7751815e-02
  7.9418458e-03
  1.8280292e-02
  1.4530136e-02
  7.8987824e-03
  3.0656800e-02
 -9.3235053e-02
 -7.4351691e-02
  5.9667355e-01
 -6.2183693e-02
  5.7780558e-01
 -1.8143628e-02
  2.9879825e-03
  4.8290208e-02
 -1.4707863e-01
 -3.6241801e-03
  5.8838781e-03
  3.7678094e-03
  5.6056026e-03
  1.2451694e-02
  1.2190920e-02
 -5.6442805e-05
  2.1535072e-02
  1.9423243e-02
 -1.0025038e-01
 -1.2569957e-03
 -6.9287880e-03
  7.6633103e-02
  2.2672530e-02
 -2.5821440e-02
  2.5355062e-03
  2.8098358e-03
  1.4980405e-02
 -6.9784038e-03
  1.4089725e-03
  6.9908887e-02
 -1.7487919e-02
  5.6008643e-01
  1.4870379e-03
 -1.2661688e-03
  2.9289434e-03
  9.2288563e-03
  8.9412723e-03
  5.9130443e-03
 -2.8742428e-03
  4.6272792e-02
 -2.9615145e-03
 -1.5198711e-02
 -8.1023872e-03
  6.4410521e-03
 -8.1358336e-02
 -1.4915698e-02
  3.2418706e-03
 -4.8894063e-03
 -2.5659645e-01
  4.1859294e-03
 -6.7031183e-03
 -9.5945174e-01
  3.0975302e-03
  1.7471960e-02
  9.4633247e-04
 -1.1438115e-02
  3.5006155e-03
  1.5730860e-02
 -7.3353769e-03
 -1.6041702e-02
 -4.0031136e-03
 -1.4015153e-02
 -4.9513066e-03
  2.8238813e-03
  3.2646896e-03
  8.4787952e-03
  1.9737005e-03
  3.5225809e-02
 -2.3082357e-03
 -1.1813757e-03
 -1.4529768e-02
  1.1244753e-02
  5.8240004e-02
 -7.6966938e-03
  1.6201647e-02
 -6.5579065e-03
  2.7634215e-03
 -1.0619014e-02
  7.3773833e-04
 -1.3167269e-02
 -2.5328491e-03
 -7.7449456e-03
  1.1814234e-02
  3.5248779e-02
  9.4725378e-03
 -3.3660699e-04
  3.1358642e-03
  6.6243866e-03
 -1.4480078e+00
 -5.6615359e-01
 -8.7947148e-01
 -3.0664136e+00
 -8.3520778e-02
  4.9767299e-03
  1.6609838e+00
  2.0150056e+00
  1.8613359e+00
 -5.9552740e-02
 -1.5032833e-02
 -4.9122386e-03
  1.8624501e-02
 -5.0491046e-02
  3.3614427e-01
  4.0342912e-01
  6.6077465e-01
  4.8374310e-01
  2.1930906e-01
  7.0075363e-02
  5.9177220e-01
  5.7119811e-01
  6.7130899e-01
  7.6605511e-01
  8.8507205e-02
  6.8533581e-01
  6.3393436e-02
 -3.3606499e-02
  5.4335850e-01
  1.6323286e-01
  2.8814715e-01
  3.4208819e-01
  1.2848563e-02
  1.2034690e-01
  2.1593513e-02
  5.9459828e-02
  5.5819857e-01
  1.1657618e-02
 -4.1000694e-03
 -2.7713312e-03
  4.2580110e-01
 -6.6505722e-03
 -1.9203115e-02
  1.0095738e-02
 -4.1950177e-02
 -2.1008630e-03
 -1.7458076e+00
  1.9862032e-03
  1.7253423e-02
 -6.1896406e-03
 -1.0543123e-02
 -7.6464319e-04
  5.2993141e-02
  1.9501457e-02
 -2.7400842e-02
 -5.8011697e-03
 -3.2002127e-03
 -1.5972420e+00
 -2.2102213e-03
 -1.1316650e-03
 -2.4394472e-03
  4.6967696e-03
  1.2709109e-02
  2.9957294e-03
  2.9452538e-02
  1.2083394e-02
  5.7318276e-03
  1.5058313e-02
 -8.0476596e-04
  5.4602604e-03
  2.2919744e-03
  1.3552492e-03
  8.5292931e-04
  1.2092948e-02
  6.9614220e-04
  7.2538159e-03
 -7.4809911e-03
  2.3928836e-02
  1.3511805e-02
 -3.8765874e-03
  1.6641510e-03
  2.0034565e-03
  8.2806628e-03
  6.9824368e-05
 -3.7846672e-03
  1.1597431e-02
 -7.5822937e-01
 -2.1737086e-02
  1.0111601e-01
  2.7525306e-01
  7.6921368e-01
 -2.4202912e-01
 -1.0536299e-01
  3.7121870e-02
 -1.3395624e-01
  1.1785290e-01
  8.4323354e-02
 -4.0433329e-01
  1.6141587e-03
 -1.0895889e+00
  9.9027727e-04
  2.6240984e-03
 -4.8923954e-01
  6.2126978e-03
 -1.0485490e-01
  1.2365496e-01
 -8.3728306e-02
 -1.1197301e+00
 -8.5616224e-02
  6.0334272e-04
  2.8203055e-01
 -2.3713794e-01
 -3.2938555e-01
 -5.4588264e-01
 -6.1370332e-02
  9.3804695e-02
 -4.3826440e-01
 -4.3499824e-03
 -5.2490586e-01
  2.3394627e-02
 -1.8784603e-01
 -1.7720322e-01
  7.0392778e-03
  7.0642859e-02
  5.9889130e-02
 -1.6929628e-02
 -5.4706880e-03
 -1.2774879e-01
  8.7374542e-03
  4.0936191e-03
  4.1583935e-03
 -5.1231974e-01
 -5.1417410e-01
  3.7992355e-01
  8.6287099e-01
  6.4624064e-02
  1.2189748e-01
  1.2118830e-03
  1.4731279e-01
 -7.9607032e-03
  3.5800205e-03
 -1.0663222e-02
 -1.6419198e-01
  2.5146895e-03
  1.1331538e-02
  3.6883156e-03
 -1.0035713e-03
 -7.6524116e-02
 -7.7291201e-03
 -4.2762719e-02
 -1.0414481e-03
 -1.8635134e-03
  6.5134373e-03
  2.0729966e-02
  1.8535627e-02
 -2.9782169e-03
 -2.0923506e-01
  9.5924377e-02
 -4.0881627e-04
 -3.2619137e-01
  1.4799383e-02
 -1.9308072e-01
 -1.2749095e-01
  2.9947255e-02
 -2.1244101e-02
 -1.4931371e-02
 -2.5094600e-02
  2.4069354e-02
  3.4990579e-02
  5.5661146e-02
  1.4671777e-02
 -1.0125587e+00
  6.2848907e-03
  1.1843005e-02
  3.6881268e-02
 -1.6497918e-03
 -1.0252378e+00
 -3.8093084e-01
  1.3942617e-01
  1.7317167e-03
  1.7317760e-01
 -3.9172485e-03
  5.4239720e-01
  4.8426900e-02
  9.4691455e-01
  1.7494474e-02
 -3.8254145e-03
 -9.6206758e-03
  4.0572793e-03
  4.1223331e-03
 -9.3516484e-03
  3.4752679e-03
  6.8203234e-03
  2.4964267e-02
 -7.0881471e-03
 -1.1951928e-02
  9.2555946e-03
  2.4636230e-01
 -4.0545049e-03
 -1.0882272e-02
  3.2920500e-03
  4.2000040e-03
 -3.0012366e-03
 -1.1152733e-03
  7.6896334e-03
 -1.4484238e-03
  1.6999623e-02
 -9.7529814e-03
  1.8983493e-02
 -4.6023992e-03
 -3.3609674e-04
 -2.2211007e-03
  7.5604422e-03
 -1.5838342e-02
  1.1434945e-02
 -8.3969273e-03
 -4.2087073e-04
 -3.1090979e-03
 -1.6845170e-02
  1.0333814e-01
  6.6821069e-02
  4.1520339e-02
 -7.1458891e-02
  1.1821885e-01
  1.6932329e+00
  9.1597317e-03
 -1.8212210e-02
 -2.5661513e-03
 -5.5186890e-02
  2.0995200e-02
 -2.3348862e-03
 -1.9301791e-02
  7.5964360e-03
 -3.9982785e-02
  7.7430993e-02
 -1.0072263e-02
 -2.5132287e-03
 -5.7251947e-03
 -6.9808410e-03
  1.0411625e-03
  3.1501604e-03
  2.3478821e-02
  5.2206130e-03
 -4.5037940e-02
 -4.7061988e-03
  8.9480961e-04
  2.6535995e-03
  2.5386963e-02
 -1.2018480e-03
  9.7693969e-03
  1.6630314e-02
 -6.0421946e-03
 -2.2184984e-01
  9.4118584e-03
  8.4558940e-03
 -6.0015651e-03
 -2.0255540e-02
 -1.7202919e-02
  1.3211552e-02
 -2.2142821e-03
 -1.3239530e-02
  1.4534619e-02
 -1.2957213e-02
  1.2539359e-02
  1.2418636e+00
  2.0503209e+00
  5.6827426e-01
  1.6703665e+00
 -7.8190196e-01
  2.2310369e-02
 -3.1402551e-02
 -8.0167395e-01
 -2.4833502e-01
 -1.8721123e-01
  2.2848768e-02
  6.7265220e-02
 -2.7485420e-03
  1.5997945e-01
 -4.0730890e-03
 -4.2405453e-02
  1.1371765e+00
 -1.8061112e-01
 -5.0532976e-03
 -9.1000805e-03
  1.8234165e-01
  4.2572391e-04
  2.6797819e-01
  4.7375903e-02
  1.8337582e-01
 -1.5771666e-01
 -3.9086938e-01
  4.1276742e-02
 -1.4239785e-01
  9.3170926e-02
 -3.8824622e-02
 -1.8385567e-01
 -5.2831525e-01
  9.0047223e-03
 -5.4864343e-03
 -4.2382970e-02
  1.4598886e-02
 -5.2300751e-02
 -1.9289244e-02
  1.2058830e-03
  4.7132950e-02
 -1.9524165e-03
 -6.4075701e-03
  1.0909180e-02
  3.5114092e-01
 -1.0199804e-04
 -8.5724667e-02
 -5.4123235e-01
 -8.5290188e-01
  6.2070591e-03
  1.4487356e-03
 -7.5682873e-01
 -2.9593664e-01
  5.1946025e-02
  3.6269343e-03
 -1.6492512e-03
  2.0394634e-02
 -8.6359922e-03
  6.7735366e-03
  1.0313110e-03
  1.0086809e-02
  7.7990224e-03
  2.1238931e-02
 -6.0482868e-03
 -4.7170767e-03
  1.9063337e-03
  1.0600109e-03
  5.2611697e-03
  7.8353118e-03
  5.4240678e-03
 -1.2168902e-02
 -1.3915212e-02
  3.6345010e-03
  1.5243959e-02
  7.8546349e-03
  3.5097454e-02
  2.1035856e-02
  2.4932176e-03
 -7.7936696e-03
  6.8466300e-03
  6.1136521e-03
  5.6191701e-03
 -2.8975490e-03
  2.2568300e-02
  1.9432241e-02
  1.7776528e-02
 -1.3153616e-03
  1.0201989e-02
 -1.1000141e-02
  1.1554184e-02
  7.6006493e-04
  1.5975573e-03
  1.0953676e+00
 -4.2922339e-01
  2.3598270e-04
 -2.7823873e-04
 -6.8262396e-03
 -9.2877150e-03
 -3.5636371e-04
  5.2994438e-03
  6.9452915e-03
 -3.3072755e-03
  6.3331001e-03
 -5.0354982e-03
 -3.6487500e-03
  2.0908210e-02
  1.4125708e-02
  2.7477411e-03
  1.3697952e-02
  1.0512657e-02
  4.5104227e-03
 -1.7500281e-03
 -1.6072824e-03
 -9.3329288e-03
 -6.0137874e-03
 -3.9049517e-03
  1.9252913e-02
  4.4864593e-03
 -2.8305084e-02
  5.3389482e-03
  1.6860180e-02
 -3.7457657e-03
  1.0019110e-03
 -2.7576692e-03
  7.8767817e-03
  2.3601942e-02
 -8.9127687e-05
 -1.5314840e-03
 -4.4005644e-03
 -1.9530008e-02
 -1.2944214e-03
  8.5764434e-03
 -9.6435405e-02
  2.6745936e-02
  9.9669546e-02
  1.4870269e-02
  4.0643877e-01
  9.8696120e-02
  4.3041947e-01
 -9.8576742e-01
  1.0439171e-02
  1.1577942e-02
  4.0337721e-01
 -2.3688143e-02
  3.8514990e-02
 -4.6405368e-02
  6.8384339e-03
  9.3026304e-01
  4.3754432e-01
  6.3365132e-02
  6.2963841e-03
 -4.2095012e-03
  1.1387897e+00
  3.1996164e-02
 -9.4805516e-02
 -7.1424499e-02
 -2.3501877e-02
 -3.1124312e-02
  7.0734965e-03
 -3.1518977e-02
  5.8751204e-04
  1.3873015e-01
  1.1231136e-01
  5.0505865e-02
  2.7621600e-03
  4.5196321e-03
  7.9079144e-02
 -3.7316898e-01
  4.8037510e-02
 -2.0814238e-02
  3.1022895e-03
 -6.9873249e-03
 -4.1767573e-03
  8.4819749e-04
 -5.1567201e-03
  3.2273974e-02
 -3.1848684e-01
 -3.3797406e-02
 -7.4163646e-02
 -9.5985621e-02
  1.1100495e+00
 -2.5898297e-03
 -1.2337131e-01
 -1.6593032e-01
  3.5185568e-04
 -2.0340428e-01
 -2.2725387e-01
 -7.6122722e-03
  5.9226938e-03
 -1.0970068e-02
 -1.9049397e-02
 -2.0091929e-02
  9.8269247e-04
 -5.0462008e-02
 -2.2193705e-01
 -4.0671375e-02
  6.5036523e-03
 -2.0590637e-02
 -3.8279629e-01
 -1.4592660e-02
 -4.0887415e-01
 -9.7545562e-04
  1.8381220e-03
  1.1922547e-02
  3.5632949e-02
 -8.6142346e-02
 -1.7931994e-02
 -3.6074489e-05
 -2.1359067e-02
  7.3122466e-04
 -1.2197846e-01
  3.7291786e-03
  1.7439454e-03
  2.7078646e-04
  6.0754917e-03
 -2.4613864e-03
  4.0068287e-02
 -3.6198953e-03
 -8.9922827e-03
  2.4110987e-04
 -1.6079044e-02
  2.2556102e-02
  1.7988785e-01
  5.9523061e-04
  2.6744261e-01
 -5.5873953e-04
  2.0892289e-03
  5.1412452e-03
  1.9485617e-02
 -2.9699558e-03
 -3.4762039e-03
 -1.0059301e-02
 -1.0119736e-03
 -2.8114902e-02
 -2.6084674e-03
 -6.0354796e-04
 -1.3292324e-02
  2.4975319e-03
 -1.7493224e-02
 -1.0242652e-02
 -1.8610504e-03
 -9.7174235e-03
  2.8048227e+00
 -4.9746851e-03
  3.0155093e-03
 -3.1359638e-03
 -3.6016773e-03
  4.4205608e-03
 -2.0048756e-02
 -1.7733987e-02
  3.2798094e-03
 -8.8396724e-03
  1.0985401e-02
  1.7603362e-02
  1.1235044e-03
  6.1755599e-03
  3.1950555e-03
  4.5714932e-03
  1.3480284e-02
 -3.5039133e-03
 -4.7989772e-03
 -2.9501254e-03
 -6.8929759e-03
 -3.7273066e-04
 -3.9935893e-01
 -1.8684363e+00
 -3.1642660e-03
  9.2373006e-03
 -5.1914382e-01
  1.3398192e-02
 -2.6722316e-02
 -1.6087437e-02
 -1.7283575e-04
 -1.7044446e+00
 -2.6632787e-04
 -3.4032546e-03
 -7.0035965e-03
 -2.1154934e-04
  3.7581327e-03
  6.6300621e-05
 -8.0433406e-02
  4.3374974e-02
 -3.3462285e-03
 -1.3583669e-02
 -2.9343425e-03
  8.6845271e-04
  5.6014536e-03
 -2.5246030e-02
 -2.2742164e-03
 -3.5848764e-03
 -2.2586109e-04
  2.2857007e-02
 -1.2755406e-03
  4.2251134e-03
 -4.8018759e-03
  8.0203377e-03
  6.4046653e-03
  1.2999777e-02
  9.6615708e-01
 -4.8343847e-03
  1.5189023e-01
  2.5312940e-02
  6.8499758e-03
  3.6028433e-03
 -1.4174321e-02
  6.7647891e-03
 -1.0066462e-02
  8.9470018e-03
  5.7818013e-01
 -7.6665185e-02
  2.0458739e-01
 -4.7168723e-01
  2.5657585e-01
 -5.0554432e-02
 -6.4021461e-02
  3.1478566e-01
 -5.2382147e-01
 -7.5477990e-04
  1.7244087e-03
 -1.6876165e-02
 -9.2214262e-03
  3.2339409e-02
 -8.5441368e-03
  5.6958324e-03
  1.4282769e-02
  4.1535567e-02
  1.6241776e-02
  4.4128881e-03
 -2.9154113e-03
 -3.2705446e-03
  2.1698596e-03
  1.3846573e-01
  1.2906155e-01
 -7.4251211e-01
  9.6170865e-03
 -2.2694226e-02
 -1.3264647e-02
 -3.9952302e-01
  2.4322632e-03
 -2.4194927e-03
 -6.5193042e-02
 -2.1460878e-03
  1.8398974e-02
 -1.6223870e-02
 -1.7104544e-02
 -1.4372705e-03
  9.8779062e-03
 -2.6341169e-03
 -3.0822824e-03
  1.8148080e-02
  6.1751413e-03
  1.4565665e-03
  1.7024094e+00
 -1.1758957e+00
  1.3689485e-01
 -2.4119248e+00
  1.6679133e+00
  3.3645883e-01
 -5.0065762e-01
  4.5036027e-01
  5.2437150e-01
  3.6779287e-01
 -1.9404928e-01
  9.2567575e-01
  5.2964211e-01
 -1.5708898e-01
 -3.5627622e-03
 -8.1122226e-01
  9.3310791e-01
 -4.4851084e-03
 -2.3902604e-01
 -2.0598574e-02
  7.0713186e-01
  1.0919348e-01
 -1.2674403e-01
 -1.3917840e-02
 -4.5240398e-02
 -4.7399867e-02
  5.0210664e-03
 -2.5235834e+00
  4.9744430e-01
  2.9515269e-01
  1.4808031e+00
 -5.1863235e-04
 -5.6126648e-01
  1.1328313e+00
 -1.7795801e-01
 -1.0220911e-02
 -3.5238492e-01
 -4.1936813e-03
  9.7726006e-06
  1.4247959e-02
 -3.4757077e-03
  2.7859195e-03
  3.8585444e-03
  1.1924188e-01
  2.9363886e-02
 -1.0816204e-01
 -8.9690425e-02
  4.5869596e-02
 -1.1882092e+00
  6.5622836e-02
  3.1392341e-03
  4.0668934e-03
 -4.9692661e-02
  2.7319971e-03
  7.0518167e-03
 -4.3878923e-03
 -7.8217976e-02
  1.7081745e-02
  1.5873879e-02
  1.6352691e-02
  4.8252828e-02
  9.9348184e-04
  5.0575612e-03
 -3.5050963e-03
  1.2468640e-02
  3.3741223e-03
 -8.2492186e-03
 -4.1216784e-03
 -6.9890269e-03
  1.0890292e-02
 -2.1214012e-02
  5.3829141e-02
  3.7948601e-04
  7.9593524e-02
  1.8323981e-04
 -2.7359340e-03
 -6.0736556e-03
 -5.0748475e-02
 -1.3537750e-02
 -9.0950821e-03
 -2.1104673e-02
 -5.8871275e-03
 -2.5709551e-03
  1.0221333e-02
 -2.6245750e-02
  1.2120677e-03
  5.7531330e-03
 -4.8032911e-03
 -3.6674923e-01
 -8.8943058e-01
  3.6913434e-01
  1.1983691e+00
  4.2990729e-01
 -2.5756627e-01
 -1.5889143e+00
 -7.4232137e-01
 -6.8609975e-02
  1.1947982e+00
 -1.3975516e-01
 -4.6992636e-01
  6.6945171e-03
  6.1660016e-01
 -8.7164307e-01
 -4.2067942e-01
  5.6444150e-01
  4.5816782e-01
 -2.4862553e-01
  7.3724586e-01
 -9.9667853e-01
 -9.3013173e-01
 -3.7651205e-01
  5.6364620e-01
 -5.9835893e-01
 -5.3842264e-01
  1.8440478e-01
  6.6373491e-01
 -4.4471544e-01
 -6.0338408e-02
  3.1084549e-01
 -6.0140733e-02
 -4.2719552e-01
 -1.3631028e-01
 -3.3706576e-01
 -6.2559909e-01
  6.2840593e-01
  3.2607946e-01
 -6.9995858e-03
 -1.0574624e-01
 -5.7696849e-03
 -4.3735728e-03
 -1.3664691e-02
 -4.5014137e-01
 -5.0820801e-02
 -6.2784781e-03
  3.2618153e-01
  1.6437926e+00
  4.0825970e-02
  9.7930394e-03
 -2.7093917e-01
  1.9256270e-01
 -1.6239724e-01
 -2.7726892e-01
  9.5584500e-04
  1.7537521e-02
  8.8148760e-03
 -2.9038779e-02
  6.5866997e-03
 -5.5983984e-03
  1.4079768e-02
 -5.2894346e-02
  6.0531818e-03
 -4.0966455e-02
  5.4217947e-01
 -8.2666054e-03
 -3.6197309e-03
  1.6558105e-03
  6.6081055e-02
 -2.9079359e-02
  4.5601251e-03
  4.1455600e-02
  1.0359399e-03
  1.8436393e-02
 -3.6480647e-02
 -1.3295818e-02
 -9.6340207e-03
  4.9889786e-03
  3.9975893e-02
  8.6058024e-03
  2.8880354e-02
  1.4975388e-03
  8.4685935e-03
 -7.9894084e-03
 -1.6590077e-02
  1.1809258e-02
  9.7242948e-03
 -1.9194968e-03
  9.5428497e-01
  4.8076275e-01
 -1.7363030e+00
 -1.5952884e-01
  2.6016596e-01
 -1.1785527e-01
  3.9333373e-01
 -2.6367253e-01
  2.1633744e-01
 -1.0444353e+00
 -4.9008399e-01
  6.0666358e-01
  2.6327190e-01
 -2.2673793e+00
  6.9185421e-02
  3.3792693e-02
  6.7993593e-01
 -4.1275483e-01
 -4.4322854e-01
 -1.2702744e-01
  1.3600340e-01
 -1.0026995e-02
 -4.7240517e-01
  4.8722685e-03
 -9.8503619e-02
  1.9154752e-02
  2.5513869e-02
 -2.2527818e-01
  5.0684839e-01
  6.8105763e-01
 -4.8407908e-03
  1.3031015e-01
 -8.3530270e-02
  2.5010149e-03
 -1.4729242e-01
  2.3884001e-01
  1.1168863e+00
 -7.5353235e-02
  2.7494307e-03
  1.0320462e-01
 -4.4668382e-03
  8.7202359e-03
 -8.6413193e-03
 -1.1239291e-02
 -3.8685104e-01
  1.1703904e+00
  6.0217571e-01
 -1.1296853e-01
 -6.4970262e-02
  5.6397074e-01
  3.2666418e-01
  5.0677371e-01
  1.1589836e-01
 -1.6793954e-01
 -5.7241857e-01
 -5.2913392e-01
 -2.7448466e-01
  8.7239629e-01
 -4.5805685e-03
  1.4382081e-01
  4.8618874e-01
  2.1328241e-02
 -9.4406843e-01
  5.9231236e-03
  1.0084578e-01
 -3.2773361e-01
 -4.2582428e-01
 -3.0534606e-02
 -4.8285758e-01
  1.9481480e-02
  2.6175675e-01
 -4.4773805e-01
  1.3115622e-01
  1.2230132e-01
 -1.6256079e-02
 -7.4543222e-03
 -9.9639753e-03
 -2.3410077e-01
 -3.0780235e-01
  3.7661970e-02
 -1.5179227e-01
  1.5331311e-02
  2.0635823e-02
  1.7038116e-02
 -5.9671560e-04
  1.3530187e-01
  5.4662740e-03
 -2.1953477e-01
 -2.2743702e-01
 -5.1856402e-02
  6.3941753e-01
  2.1761463e-03
 -1.1488659e-01
  1.1445663e+00
 -3.0109572e-01
 -1.1559739e-01
 -6.8386489e-01
 -8.0206853e-01
 -4.9785733e-01
 -2.5065888e-02
 -7.0984316e-01
 -1.1231697e-01
 -5.2521979e-03
  2.1491531e-01
 -1.5135531e-01
 -2.5898799e-01
 -2.4642622e-01
  6.4083010e-02
 -3.4785066e-02
 -1.5199223e-02
  2.1187083e-01
 -1.1480638e-01
  3.1366897e-01
 -4.4520263e-02
 -7.9420678e-02
  6.9531403e-02
 -1.4382683e-01
  4.0656444e-01
 -1.0840825e-03
 -2.4036075e-01
  4.0208638e-01
 -3.7654106e-02
  4.5418179e-01
 -1.7568214e-02
  1.8688506e-01
  2.6998552e-02
 -4.9917828e-03
 -1.3539937e-01
 -3.4445152e-03
 -2.3886029e-02
  1.0019829e-02
 -1.8355163e-02
  1.6114756e-02
  6.4684361e-02
 -1.0062575e-01
  1.5480332e-02
 -1.0724796e+00
 -1.7270406e-03
 -7.9114473e-01
  1.1776603e+00
 -2.5319687e-01
 -6.9360316e-01
 -1.0678326e-03
 -1.2871553e+00
  1.5686820e-03
  3.5136977e-01
  1.0888728e-03
  5.3954220e-01
 -1.0217769e+00
 -6.8694293e-02
 -8.1746882e-01
  4.2459571e-01
 -1.8130015e-01
 -1.5461940e-01
  6.7650061e-03
  2.2878173e-01
  1.0737772e-02
  5.9463847e-01
  5.2679777e-01
 -3.5990768e-03
 -2.7778754e-01
 -1.4141582e+00
 -5.6365572e-02
 -7.7289003e-01
  9.0266198e-02
  3.4391302e-01
  6.1072350e-02
  1.7838338e-01
 -1.8414254e-01
  2.6153296e-02
 -1.1088444e-01
  6.4317346e-01
 -8.5739106e-02
 -2.0622065e+00
  9.5784053e-05
 -1.0136701e+00
 -8.3037056e-02
  8.0687916e-01
 -1.1950392e+00
 -9.5452571e-01
 -5.4254246e-01
  1.0438217e+00
  9.4400540e-02
 -4.8836443e-01
  1.4404807e+00
 -2.3512237e-01
  3.1074967e+00
 -6.8315774e-02
 -8.1440580e-01
  3.5589644e-01
  2.7334287e+00
  1.8238924e+00
 -2.5241073e-02
 -2.9284859e-01
  2.3479883e-02
  8.8436270e-01
  4.1661821e-02
  6.4620376e-01
 -4.1086778e-01
 -2.9920919e+00
 -1.9934448e+00
 -7.1269071e-01
 -2.1179231e-01
 -4.2565817e-01
  7.8450412e-02
  5.5691904e-01
 -3.6791461e-03
 -5.7880211e-01
  1.2288021e+00
  5.9137100e-01
 -2.7160801e-02
  1.6132353e-01
  2.5643399e-01
 -1.9814298e+00
 -1.4901723e+00
  9.7631983e-02
  1.5546484e+00
 -2.1636149e-01
  2.9433918e-01
  2.2285415e-02
  1.7621783e+00
 -6.4505619e-01
  4.4086255e-02
 -7.3251665e-02
  2.8120095e-01
  2.9896703e-01
  1.0805576e+00
 -1.9467405e+00
 -1.6634458e+00
  4.4921419e-01
  3.2005508e+00
 -8.7555504e-01
  8.5143957e+00
  2.1801250e+00
 -1.8093930e+00
 -8.2267392e-01
 -2.2562344e+00
  1.1827079e-01
  5.5741251e-01
 -3.5731301e+00
 -6.4133269e-01
  7.7782768e-01
  2.0451898e-02
  5.1024163e-01
 -4.6424407e-01
 -1.1003036e-01
  1.6988353e-01
 -4.4896054e-01
 -1.0411253e+00
  5.0187235e+00
  2.2538869e+00
  7.7077931e-01
  2.0434260e-01
  9.0489334e-01
 -1.3538649e+00
 -5.7848215e-01
  1.0975950e+00
  7.9029776e-02
 -1.4648887e-02
 -1.9243335e-02
 -8.1120014e-01
 -1.3761966e+00
 -3.4001951e+00
  5.0014764e-01
  3.8131309e-01
  2.0398507e-02
  1.2945931e+00
  6.6339624e-01
  6.1750841e-01
  1.2491200e+00
  5.9892140e-02
 -1.5969698e+00
 -1.5642343e+00
  1.7217219e-01
  8.3906174e-01
 -1.0936360e+00
 -2.2825930e+00
  1.3083749e-01
 -9.1027516e-01
  1.3022302e-01
 -1.3422724e+00
 -1.5984679e+00
  5.3588994e-02
 -5.2782810e-01
  1.6580969e+00
 -1.8877708e+00
  4.5249772e+00
  2.1025567e+00
 -7.6525427e-02
  2.7834010e-01
  9.1584176e-01
 -5.1989303e+00
  8.1562372e-03
 -9.7902107e-01
 -4.5541277e+00
  1.4096885e+00
  1.0516901e+00
  8.6211395e-01
 -4.1490588e+00
  1.6982725e+00
 -4.8062018e-01
  1.5529127e+00
  4.6085105e+00
 -1.5091187e+00
 -1.7054582e-01
 -2.5090817e-01
 -3.0639514e-01
 -1.3943329e+00
  3.7175040e+00
  1.0769114e-01
 -1.4979033e+00
  2.1771149e-01
 -8.8656986e-01
 -9.3793899e-01
  1.0004206e+00
 -1.1093003e+00
 -6.9133562e-01
 -1.3189416e-01
  3.2438990e-01
 -1.9999408e+00
  2.8692334e+00
 -1.9542379e+00
  1.5280167e+00
 -1.3451010e+00
  5.1780254e-01
 -1.8702897e+00
  3.1778020e-01
  7.3579532e-01
 -2.6779673e-01
 -8.6835676e-01
 -1.4381164e+00
  2.7020831e+00
 -1.6021856e+00
  2.9285601e-01
 -6.2606871e-02
  3.2201095e+00
 -1.3310034e+00
  2.7078414e-01
  1.8295269e-01
  1.4787778e+00
  7.5261754e-01
 -1.7633912e-01
 -1.1551749e+00
 -1.1382417e-01
 -2.8559268e-02
 -8.1220633e-01
  1.1461336e-01
 -4.5367917e-01
  9.3773231e-02
 -8.9370924e-01
 -8.7975198e-01
 -2.8682796e-03
  1.2041899e+00
  2.5657779e-01
 -1.5972809e+00
  1.6234001e+00
 -6.7821801e-02
  2.1681280e+00
 -2.4463044e-01
  1.6187739e+00
  1.1862485e+00
 -1.9779642e-01
  1.1792504e-01
  8.4090787e-01
  7.6478964e-01
  8.0718809e-01
  1.1565813e+00
  5.6027943e-01
  1.7169189e+00
 -2.6411994e+00
 -2.7087722e+00
 -1.5228032e-01
  6.7945105e-01
 -5.5769300e-01
 -4.8771426e-01
 -9.4979748e-02
  9.7764659e-01
 -2.2415953e+00
 -7.1781701e-01
 -1.1611674e+00
  1.1112361e-01
 -2.3577118e-01
 -1.1898395e+00
  1.1952149e+00
 -8.1262183e-01
 -1.7899624e+00
 -7.4540609e-01
  1.0455947e+00
 -9.9443352e-01
 -8.2046962e-01
  1.1023128e+00
 -1.8134117e-01
  1.2018561e+00
  2.4856345e-01
  6.4545292e-01
  3.1420816e-02
  2.2741796e-01
 -1.1905088e+00
 -2.7926712e+00
 -1.2094329e-01
  1.1578841e+00
 -7.5579607e-01
  2.7254459e-02
 -1.0933906e+00
 -3.0404851e+00
  2.3458645e+00
 -1.6319662e+00
 -7.4655540e-02
 -2.3431861e-01
  2.8655541e+00
 -2.8826706e+00
  1.3204095e+00
  1.6049408e+00
  2.6671708e-01
 -1.4495629e-01
 -1.0228618e-01
 -4.3430352e+00
  1.9632651e+00
  5.0816920e-02
  2.4816656e+00
 -9.6422291e-01
  2.8753567e-01
 -1.1774145e-01
  1.9768749e+00
  1.2639980e+00
  9.4489194e-02
  6.8232631e-03
 -1.9276442e-01
  7.3299384e-01
 -3.0225885e+00
  1.8613831e+00
  5.0097984e-01
 -7.7987111e-01
 -2.1555233e+00
 -7.5097030e-01
  2.0314429e+00
 -1.5256759e+00
 -1.9514700e+00
  9.6242827e-01
 -6.5075141e-01
 -4.1520279e-02
 -3.1252849e-01
  5.8620256e-01
 -7.9439923e-02
  6.1810023e-01
  3.2682168e-01
 -9.2613047e-01
  2.9789681e+00
 -1.6084598e-02
  5.5517513e-01
  3.3547968e-01
  2.1753813e-01
 -2.0521617e-01
 -2.5185175e+00
 -1.0231237e+00
  2.6909761e+00
  2.1980755e+00
 -3.1935361e-01
 -1.8023003e+00
  2.5770264e+00
  1.1212853e-03
 -2.0606637e+00
 -1.2100616e+00
 -2.2309519e-01
 -3.6655101e-01
 -8.4912467e-01
  9.7274971e-01
 -1.5154460e-02
 -1.5974712e-01
 -3.6577766e+00
 -1.1012180e+00
  1.7188146e+00
  8.7313318e-01
 -2.9434380e-01
  4.9900278e-02
  2.7782481e+00
 -2.7292464e-02
  9.0826672e-01
  1.3616383e+00
  1.2839661e+00
 -1.1564738e-01
  9.2729712e-01
  2.4019551e+00
 -8.5559088e-01
  1.3018852e+00
  1.5897602e+00
 -3.5661507e+00
  7.2944599e-01
  4.3681169e-01
  3.8408452e-01
  3.8833728e-01
  9.9741530e-01
 -7.0253801e-01
  2.7196908e-02
  1.5431868e+00
  7.3629864e-02
  4.7151831e-01
  7.3128313e-01
  3.2267517e-01
 -4.3996832e-01
 -2.7239177e-02
 -8.9395064e-01
  4.8679200e-01
  2.2771223e+00
  1.5489852e+00
 -9.8088378e-01
  2.5511706e+00
  1.0123558e+00
 -1.8029193e+00
 -1.7060097e+00
  7.0643342e-01
  9.6034396e-01
 -5.3011638e-01
  2.7597666e+00
 -2.4346194e+00
  1.3247988e+00
  1.5077345e-01
  6.8177199e-01
  7.6064110e-01
 -9.1427195e-01
  6.8298930e-01
  6.8413126e-01
 -1.0593715e+00
 -7.1288598e-01
 -1.8614730e+00
 -4.5344368e-01
 -2.9424229e-01
 -1.7762776e-01
  5.3388143e-01
  6.7081255e-01
  1.2027016e+00
 -6.7355049e-01
  3.0196905e+00
 -4.9593845e-01
 -1.9218463e-01
 -1.4633083e+00
  1.3631362e-01
 -1.1668401e+00
  7.4822623e-01
 -1.3558128e+00
 -7.5553262e-01
  9.5124888e-01
 -7.6928425e-01
 -1.5746692e+00
 -1.7910715e+00
 -3.5678607e-01
 -1.2979844e+00
 -3.5209039e-01
  4.1230312e-01
 -4.7749076e-02
  4.3479875e-02
 -1.4397157e+00
 -1.5477586e-03
 -7.9987425e-01
 -1.6444516e-03
  1.5876849e+00
  1.1068025e+00
 -3.1757119e-01
  2.5343218e+00
  6.2235457e-01
  1.1234741e+00
  1.3905823e+00
 -2.1335144e+00
 -4.0527558e+00
  5.6062337e-02
  1.9159951e+00
 -3.1807694e+00
  3.6845393e+00
 -5.8735532e-01
 -1.6046762e+00
  9.5009387e-01
  9.3934613e-01
 -3.6386076e-01
 -2.8570554e+00
  1.4534189e+00
 -9.8213047e-01
  1.1108942e+00
 -2.2348938e+00
 -4.3155032e-01
 -2.4852817e+00
 -6.3800317e-01
  2.6677053e+00
 -6.0427058e-01
  9.3162274e-01
  1.2679672e+00
  3.6142199e+00
 -6.8497217e-01
  7.5445920e-01
 -1.0097096e+00
  2.1609323e+00
 -2.6866230e-01
  6.7593235e-01
 -1.4093237e+00
 -1.6127392e+00
 -7.0840055e-01
 -8.4224576e-01
 -1.4204643e+00
  1.8670814e+00
  1.2332476e+00
 -4.5360216e-01
 -1.0864959e+00
  1.4028457e+00
  6.5125281e-01
  1.8897154e-03
 -1.1405530e-02
  3.8228241e-01
 -2.8259957e-01
  1.0978781e+00
 -2.4006624e+00
  6.8871224e-01
  1.0083032e+00
 -2.2152417e+00
  4.6861157e-02
 -1.5264153e+00
  3.0814342e+00
 -1.1439430e+00
  4.4346437e-01
  6.3553011e-01
  1.3314928e-02
  2.6792426e+00
 -5.1290023e-01
 -3.1732792e-01
 -9.1819666e-02
  1.2058198e+00
  1.6418264e+00
  3.4754077e-01
 -1.0226110e-01
 -4.5899180e-01
  4.1086701e-01
 -1.6241055e+00
  1.4305636e+00
  6.8205157e-03
  1.7492774e-01
  1.7203895e+00
 -2.2227663e-01
 -1.2638664e+00
 -8.9311373e-01
  1.7514880e+00
  1.0962830e+00
 -2.0867386e+00
  9.4577944e-01
  4.4312033e-01
  7.1130466e-01
  1.8315789e-01
 -2.0377760e-01
 -2.2767290e-01
  1.4065622e-01
 -1.7509543e+00
  7.2731495e-01
 -2.0594092e-01
 -3.0552083e-01
 -5.2721238e-01
  5.8786017e-03
  7.4446544e-02
  1.0123895e-03
  3.9912891e-01
  1.3675899e-02
  2.0806322e-01
 -1.6031598e-01
 -1.3874938e+00
 -7.5172079e-01
 -1.4438634e+00
  7.4032485e-01
  9.1962987e-01
  7.9068059e-01
  3.4140885e-01
  1.1544274e+00
  3.7810516e-01
  5.3633016e-01
  2.8532636e+00
 -1.7821847e-01
 -1.6610477e+00
  3.5206583e-01
 -3.5929674e-01
  2.2794114e-02
 -9.7482598e-01
 -3.9830296e+00
 -1.3836900e+00
 -1.5856121e+00
  2.7380288e+00
  5.5066012e-03
  5.6107801e-01
  2.3296857e-01
 -7.3266625e-02
 -6.5922245e-02
  1.6162250e+00
  1.3981467e+00
 -8.9244533e-01
  2.7123444e+00
 -9.0515500e-01
  3.4700735e+00
  9.1064495e-01
  7.3182784e-02
 -2.1775482e+00
  7.9499787e-01
  3.1396410e+00
  8.7628770e-01
 -2.0845146e+00
  1.7497061e-01
  1.2642435e+00
  3.8925928e-01
  1.1078761e+00
 -1.7463769e-01
  1.2955914e+00
 -7.5629455e-01
 -3.2212956e+00
  6.2319481e-01
  1.8476522e-01
  4.2480989e-03
 -3.5621980e-01
 -2.8371601e+00
 -1.4405102e+00
 -1.2045537e+00
  2.7871858e-02
  1.1883026e-01
 -6.2241513e-01
 -2.0192688e+00
  3.3559583e-02
  1.5548322e+00
 -8.2047373e-01
 -1.0938473e+00
  1.4494060e+00
 -1.5195478e+00
 -7.5829017e-01
 -1.7107451e+00
 -1.2490021e+00
  1.0174090e+00
  7.4424547e-01
 -3.5098929e+00
 -2.4953294e+00
  3.7761766e-01
  8.0810004e-01
 -6.1618769e-01
 -6.5773201e-01
  3.9770803e-01
  1.3750200e-01
 -1.8995124e-01
  1.1712970e+00
 -4.2068604e-01
 -9.8991770e-01
 -1.0551066e+00
  2.4801488e-01
  1.5779756e+00
  4.9405095e-01
 -2.4067111e-01
 -5.0876951e-01
  1.6578529e+00
  1.2473624e+00
  1.0905350e-02
 -3.8641557e-01
  9.4247139e-01
  1.1283453e+00
  3.5968728e-02
 -6.3049865e-01
  3.3799884e-01
  7.0285606e-01
 -1.7660825e+00
 -1.9942995e+00
 -2.1739078e+00
  1.5638794e+00
 -9.2320861e-03
 -6.2704277e-01
  2.0386031e+00
 -1.2286440e+00
 -1.7193962e+00
 -6.6722006e-01
 -9.0790606e-01
  1.3315635e+00
 -1.2577628e-01
  1.2502858e-01
 -2.3469019e+00
  7.3074512e-02
 -2.7867845e-01
  2.7813089e+00
  9.9590498e-01
 -2.1691575e+00
 -4.7985312e-01
 -5.0648844e-01
 -2.4637845e-01
 -2.0038663e-01
 -2.9082847e-01
 -2.3750577e+00
 -1.7044667e+00
  2.8625977e-01
 -2.7065814e+00
 -1.1832453e+00
 -1.1515175e+00
 -3.5938567e-01
 -2.4865990e+00
  1.7072690e+00
  9.5048386e-01
 -1.3758117e-01
  1.7596370e+00
  8.0583137e-01
  1.6976391e-01
 -8.4717250e-01
  8.9108962e-01
 -5.2135265e-01
 -1.0336428e+00
 -8.1415331e-01
 -2.4499300e+00
 -7.3503679e-01
 -1.0278747e+00
 -6.3723767e-01
 -1.7747746e+00
  9.9474475e-02
 -2.8209206e-01
 -1.1931428e+00
 -8.3221239e-01
 -6.1434245e-01
 -1.0176717e-01
 -2.3845440e-01
  8.9904308e-02
 -5.8392603e-02
  1.9142329e+00
  2.3762863e+00
  1.2228079e-01
 -2.8040677e-01
  2.5771759e+00
  3.6187444e+00
  3.8171363e+00
  3.4528562e-01
 -7.6896018e-01
 -1.4385915e+00
 -1.7252135e+00
  3.6580381e-01
  2.2307694e+00
  1.3361000e+00
  3.0976763e+00
 -3.3762869e-01
 -1.1340786e+00
  8.5497415e-01
 -1.1850042e+00
 -2.2084860e-02
 -1.0279633e+00
 -1.1686407e+00
 -8.1779546e-01
  6.2061977e-01
  3.4448244e-03
 -1.9609625e+00
  2.4731724e+00
 -8.5645759e-01
 -8.0401731e-01
 -1.5835428e-01
 -1.0889846e+00
 -4.6243462e-01
 -1.0502902e+00
  1.6367064e-01
 -4.6087875e+00
  2.1959683e-01
 -5.1632619e-01
  2.2698795e-02
 -7.6478815e-01
  5.4326409e-01
 -1.2649393e-01
 -4.2460206e-01
  1.2676971e+00
  3.5645986e-01
  1.6481295e+00
 -2.1357009e+00
 -1.4169612e+00
  3.6973417e-01
 -2.1465547e+00
 -3.2473397e+00
 -2.3715815e-01
 -4.2812687e-01
 -9.0653606e-02
  1.6314960e+00
  6.0028911e-02
  3.2046267e-01
 -8.2875711e-01
 -4.3634546e-01
 -2.0134723e+00
 -1.9235171e+00
 -8.3739120e-01
 -1.7195470e+00
  2.2443561e-01
 -3.2423207e-01
  6.8986213e-01
  1.2116220e+00
  2.7241414e+00
  4.4272175e-01
 -1.5861075e+00
  2.2166152e+00
 -7.4143738e-02
  9.3781304e-01
 -2.3187594e+00
 -1.2060417e+00
 -4.8770860e-01
  1.1446149e+00
 -1.1554190e+00
 -1.3682436e+00
 -7.9804307e-01
 -6.1569184e-01
 -2.3956446e-01
  1.1895537e-01
 -9.9603496e-02
 -1.0712128e+00
 -2.6711323e-03
  1.4035881e+00
 -7.6960731e-01
 -8.3769369e-01
 -8.3690196e-01
  8.9645100e-01
 -6.6702020e-01
  8.1838802e-02
 -1.9800751e-01
  3.9926457e-01
 -4.9755833e-01
 -2.6759131e+00
 -1.0075225e+00
  4.3680513e-01
  2.5572944e+00
  5.5110371e-01
  5.9052378e-01
  1.2134521e+00
 -4.5082530e-01
 -1.2985065e+00
  7.5576597e-01
  1.5552996e+00
  1.7204924e+00
  7.2951740e-01
 -2.6453587e-01
 -1.5212286e+00
 -1.1802684e+00
 -1.0478809e+00
  4.2058265e-01
  4.2506555e-01
  8.4157699e-01
  6.0760331e-01
  1.6302310e-01
 -5.5135906e-01
 -1.3468910e+00
  1.3698193e+00
  4.3087983e-01
 -2.5898058e+00
 -3.0745110e-01
  2.4697430e+00
  6.7974043e-01
 -1.0765666e+00
  1.7582448e+00
  1.9616171e+00
 -1.9167292e-01
 -4.1335106e-01
 -7.2663772e-01
  1.7350657e+00
  1.3755666e+00
 -1.5848972e-01
 -1.1612124e+00
  1.0700175e+00
  1.4729955e+00
  2.7903393e-01
  4.9384546e-02
  6.4089680e-01
  6.7682457e-01
  6.4697897e-01
 -5.8098274e-01
  8.6800247e-02
 -3.2624945e-01
  4.3852863e-01
 -1.0189492e+00
 -4.0488961e-01
  9.4196266e-01
  1.8883046e+00
 -3.9088875e-01
  1.0450634e-02
  2.0807691e-01
 -1.0409911e+00
 -6.2589365e-01
 -1.3524809e+00
 -3.7446890e+00
  1.1844850e+00
  1.9992968e-02
  1.7055684e+00
  4.1106129e+00
 -3.5695094e-01
 -3.5240035e+00
  1.4157453e+00
  7.8612208e-01
 -3.5470896e+00
 -4.1482756e-01
 -7.5499719e-01
 -1.0564756e+00
 -2.0853734e+00
  2.3875071e-02
 -2.4623330e+00
 -3.0623356e-01
 -4.7146410e-01
 -2.2885649e+00
 -4.4250056e-01
  6.1373907e-01
 -6.8291187e-01
 -1.1194727e+00
  2.0956032e+00
  1.8475078e-01
 -3.0946639e+00
 -4.7612488e-01
  2.5432198e+00
  3.1244260e-01
 -1.4206104e-01
 -1.4088893e+00
  2.9198587e-01
 -5.9288973e-01
  5.0508821e-01
 -5.5156577e-01
 -8.0462086e-01
 -6.0287237e-01
  4.7056028e-01
  7.2312033e-01
 -6.3505876e-01
 -3.9992514e-01
 -5.1281852e-01
  7.0711595e-01
  2.3623739e-01
  8.1631666e-01
  3.3564413e-01
 -4.1316018e-01
  8.3816290e-01
  1.0205985e+00
  2.0407944e+00
  1.4326819e-02
 -1.2761281e-01
 -2.0609355e+00
 -2.7399376e-01
  2.1817887e-01
 -4.7275639e-01
  4.3992815e+00
  1.6619359e+00
  3.7871814e-01
 -1.6242617e+00
 -2.9343727e+00
  3.2151616e-01
  2.9087862e-02
  3.6466321e-01
 -3.8456327e-01
 -8.8312036e-01
  8.9495760e-01
  9.2476273e-01
 -7.2387940e-01
  5.5087447e-01
  8.2190027e-03
 -4.5432560e-02
  1.8424335e+00
  1.5785615e+00
  5.2168369e-01
 -6.7373729e-01
  2.1820679e+00
  9.7177041e-01
  1.0961405e+00
  4.8060814e-01
  1.8092685e+00
  3.0333498e-01
  6.1741120e-01
  7.4983299e-01
 -1.7817353e+00
 -5.3978199e-01
  3.1175566e-01
  3.8088191e-01
 -1.8736508e+00
 -3.1802663e-01
  1.7264758e-01
 -1.3074391e-01
 -1.3024967e+00
 -3.1281676e-02
  8.8096358e-02
  1.7928956e-02
  1.7928956e-02
  1.7928956e-02
  1.7928956e-02
  1.7928956e-02
  1.7928956e-02
  1.7928956e-02
  1.7928956e-02
  1.7928956e-02
  3.4313183e-02
  3.4313183e-02
  3.4313183e-02
  3.4313183e-02
  3.4313183e-02
  3.4313183e-02
  3.4313183e-02
  2.7671870e-02
  2.7671870e-02
  2.7671870e-02
  2.7671870e-02
  2.7671870e-02
  2.7671870e-02
  2.7671870e-02
  1.3580502e-02
  1.3580502e-02
  1.3580502e-02
  1.3580502e-02
  1.3580502e-02
  1.3580502e-02
  1.3580502e-02
  5.7021868e-03
  5.7021868e-03
  5.7021868e-03
  5.7021868e-03
  5.7021868e-03
  5.7021868e-03
  5.7021868e-03
  1.1793899e-02
  1.1793899e-02
  1.1793899e-02
  1.1793899e-02
  1.1793899e-02
  1.1793899e-02
  1.1793899e-02
