nep4 2 Cu Se 
cutoff 7 5 100 44
n_max 8 6
basis_size 12 12
l_max 4 2 0
ANN 50 0
  3.8736425e-02
 -1.1934295e-02
 -2.1718076e-01
  5.2902114e-02
  1.8570223e-03
  4.9990585e-01
  3.6100349e-03
  4.9992830e-02
 -1.6069442e-01
  1.8220448e-03
  2.6531008e-01
  8.3991513e-02
  7.2521255e-03
  3.0199129e-02
 -5.8727436e-02
 -1.2957311e-02
 -1.2091544e-02
  1.4166383e-03
 -1.3946673e-02
 -2.7492318e-01
  8.0386467e-02
  2.9436689e-02
 -3.3057682e-02
  6.7872740e-02
  1.2976723e-02
  8.3072424e-02
  6.9306232e-05
  1.0901032e-01
 -5.5320881e-02
  4.5017535e-03
  2.4720773e-02
  5.2967826e-03
  8.7039158e-02
  5.7094209e-02
 -4.4727243e-02
 -1.2378436e-02
 -7.0256041e-03
  2.4915881e-02
  2.5661111e-01
 -4.8486628e-02
  1.6485271e-03
  1.7806105e-02
  4.7406852e-02
  7.8352295e-02
 -9.2663858e-03
  5.4032538e-02
  3.4833245e-02
  1.6701478e-01
 -2.4781945e-01
  2.4253085e-02
 -3.5993005e-03
 -1.4047034e-01
  8.7203860e-02
  1.1101442e-01
 -8.2008079e-02
  1.8994775e-01
 -1.7268233e-02
 -1.6142149e-04
  6.8466594e-03
 -6.0393520e-02
 -2.6353177e-01
  2.6457019e-02
  6.3616209e-02
  2.8050160e-02
  6.4346418e-02
  2.6574558e-01
  5.2988301e-03
  5.7240292e-02
  4.6047219e-03
  1.2023427e-02
  6.6013541e-05
  3.0266689e-02
  9.0850502e-02
 -7.5238440e-03
  4.4365606e-01
  5.0155604e-03
  1.5576944e-02
  8.2572624e-03
 -5.8305755e-02
  5.3612199e-02
 -1.0022863e-01
  1.9330326e-02
  1.3057540e-02
  1.5198607e-03
  3.0991897e-02
 -2.4250221e-01
 -4.7764279e-02
  8.9101754e-03
  1.3184078e-01
  1.8166270e-02
  6.0278162e-02
  4.1920401e-02
  3.0498064e-01
 -2.5915441e-01
 -2.2166299e-03
 -6.8190873e-01
  5.6068588e-02
 -2.0215080e+00
  2.0463818e-01
  4.9138807e-02
  5.1526420e-02
 -7.8049235e-02
  1.3114601e-02
  5.7029098e-02
 -6.7346610e-02
  2.1916896e-01
 -1.7008585e-01
 -1.2913440e+00
  5.4828331e-02
 -2.1421455e-01
  2.2677731e-02
  6.9031350e-02
  1.3801189e-01
  3.2366194e-02
  1.0993269e-03
  2.0828564e-01
  6.2277533e-02
 -1.0421086e-01
 -7.4838378e-02
  2.1471083e-02
 -7.4204206e-03
  3.2352455e-02
 -1.2525161e-01
 -5.3439409e-02
 -5.1788766e-02
  1.4112437e-02
  8.5422089e-03
  6.4468652e-02
 -5.9729535e-02
 -8.2066590e-03
 -1.6452120e-01
 -6.8188339e-02
  1.0193558e+00
 -3.2129574e-01
  1.8541467e-01
  5.0742590e-01
 -7.8412354e-01
 -2.1137923e-01
 -4.1665184e-01
  1.6464365e-01
 -8.1457686e-01
  4.3329649e-02
 -1.3443355e-03
 -3.8255133e-02
 -7.4710488e-02
  1.1376483e-02
 -1.8305045e-02
 -4.5245990e-01
 -3.2295179e-01
 -2.0978323e-01
  2.3598686e-01
  2.4305167e-02
 -4.9250332e-01
 -6.7050010e-02
  1.1342878e-01
  3.4391135e-02
  3.8231965e-02
  1.7748222e-01
 -5.2399520e-02
 -1.0472857e-01
  5.3338766e-01
 -2.3998149e-02
  1.1030602e-01
  5.6030143e-02
 -2.4166856e-02
 -5.8984044e-03
  7.1905412e-02
  6.2746692e-01
  1.8172796e-06
 -2.7260976e-03
 -3.3236411e-03
  2.2241965e-02
  6.7381397e-02
  4.8230581e-02
 -3.1427717e-01
 -3.9501183e-02
 -3.8920492e-02
  1.6954218e-01
  3.0799378e-02
 -5.6699801e-02
 -3.9867394e-02
 -2.0128960e-02
  2.4223208e-02
  2.9357269e-02
 -1.6385336e-01
  1.4407302e-01
  6.0662959e-02
  5.2252293e-01
 -5.3375095e-02
 -3.4278437e-02
  4.1414615e-02
  6.5815859e-02
 -5.6511384e-02
 -2.2062954e-02
 -2.1690737e-02
  1.0084169e-01
  1.9167131e-02
  1.0968302e-02
 -2.0176608e-02
  5.4715190e-02
  1.1689961e-01
 -4.3101050e-04
  6.3973576e-02
 -9.6099041e-03
 -1.5204865e-01
  1.3376648e-02
 -7.4680634e-02
  7.9734428e-03
  1.6026320e-01
  2.9482737e-02
 -1.9544255e-02
 -1.5306984e-02
  2.2199310e-02
  5.3975843e-03
 -1.8065717e-02
  1.2471926e-01
 -1.1646047e-01
  3.6919955e-02
  1.5440960e-02
  2.1906653e-03
  1.7916319e+00
  2.6116118e+00
 -1.5419158e+00
  7.3850381e-01
 -9.9653137e-01
  5.0983596e-01
 -2.9697907e-01
  1.5097930e-01
  2.9560918e-02
  2.2968487e-01
 -2.1484752e-01
  1.8832269e-01
  6.6622004e-02
  4.7063255e-01
 -1.0586894e+00
 -1.7109995e+00
  1.7756932e+00
  3.7643906e-01
 -7.8567266e-01
  4.8852617e-01
 -4.9386883e-01
  4.9447489e-01
  6.9043458e-02
 -2.4759622e-01
  9.9141133e-01
  4.8414159e-01
  3.0171129e-01
 -9.0460896e-01
 -7.8392059e-01
 -6.6415554e-01
 -3.4539461e-01
  3.2523006e-02
 -2.7236510e-03
  5.8022263e-03
  5.5381678e-02
  4.2105269e-02
  6.7451394e-01
 -1.5954275e-02
 -1.0334270e-01
 -9.7827807e-02
 -3.4652196e-02
  7.5566411e-02
  3.3185114e-03
 -2.6926938e-02
 -1.6413643e+00
 -1.0766302e-02
  1.0544602e+00
 -3.2323557e-01
 -9.5360827e-01
  1.2805012e-01
 -3.4499109e-01
 -1.3361913e+00
  5.8495790e-02
  4.1475710e-02
 -4.1896295e-02
  4.8739891e-02
 -5.6070197e-02
 -9.2329532e-02
 -2.2141632e-02
  6.0320250e-03
  2.2628417e-02
  1.7808057e-02
 -9.8706774e-02
  6.3592255e-02
 -4.8035316e-02
  3.5858110e-02
  1.6850058e-02
 -1.5685797e-02
  1.2871047e-02
  4.1525669e-02
 -4.0423334e-02
 -7.3987454e-02
  9.7209558e-02
  4.0437918e-02
  5.4124814e-02
 -3.7136164e-02
 -7.0624948e-03
 -4.2386770e-02
  1.7366912e-02
  7.6588951e-02
  1.7798450e-02
 -8.9060992e-02
 -4.2588841e-02
 -1.9355960e-02
  2.6190361e-02
 -9.0879194e-02
 -1.3906830e-02
 -4.1764356e-02
  1.8052012e-02
  2.5327063e-01
  3.0414620e-01
  1.2583892e-01
  5.9953612e-01
  5.1312367e-03
  5.5888675e-02
  7.6681584e-02
  6.4213300e-01
 -3.6471613e-02
  7.0019029e-02
 -2.1058081e-02
 -3.2132797e-02
  2.3756323e-02
 -3.5472494e-03
 -2.9940322e-02
  2.8687797e-02
 -6.8677649e-02
 -8.1045218e-02
  8.6169485e-03
  6.9747321e-02
  6.4895988e-02
 -2.9018258e-03
 -5.2076131e-02
 -1.2808110e-01
  4.9784766e-03
  9.8675396e-04
  9.4373330e-02
  1.9551831e-01
 -2.3758398e-01
 -1.0010733e-01
 -1.4052784e-02
  4.4301022e-03
 -5.7138283e-02
 -9.7253434e-03
  1.0733175e-02
 -2.2389328e-02
 -3.9795833e-03
 -4.0740618e-03
  1.6017230e-01
  4.2846903e-02
  5.4817088e-02
  9.6879508e-03
 -6.6680461e-02
 -1.6083236e+00
 -3.9444998e-02
 -1.3516271e-02
 -8.3772801e-02
 -1.6682653e-02
  1.7862989e-02
 -3.8199313e-04
 -5.1798379e-01
 -2.3751849e-02
 -2.8231941e-02
 -4.8465908e-02
 -3.1692844e-02
 -1.9167084e-04
  3.5045891e+00
  8.9981351e-03
  2.4104847e-02
  7.0123270e-02
 -7.3844582e-02
 -2.2654917e-02
  1.4371369e-03
  3.7247859e-02
 -4.9271081e-02
 -3.9144192e-02
 -1.5580280e-01
 -6.7664146e-02
  7.2151599e-03
  1.4883655e-01
  5.4934558e-02
  7.7863686e-02
 -6.2783226e-02
 -5.2332152e-02
  8.2919329e-02
  6.9463037e-02
  2.2298533e-02
 -1.8480310e-02
 -8.8586755e-02
  5.2717673e-03
 -3.8923141e-01
  1.4525346e-02
 -6.1438892e-02
  1.3729979e-01
  2.6481206e-02
  7.8430092e-03
  1.4244152e-02
  1.4202991e-01
 -3.7784296e-01
  6.7153323e-01
  4.4781220e-01
  4.0908632e-01
 -1.0930521e+00
 -8.9221042e-01
  9.3285620e-01
 -5.0800955e-01
  3.9994484e-01
 -6.0499984e-01
  2.0799626e-01
  9.4096458e-01
 -1.2070086e+00
 -3.3626175e+00
  6.8478000e-01
 -6.5480244e-01
  3.1066525e-01
  3.8660049e-01
  1.6623653e-01
 -2.3554078e-01
  5.5806786e-01
 -8.3327228e-01
 -1.2308877e+00
 -1.3601662e+00
 -1.9969082e+00
 -1.6545467e+00
  2.1179679e-01
  3.0619228e-01
  6.3594228e-01
 -3.5454652e+00
 -4.2581025e-01
 -8.0471575e-01
 -4.5494702e-01
 -7.1591660e-03
  1.9705340e+00
 -4.7925647e-02
 -9.8336214e-01
 -1.1123813e+00
 -6.8304226e-02
 -4.2362720e-01
  4.4103064e-02
  1.3848969e+00
  2.3193800e-01
  1.4636870e-01
  3.7476260e-02
 -1.3788956e+00
 -5.5202868e-02
 -1.6213470e+00
  6.4182974e-02
  1.0193321e-02
  8.7981746e-02
 -5.9110019e-02
 -7.3979646e-03
 -5.7801016e-02
 -1.3669949e-02
  1.7462443e-01
 -3.8969357e-02
  1.1785003e-01
 -3.1614327e+00
  2.9242411e-01
  1.2117337e-02
  3.1750882e-03
  9.3797497e-02
 -4.1742805e-02
  7.5787291e-02
  3.3728380e-02
  1.7590016e-02
 -2.8161190e-03
 -3.0903894e-02
 -1.7501295e-02
 -4.7791108e-02
  1.2602730e-02
 -2.9603491e-02
  9.2518345e-02
  2.1639906e-02
  3.4979223e-03
  3.6699530e-02
  9.0523407e-02
 -9.2797533e-02
  8.6465850e-03
  3.7369486e-02
 -3.7832856e-02
 -1.9463841e-02
  7.8465842e-02
  6.2247809e-02
 -6.9738142e-02
  2.2582918e-02
 -6.9651380e-02
 -9.8460501e-01
 -1.1457071e+00
  2.6381616e-02
 -2.8586111e+00
  4.2696500e-01
 -3.3347569e-02
 -4.5596936e-01
  2.5554013e-01
  9.6233264e-02
  8.0162570e-02
  8.7892309e-02
 -1.6369713e-02
 -5.5371695e-03
  5.3253748e-02
 -8.2422487e-02
 -7.9836957e-02
  8.7022346e-01
 -4.3883339e-02
  4.3909416e-02
 -1.5902676e-02
 -1.6447042e-01
 -2.6189852e-01
 -8.4309027e-02
  1.0353161e-01
 -4.6853952e-02
 -3.9768949e-02
 -2.6546425e-01
  1.3800481e-01
  1.9451493e-01
  4.6430763e-02
 -8.5329697e-02
 -8.2520150e-02
 -1.0947524e-02
  7.5512473e-03
  1.9152665e-01
  3.7716035e-02
  4.5153946e-02
 -7.9994477e-02
  8.0696672e-02
 -6.4227208e-02
 -6.0740832e-02
 -1.3456194e-01
  4.2018525e-02
 -1.4627801e-02
 -3.1751178e-02
 -6.2673584e-02
 -1.1823293e-01
  3.1822849e-02
 -2.9988248e-02
  4.8805812e-01
 -3.5550135e-01
  6.3156113e-02
  6.9171019e-02
  4.2081743e-02
 -2.0779768e-02
  8.1632853e-02
  4.3162912e-02
 -5.8026277e-02
 -1.2359228e-02
  2.0860098e-02
  7.8418531e-02
  7.0390724e-02
 -2.7512671e-02
 -1.1915106e-01
  8.3802510e-03
 -5.7074625e-02
 -4.8901696e-02
  1.8903005e-03
 -2.0209916e-02
 -1.7723227e-02
  3.7422933e-02
  1.7628966e-02
 -7.0097484e-02
 -1.3732716e-01
 -5.6993946e-02
 -2.6907306e+00
  1.0125192e-02
 -1.4485851e-02
 -3.0116285e-03
 -3.2782236e-01
  1.4474509e-02
 -1.0795330e-01
 -3.3478007e-01
  1.0993094e-01
  3.5426795e-01
  3.2447826e-02
  2.5499199e-02
 -1.9913925e-01
  1.0574576e-01
 -4.5755577e-01
 -3.7971828e-02
 -1.6715571e-01
 -3.2929477e-01
  2.3674931e-02
  1.9716578e+00
  2.4117764e-02
  9.0603866e-03
  8.0953069e-02
 -2.1863721e-02
  1.9154528e-02
  4.1501854e-02
 -1.1671736e-01
 -2.5767082e-02
 -7.6304018e-02
  9.3772389e-02
 -1.1999547e-01
  3.0314513e-02
 -6.1685521e-02
 -3.5662842e-03
 -4.6433426e-02
  8.4671065e-02
 -1.4849482e-03
 -4.5506451e-02
  1.8266276e-01
  2.4333128e-01
  4.3609449e-01
  4.0473223e-02
  3.5681274e-02
 -4.5994490e-02
 -6.6157594e-02
 -5.6360252e-02
 -1.1018988e-02
 -6.3632779e-02
  1.5296460e-02
 -1.4940236e-02
 -3.7266571e-02
 -4.9804050e-02
  4.3733791e-04
 -2.5458930e-03
 -6.3257262e-02
  3.3294596e-02
 -1.0969942e-01
  1.2244104e+00
 -6.5428597e-01
 -3.7700117e-02
 -1.8325266e-01
  4.1576734e-01
  6.3432097e-01
  6.2032662e-02
  7.5090754e-01
 -3.7084744e-04
  6.3604707e-01
  5.7964742e-02
  8.8014081e-03
 -1.5139589e-03
  4.7338486e-01
  7.3997036e-02
  1.0986397e-01
 -1.1836249e-02
  1.6194974e+00
 -7.9334348e-02
  1.6758963e-02
 -8.6360627e-01
  4.4583985e-01
 -1.2183569e-02
  3.6501318e-01
  1.9289018e-01
  2.3823324e-01
  6.4629480e-02
  3.7841892e-01
 -9.2202321e-02
  4.7651246e-01
  8.8661480e-01
  1.1393653e+00
  7.1116880e-02
  3.1437632e-02
  3.4549512e-02
  6.6893816e-02
 -1.3084002e-02
  6.8892318e-01
  3.5258818e-02
  3.0681723e-01
  3.0830489e-02
 -1.3859940e-01
 -5.1994163e-01
  7.7430958e-01
  1.2453463e+00
  8.3418345e-01
  2.0655878e-01
 -9.1311890e-01
 -4.0268689e-01
 -1.1670420e+00
  4.8510754e-01
  3.2128814e-01
 -6.0277146e-01
 -2.2624745e+00
 -9.7724065e-02
  1.0337128e-01
 -2.1270283e-01
 -2.5871522e+00
 -1.2989829e+00
 -9.4061458e-01
 -7.7741122e-01
 -1.1818891e+00
 -2.9761882e-02
 -2.0249645e-01
  1.2497101e+00
 -8.1438863e-01
 -4.2642634e-02
 -2.5954285e+00
 -5.7320696e-01
  1.3340360e+00
 -1.1038702e-01
  2.6714647e-01
 -4.5371410e-01
 -7.7911699e-03
 -9.4982409e-01
 -8.7869418e-01
  2.0300373e-01
 -7.6562381e-01
  4.8212036e-01
  8.8633962e-02
 -6.7538643e-01
 -5.5469894e-01
 -1.5611218e-01
 -8.6172014e-02
 -5.8692344e-02
  1.9400838e-01
  1.1330869e-01
 -8.0469444e-02
  2.8758822e-02
 -8.0073349e-02
  1.4943676e-02
 -1.3157463e-01
 -6.8532348e-02
  8.7511465e-02
 -8.3630076e-03
 -5.3446289e-02
 -3.6112715e-02
  3.7451826e-02
  1.6156811e-03
  3.0033812e-02
  5.2103186e-03
 -8.6858578e-02
 -9.0014055e-02
 -4.8664153e-02
 -2.3510177e-02
  5.6656789e-02
  1.3682008e-01
 -1.0780059e-01
  2.0477977e-02
  2.0015524e-01
 -5.5165548e-02
  1.7726535e-02
  7.7270214e-03
  5.7535721e-03
  1.0832075e-01
  6.5798140e-03
 -4.1775666e-02
  1.3377698e-01
  4.4297595e-02
  1.6071059e-02
  4.5287549e-02
  2.4954412e-02
 -1.3843134e-02
  5.0257869e-02
  1.5869202e-02
  1.3338920e-01
 -1.6332807e-03
 -3.6885239e-02
  6.1085038e-02
  5.5954020e-02
 -1.8661005e-02
  2.2562246e-01
 -1.8613073e-01
 -3.5189632e-02
  2.2907915e-02
 -6.4936921e-02
  1.7440125e-02
 -4.6413049e-01
 -4.0374041e-01
 -7.3169698e-03
  1.3748083e-02
  5.1969711e-02
  4.9068928e-02
 -6.3774116e-02
 -5.3720544e-03
  5.1772231e-01
  2.0895937e-02
 -1.2087426e-04
  7.3123552e-02
 -1.9144146e-02
  3.1788766e-01
  9.9877477e-02
  4.7513360e-01
  8.5853040e-02
  4.3262862e-02
  7.2242163e-02
 -9.4766803e-03
  1.4692852e-02
 -3.9091408e-02
  3.8548402e-02
 -4.5222944e-01
  1.0540296e-01
  1.0667949e-02
  2.4162922e-03
  5.7554901e-02
  1.9731514e-02
 -1.3162464e-02
  2.4192012e-04
 -1.3705894e-01
 -8.2570501e-03
 -4.7908187e-02
  7.1127579e-02
  5.3168312e-02
 -8.4598660e-02
 -1.3173732e-01
 -6.1207157e-01
 -7.4991174e-02
  1.5676056e+00
  3.2979384e-02
  1.4251661e-02
 -2.4164867e-01
  4.9300289e-01
 -3.7943009e-01
 -1.0868824e-01
  5.9004752e-03
 -3.8928267e-02
  1.6742586e-01
  2.1535497e-02
 -3.0125199e-02
 -1.5248767e-02
 -2.5789773e-02
 -2.6884043e-01
 -1.1093333e-01
  7.8572594e-02
 -1.9792309e-01
 -4.8077643e-02
  1.5625215e+00
 -3.0376674e-03
 -8.2221217e-02
  9.1408314e-03
 -8.7268256e-02
 -2.2455634e-01
 -1.9922054e-01
 -5.4381788e-02
  8.4809855e-02
 -7.8403965e-02
  6.4746905e-03
 -1.9650055e-02
 -5.1328555e-02
  2.2036519e+00
 -8.6324131e-03
 -1.7850295e-02
  1.5267618e-02
 -1.1185867e-01
 -1.1613114e-02
  2.0676456e-02
 -7.2866683e-03
  2.7155146e-02
 -2.7630603e-02
 -6.8813407e-01
  2.5711218e-02
  4.5250624e-01
 -2.5573045e-02
  1.4293395e-01
  1.1767479e+00
 -3.0095309e-01
  2.8157410e-01
  1.6641702e-01
  9.6846083e-03
  8.1070904e-03
  5.2133370e-02
  1.7736048e-02
  6.8955696e-03
  1.9732323e-02
 -4.7434568e-02
 -1.7630886e-02
 -1.4749948e-02
  6.1541557e-02
 -4.7428913e-02
  7.0371109e-01
 -9.0459734e-03
  7.4543869e-03
 -9.5308013e-03
  3.5764124e-02
 -2.8972235e-02
  6.7325771e-02
 -9.3608037e-02
  1.5799582e-01
  1.1629732e-02
 -4.2945957e-03
  2.7295934e-02
  4.3908443e-02
 -4.6986148e-02
 -1.5881361e-01
  1.4553034e-01
  2.2234519e-03
  4.5555490e-01
  5.0398801e-02
  4.1942228e-02
 -5.2928660e-02
 -4.6404557e+00
 -9.4069868e-02
 -9.8594790e-03
  1.0225862e+00
  9.7760987e-01
  5.2690822e-01
  4.7115904e-01
  6.0660559e-01
  1.4692262e-01
  5.6888258e-01
  1.1876369e+00
  6.7393410e-01
  6.4845353e-01
 -7.7834368e-02
 -2.4247886e-01
 -1.2376228e-01
  6.6176403e-01
  1.5155810e+00
  7.2869152e-01
  6.9614148e-01
  2.7080045e+00
 -2.1250847e-01
 -4.2216565e-02
  1.0670502e+00
 -9.7508407e-01
  1.0248475e+00
  1.0889070e+00
  2.2453621e-01
  5.2802515e-01
 -4.2659509e-01
 -1.6712554e-01
 -8.8470387e-01
  3.5005909e-01
 -3.5692403e-01
 -3.0355668e-02
  6.3310064e-02
  2.7261215e-01
  1.3716711e+00
  3.7842432e-01
  3.7857929e-01
 -6.9271177e-02
  4.0735203e-01
 -1.2687679e-02
  4.2171501e-02
 -1.4246553e-03
 -1.8261930e-02
  1.1603824e-02
 -5.4612696e-01
 -2.1815018e-01
  5.4463977e-01
  1.2573068e-01
  3.0249393e-01
  6.1825607e-03
 -1.7798305e-03
 -2.1592553e+00
 -3.2125294e-02
 -2.2407779e-01
 -7.5853489e-02
 -1.4789178e-02
  1.6379470e-02
 -2.2619102e-02
 -3.7445351e-03
 -1.0860846e-01
 -2.0864157e-02
  5.4535296e-02
  6.2202837e-02
  4.1336540e-02
 -7.1731880e-02
  5.0814614e-02
 -2.1556351e-01
 -9.7022712e-02
 -2.9312130e-02
  9.7148065e-03
  5.2660730e-02
  1.9554816e-02
 -3.0673934e-02
  1.8227763e-02
  2.6858425e-02
 -3.3305872e-02
 -3.2131143e-02
 -5.8112135e-03
 -2.5958691e-02
  1.3022995e-02
 -1.1166164e+00
 -2.3854758e-01
  1.7814338e-02
 -1.7289491e-01
 -3.4503762e-02
  6.9920130e-02
 -6.2699713e-02
  2.9942933e-03
  5.9190996e-02
 -1.5110550e-02
  4.8886478e-02
  4.8666593e-02
 -1.1865498e+00
 -1.0862451e-02
  7.1672127e-03
  1.6410911e-02
  1.8091571e-01
 -1.0233659e-02
  1.8538786e-02
  2.1578740e-02
  2.0206347e-04
  6.3393146e-02
 -2.5702003e-01
 -2.1134393e-01
 -8.4275417e-02
 -9.8084055e-02
 -2.8362658e-02
  3.1513125e-02
 -1.1089215e-02
  1.2834005e-03
 -3.6700591e-01
  4.3304536e-02
 -3.3547290e-02
 -7.1754247e-02
 -1.1994690e-01
 -9.3299769e-02
 -2.0083265e-01
  1.9352582e-01
 -8.3773360e-02
 -5.8968708e-02
 -1.0165682e-02
 -6.9278362e-03
 -1.3476893e-01
 -1.3644063e-01
  9.9893488e-02
 -7.3724473e-03
 -1.6348187e-02
  2.0772699e-02
  8.3649725e-02
 -1.9802205e-02
 -2.2794548e-03
 -1.5021264e-02
 -3.8746154e-01
 -8.5201293e-01
  2.7887640e+00
  8.6466235e-01
 -1.4404198e+00
  1.8235645e+00
  7.3009372e-02
  2.1703856e-01
 -1.4943656e-01
  1.0899539e-01
  2.4046726e+00
 -9.7715336e-01
  1.6656153e-02
  3.0330846e-01
 -9.5555417e-02
  4.7477167e-03
  5.1104262e-02
 -1.3264813e-01
  4.7753610e-02
  1.8469101e-02
 -6.1794080e-02
  1.0935420e-02
 -2.9488378e+00
 -4.3313116e-01
 -1.1525246e+00
  2.9133794e-01
 -2.1352978e-02
 -2.2289817e-01
 -1.8471991e+00
 -2.3556751e-01
 -1.5400088e-01
  7.6657400e-02
  7.4976020e-02
 -8.0008310e-01
  8.4383182e-02
 -1.3036062e-01
 -1.0265508e-02
 -3.0520814e-03
 -1.0386880e-01
 -1.7693218e-02
 -1.8289414e-01
 -5.6954883e-02
  4.6568282e-02
  5.8564998e-02
 -2.9115748e-01
  2.3209622e+00
  3.6906868e-02
  9.0291256e-01
 -9.8492557e-01
 -4.6797141e-01
  1.0775611e+00
  7.8023648e-01
  8.3788103e-01
 -1.1939162e+00
 -2.5736433e-01
  1.0334516e-01
  1.5986872e-01
  1.2546505e-01
 -1.5212013e+00
 -4.4750780e-01
 -6.3836122e-01
 -1.8196295e-01
 -2.6020280e-01
  6.3668326e-02
  2.6887927e-02
 -2.9760355e-01
  8.1448276e-03
 -1.8063434e+00
 -7.8463620e-01
 -1.7106179e-02
 -1.0743579e+00
 -6.4863496e-02
 -2.1940193e-01
 -5.4187793e-01
 -1.4995793e-03
 -4.1166025e-01
  8.1820432e-03
 -4.1231570e-01
 -1.7829521e-01
 -8.0070662e-01
  5.5309772e-01
  6.2907809e-01
  2.1932919e-02
  3.8631741e-02
 -1.2509982e-01
 -3.1296713e-03
  2.1455474e-02
  2.1597323e-01
 -8.4001280e-02
  3.7289840e-01
  1.0108808e+00
  1.3254349e-01
  1.9341611e+00
  2.1822305e-01
  3.3164222e-02
  5.1413830e-02
  1.5359221e-01
  5.0475891e-03
  8.0961868e-02
  1.2101443e-02
  7.0503913e-03
  2.9981317e-02
  1.0574064e-01
  2.1735590e+00
  4.5749638e-03
 -2.8588619e-02
 -1.8599806e-02
 -3.0594146e-02
  2.6479626e-01
 -1.2805693e-01
 -6.6564530e-02
  1.5909307e-02
  4.8982397e-02
 -1.6231062e-02
  3.0687476e-02
 -2.2496851e-02
  2.0609835e-02
  1.1701943e-02
 -5.6537217e-03
 -5.8524031e-02
  3.3714920e-02
  6.3377572e-03
  6.5510464e-03
 -1.1063490e-02
  3.2774512e-02
 -2.3066264e-02
 -1.3736487e-02
  3.2895125e-02
 -2.2873946e-01
 -6.1572637e-02
  2.3013584e-02
 -7.2160020e-02
  5.0513096e-02
  4.5756381e-02
 -3.9917663e-02
  1.1864974e-01
 -1.1741740e-01
 -2.3220561e-01
  2.7574110e-01
 -2.5463175e-02
 -2.4977554e-01
  2.6158026e-01
  2.3798069e-02
  1.4596197e-01
 -2.9299550e-03
 -2.2106710e-01
  3.3199733e-01
 -3.1629074e-02
  6.9792487e-02
  5.9662245e-02
  8.8211678e-02
  1.3123942e-02
  2.8753089e-02
 -4.5680169e-02
  3.4595716e-03
 -2.1374926e-03
  8.8779286e-02
  9.4298013e-02
 -1.7501354e-01
  1.1459522e-01
 -4.4278737e-02
  4.4405943e-01
  6.2269676e-02
  6.2251281e-02
 -2.0136513e-02
  4.0375076e-02
 -2.8119899e-02
 -1.9079328e-02
 -2.0737931e-02
  4.8469484e-02
  6.2865689e-02
  1.7287712e-01
  1.7218885e-01
  2.8728854e-02
 -1.1294287e-01
 -9.5168456e-02
 -7.9490364e-01
 -1.7940508e+00
  3.9183247e-01
 -1.2897081e+00
  1.3777175e+00
  8.9790857e-01
  3.9920476e-01
 -1.3310272e+00
  2.2582896e-01
 -2.1931441e+00
 -2.9849021e+00
 -2.0804877e+00
  7.6955473e-01
  4.3652451e-01
  1.1773450e+00
  1.1730959e+00
 -1.0707421e+00
 -1.9151248e+00
  2.4904117e-01
  3.5592517e-01
  7.1890599e-01
  3.6091954e-02
 -8.4149313e-01
 -1.6413567e+00
 -3.6823949e-01
 -1.1562749e+00
 -7.2071046e-01
  4.8514348e-01
  3.7777644e-02
  6.6747224e-01
 -4.6627465e-01
 -9.4193496e-02
 -2.9426627e-02
 -9.4945484e-01
  1.2903903e+00
 -4.2839654e-02
 -3.8881710e-01
  1.1181526e+00
  8.6168230e-02
 -3.4717165e-02
 -7.2815782e-01
 -2.3838047e-02
 -1.2793627e+00
 -1.4524614e-02
  4.4693482e-01
 -1.1269568e+00
 -1.1514840e+00
  2.6617247e-01
 -4.6548769e-01
 -8.8609862e-01
 -1.1003456e-02
 -1.9239442e+00
  8.3748229e-02
 -1.0672788e-01
 -2.2658382e-02
  5.1206037e-02
  1.1773763e-02
  6.8450533e-02
 -1.3396278e-01
 -3.4619179e-02
 -1.5624962e+00
 -1.0507333e-01
 -1.9686291e-02
  1.6865133e-01
  1.0462850e-03
  2.1807481e-02
  8.2358509e-02
  1.2435354e-03
 -1.3914530e-02
  1.2949163e-01
  7.3721848e-02
  4.3879293e-02
 -1.6251791e-01
 -2.1079557e-02
 -8.1967644e-02
 -3.4992244e-02
  2.7584848e-03
 -3.4690812e-02
  1.7795945e-03
 -3.6005046e-02
  8.3371159e-03
 -8.9456346e-03
  5.0470844e-02
 -6.9193705e-04
  3.6424052e-02
  1.9363770e-02
 -6.1461076e-02
  1.3650241e-01
 -9.6084420e-03
  9.8544955e-01
  3.2180190e-02
 -2.9119667e-01
  6.0586590e-01
 -2.8532806e-01
 -1.8926079e+00
  3.4987485e-01
 -9.9780392e-03
  6.2731601e-02
  1.0879897e-01
  3.6394075e-02
  3.0321054e-02
 -2.2529552e-03
  1.7292579e-01
  4.0067986e-02
 -2.6723039e-01
  9.2900433e-02
  3.7771352e-02
  1.0924337e-02
 -2.9883703e-02
  3.7979808e-02
  4.4912569e-02
  1.5004192e-01
  1.9689407e-02
 -4.2313863e-02
  1.2692732e-01
  1.3746159e-01
 -3.8606888e-03
  4.2477620e-01
  1.5791021e-02
  1.0709922e-01
  7.4665159e-02
  7.2614523e-03
 -6.6872537e-03
 -1.0287894e-02
  1.3886330e-01
  2.2560094e-02
  9.5995339e-03
  2.9530313e-02
 -3.7008040e-03
 -1.2100474e-02
  1.6329791e-02
 -3.1573873e-02
  1.9102113e-01
 -4.8591191e-01
 -6.1391813e-01
 -3.8549384e-01
  2.5053155e-01
 -4.3848488e-01
 -1.9176637e-01
  1.0318296e+00
  6.6371381e-02
 -4.9069677e-02
  1.1945701e-01
  1.3612862e-01
 -1.3401844e-02
  2.2100231e-02
 -9.0217460e-03
  9.6398667e-03
  1.2289806e-01
 -4.3060943e-02
 -9.5770806e-02
 -3.6263373e-02
 -4.8354845e-02
  3.5701618e-02
  3.0798823e-02
  8.5595250e-03
  7.5946011e-02
  1.6264670e-02
  1.4335808e-02
 -3.8752519e-02
 -8.3125271e-02
  2.0082137e-03
 -6.6748969e-02
 -4.1353770e-02
 -4.6454601e-02
 -4.6573221e-03
  7.0981449e-05
  5.2573964e-02
 -1.4559884e-02
 -5.9177238e-02
  3.7430055e-02
 -1.1396056e-02
 -1.0417014e-02
 -1.0433303e-02
  1.5955608e-01
  2.9914072e-01
  2.8182918e-01
 -3.7741190e-01
 -8.7261379e-01
  4.5968641e-02
  3.9144703e-03
 -3.0514842e-02
  9.9920519e-02
  3.2883173e-01
  9.1502078e-02
  4.0831878e-03
  2.2544546e-01
  6.6813012e-03
  4.1185714e-02
 -5.7106055e-03
 -1.4165674e-01
  1.6389726e-01
 -4.8336512e-01
  3.3241019e-01
  9.2803612e-03
 -3.1872341e-01
  1.8465790e-01
 -4.9277884e-01
  8.5781515e-04
  1.5340354e-01
  2.4167457e-01
  1.9216005e-02
  2.4498999e-02
  4.7842747e-01
  4.2582509e-01
 -2.5320668e-02
  7.3912833e-03
 -1.0372258e-01
  2.0355320e-01
 -8.8167451e-03
  1.4793931e-02
 -1.4427297e-01
 -1.4027092e-01
 -4.0719692e-02
  2.0220982e-01
  1.3145672e-01
 -3.0287120e-02
  7.4593827e-02
 -1.7381586e-02
  5.4831259e-02
 -7.0466661e-01
  3.5796654e-01
  1.2244548e+00
 -2.9770055e-01
  4.2924368e-01
 -4.8022172e-01
 -1.3934417e-01
  6.1538577e-01
  7.7457996e-03
 -8.6408094e-02
  5.7869357e-01
 -1.7406922e-02
 -2.5973659e-02
  5.2231234e-03
  2.8146572e-02
 -2.8717618e-02
 -8.9149825e-02
  7.9643071e-01
  6.6353325e-03
 -3.8658388e-02
  4.7468459e-03
  1.4074188e-01
 -1.5914945e-02
  7.9895295e-02
 -3.0499030e-02
 -4.5373328e-02
  1.3251706e-02
  1.0733512e-01
  2.0774849e-01
  4.1600519e-01
 -5.1286623e-02
 -3.9697476e-02
 -4.9134746e-02
 -1.5913229e-02
  2.0583913e-02
 -1.7983131e-02
 -1.0358887e-01
  1.8704873e-01
 -2.6372062e-02
  9.2556840e-03
  3.6632016e-02
  2.0865005e-02
  4.2181674e-02
  9.8304693e-03
  4.9823612e-01
  1.2132537e-01
 -1.8766473e-01
 -4.6261764e-01
 -1.0658551e+00
  3.8230855e-02
  2.5110382e-01
  4.5226222e-01
 -1.0054906e-01
  2.2790190e-02
  6.1639734e-02
 -2.4398843e-02
  2.1174872e-01
  3.5279356e-02
  4.2758521e-02
  8.1059262e-03
  1.9100319e-01
  1.0806502e-02
  1.1348553e-02
  1.1903042e-01
 -2.4955347e-02
  2.2736237e+00
 -2.8934715e-02
  1.7495763e-02
  1.0677386e-01
 -2.1006849e-01
 -8.8403672e-03
  9.2935435e-02
  1.7211966e-02
 -6.9387287e-02
 -6.9599673e-02
 -4.8775515e-03
  2.9220797e-02
 -1.5972756e-02
  1.0226823e-01
  1.1816691e+00
 -1.7386545e-01
 -7.9455853e-02
  1.7700443e-01
 -1.0077067e-01
 -3.9955262e-02
  1.5470668e-02
 -1.0340678e-02
 -1.2192641e-01
 -3.7435085e-02
  2.0609289e-02
 -4.1003067e-02
 -2.3825867e-01
  5.6356769e-03
 -4.3501027e-02
 -4.4516787e-02
  1.7443016e-02
  1.6825525e-01
  2.5404818e-02
  5.7223476e-02
  1.2613317e+00
 -3.4991253e-02
 -1.8340843e-02
  2.6154347e-02
 -7.8530371e-02
  4.1495755e-02
 -1.2274807e-02
  2.8676149e-02
  6.2041633e-02
  1.8236244e-02
  5.1240619e-02
 -2.8295135e-02
  2.3008669e-02
  4.8193363e-03
 -5.0362524e-02
  1.6096408e-02
  3.4911573e-02
  4.1349959e-02
 -3.7534153e-03
 -1.3183002e-01
 -3.5974391e-02
 -2.5875412e-02
 -3.0867549e-02
  4.3129239e-02
  1.0774961e-01
 -6.1648306e-02
 -4.2170435e-02
 -1.3898125e-01
  8.0762003e-03
  3.1270731e-02
  1.2282503e-03
 -8.1314422e-02
 -1.3051677e-01
  8.7097722e-01
  6.1460012e-01
  1.3578986e-01
 -3.2043296e-01
  4.1326958e-01
  4.9330834e-01
 -8.0368561e-01
  5.0261766e-03
 -7.1828884e-01
 -4.8004809e-01
  1.0068994e-01
  3.7418291e-01
 -2.4935378e-01
  2.0951962e-01
 -2.0777427e-01
 -1.7221595e-01
 -2.5891338e-02
  3.7330955e-01
 -2.2070038e-01
  4.6381104e-01
  3.0171087e-01
  2.8751656e-01
  3.2874095e-01
 -1.2649043e-01
 -5.2645922e-01
 -8.6196482e-02
  2.7930427e-02
  5.1650167e-02
  5.1118801e-03
  9.7939414e-01
  8.4332172e-03
 -3.5562970e-02
  3.6388019e-01
 -6.4703964e-02
  1.2220090e-02
 -2.7295032e-01
 -9.9238761e-02
  4.6831906e-02
  1.4615141e-01
  6.4964518e-02
  5.1477943e-03
  5.5028249e-02
  1.8982837e-02
  6.3378379e-02
  3.9537469e-01
  9.0162700e-01
 -9.9403465e-01
 -2.1027436e-02
 -2.6500842e-01
  8.3540253e-02
 -5.3580131e-02
 -2.3105578e+00
  2.4390402e-01
  2.6265746e-01
  3.9939630e-01
  4.8928585e-02
 -1.4700549e-02
 -2.6754953e-02
  5.1542521e-01
  4.0364088e-03
  1.5117508e-01
  2.1468895e-04
 -2.8923478e-03
  4.3667434e-03
  3.9504688e-02
  4.4111732e-02
  3.7043183e-03
  7.5582676e-02
  7.3114447e-03
 -1.4089699e-02
  1.7008112e-01
  2.0023407e-01
 -1.4405419e-02
  1.0118029e+00
 -2.1545226e-02
  2.0009199e-02
 -2.1276127e-01
 -5.0240263e-02
  1.1754386e-01
  1.0684384e-01
 -2.1981325e-02
  2.0916136e-02
  1.1028890e-02
  3.2247107e-02
 -7.5144231e-02
  3.9270263e-02
  1.9233350e-01
 -5.1645387e-02
 -2.3975184e-02
  2.7013622e-02
 -1.1215168e-01
  6.9720149e-02
  9.6330881e-02
 -1.7512091e-03
 -1.7172571e-02
 -2.3332311e-02
  1.7919941e-01
 -3.3603698e-02
 -4.2059692e-03
  1.9592833e-02
  1.1266267e-02
 -1.5485440e-01
  4.6057161e-04
 -7.1454421e-02
  1.3393702e-01
  1.8972309e-01
 -1.1800770e-01
 -1.0662803e-02
 -2.5549872e-02
 -3.5395771e-02
 -7.2797589e-02
  4.8311438e-02
 -2.3356338e-01
  1.6288459e-02
  1.0949153e-03
 -1.8340035e-01
  1.1704480e-01
  1.0837197e-01
  1.2012715e-02
 -1.2988830e-02
 -5.1219478e-02
  5.9234735e-02
 -3.7448877e-04
 -1.8159495e-03
  5.2017584e-02
 -5.3501070e-02
 -1.1029955e-02
 -2.2933548e-02
 -3.7563898e-02
 -4.0092215e-02
 -8.1570055e-03
  1.3932811e-01
  1.9561686e-02
  1.2687515e-01
  2.4389455e-02
 -9.6631655e-03
  1.7956281e+00
 -5.5393737e-02
 -2.9495910e-02
  1.8306745e-02
 -4.6947729e-02
  7.4273384e-01
  8.5122082e-03
  3.1299125e-02
  7.8404583e-02
  1.5241729e-02
 -3.8997773e-02
 -1.1785734e-01
  2.4713306e-01
 -3.2641038e-02
 -1.2873532e+00
 -3.8624100e-02
  2.6505781e-02
  1.8481269e-02
 -9.0854838e-03
 -3.2961302e-02
 -1.8828200e-01
  8.6619239e-03
  5.6570459e-02
 -7.8090824e-02
  6.2364157e-02
 -2.2317106e-02
  1.5186052e-02
  4.6487255e-03
 -7.6348940e-03
 -1.6512536e-03
 -4.3845136e-02
  1.5486634e-01
  6.3180968e-02
  6.8529293e-02
 -3.9120711e-02
  1.4647558e-02
 -8.3931731e-03
  8.1217475e-02
  5.9506636e-02
  7.2287530e-02
  4.5986913e-02
  1.2581588e+00
 -5.4939017e-03
 -7.7277058e-01
 -3.0845797e-01
  1.9838689e-01
  2.6952091e-01
 -1.5562205e+00
 -3.5746522e-02
 -4.1453749e-01
 -1.4393388e-01
  8.3353169e-02
  3.4946352e-01
  1.9740190e-01
 -2.6949859e-01
 -2.5444103e-02
  8.1053585e-02
 -3.7598794e-03
 -6.4878101e-03
  5.7212996e-01
 -2.9024629e-02
  1.7836618e-01
 -2.8171870e-01
  3.8226530e-01
 -1.6288128e-02
 -7.1816966e-02
 -3.4176001e-01
 -1.8396387e-01
  2.0326214e+00
 -4.6995378e-01
  7.5376607e-02
  6.5826073e-02
  1.9358438e-02
  1.4018582e-01
  1.5098180e-01
  5.3653812e-01
  4.1115121e-04
  2.8370304e-02
  2.8870033e-02
  1.2646955e-01
 -3.0202043e-01
 -4.7005629e-03
 -3.4495972e-02
 -4.0348295e-02
 -2.5405757e+00
 -5.9901154e-01
 -4.4947159e-01
 -1.0846561e+00
  1.4179976e+00
 -2.7862614e-01
 -2.4677817e-02
  3.0094001e-01
 -1.1631873e+00
 -4.0054414e-02
  1.8617125e-02
 -4.9320940e-02
 -1.2766302e-01
  5.4505307e-02
 -1.4630529e-01
 -2.4138138e-01
 -8.3176427e-02
 -3.8391791e-02
 -6.1093539e-01
  5.4805726e-02
 -1.4515945e-01
  2.4046140e+00
 -3.3092514e-02
  6.6998564e-02
 -1.6882321e-01
 -2.7826026e-02
 -4.4832181e-02
 -7.6787323e-02
 -6.7950362e-01
  4.2876314e-02
 -4.6571188e-02
  2.3952639e-02
 -9.4625920e-02
 -6.1099278e-03
 -9.9523239e-02
 -3.0490741e-01
 -4.4642843e-02
  1.9018739e-02
  6.6713709e-03
 -1.1552225e-02
 -3.8608643e-03
 -6.6021122e-02
 -1.7998046e-01
  1.9890590e-02
 -1.0044268e+00
 -4.3994644e-01
 -4.2325494e-01
 -6.2783885e-01
  1.6957570e+00
  1.6585683e+00
  2.8310769e+00
  4.8804843e-01
 -5.4122275e-01
 -1.0333730e+00
 -1.0274148e+00
 -5.0525207e-02
  1.8733079e-02
 -4.0415633e-02
 -3.5306814e-01
  7.4058980e-02
 -5.1739287e-02
 -4.7233410e-02
 -1.3995719e-01
 -5.7712132e-03
  4.2139821e-02
 -2.6509255e-01
 -7.6940261e-02
 -8.9855707e-01
 -3.6994614e-02
 -3.0116405e-02
 -4.8475343e-01
  2.5749645e-01
 -4.4823709e-01
  1.1510896e-01
 -8.0851197e-02
 -1.8871121e-01
  3.1891912e-01
  2.2181989e-01
  7.7037662e-02
 -6.1315428e-02
  2.0864577e+00
  1.4139452e+00
  2.3527442e-01
  4.8212647e-02
 -1.8073015e-01
 -1.2945185e+00
  6.3010044e-02
  6.5911159e-02
  9.0094882e-01
  2.3364989e-02
 -1.6943762e+00
  1.2508912e+00
 -6.6047293e-01
  4.2181857e-02
  2.4490567e-01
 -1.6718538e+00
 -3.9428145e-01
 -1.9545758e-02
 -1.2147111e+00
 -8.0498248e-01
  3.8825896e-01
 -6.8944818e-01
  1.2362412e-01
  1.2054175e+00
 -1.9500012e+00
  1.7421874e-01
  4.6327166e-02
  4.1470677e-03
 -1.0034477e-01
 -7.0396811e-01
 -9.2444742e-01
 -9.7164828e-01
  4.2594337e-01
  4.3887246e-02
  5.6207836e-01
 -8.7235190e-02
 -1.2382458e-01
  1.7502064e-01
 -1.8197148e-01
 -1.6258323e-01
  6.3308197e-01
 -2.0861366e-01
  1.1652365e-01
 -3.8272846e-01
  1.8893421e-02
  4.7940265e-02
  5.8781773e-02
 -3.4968182e-02
 -3.4167826e-01
  7.1033384e-03
 -8.8977136e-02
 -7.9092793e-03
  5.1076329e-01
 -4.2205423e-01
  1.0209365e+00
 -1.4212949e+00
 -1.2760237e+00
  1.6954746e+00
 -3.2100752e-01
  4.5677280e-01
 -6.3395849e-04
  1.2320830e-02
  1.5383434e-01
 -1.2881560e-02
 -2.4045542e-02
  5.1730283e-02
  3.4714945e-02
 -9.7511336e-02
  8.5648432e-02
 -1.0796480e-02
  1.9677529e-02
  3.3558792e-01
 -2.5640957e-02
  8.4814064e-02
  4.2333907e-01
 -6.1779682e-02
 -1.6008826e-01
  7.0703350e-02
  4.7533147e-02
 -4.2701066e-02
  2.0404986e-01
 -1.8016474e-01
 -1.3321009e-02
 -6.4353965e-02
 -4.2087920e-02
 -2.3815432e-03
  4.2027090e-02
 -1.4899132e-01
 -1.1887985e-01
 -8.9565292e-06
  1.2177367e-02
 -2.0657860e-02
 -5.6987915e-02
 -9.8677740e-02
 -2.8082576e-02
  1.2317184e-01
 -2.4433188e+00
 -9.8988831e-01
  1.6921960e+00
 -3.2012552e-02
 -3.9445821e-02
 -3.0543566e-02
 -6.7021511e-02
  2.7572308e+00
 -6.1560735e-02
 -3.8988017e-02
  1.5403634e-02
 -1.6628036e-01
 -7.2495244e-02
  9.9790946e-02
 -3.5853535e-02
  3.5060439e-03
  2.8840624e-02
  9.3615577e-03
 -5.9140418e-03
 -1.3546497e-02
 -2.5944877e-02
 -3.4716472e-01
  4.8469525e-02
 -1.2623053e-03
  2.4138145e-02
 -5.2368466e-02
 -1.4076839e-02
  1.8486600e-02
 -9.6671626e-02
  3.2962300e-04
 -4.9909990e-02
  1.0672310e-01
 -6.7495331e-02
  4.2930068e-03
 -2.5353367e-02
  6.7253128e-02
  9.5626144e-03
  8.1599750e-02
  9.4433300e-02
  3.1562857e-02
 -1.6082354e-02
  1.4236663e-02
  2.6476544e-01
  1.3512619e-02
  7.8720190e-02
  5.7908311e-02
 -3.5104185e-01
 -6.0218327e-02
 -3.6546402e-02
 -7.6044137e-03
  2.0224730e-02
  1.0245296e+00
  1.0500509e-01
 -1.0322961e-02
  6.3822225e-02
 -5.3511551e-03
  1.9407513e-02
 -4.6528418e-02
 -8.8989167e-03
 -8.5528299e-02
 -9.7608268e-03
 -4.6664197e-03
 -2.0078658e-01
 -4.7709090e-03
  4.3503698e-02
  9.2749119e-02
  3.6660176e-02
 -3.8205055e-03
 -1.1081783e-01
 -6.6370100e-02
  5.5055179e-02
 -2.2170989e-02
 -4.6436384e-02
  5.6033138e-02
  4.0487882e-02
  2.4646726e-03
  1.2504590e-01
 -1.8614229e-02
  9.7832374e-02
 -3.0289682e-02
  6.7782149e-02
  5.9663244e-02
 -1.5445563e-02
 -5.2406467e-02
 -2.9670250e-02
  1.3664676e-01
 -4.3915875e-02
  3.8057901e-02
  1.3359460e+00
  7.6026744e-01
 -1.3240120e+00
 -8.7993003e-02
  1.1658996e+00
  5.5991475e-02
  2.2854714e-01
 -1.6612224e-02
  1.1705821e-01
 -1.8362537e-02
  7.3421204e-01
  1.4188074e-01
 -5.5401695e-01
  2.1552113e-01
  5.1120445e-02
 -2.5148556e-01
 -1.2936231e-01
 -1.2986530e-01
 -2.5754973e-01
 -4.8534870e-01
  4.1198622e-02
  2.3582113e-01
  7.8612822e-01
  1.0101922e-01
 -2.8298709e-01
 -6.8381704e-02
 -2.5946951e-01
  3.8621312e-01
  4.5309299e-01
  5.0762363e-02
  1.9167137e-01
 -1.1856287e-01
  2.3133896e-01
 -4.6299849e-02
  9.4388295e-03
 -4.1024855e-01
 -3.8480297e-01
  3.0694470e-01
  3.9579177e-01
  1.2640522e-03
  6.8760604e-02
  1.6014884e+00
  4.5421547e-01
  1.1009756e-01
  2.2152035e+00
 -2.0441081e-01
 -1.5828066e+00
  8.4354177e-02
  8.1449383e-01
  2.3229901e-01
  5.4398811e-01
 -1.8466815e+00
 -6.8089145e-01
 -1.6170161e-02
 -2.2425110e+00
  6.8964131e-02
  1.8082280e-01
  2.6737887e-01
 -1.6577164e-02
  7.4812137e-03
  1.6129273e-01
 -1.0989884e-01
  2.0055601e-02
  2.7333844e-02
 -3.0806705e-02
 -1.7062483e+00
 -3.5854903e-01
 -9.6029794e-01
 -1.2751053e-01
  8.4378734e-02
 -1.0116191e+00
 -6.4381188e-01
  3.7384713e-01
 -6.2911409e-01
 -8.2251728e-02
  1.8108085e-02
  5.3418144e-03
 -2.0824963e-02
  6.3127339e-02
  3.8470622e-02
 -5.9034961e-01
 -1.0060521e-01
 -2.7922589e-01
 -5.7923038e-02
 -5.7001656e-01
 -1.7787328e-02
 -2.6024234e-01
  4.4147480e-01
  4.4922583e-02
 -6.0166386e-03
 -3.1115794e-01
  8.7491490e-02
  9.6817024e-02
 -1.2003151e-01
 -2.4753816e-01
 -1.0329466e-03
  3.8196050e-02
  2.9613210e-02
  1.1437758e-02
 -2.7217740e-02
 -1.0863580e-03
 -1.7273137e-02
  2.9897427e-02
  9.3613222e-02
  2.8702412e-03
  3.3342983e-03
 -9.5227612e-03
 -6.1259374e-02
  7.8247041e-03
  4.4386028e-03
 -1.1711106e-02
 -2.2152532e-02
 -2.1663778e-02
  1.7263066e-02
 -2.2914412e-02
  9.8725624e-02
  5.3894483e-03
  1.7623386e-01
  1.8048617e-03
  1.1963429e-01
 -4.1183207e-02
  7.1944678e-03
  4.5243245e-02
  2.6660819e-02
 -9.8518901e-02
  8.9274794e-03
  2.7948385e-02
 -1.0245793e-01
  1.5957487e-01
 -4.0085312e-02
  2.9997952e-02
  3.8898573e-03
 -1.0151117e-01
  7.3830321e-02
  1.6900152e-01
  8.0692016e-02
  2.2549734e-01
 -5.2740630e-03
  1.6846655e-01
 -1.4263490e+00
 -3.8148616e-02
 -2.6544454e-02
 -1.7158054e-02
 -3.3637902e-03
  2.6869327e-02
 -8.6568534e-02
 -2.0376440e-02
 -9.3328357e-02
 -2.9570976e-01
 -8.1520401e-02
 -3.1470653e-02
 -5.6682108e-03
  5.9051432e-02
  5.6649656e-03
  2.2575032e-02
  1.6619572e-02
  1.7552735e-01
 -1.7587347e-02
 -2.6099449e-02
 -4.1194785e-02
  1.3950000e-03
 -1.6956018e-02
  4.6986517e-02
 -4.9030036e-02
  1.0198179e-02
  2.6905867e-01
 -2.5147885e-01
  1.2813397e-03
 -5.9026014e-04
 -1.1248660e-02
  1.5210169e-03
 -2.3363686e+00
 -6.0319096e-02
 -2.0912958e-02
  1.3333925e-02
  3.0963095e-03
 -2.7663273e-01
  2.8766401e-02
 -7.7253532e-01
 -3.3407614e-01
 -3.3850744e-02
  1.7430831e-01
  8.7758683e-02
  7.2426593e-01
  9.5566772e-02
  1.7185107e-01
 -2.1210532e-01
  3.9187345e-01
 -6.7252005e-03
 -2.5543055e-01
 -7.0578098e-01
 -7.5361454e-01
  4.6747662e-03
  1.5772948e+00
  4.7191697e-01
  2.3690131e+00
  4.1311166e-01
  1.9969279e-01
 -1.0134269e+00
 -2.9090760e+00
 -1.2323511e+00
  1.5588048e-01
 -5.3688669e-01
 -3.2353420e+00
 -3.9198987e-02
 -2.9220581e-02
  2.8128373e-02
 -6.7051357e-01
  7.4235469e-01
 -1.0169712e+00
  7.4423686e-02
 -8.6932158e-01
 -1.3768863e-02
  2.2080748e-01
 -1.2069663e-02
 -5.0910902e-01
 -2.2786574e-01
  6.2976372e-01
  6.9958013e-01
 -8.2868166e-02
 -2.4599133e+00
  1.1303341e+00
 -1.0377278e+00
 -1.2771317e+00
 -4.9478173e-02
  7.1078187e-01
  1.4106776e-01
  4.3850891e-02
  6.6844441e-02
 -8.3257717e-01
  2.8703855e-02
 -1.4314171e+00
  5.2050298e-01
  4.1964576e-01
  9.7583115e-02
 -4.0588510e-01
  9.7357428e-01
 -2.7594221e+00
 -7.1926927e-03
  9.5999134e-01
  4.6656254e-01
 -6.3441783e-01
  2.5067978e-02
  5.8395511e-01
 -1.5307796e+00
 -1.1456696e+00
  3.1543186e-01
 -3.2182834e+00
 -9.6608543e-01
 -2.9494849e-01
 -1.6227822e-01
 -1.0250069e+00
  2.6494509e-01
 -3.9250109e-01
 -5.3962596e-02
  7.8018762e-02
  3.9452386e-01
  1.2160447e+00
  8.2750654e-01
  2.3349016e+00
  2.7122088e-03
  5.5190700e-01
  6.4009893e-01
 -5.5651434e-02
 -1.5052752e-01
 -3.1719711e-01
 -8.0718040e-02
  2.8244615e-01
 -2.8732371e-01
  1.0723193e+00
 -4.3247320e-02
 -3.6913618e-02
  1.2731547e+00
 -2.5677875e-01
 -1.8179005e-03
 -1.3319787e+00
 -1.5004761e-02
  1.9914625e-02
 -6.2597632e-01
 -1.6763479e-02
 -1.7196456e+00
  1.1712676e-01
 -9.2772558e-02
  2.8964622e-02
  1.0035336e-01
  1.2169062e-02
 -1.8923055e-02
 -1.7114815e-01
  5.6967359e-02
 -1.1378678e-01
 -1.0114544e-01
  9.3121231e-03
  4.7608938e-02
  1.3714593e-02
 -9.9715042e-01
  1.8843390e-02
 -2.9787920e-02
  2.7894352e-02
  2.5590563e-02
  7.2017014e-03
  6.9856510e-02
  4.8670592e-03
 -2.5247667e-02
  1.7070135e-02
  2.4460722e-04
 -1.2605322e-02
 -9.4485068e-01
  7.7419379e-03
 -7.0925064e-02
 -6.9079414e-02
 -9.3411794e-03
  3.1561520e-02
 -4.1121724e-03
 -2.5798127e-02
  8.7715406e-04
 -1.0753617e-01
  4.5272466e-02
 -2.4494175e-02
  6.7044264e-03
 -5.8997227e-03
  4.8791610e-02
 -1.6400366e-01
 -1.3391268e+00
 -1.5368336e-01
 -9.3412273e-02
  1.0985391e-01
 -9.5579416e-02
  2.1765040e-01
 -1.1806764e-01
  2.5091186e-01
 -2.3732070e-02
 -1.3117559e-02
  8.4789664e-02
  1.0182007e-01
  9.9903882e-02
  1.2714013e-01
  8.8552177e-01
  1.0064058e-01
  7.5644836e-02
 -1.5212247e-02
 -9.6593983e-02
  9.9106908e-02
 -7.2433114e-02
 -1.2949714e-01
 -5.6798253e-02
  2.4866274e-02
  3.5121605e-02
  3.4759663e-02
  1.6103479e-01
  2.0802846e+00
 -1.9096397e-02
  2.6702461e+00
  2.5249589e-02
 -5.4661028e-02
  5.1104026e-03
  1.3236278e+00
 -7.9922996e-02
 -3.2171320e-02
 -2.3582205e-02
 -2.5384167e-02
  1.0660896e-02
 -4.2409547e-02
  1.3283329e-02
  6.5899193e-02
 -1.2951306e-01
  2.2237844e+00
 -7.0684910e-01
 -5.3938621e-01
 -9.2681162e-03
  1.0984204e+00
  2.9060289e-02
  3.0380497e+00
 -1.2690008e+00
 -1.6088681e-01
  1.8701388e-02
 -1.3617386e-01
 -1.7756869e-01
  8.2139224e-02
 -3.0742247e-02
 -5.1250666e-02
 -2.3568141e-01
 -2.4261647e-01
  2.6102003e-01
 -1.5093455e-01
 -1.4252011e-01
  1.0792608e-01
 -3.4704305e-02
 -3.1991206e-02
 -2.1218072e-01
  5.9322860e-02
 -1.7316714e-01
  1.4332475e-01
 -8.4777214e-02
  8.6028665e-02
 -2.8861842e-01
 -1.5732431e-01
 -1.8029178e-02
 -7.0922083e-01
  6.9618113e-02
 -1.3740280e-02
  3.9404422e-02
 -4.3112990e-02
 -1.0419458e-02
  1.0563857e-02
  1.5992321e-02
  2.0605842e-02
 -1.5870711e-02
 -1.7992446e-01
 -1.4352571e-02
 -1.0726932e-02
 -4.3974672e-02
 -3.4769857e-01
  1.0837181e+00
  1.1260483e-01
  1.9130791e-02
 -4.5827914e-02
  9.0167159e-03
  5.4944754e-02
 -7.3672049e-02
 -9.6436068e-02
 -8.6573817e-02
  6.5935858e-02
 -1.3765027e-02
  1.6356222e-01
  9.9699460e-02
  2.1982539e-02
 -2.7483799e-02
 -4.9383793e-02
 -3.1982671e-02
 -2.6081372e-03
 -1.4522381e-01
 -6.8866563e-01
 -7.8311004e-02
  9.7332615e-03
 -8.2959719e-03
  2.2016075e-02
 -1.0989002e-02
 -3.6234945e-02
  1.7346712e-02
 -2.8255841e-01
  1.8740145e-02
 -6.2518075e-02
  5.8363654e-02
 -6.8639149e-03
 -2.6418490e-02
 -1.2239419e-02
  2.7050808e-01
  1.8882787e-02
  3.3114508e-02
 -2.1536672e-02
  2.6000269e-02
 -5.5795632e-02
  3.2401836e-01
  1.3811131e-01
  2.5107357e-01
 -9.9310882e-02
  1.0205945e+00
  1.0274184e+00
 -3.2719317e-01
  8.5712141e-01
 -1.0636796e-01
 -7.5009689e-02
 -2.7662891e-01
 -3.0176314e-02
  9.9808782e-02
 -3.6239624e-01
  3.9652791e-02
 -1.8817903e-01
 -5.4237198e-02
  1.8213490e-01
 -7.2828814e-02
  2.0130672e-02
 -1.7427421e-01
  1.6069174e-02
  8.2973009e-01
  1.5728293e-01
  7.7071868e-02
 -1.9278497e-01
  9.4463848e-02
 -5.2619672e-01
  2.1072632e-02
  2.9165971e-01
 -2.1826118e-02
 -1.6930982e-01
  3.3381608e-01
  1.1612816e-01
 -5.2943623e-01
  3.5061963e-02
 -1.4850748e-01
  4.3672252e-02
 -3.0882712e-03
  5.1234182e-02
  6.0147654e-02
  6.3333944e-03
  4.3659154e-02
  1.5053824e-01
 -1.2608383e-02
 -3.2030709e-02
 -4.8133829e-03
 -1.4108701e-02
  2.7757976e+00
  1.7961189e-02
 -5.2148096e-02
  7.8660063e-02
 -4.5294920e-01
 -6.9138249e-03
 -4.4789251e-02
 -4.5624174e-02
 -3.5480177e-04
  5.4801037e-03
  7.1979865e-02
 -3.5319522e-02
 -1.2811888e-02
 -2.3933401e-02
  2.6697794e-01
 -1.8377030e-02
 -6.2287557e-03
 -1.7175004e-02
 -4.8284397e-02
  1.9356480e-02
  2.7290087e-02
  1.3275364e-02
  2.4931625e-02
 -3.9095976e-04
 -1.7771003e-01
  3.6150787e-02
 -5.6596994e-02
  1.3799820e-02
 -7.0109256e-02
  2.8803749e-02
 -3.2506291e-02
  2.0645975e-01
  1.2174558e-02
 -1.3977183e-02
  5.5403806e-02
  3.6976080e-02
 -2.1130769e-02
  1.4620578e-01
  9.9095865e-05
 -5.3231407e-02
  1.4995003e+00
 -1.1701745e-01
  1.0038123e+00
  9.1717726e-01
  1.3751082e-01
  1.2459002e+00
 -1.0909491e-01
 -1.3810010e+00
 -2.0588365e+00
 -4.4377789e-01
  1.0557443e+00
 -2.2578034e-01
 -6.4929515e-01
 -7.8876960e-01
 -4.9091655e-01
  5.8530337e-01
  3.9540797e-01
 -4.7303852e-02
  4.8137534e-01
 -8.7173617e-01
  1.6771306e-01
  2.5586471e-01
 -1.2282573e+00
  9.4231928e-04
  6.0220784e-01
 -5.4827917e-01
 -1.9604933e-01
  9.9236416e-03
 -7.0674896e-02
 -1.5652940e-01
  5.2570385e-01
 -4.6271693e-02
  5.3013925e-02
  5.1781513e-02
  8.7237126e-01
  6.0328925e-01
 -3.8697663e-01
  2.2214423e-01
 -8.9047000e-02
 -3.1781659e-01
 -1.1353017e-02
  2.4894632e-02
  7.0076384e-02
 -1.5375188e-02
 -1.3391020e+00
 -7.9852331e-01
 -7.0003068e-01
 -1.7977816e-01
  1.0976241e+00
 -1.2594579e+00
 -7.7319956e-01
  1.5148441e+00
  4.8098701e-01
  1.2544663e-01
 -5.3931981e-01
  5.8435869e-01
  8.4630978e-01
 -9.2580974e-02
  5.3783762e-01
  1.4948910e+00
  7.9942811e-01
 -9.7456306e-02
 -2.7081190e-02
  5.6461376e-01
  1.3763770e-01
 -7.3191613e-02
 -1.4663313e-01
 -6.7882702e-02
 -5.0975925e-01
  2.2486277e+00
  1.1817385e+00
 -5.5822229e-01
  3.4814505e-03
 -2.3134433e-02
 -6.7316484e-01
  1.0369802e+00
 -6.7054951e-01
 -1.5490109e-01
 -1.0378358e+00
 -2.1383858e-01
  1.3595268e+00
 -2.5711045e-02
 -1.2002830e-02
  2.4000628e-01
  4.9639810e-02
 -8.7172948e-03
  3.5396159e-02
  4.7525145e-02
 -1.2538422e-02
 -8.4839225e-02
  2.3299968e+00
 -6.4190030e-01
 -6.9442159e-01
  7.5188912e-02
  3.5336760e-01
 -4.2767733e-01
  9.7400504e-01
  8.6133204e-02
 -5.4363750e-02
 -1.9095035e-01
  1.2329791e-02
 -3.8999286e-01
 -1.5282050e-01
 -9.3387270e-01
  2.8798945e-02
 -1.0744018e-01
  5.4946595e-01
 -5.8074631e-02
  4.4637449e-02
 -3.7933167e-02
  3.3655277e-01
 -1.5101348e-01
  8.7733001e-01
  1.8216282e-01
 -8.4496595e-02
 -3.2257479e-01
 -5.0212932e-01
 -3.7084460e-01
  3.4224442e-01
 -7.2811925e-01
  1.0111295e-01
  1.2600487e-03
  1.1665024e-01
  3.3539314e-02
 -7.2189558e-01
 -7.2762191e-02
 -6.0167757e-04
  7.4405439e-02
 -2.9966742e-02
 -5.1413573e-02
  2.0873444e-02
  2.6360586e-02
  5.4304201e-02
  2.8416228e-01
 -5.2546501e-02
  9.4810516e-02
  4.3639737e-01
  1.0401513e-02
 -1.6338130e-02
  8.0968142e-02
 -1.0282750e-01
 -6.7618601e-02
 -2.1543980e-02
  1.4282365e-01
  2.8263010e-02
 -5.4258715e-02
  4.1428855e-01
  1.1559749e+00
 -1.1412218e-01
  5.9659060e-02
  2.8733560e-01
  1.5008828e-01
  6.7306543e-04
  2.6821372e-01
 -1.0755029e-01
 -1.7155841e-01
 -2.2091322e-01
 -4.6185959e-02
  9.0543494e-02
 -3.6948338e-01
  9.5710310e-04
  4.0122330e-02
 -4.9456269e-02
  3.9363489e-01
  1.5098781e-02
  2.5851471e-02
 -1.9819744e-01
 -1.7444044e-02
 -1.9330262e-01
 -1.1661312e-01
  4.7856376e-02
 -2.7366640e-02
 -7.7401176e-02
 -8.0226175e-04
 -5.6520142e-02
  6.2290285e-02
 -4.5096911e-02
 -4.5906208e-02
  2.1336828e-03
 -7.2466135e-02
  4.7561321e-01
 -5.2364379e-02
 -1.0131297e-01
 -8.0574989e-02
  9.3471743e-02
 -4.5705449e-02
  3.7758045e-02
  1.7108379e-02
  1.4508687e-01
 -1.3726844e-02
 -2.8696470e-03
  7.0359260e-03
 -1.8003304e-03
  9.4629070e-03
 -2.2243954e-02
 -6.0311031e-02
 -8.6308792e-03
 -3.7551311e-01
 -3.2173889e-04
 -9.7191539e-03
 -1.1313207e-02
 -4.2695869e-02
  2.9950647e-02
  5.9910998e-02
 -2.2000624e-03
 -4.5249630e-03
 -4.7805872e-02
  1.8201124e-02
  4.4089451e-02
 -3.3928916e-02
  5.6417631e-03
 -1.2277108e-01
 -2.8481930e-03
  7.3789032e-03
  8.3229309e-03
  3.6834124e-03
  2.7235979e-02
 -1.5238337e-03
 -6.5611610e-03
  1.7322366e-01
  1.2561989e+00
  1.0642605e+00
 -1.7774475e+00
 -9.7839874e-01
  7.9271334e-01
  2.2979269e+00
  2.8409284e-01
 -1.1828319e-01
  6.7584938e-01
  9.5798302e-01
  1.7602694e+00
  7.9639062e-02
 -9.9911302e-01
  1.1899102e+00
 -7.5442279e-03
  2.2630587e-01
 -9.7331667e-01
 -5.3846717e-02
  6.0925740e-01
 -6.8827057e-01
  5.7167256e-01
  7.2319365e-01
  4.9455822e-01
 -1.9378653e-01
  5.5161703e-01
 -5.4236966e-01
 -9.5426030e-02
  4.0872874e+00
  3.3151373e-02
 -4.3607228e-02
  1.7086409e-02
 -4.1207168e-02
 -2.6307652e-02
  1.4972831e-02
  4.8958766e-01
  3.0540377e-02
 -1.7462765e-01
  3.8399033e-02
 -2.0876503e-01
 -1.9767076e-02
 -5.8121193e-02
 -7.1437158e-02
  7.4877016e-02
 -3.2241154e-01
 -3.2471633e-04
 -2.5945021e-02
 -6.8654262e-02
 -1.2405601e-01
  1.9169392e-01
  1.8972106e-01
 -4.0132310e-03
 -2.6388001e-03
 -1.2169413e-03
 -1.2975526e-01
 -1.7664164e-02
 -7.9131052e-02
 -3.2710150e-02
 -4.1632053e-02
  9.7833417e-02
  5.3708784e-02
  1.2451300e-01
  4.9453270e-02
  5.2650999e-02
 -5.9931733e-02
  1.8750358e-02
  1.7722923e-02
 -3.5803147e-02
  4.0478222e-02
  6.8156738e-03
  1.3684729e-02
 -9.1971681e-03
 -1.5795624e-02
 -3.1701844e-02
 -2.4836456e-02
  4.4334456e-03
  2.0571925e-02
  1.1766292e+00
  9.3126908e-02
 -2.9126894e-02
  2.9215662e+00
 -5.4198083e-02
 -4.0558543e-02
  3.3763787e-01
  3.0680392e-02
  1.8497103e-01
 -1.9206621e-02
  4.1111887e-02
 -9.0298406e-04
  5.1442444e-01
 -8.9650013e-02
 -1.4300045e-02
 -7.9505213e-02
 -7.4177295e-01
 -1.5130427e-02
 -4.3707976e-01
  6.5506019e-02
  2.2891615e-01
 -4.6670564e-02
 -1.3412713e-01
  2.6152365e-02
  8.4489555e-05
 -3.0671310e-01
  3.4690134e-02
 -3.1861968e-02
 -1.8416097e-02
 -1.2993932e-01
  1.0813294e-02
 -4.5242626e-02
 -4.5035116e-02
  2.8351324e-02
 -4.2905707e-02
 -1.5122776e-01
  1.1681496e-01
 -9.3858719e-01
 -1.1402284e-03
 -9.8064229e-02
 -3.4193531e-02
  2.8142702e-02
  1.7687747e-02
  1.4023602e-02
  5.3579770e-03
 -9.7084053e-02
  4.1446846e-02
 -5.6822702e-02
  2.1540790e+00
 -4.1616429e-02
 -8.5864693e-02
 -4.0095583e-02
 -2.1259852e-02
 -8.0583364e-02
  2.2665630e-03
 -9.7834036e-02
  1.6321734e-02
 -2.9261986e-02
 -1.2037709e-01
 -9.1938954e-04
  1.2254610e+00
  7.7672172e-03
  2.0698038e-01
 -3.3016011e-02
  8.0824211e-02
  1.1619576e-02
 -5.5725183e-02
  5.6653269e-02
 -8.9423433e-03
 -4.6125904e-02
 -1.8763263e-04
 -1.7807361e-02
 -3.8600300e-02
 -2.1733637e-03
  3.6639068e-02
 -6.8465859e-02
  2.8601452e-03
  2.5080597e-02
  3.9849136e-02
 -6.7996467e-03
 -1.4081733e-02
  4.8649073e-02
  9.8267861e-02
 -1.9125123e-02
 -3.7172483e-03
  1.4390055e+00
 -8.5623087e-03
 -1.1761117e-01
 -9.2375167e-02
 -8.5603899e-01
  1.5313548e-01
 -2.7945086e-02
 -1.5715063e-03
  5.9482671e-02
  9.2907690e-02
  6.1331801e-02
  1.7471109e-02
 -1.5975943e-02
  4.2596214e-02
 -2.7864922e-02
  1.1443467e-01
  2.8685993e-03
 -5.0707761e-02
 -3.1468481e-02
 -7.5161356e-01
 -2.8208392e-02
 -4.6095353e-02
  1.7225161e-01
  1.3314982e-02
 -2.5520675e-02
  1.4535752e-02
 -2.6469545e-02
  2.3840491e-02
 -3.2159097e-03
  4.1896485e-02
 -8.1081845e-02
 -1.2440210e-02
 -2.1471374e-02
 -2.7313452e-02
  1.4230274e-03
 -5.1560078e-02
 -7.1886122e-02
 -3.0007390e-02
  5.9182294e-02
  1.8371262e-01
  9.5621996e-02
  5.8673307e-02
 -3.3058198e-03
  2.9701248e-02
  2.2218147e-01
 -9.0757139e-02
 -1.8600428e-02
 -2.6508756e-02
 -3.2186713e-02
 -8.7472238e-02
 -3.2144465e-02
 -1.0286873e-02
 -1.1022124e-02
  1.4055377e-01
 -4.3986261e-02
 -1.6450234e-02
  4.1342229e-02
 -5.2900985e-02
 -2.4927082e-02
  2.0088921e+00
  1.4950898e+00
 -7.4258375e-01
 -4.9538791e-01
 -1.3282041e-01
  6.8496466e-01
  2.4595048e+00
 -1.7032520e+00
  1.2797514e+00
 -4.3485698e-01
  1.5611193e-01
  1.2808487e+00
 -9.9014026e-01
 -2.9952945e-02
 -2.4198039e-01
  6.9865191e-01
 -8.1970856e-02
  6.3146758e-01
  7.3045932e-02
 -4.2758748e-01
  1.6879430e-01
  2.3000167e-01
  2.4012440e-01
 -3.8745207e-01
  3.4335229e-01
 -4.3581164e-01
 -4.0375963e-01
  1.1426538e-02
 -3.5193124e-01
  2.4719936e-01
 -6.6570759e-02
  5.6179039e-02
  2.3439035e-01
 -8.4329292e-02
 -2.6302920e-03
 -4.1990392e-02
  3.3639631e-01
 -2.3808271e-02
  1.0163200e-01
  2.7124038e-02
  5.1203523e-02
  5.3853141e-03
 -2.4699712e-02
 -6.4788416e-02
  2.6731122e-02
 -4.8883811e-01
 -5.6421542e-01
 -2.0649202e-01
 -8.5029316e-01
 -2.9328616e-02
  2.0090261e-02
  5.4463208e-02
 -8.3490238e-03
 -1.2319066e-01
 -6.4457572e-01
  2.5809919e-02
  1.5787035e-01
  2.8375658e-01
 -1.9887410e-02
 -4.9272265e-02
  1.8472527e-01
  4.9970232e-02
  3.0602682e-02
  5.7013882e-03
  1.1008815e-01
  1.0713009e-02
 -1.1088708e-02
  3.2545599e-01
  3.3011775e-02
  2.4758689e-02
  1.2078984e-03
 -1.0684305e-01
  1.4538470e-01
 -1.0287867e-01
  6.6484861e-02
 -3.2027368e-02
 -2.4411157e-02
  5.9195138e-03
 -6.1882462e-02
 -7.9535125e-03
  6.9126889e-02
 -8.5293436e-03
 -2.3289287e-02
 -1.8328924e-02
 -3.2306984e-03
 -1.4866391e-01
  3.9810464e-02
 -5.3779498e-02
  6.2595703e-02
  1.4779091e-01
  1.9793117e-01
 -7.4627906e-02
  5.9002811e-01
  3.6671519e-02
 -1.1542053e-01
 -1.3991116e-01
  2.4896560e-02
 -1.6555850e-01
 -4.1318998e-01
 -2.2732146e-02
 -2.1971673e-02
  4.6407703e-02
  2.6411274e-02
 -1.1417998e-02
  2.7974222e-02
  2.8443091e-02
 -3.9868470e-02
 -3.6368057e-01
 -2.0519800e-02
 -2.8299406e+00
 -6.1954830e-02
 -1.2755647e-01
 -3.1634632e-02
 -4.9536252e-01
 -8.0458075e-03
 -6.0996497e-01
 -2.0028250e-03
 -2.4327521e-01
 -7.3360443e-02
  2.2875139e-02
  2.6949925e-02
 -6.7321464e-02
 -1.8867835e-02
  1.7192056e-02
 -4.0770581e-01
  1.1100201e-02
  1.5744748e-02
 -8.6597670e-03
  1.9573456e-02
 -9.5223449e-04
  2.5905631e-02
  3.2875512e-02
  3.0776186e-02
 -1.3101706e-01
 -7.1296826e-02
  1.4526251e-02
  1.3369644e+00
 -3.9939236e-02
 -1.9536772e-01
 -2.6036495e-01
  3.7462618e-02
 -3.1213763e-01
 -9.3024306e-02
 -7.2359875e-02
 -1.0174698e-02
  3.1035418e-02
  1.7038072e-02
 -3.9599042e-02
  8.3125070e-02
 -2.9785443e-02
  3.3154765e-03
  2.4922589e-02
  2.3455778e-01
 -1.0345963e-01
 -6.2839404e-02
  8.9555688e-02
 -8.8875117e-03
  5.5216454e-02
  7.1816087e-02
 -3.3309519e-01
 -1.8882269e-02
 -6.0121663e-02
  1.2337428e-02
  7.6238565e-02
 -5.4865699e-02
 -2.9258687e-02
 -8.6667880e-02
 -1.5275650e-02
  9.1689251e-02
  5.4502755e-02
  2.6340932e-03
  5.1618844e-02
 -3.7098750e-02
 -9.2848070e-02
 -1.0990570e-02
 -6.0306162e-02
  6.8015611e-01
  8.0996114e-01
  1.1953750e+00
 -3.0815813e-01
 -2.2191939e-01
 -2.4578908e-01
 -6.8021528e-03
  4.7477528e-01
 -8.1554398e-02
 -1.8515311e-01
  4.7610381e-01
  2.2325611e-02
  5.5931699e-02
  4.7164004e-02
 -4.9340915e-02
  6.2918222e-01
  1.5435102e-02
  4.1097587e-01
  1.3737358e-02
  7.3456958e-02
  7.0713080e-02
  7.2160922e-02
 -2.9752646e-02
  2.0264130e+00
  4.8069981e-01
 -3.1088898e-01
  1.0401553e-01
  2.8788336e-02
  1.2407903e-01
  1.6299304e-02
  4.0160212e-01
  7.7669822e-02
 -5.2287333e-02
  2.8579092e-02
  2.4600783e-02
 -9.4598278e-02
  5.0623465e-02
  7.6093650e-03
 -6.7723602e-02
  1.6653368e-02
  8.1026871e-03
  1.0890093e-01
 -2.0872909e-01
 -1.5183961e-02
  2.9063568e-01
  3.7368524e-01
  1.5178151e-01
  9.6740782e-02
 -6.8185133e-01
 -1.1909720e-01
 -9.7009197e-02
 -1.2373375e-02
 -9.2578262e-01
  1.7192264e+00
 -1.0637679e-01
  3.2969341e-03
  2.1968798e-01
  3.7580501e-02
 -3.4414415e+00
 -3.0016711e-01
  4.5863856e-02
  1.8520766e-01
 -1.8452772e-01
 -6.2696822e-02
 -1.0223741e-01
  1.4636189e-02
 -5.1604390e-02
  3.0973667e-01
 -4.6669319e-03
 -1.5286608e-01
  2.4138389e-02
  2.5992602e-01
  4.9470562e-02
  3.7370092e-01
 -1.2168542e-01
 -8.6516693e-02
 -1.4254557e-01
 -1.3547730e-01
 -8.8321649e-02
  1.2783822e-01
 -5.9214115e-01
 -8.9647882e-02
  3.6789481e-02
 -1.7696704e-01
 -1.4298445e-02
 -1.4496988e-03
  5.6098394e-02
 -5.0063252e-02
 -2.2068303e-02
 -9.3922451e-02
  1.1917079e-02
 -6.5919613e-03
  1.6221285e-01
 -7.5017996e-02
 -1.6900517e-01
  1.9300514e-01
 -2.6643947e-03
 -1.2916360e+00
 -2.2438858e-02
  9.8628543e-02
  5.6572098e-02
  4.6370909e-02
 -7.7036910e-02
 -8.3792463e-02
 -1.1627955e-01
  1.2835088e-01
 -3.4180190e-02
  8.2846601e-03
  9.4744787e-03
 -8.5721528e-03
 -1.4677573e-02
  7.7439863e-03
  1.3838916e-02
  1.9373933e-02
  3.4521386e-02
  8.9505026e-03
 -6.2125772e-02
 -7.7066220e-02
 -9.7156234e-02
  5.2302368e-02
 -2.1335954e-02
  1.7566465e-02
 -2.3161227e-02
 -1.2825544e-01
 -5.0334223e-03
  1.3749449e-01
  1.6202885e-03
  5.4055224e-03
  1.9809482e-01
  3.1648006e-02
  1.7915232e-02
 -2.5996283e-02
  1.1404458e-02
 -1.4338258e-02
 -2.5514486e-01
  3.3739056e-02
 -7.3860013e-01
 -9.5524803e-02
  6.5564409e-02
 -1.8336575e-02
 -4.0449928e-02
  1.2441868e-01
 -8.5835176e-04
 -9.9169202e-02
 -8.8981487e-02
 -3.9881155e-02
  3.2748973e-01
 -1.2488730e-02
  8.1927041e-03
 -2.6415490e-02
  5.2327635e-03
  5.1511675e-02
  7.1410961e-02
 -4.0026209e-03
 -2.5133088e-02
  1.7026020e-02
 -8.8491384e-03
 -2.2391681e-02
  3.1283557e-02
  1.2082466e-01
  8.4687984e-03
  5.8475569e-02
 -3.3206940e-02
  7.3608756e-02
  3.8735501e-02
 -5.3024400e-02
 -2.5205646e-02
  4.1588914e-02
  1.5701619e-01
 -1.0764652e-01
 -2.4992988e-02
 -7.1573287e-02
 -2.3613404e-02
 -3.5483308e-02
  3.6223985e-02
 -8.5160863e-03
  2.6728990e-02
  9.9470958e-02
  6.3246548e-02
  1.1750766e-02
  3.8422503e-02
  4.2484820e-02
 -1.1613779e-02
  1.8117082e+00
 -1.3213017e-02
  2.9400125e-02
 -1.9288164e-02
  2.0189686e-02
 -5.4072876e-02
 -4.7483496e-02
  4.9210873e-02
 -1.2515125e-01
  5.1864818e-02
 -2.2352673e-03
 -3.2237541e-02
  5.3384602e-02
 -3.3459239e-02
  8.6269170e-02
  7.3380783e-02
  4.1080922e-02
 -5.5908328e-03
  2.8498217e-02
  1.9162551e-03
 -1.5459514e-02
 -2.1017192e-02
 -4.2867977e-02
  4.2826203e-01
 -3.4559701e-02
 -2.9838569e-03
 -3.7694075e-03
 -4.8086919e-02
  4.5811597e-02
 -6.0811110e-02
 -4.8159182e-02
 -2.9050345e-03
 -7.2405852e-02
 -1.1124384e-01
  1.0086138e-02
  1.3217055e-02
  1.3137354e-02
  9.6176937e-02
  1.8780743e-01
 -4.6121234e-01
  3.7493756e-01
 -2.6184818e-01
 -1.6964923e-01
 -4.8591169e-03
  1.6057327e-01
 -4.1360882e-01
 -8.0946565e-02
 -3.8558993e-02
 -1.9360062e-02
  6.0721301e-04
  1.7564239e-02
  9.6947225e-03
  1.5022169e-02
  4.3026999e-02
 -1.6119748e-01
  1.0360805e-02
  4.1945722e-02
 -1.5173943e-02
 -5.9327837e-02
 -1.0557708e-01
 -5.7277046e-02
 -7.7982552e-02
  8.1316590e-02
  4.2958133e-02
 -2.8116828e-02
  5.4320144e-03
 -6.0970988e-02
  1.8864125e-02
  1.9312344e-02
  3.4142312e-02
 -1.2193168e-02
 -3.3792049e-02
  5.8362618e-02
  3.3868715e-02
 -2.6717875e-04
  7.1923390e-02
 -1.7124681e-02
 -2.5116619e-02
  1.1624096e-04
  4.1516278e-02
  2.2236481e-02
  8.4940195e-02
  1.0423330e-01
 -1.1315430e-01
 -2.5512940e-01
 -4.4307134e-01
 -1.7535299e-01
 -1.0744126e-01
 -1.6047424e-02
 -3.1284803e-01
  1.6820240e-01
  5.5072121e-02
 -5.2129678e-02
 -3.2638756e-03
  3.7523668e-02
  7.1901465e-03
  1.3024074e-01
  8.6392179e-02
  2.3169726e-02
  5.5711962e-02
  2.1221107e-02
  9.0700388e-02
  8.1602067e-02
  1.5212250e-01
  2.3265479e-02
 -9.2646983e-03
 -4.8399702e-02
  2.7047558e-02
  1.4084009e-03
 -3.4378377e-01
 -1.5148954e-01
  3.7978068e-02
 -9.5130326e-03
 -2.2153759e-02
 -3.1153472e-02
 -1.5396261e-02
 -8.9050114e-02
 -3.9440442e-02
 -2.5687363e-02
  6.0085587e-02
  8.7797642e-02
 -1.4962051e-02
  1.1106679e-02
  5.7328334e-03
  6.6640183e-02
 -3.8012855e-02
 -8.1911296e-02
  7.2346592e-01
 -1.0733530e-01
  6.3005280e-01
 -9.6569052e-03
  1.2922695e-01
 -6.0710907e-03
 -1.3354711e-01
  1.2639649e-02
 -1.1444089e-02
  2.1697834e-02
  5.7814315e-02
 -2.2387419e-02
  2.1152260e-02
 -1.7695965e-01
 -6.1549556e-02
 -5.4727692e-02
 -7.6077081e-02
  8.1459157e-02
 -1.0948548e-01
  8.1573457e-02
 -6.9477498e-03
  2.1931152e-03
  2.6183998e-02
 -7.6866493e-02
 -1.3106916e-02
  2.8872131e-03
 -8.3096050e-02
  6.8610676e-02
  5.0847204e-03
  6.6906327e-01
 -1.2861872e-01
  8.6849168e-02
  2.0077560e-02
  2.2698240e-02
  1.4257101e-02
 -1.1913586e-01
 -2.9711304e-03
  6.2254835e-03
  2.2290610e-03
  7.4320538e-03
  1.0796175e-03
  6.9652409e-03
 -8.3681189e-02
  4.5389794e-02
 -5.2943510e-01
  1.1911006e+00
 -4.1761401e-01
 -2.9117137e-03
 -6.9416493e-02
 -9.9814385e-01
  6.7403324e-02
  1.0268848e-02
 -5.6172153e-03
 -7.2999354e-03
 -8.3204560e-02
  1.5368642e-01
 -2.5070347e-02
 -1.3527280e-01
  3.4722488e-02
 -1.0675279e-01
 -8.7510236e-03
 -3.9241076e-02
 -7.1352579e-02
 -5.3973667e-02
 -6.4241387e-02
  7.7493358e-03
 -3.5375662e-02
  6.4238057e-02
  6.7519367e-02
 -2.0667009e-02
  9.9940374e-02
 -1.3071179e-02
 -3.8363030e-03
  2.3792066e-02
  9.8460481e-02
  2.4470104e-01
  1.7013241e-02
  5.6469971e-01
 -5.7017278e-02
  1.4014588e-01
  7.7204958e-02
 -1.9394044e-02
  6.6869996e-02
 -3.6733892e-02
 -4.5337826e-02
 -3.4917608e-02
 -1.4549916e+00
 -5.6649512e-01
 -9.5540845e-01
 -2.9838154e+00
 -7.9759456e-02
 -2.1528450e-01
  1.8894433e+00
  1.9495168e+00
  1.8587593e+00
 -3.8213369e-02
 -1.2946109e-01
  5.3539306e-02
  3.7883878e-02
  5.7096820e-02
  1.2892058e-01
  2.6882839e-01
  9.1884404e-01
  2.9532883e-01
  3.1893346e-02
 -2.8458692e-02
  5.8561158e-01
  6.0282660e-01
  1.5581945e-01
  8.7708521e-01
  6.6496000e-02
  1.3667594e+00
  1.6023022e-01
 -2.6048106e-01
  5.0460827e-01
  1.4012182e-01
  2.9736301e-01
  6.8737572e-01
  4.7345292e-03
 -1.1901719e-02
 -5.9675318e-03
  1.4175268e-01
  8.3881176e-01
  1.0240432e-02
  1.2730245e-01
  3.9605964e-02
  4.2787457e-01
  9.0617640e-04
 -3.0247137e-02
  2.5018957e-02
  9.5046908e-02
  2.4912188e-02
 -1.9697481e+00
 -1.4744344e-02
 -2.0787346e-01
  5.9425283e-02
  3.5399631e-02
 -2.0562589e-02
 -3.7445400e-02
 -7.0403278e-02
  1.0643779e-02
 -1.4055900e-03
 -4.7330108e-02
 -2.1179852e+00
 -2.2026360e-02
  3.7499852e-02
  2.2909708e-02
  1.6671970e-01
  1.6195020e-03
 -6.8978429e-02
  6.6084974e-02
  2.7606009e-02
 -3.4507137e-02
 -2.0794392e-02
 -2.8836779e-02
 -4.3197110e-02
 -1.0628545e-01
 -3.0851860e-02
 -1.8433891e-03
 -1.7391052e-02
 -5.3495869e-02
 -7.1445843e-03
 -3.9477739e-02
  4.0564302e-02
  5.8161288e-02
 -1.5656895e-03
 -2.3430910e-02
 -3.7830427e-02
  1.2510858e-02
 -3.9997185e-03
  1.2822303e-02
  7.5504690e-02
 -8.2453579e-01
 -3.1740192e-02
  9.3897551e-02
  2.8968880e-01
  7.7480531e-01
 -2.3676108e-01
 -9.2479959e-02
 -1.2622294e-01
 -1.4371717e-01
  7.8905188e-02
  1.1409321e-01
 -4.6189967e-01
 -3.4092162e-02
 -1.3263903e+00
 -2.1447909e-01
 -2.0390595e-03
 -6.8410540e-01
  2.5895398e-02
 -1.0059448e-01
  3.0518636e-02
 -6.3655600e-02
 -1.0008353e+00
 -1.1858180e-01
 -7.0269883e-02
  2.8928423e-01
 -3.1133425e-01
 -4.4442484e-01
 -2.0098461e-01
 -2.9234159e-01
  1.5820269e-01
 -4.0657783e-01
 -3.8773546e-03
 -5.4097843e-01
  5.3414404e-03
 -3.8914582e-01
 -8.8565409e-02
 -5.3277846e-02
  2.4507852e-02
  8.9098699e-03
  6.8141274e-02
 -5.9765745e-02
 -2.6430747e-01
 -1.4994028e-01
  2.1327835e-02
 -7.2700493e-03
 -1.3641833e-01
 -5.4729015e-01
  4.0078926e-01
  9.4831270e-01
  1.0738882e-01
  1.2798958e-01
 -6.1472211e-02
  1.5463732e-01
 -3.4026392e-02
  6.8962649e-02
 -9.6236117e-02
 -2.1598427e-01
  1.3613449e-02
  4.1078823e-03
  7.4913539e-02
 -8.4008485e-02
 -1.4723069e-02
  8.4806256e-02
  2.1670617e-03
  2.6752118e-03
 -4.4172678e-02
 -5.2886143e-02
 -4.8190352e-02
 -4.4100635e-02
  1.0731074e-01
 -1.0148305e-01
  5.0270557e-03
  2.3340292e-02
 -3.2632825e-01
  1.2591606e-01
 -1.4526433e-01
 -3.3751056e-02
 -3.3474430e-02
 -7.4077318e-03
 -4.2598765e-02
 -1.2505311e-01
 -7.8489877e-02
  6.6288956e-02
  4.1147880e-02
 -5.2770879e-03
 -1.1061100e+00
 -1.5419412e-02
  4.6974041e-02
 -4.2129956e-02
  4.6200037e-02
 -1.0227242e+00
 -8.4817445e-01
  1.4088523e-01
  3.3799436e-02
  2.9685318e-01
 -4.0090565e-02
  5.6724846e-01
  1.2325270e-01
  9.5137888e-01
  1.5705755e-02
  5.9522104e-01
  4.9028106e-02
 -1.4674804e-02
  6.4758924e-03
 -1.4635687e-01
 -3.7699676e-01
  1.2873881e-02
  1.1725739e-02
 -3.1521358e-02
  6.2965169e-03
  2.1404807e-02
  2.3484120e-01
  3.7538689e-03
 -3.6109611e-03
  1.1677193e-02
  4.1219089e-03
 -2.1860514e-02
 -3.5320640e-02
 -1.0113332e-01
 -7.9820177e-04
  1.5573584e-01
  1.0797907e-01
 -3.8982339e-02
  2.7039668e-02
  1.5495438e-02
 -2.1580160e-03
  9.5539711e-02
  6.8079151e-02
  7.2642170e-02
  9.4992556e-02
  9.4149530e-02
 -4.5351520e-02
  8.8778593e-02
  1.4095411e-01
  2.4939764e-02
  5.4565042e-02
  2.0957313e-02
  5.4313600e-02
  1.8571486e+00
  1.7333241e-01
  9.2820525e-02
  1.1946421e-01
  3.6555126e-02
 -4.7385981e-03
  8.5943975e-03
 -9.2412420e-03
  2.2325018e-02
 -3.2547295e-02
  1.8421757e-01
 -1.4004791e-02
 -1.9108532e-02
  5.8589388e-02
 -2.4974016e-02
 -7.7461608e-02
 -4.3134019e-02
  3.1192226e-03
 -1.2943894e-01
 -1.9545835e-01
  3.4390070e-02
  4.2472170e-03
  6.3832045e-02
 -3.0986855e-02
  1.2156066e-01
  1.9566946e-02
 -2.8608380e-02
  1.0679579e-02
 -2.7899221e-01
 -5.3179488e-02
  1.4885336e-01
  7.4853115e-03
 -8.9118503e-02
  1.8411079e-01
 -7.9578079e-02
 -1.2187326e-01
 -2.3178253e-02
 -5.1649537e-02
  1.6339783e-02
 -8.2937777e-03
  1.2832580e+00
  2.1121089e+00
  5.5705583e-01
  1.8763444e+00
 -8.0048525e-01
 -2.0960821e-03
 -8.8742942e-02
 -7.6652938e-01
 -2.3025370e-01
 -2.5582480e-01
  1.4406856e-02
  1.1509177e-01
  6.2863991e-02
  1.1814041e-02
  5.7357466e-03
 -9.6644857e-05
  1.0881784e+00
 -1.8387501e-01
  8.7616056e-02
 -1.5751095e-03
  1.9757068e-01
 -1.2190641e-01
  2.0687538e-01
 -1.9705255e-02
  5.3550607e-01
 -1.1523427e-01
 -4.9578929e-01
 -8.3684869e-02
 -4.2477903e-01
  8.5042216e-02
  4.2821597e-03
 -2.0186052e-01
 -6.5757447e-01
  4.6848174e-02
 -8.3647214e-02
  8.5612841e-02
 -4.1302007e-02
 -1.6156161e-01
 -7.3146537e-02
 -7.8416429e-02
 -6.7318454e-02
 -9.9065624e-02
  2.5563624e-02
 -3.0714417e-02
  3.5976100e-01
 -2.0178569e-02
 -2.1845710e-01
 -5.7421649e-01
 -9.4606376e-01
  1.5566145e-01
  2.0587402e-04
 -8.1011885e-01
 -4.0575209e-01
  6.8712682e-02
  2.6309943e-02
 -9.7963095e-02
 -1.1932543e-01
 -5.0262649e-02
  4.7455944e-02
  2.8671071e-02
 -1.2598941e-01
  1.2514971e-02
  5.1814364e-03
  1.0236519e-02
 -1.9749807e-01
  2.1611008e-01
  1.7370373e-01
  8.3089340e-03
  5.0813232e-02
 -4.8278522e-02
 -6.4741828e-02
  3.6311448e-01
 -1.2757845e-02
  7.3904768e-02
 -8.3911821e-02
  3.7939746e-02
  9.2037290e-02
  1.3028748e-01
  4.2671878e-02
 -1.1012117e-01
 -5.6769319e-02
  8.4516443e-03
 -1.0573144e-02
 -2.2290053e-02
  2.2582547e-03
  2.1756027e-02
 -9.9084638e-02
  1.2929742e-01
 -4.8368523e-01
 -3.0232120e-02
  5.1362799e-03
 -7.3495850e-02
  1.3437455e+00
 -4.2869356e-01
 -5.2311927e-02
 -2.0774281e-02
  1.3489217e-01
  1.3774055e-02
 -3.2448657e-02
  1.5376793e-03
  6.5739796e-02
  1.8294105e-02
  1.7579343e-02
  3.3578672e-02
 -3.8770195e-02
  1.5379002e-02
 -4.3711085e-02
  5.6771077e-02
  2.2213161e-02
  4.4523060e-02
  3.5440698e-03
  3.5698838e-03
 -5.1172469e-02
 -9.4998486e-02
 -6.7670807e-02
  4.2998772e-02
  5.0215673e-02
  8.7141350e-02
  8.2875833e-02
 -2.8709527e-02
 -3.4468971e-02
 -6.4288430e-02
  5.4097578e-02
  2.9411746e-02
  1.8160485e-02
  4.9223699e-02
 -2.9650878e-02
 -3.3486118e-03
 -9.8250443e-03
  1.6655775e-02
 -6.3386029e-03
  1.1743098e-01
 -1.2676810e-01
  3.1546004e-02
  1.3614233e-01
  3.1482051e-03
  4.0682161e-01
 -1.1164007e-02
  4.5391133e-01
 -9.9940091e-01
  1.5538200e-02
  1.6252279e-01
  4.0867200e-01
  7.3465500e-03
 -6.8296947e-02
 -9.9311844e-02
  2.5700139e-02
  1.0631373e+00
  3.3076024e-01
  9.1726579e-02
  9.9248707e-02
  6.0964465e-02
  1.1990098e+00
  4.3999646e-02
 -1.8228386e-02
 -1.5667126e-02
 -5.4250333e-02
 -1.5585615e-01
  1.1729977e-01
 -3.3165272e-02
  5.8964980e-03
  8.1962503e-02
  1.7850456e-01
  1.4832084e-01
 -7.8280076e-02
  4.4980599e-03
 -9.0340655e-03
 -5.0539225e-01
  3.8509735e-01
 -9.7277559e-02
 -3.3336923e-02
 -9.4290003e-03
 -1.3875877e-02
 -5.1052347e-02
 -1.6156062e-01
  1.0874299e-01
 -3.4122053e-01
 -5.7331253e-02
 -6.8127908e-02
 -1.0900498e-01
  1.1136357e+00
 -2.4426426e-03
 -1.5357064e-01
 -1.4270481e-01
 -5.6345889e-05
 -1.2369075e-01
 -1.7059959e-01
  3.1827703e-02
  1.4318103e-02
  3.6507964e-02
 -7.8644648e-02
 -2.5685298e-01
  2.1216867e-02
 -1.0251032e-01
 -2.5200012e-01
 -2.0604301e-02
  3.5849918e-02
 -2.6837802e-02
  7.2837593e-03
 -8.9734420e-02
 -2.3047139e-01
  6.1500531e-02
  1.0792143e-01
  2.8854068e-02
  9.8433115e-02
 -1.8969423e-01
  6.3630894e-02
  5.0295439e-02
 -8.1221700e-02
 -6.3077390e-02
  3.4062585e-03
  2.9614616e-02
  7.5151168e-02
  1.1415301e-01
  1.8760476e-01
  5.0417231e-03
 -2.6627025e-03
  3.2085344e-02
 -5.2033216e-03
 -7.7491733e-03
  1.9963155e-02
  1.6551878e-02
  2.2474581e-02
 -7.8498041e-03
  3.2392463e-01
  4.0575296e-02
 -1.7409712e-02
 -9.8336302e-04
  2.2809236e-01
  6.0973916e-02
 -7.8283418e-03
 -8.4143706e-02
  1.5779936e-01
 -2.6146416e-03
 -1.4933278e-01
  2.0142747e-02
 -3.4189783e-02
 -4.5741580e-02
 -1.9156557e-02
 -1.2237039e-01
  3.8674578e-02
  5.7308704e-02
  3.1459014e+00
  1.6223362e-01
 -4.3644428e-02
 -2.6789315e-02
 -3.2511555e-02
 -2.8497873e-02
 -5.5738371e-03
 -5.5398997e-02
  2.3879109e-02
  6.8958387e-02
  5.9190128e-02
 -3.0471882e-02
 -1.0179637e-01
  4.6837982e-02
 -2.4174305e-03
 -2.0928528e-02
  7.8000776e-02
  6.6575497e-02
  7.5212523e-02
  5.8956634e-02
  2.1614952e-02
 -2.1577174e-02
 -4.0875798e-01
 -2.0391088e+00
 -3.6485583e-02
 -3.3402918e-03
 -4.9306193e-01
  2.0286333e-02
 -1.5171789e-01
 -6.2549044e-03
 -6.8225995e-02
 -1.7732879e+00
  3.4102961e-02
  2.4790637e-02
 -6.2831789e-02
 -2.0101874e-03
  3.8413352e-01
  1.4413640e-01
  1.1031126e-01
  2.4153870e-02
 -2.5367938e-02
 -6.3590095e-03
  7.1449570e-02
 -1.2256393e-02
  5.2674585e-03
 -1.5665419e-02
  7.7211939e-02
 -1.7450912e-02
 -6.8149894e-02
  1.9506690e-01
 -2.3230491e-04
 -2.4005644e-02
 -1.6181888e-02
  1.3523334e-02
 -3.8622290e-02
 -9.6826255e-03
  1.0283442e+00
  1.3445488e-02
  2.1252643e-01
  1.3184408e-04
  6.3131452e-02
 -3.7856754e-02
  2.0163080e-03
  1.3822962e-01
 -4.7795385e-02
 -1.0098876e-02
  6.4862436e-01
 -6.6793986e-02
  1.9751032e-01
 -5.1903224e-01
  2.6109233e-01
 -2.2077908e-01
 -1.1162070e-01
  3.5319895e-01
 -5.9785700e-01
  8.8885669e-03
  2.6726369e-03
 -1.1334684e-01
  1.4997726e-02
  1.4757055e-02
 -5.0496303e-02
  3.7232649e-02
  2.3402015e-02
  1.9758476e-01
  5.0338421e-02
 -4.4673681e-02
  1.0116050e-01
 -3.1767182e-02
 -7.3552176e-02
  1.7947735e-01
  2.0951052e-01
 -7.3819822e-01
 -2.4126967e-02
  2.1026934e-02
  6.9385208e-04
 -4.3304726e-01
  3.0517736e-03
  2.5929118e-02
 -4.1215621e-02
  9.7395211e-02
 -1.0854711e-02
 -5.7547238e-02
 -8.7805443e-02
 -4.7281854e-02
 -1.4186354e-02
  4.1270107e-02
 -3.0565934e-02
 -4.0881343e-02
 -9.4888797e-03
  8.7195218e-02
  1.8253241e+00
 -1.1816773e+00
  1.3747600e-01
 -2.4995878e+00
  1.6664892e+00
  3.2348266e-01
 -5.1312685e-01
  4.7653061e-01
  5.1247263e-01
  4.3269721e-01
 -3.8767162e-01
  9.5668375e-01
  5.8601987e-01
 -6.8240568e-02
 -5.6035832e-02
 -7.6468432e-01
  9.2017555e-01
 -5.0032855e-04
 -7.0314628e-01
  5.8025125e-02
  1.1027302e+00
 -2.5219407e-02
 -2.4696840e-01
  1.2323915e-02
  2.1229035e-01
 -4.4628434e-02
 -1.3010007e-01
 -3.2452042e+00
  5.2646959e-01
  4.4615537e-01
  1.9136429e+00
 -1.8625924e-01
 -6.8446058e-01
  1.3602746e+00
 -2.9956672e-01
  1.0700704e-02
 -3.1651682e-01
  4.9167171e-02
  2.6009139e-02
  2.0713141e-02
 -3.2512188e-02
  3.9602887e-02
 -3.7571866e-02
  5.4865026e-01
  2.7567742e-02
 -2.0741343e-01
 -7.6283917e-02
  3.6299456e-02
 -1.3285321e+00
  1.5654592e-01
  1.5790286e-02
  7.8371691e-04
 -6.7356229e-04
  5.1292153e-03
  2.7417038e-02
 -2.2165913e-02
 -2.3014678e-01
 -2.0394880e-02
  1.1964302e-02
  2.6915293e-02
 -5.6474995e-02
 -3.4336185e-01
 -6.7332484e-02
 -5.0970037e-02
  5.2914411e-02
 -1.3347957e-01
  1.0188048e-01
 -5.4695401e-02
  8.5972317e-02
  8.8587433e-02
  1.8256286e-04
 -6.2639746e-03
  1.8621169e-02
  4.6501487e-02
  6.7590736e-03
 -1.4652723e-02
 -7.8488678e-02
  1.0368528e-02
  4.8843633e-02
 -1.4146087e-02
 -3.2054454e-02
 -1.0540237e-01
  3.7135646e-02
 -6.1657287e-02
 -1.6015273e-02
 -1.5262654e-02
  7.7864282e-02
  2.7662180e-02
 -3.5681638e-01
 -8.8874930e-01
  3.6540261e-01
  1.2012219e+00
  4.2896658e-01
 -2.3163524e-01
 -1.5873780e+00
 -7.4445629e-01
 -6.5156102e-02
  1.2212777e+00
 -1.3850056e-01
 -4.7663516e-01
 -4.6871323e-03
  6.0696977e-01
 -1.0134089e+00
 -4.1481274e-01
  6.2059838e-01
  4.6129641e-01
 -3.0676347e-01
  6.1044633e-01
 -1.1030805e+00
 -9.8016328e-01
 -3.9799294e-01
  6.3788855e-01
 -7.6033169e-01
 -5.4925346e-01
  1.3781235e-01
  7.7138400e-01
 -4.5721316e-01
 -7.6588102e-02
  2.6915410e-01
 -4.5591101e-02
 -4.1467535e-01
 -1.4080511e-01
 -3.4060824e-01
 -6.3886797e-01
  7.5682902e-01
  3.7744987e-01
 -1.8736632e-03
 -2.6352811e-01
  5.7563104e-02
 -7.0192263e-02
  1.1368062e-01
 -6.0079664e-01
 -9.3385763e-02
 -1.5103377e-01
  3.7407479e-01
  2.0022221e+00
  6.1553176e-02
  8.4161554e-03
 -3.3699128e-01
  1.7033756e-01
 -2.0411693e-01
 -2.1626905e-01
  2.9699303e-02
  8.5241929e-02
  1.6718833e-02
 -9.6828647e-02
 -6.9983177e-02
 -3.6135763e-02
  6.3502446e-02
 -1.0601608e-02
 -1.2731468e-02
 -2.3938777e-02
  5.4075003e-01
  1.0858620e-02
  1.2968417e-01
 -1.2051321e-01
  2.9288334e-01
 -8.8904165e-02
 -1.6668683e-02
  5.9182826e-02
  9.3535379e-02
  2.5923131e-03
 -1.5549563e-01
 -2.6111268e-02
 -6.6721309e-03
  9.1486713e-03
  1.9123806e-02
 -6.5665966e-01
  1.0547683e-02
 -5.2271411e-03
  1.3505490e-02
 -2.4418203e-02
  1.0269802e-01
 -5.9299795e-03
 -1.6459486e-02
  1.9467369e-02
  9.8244947e-01
  4.9388731e-01
 -1.7276138e+00
 -1.6026628e-01
  2.7181876e-01
 -1.2185992e-01
  3.8473958e-01
 -2.5585008e-01
  2.2892417e-01
 -1.0445769e+00
 -5.3205013e-01
  5.0712824e-01
  1.4252695e-01
 -2.3995857e+00
  8.7896205e-02
  5.0440032e-02
  6.8714136e-01
 -4.7438335e-01
 -4.4705915e-01
 -1.4947952e-01
  1.7581858e-01
 -2.7434818e-02
 -5.6867331e-01
  5.3807128e-02
 -1.0399876e-01
  9.2127033e-02
  2.9970933e-02
  5.0834183e-02
  5.7902342e-01
  5.7788122e-01
  1.4117272e-01
  2.1181031e-01
 -7.6066546e-02
 -6.1841356e-03
  3.4312889e-02
  2.5980633e-01
  1.1491370e+00
 -6.3514723e-03
 -4.7794627e-03
 -6.5115043e-03
 -1.2872581e-02
 -1.0374615e-02
  6.1281886e-02
  3.4337081e-02
 -4.2654938e-01
  1.2033026e+00
  6.1602181e-01
 -9.8397754e-02
 -6.0702402e-02
  5.1842928e-01
  3.8333485e-01
  4.8475233e-01
  1.2351395e-01
 -1.5025090e-01
 -6.0365564e-01
 -5.1311207e-01
 -5.8822638e-01
  9.1819143e-01
 -1.6993964e-01
  2.1878193e-01
  5.2706927e-01
  1.2131957e-01
 -9.8758507e-01
  5.1467109e-02
  1.4097178e-01
 -3.2885444e-01
 -5.8377403e-01
 -3.1406116e-02
 -5.4600292e-01
  6.8435408e-03
  7.8250423e-02
 -4.5704076e-01
  3.5790262e-01
  9.9235229e-02
  5.7789788e-02
 -2.4325421e-02
 -4.9609002e-02
 -2.4340653e-01
 -3.8519809e-01
  7.6334752e-02
 -6.1961301e-02
 -3.1613134e-02
  5.5712994e-02
  2.0075878e-03
  7.2949687e-03
  1.7012788e-01
  2.7500147e-01
  6.7907153e-04
 -2.1626505e-01
 -4.8640996e-02
  6.5073365e-01
  4.5533250e-03
 -1.1825694e-01
  1.1147377e+00
 -3.2729059e-01
 -4.4601381e-02
 -6.9107562e-01
 -7.9086715e-01
 -5.1860386e-01
 -2.4552045e-02
 -6.8227011e-01
 -1.1711778e-01
  4.8800260e-02
  1.6842666e-01
 -3.0522378e-02
 -3.8234401e-01
 -3.4236857e-01
  6.5028369e-02
 -5.7665605e-02
 -5.8743749e-02
  1.7294730e-01
 -8.5061893e-02
  4.2169887e-01
 -6.9427423e-02
 -1.9347051e-01
  3.2953139e-02
 -2.1505608e-01
  4.1310263e-01
  1.4796948e-01
 -2.6231819e-01
  3.4265235e-01
 -1.0540747e-01
  4.2675149e-01
 -1.2725770e-02
  1.7607695e-01
  1.5049717e-01
 -4.6235472e-03
 -2.1931516e-01
 -1.6592750e-03
 -7.1143597e-02
  4.2961128e-02
 -8.9098625e-02
  2.2555098e-02
  7.4687324e-02
 -9.9055298e-02
  8.5246459e-02
 -1.0746177e+00
 -1.8696519e-02
 -8.2722217e-01
  1.2087595e+00
 -2.4996589e-01
 -6.9666976e-01
 -4.2808671e-02
 -1.2963308e+00
  2.7461890e-03
  3.3668143e-01
  5.7399280e-02
  5.2978802e-01
 -1.0246799e+00
 -5.0443552e-02
 -8.1994271e-01
  4.2881837e-01
 -2.0126739e-01
 -1.6052698e-01
  1.9518763e-01
  2.6767606e-01
 -3.6302973e-02
  6.7793310e-01
  5.3255957e-01
 -1.3209234e-02
 -2.1226027e+00
 -1.4138749e+00
 -2.8598569e-03
 -8.1092703e-01
  9.0013996e-02
  4.8354858e-01
  1.8312274e-01
  2.1223381e-01
 -2.0361033e-01
 -2.3668660e-02
 -1.1779862e-01
  6.4648134e-01
 -1.7372827e-01
 -2.2921593e+00
 -4.6970719e-03
 -1.0165603e+00
 -1.0445730e-01
  8.1691080e-01
 -1.2383131e+00
 -9.5600766e-01
 -5.5363470e-01
  1.0739592e+00
  5.4329921e-02
 -5.5196708e-01
  1.4986761e+00
 -2.3682328e-01
  3.5333242e+00
 -5.5201508e-02
 -8.1445843e-01
  3.5569611e-01
  2.9187384e+00
  1.8333702e+00
 -2.0611966e-02
 -2.8594533e-01
  3.2085367e-02
  8.7796903e-01
  2.6883889e-02
  7.2143745e-01
 -3.9866960e-01
 -3.0007186e+00
 -2.0816209e+00
 -7.2812992e-01
 -1.5308090e-01
 -4.3645829e-01
  6.3443519e-02
  5.6424206e-01
 -4.4106939e-03
 -7.6735598e-01
  1.2225899e+00
  5.8227062e-01
  1.1312204e-01
  1.4148767e-01
  2.0015210e-01
 -1.9623086e+00
 -1.5145177e+00
  9.8159313e-02
  1.5968971e+00
 -2.0203289e-01
  3.2452780e-01
  2.7777491e-02
  1.8134097e+00
 -6.4450055e-01
  5.1316936e-02
 -6.6766962e-02
  2.1518333e-01
  2.9742694e-01
  1.0835456e+00
 -1.9477720e+00
 -1.7474468e+00
  4.5158672e-01
  3.4288864e+00
 -8.4053844e-01
  9.5270653e+00
  2.1820514e+00
 -1.8101708e+00
 -8.2632595e-01
 -2.2565007e+00
  1.8668561e-01
  7.5963444e-01
 -3.6443467e+00
 -9.4323349e-01
  7.7517033e-01
  4.4998355e-02
  5.3485012e-01
 -8.4605658e-01
 -9.8193116e-02
  1.4667249e-01
 -4.2472050e-01
 -1.0493455e+00
  5.1589274e+00
  2.2900882e+00
  7.7834541e-01
  2.6999637e-01
  9.3398654e-01
 -1.4027805e+00
 -5.9077013e-01
  1.2084733e+00
  7.8352183e-02
  7.0007958e-02
 -2.6996845e-02
 -8.1484419e-01
 -1.3827034e+00
 -3.4888413e+00
  4.9830765e-01
  3.4160450e-01
  2.0511189e-02
  1.3550359e+00
  6.7583334e-01
  6.6792744e-01
  1.1968319e+00
  7.0350498e-02
 -1.6223589e+00
 -1.5545207e+00
  1.9933902e-01
  9.1311139e-01
 -1.1265370e+00
 -2.3505039e+00
  1.3066365e-01
 -9.5638639e-01
  1.3751049e-01
 -1.3728671e+00
 -1.5996032e+00
  3.5938680e-02
 -5.1725936e-01
  1.6615877e+00
 -1.8930777e+00
  4.5337267e+00
  2.1211164e+00
 -1.9545220e-02
  2.6276737e-01
  9.1967285e-01
 -5.2064514e+00
  3.4241948e-02
 -1.0015649e+00
 -4.5914660e+00
  1.4121220e+00
  1.1018699e+00
  8.6206478e-01
 -4.2177048e+00
  1.7510238e+00
 -5.1737559e-01
  1.5557145e+00
  4.6259670e+00
 -1.5334407e+00
 -4.1806254e-01
 -2.6974851e-01
 -2.8461316e-01
 -1.4139999e+00
  3.8607528e+00
  1.4011934e-01
 -1.5069013e+00
  2.6921543e-01
 -8.8723737e-01
 -9.4700813e-01
  1.0047514e+00
 -1.1079354e+00
 -7.1511209e-01
 -1.3398555e-01
  3.3776632e-01
 -1.9999514e+00
  2.8726318e+00
 -1.9717816e+00
  1.5794461e+00
 -1.3305320e+00
  6.2326407e-01
 -1.8733883e+00
  3.1696036e-01
  7.2969586e-01
 -2.8029558e-01
 -8.7852359e-01
 -1.4290757e+00
  2.7769132e+00
 -1.6042190e+00
  3.0293021e-01
 -7.0494413e-02
  3.2166183e+00
 -1.5728731e+00
  2.6767576e-01
  2.2144508e-01
  1.5173978e+00
  7.7416271e-01
 -2.2198234e-01
 -1.1949691e+00
 -1.1528220e-01
 -1.5238534e-01
 -8.4648025e-01
  3.5091424e-01
 -3.2391855e-01
 -1.7696369e-02
 -9.5848888e-01
 -8.8428807e-01
  5.0492875e-02
  1.2268922e+00
  2.9037827e-01
 -1.6516517e+00
  1.6497825e+00
 -9.4270654e-02
  2.2767129e+00
 -1.7251211e-01
  1.7116959e+00
  1.2333925e+00
 -2.0294186e-01
  1.3696139e-01
  8.5386950e-01
  7.6859474e-01
  8.1994200e-01
  1.2516118e+00
  6.0505694e-01
  1.7264597e+00
 -2.6876857e+00
 -2.7531078e+00
 -1.7528324e-01
  6.7476976e-01
 -6.3777435e-01
 -5.5248702e-01
 -4.2118683e-02
  1.1065440e+00
 -2.2586176e+00
 -7.3373663e-01
 -1.2356751e+00
  7.1099386e-02
 -2.2500873e-01
 -1.1323551e+00
  1.2655212e+00
 -8.9790666e-01
 -1.7980666e+00
 -8.2995129e-01
  1.2019602e+00
 -9.9921304e-01
 -8.2631534e-01
  1.1029512e+00
 -1.8651323e-01
  1.2352209e+00
  2.3041384e-01
  7.7243960e-01
 -1.0434175e-01
  4.7530028e-01
 -1.1957765e+00
 -3.0874040e+00
 -1.2406185e-01
  1.3211746e+00
 -7.4033892e-01
  1.1867643e-02
 -1.1018525e+00
 -3.0408428e+00
  2.3976450e+00
 -1.6726934e+00
 -8.6982071e-02
 -2.4056651e-01
  2.8731630e+00
 -2.8815510e+00
  1.3099726e+00
  1.6320916e+00
  2.8533477e-01
 -1.7453004e-01
 -9.7437613e-02
 -4.3461442e+00
  2.0000682e+00
  3.3156283e-02
  2.4798014e+00
 -9.6329856e-01
  2.6361868e-01
 -1.4612706e-01
  1.9720236e+00
  1.2733272e+00
  1.7004070e-01
  4.3813154e-02
 -1.9845161e-01
  8.0421650e-01
 -3.0240409e+00
  1.8534396e+00
  5.0254077e-01
 -7.8127110e-01
 -2.1637092e+00
 -7.2875249e-01
  2.0397525e+00
 -1.5450463e+00
 -1.9779593e+00
  9.5544833e-01
 -6.6541594e-01
 -4.1599967e-02
 -3.1050491e-01
  6.1683381e-01
 -7.0953101e-02
  6.6410631e-01
  2.8496528e-01
 -9.6322763e-01
  3.0343833e+00
 -6.8442589e-03
  5.4525435e-01
  3.3355317e-01
  3.8338333e-01
 -4.3228939e-01
 -2.5558460e+00
 -1.0506098e+00
  2.7220912e+00
  2.4312928e+00
 -3.1988272e-01
 -1.9332376e+00
  2.6037855e+00
  4.2069498e-02
 -2.0694215e+00
 -1.1490829e+00
 -2.1562983e-01
 -3.9368668e-01
 -8.3609313e-01
  9.0623260e-01
  6.2785819e-02
 -1.7407952e-01
 -3.6624420e+00
 -1.0801356e+00
  1.7975278e+00
  1.3003789e+00
 -2.8242412e-01
 -6.8009584e-03
  2.8404000e+00
  9.6680611e-02
  9.7432733e-01
  1.3739889e+00
  1.3054625e+00
 -5.3794775e-02
  9.2482352e-01
  2.4365809e+00
 -8.3080053e-01
  1.4170946e+00
  1.6160151e+00
 -3.5886025e+00
  7.4235570e-01
  5.8224469e-01
  3.7809202e-01
  3.9035952e-01
  1.0007337e+00
 -6.3872135e-01
  4.9853541e-02
  1.5426688e+00
  7.6119177e-02
  4.3556443e-01
  7.0300359e-01
  3.1971711e-01
 -4.4873452e-01
 -2.7614388e-01
 -8.8682872e-01
  5.4532886e-01
  2.2771728e+00
  1.7257529e+00
 -9.7082669e-01
  2.6685975e+00
  1.0117481e+00
 -1.8989642e+00
 -1.7523526e+00
  7.1753943e-01
  9.5081693e-01
 -6.7163652e-01
  2.8653448e+00
 -2.4878845e+00
  1.3276395e+00
  1.8642780e-01
  7.0999217e-01
  7.2714651e-01
 -8.8251454e-01
  6.9199103e-01
  6.8811387e-01
 -1.1103327e+00
 -7.3011965e-01
 -1.8743889e+00
 -4.3722969e-01
 -2.8783840e-01
 -1.0939705e-01
  5.1246434e-01
  6.8277967e-01
  1.2598132e+00
 -6.4419317e-01
  3.0462332e+00
 -4.9520314e-01
 -1.9994724e-01
 -1.4896173e+00
  1.6867745e-01
 -1.2176675e+00
  7.8219855e-01
 -1.3534745e+00
 -8.0912018e-01
  9.4657427e-01
 -7.7823436e-01
 -1.5904157e+00
 -1.8061863e+00
 -3.5614324e-01
 -1.2962670e+00
 -3.5549614e-01
  4.5249650e-01
 -2.4216475e-02
 -1.1449688e-02
 -1.4526782e+00
  1.1943673e-01
 -7.9949111e-01
  8.3778746e-02
  1.6268533e+00
  1.1995823e+00
 -3.3786619e-01
  2.5578852e+00
  6.9089758e-01
  1.1305360e+00
  1.4198408e+00
 -2.2320316e+00
 -4.0524077e+00
  6.9238454e-02
  1.9157082e+00
 -3.1505091e+00
  3.7291403e+00
 -5.5658233e-01
 -1.5977122e+00
  9.3667907e-01
  9.4444174e-01
 -3.4634340e-01
 -2.8692319e+00
  1.4896979e+00
 -9.5839441e-01
  1.1679900e+00
 -2.2994139e+00
 -4.8368159e-01
 -2.4748778e+00
 -6.3717324e-01
  2.6741126e+00
 -6.0748607e-01
  9.5743161e-01
  1.3136353e+00
  3.6121242e+00
 -7.3141384e-01
  7.5444180e-01
 -1.0061979e+00
  2.1648028e+00
 -2.4487256e-01
  6.6536254e-01
 -1.4408984e+00
 -1.6354083e+00
 -6.2541759e-01
 -8.2639706e-01
 -1.3988355e+00
  1.8684001e+00
  1.2296792e+00
 -4.5255107e-01
 -1.1463685e+00
  1.4053235e+00
  6.7054921e-01
  4.2284098e-02
  6.6283986e-02
  3.8661483e-01
 -3.6438322e-01
  1.2694676e+00
 -2.4110835e+00
  6.8654251e-01
  1.1090871e+00
 -2.2375715e+00
  8.3044000e-02
 -1.5530635e+00
  3.1513267e+00
 -1.1703769e+00
  4.4296852e-01
  6.7234617e-01
  8.9819720e-03
  2.6851931e+00
 -5.1109052e-01
 -3.2474747e-01
 -1.6598430e-01
  1.2404697e+00
  1.6496035e+00
  3.8595349e-01
 -1.2168156e-01
 -4.9115452e-01
  4.2482674e-01
 -1.6338851e+00
  1.4405419e+00
  7.6746866e-03
  2.1067363e-01
  1.7389015e+00
 -1.6812243e-01
 -1.2737259e+00
 -9.0797621e-01
  1.7544832e+00
  1.0877891e+00
 -2.0998113e+00
  9.5018929e-01
  4.4333979e-01
  7.0262724e-01
  1.8337369e-01
 -1.9945301e-01
 -2.4777366e-01
  1.3965747e-01
 -1.7552098e+00
  7.3149371e-01
 -2.4122444e-01
 -3.7340048e-01
 -5.5139583e-01
  5.3406004e-02
  7.1078271e-01
 -1.6041378e-02
  4.0023595e-01
  3.2912987e-01
  2.1943544e-01
 -1.7132875e-01
 -1.4913026e+00
 -8.1953055e-01
 -1.5620886e+00
  7.6705712e-01
  9.8569071e-01
  7.6019043e-01
  3.7307104e-01
  1.4146107e+00
  3.8616195e-01
  4.8228779e-01
  2.8877523e+00
 -1.7952162e-01
 -1.6323522e+00
  5.3346825e-01
 -2.1382485e-01
  4.7907729e-02
 -9.8235595e-01
 -4.2808976e+00
 -1.4486008e+00
 -2.0023510e+00
  2.7580767e+00
 -7.8784525e-02
  5.1256305e-01
  2.4605025e-01
 -6.7391410e-02
 -6.5552369e-02
  1.7572092e+00
  1.5154111e+00
 -9.1379952e-01
  2.7956238e+00
 -8.6115777e-01
  3.5700262e+00
  9.1039568e-01
  8.8700764e-02
 -2.1992936e+00
  8.2813132e-01
  3.1773207e+00
  8.7520373e-01
 -2.0510907e+00
  2.9102460e-01
  1.2975255e+00
  4.5633140e-01
  1.1018429e+00
 -1.7741825e-01
  1.3086765e+00
 -7.5598186e-01
 -3.2250025e+00
  6.2528694e-01
  1.6876461e-01
 -3.6539592e-02
 -3.5551551e-01
 -2.8057685e+00
 -1.5095779e+00
 -1.2097133e+00
  3.0452285e-02
  1.1843562e-01
 -6.2328029e-01
 -2.4693551e+00
  1.0263036e-01
  1.5432266e+00
 -1.0974587e+00
 -1.0070597e+00
  1.4301496e+00
 -1.5173274e+00
 -1.1158665e+00
 -1.7128441e+00
 -1.2612705e+00
  1.0180777e+00
  7.0120162e-01
 -3.5981765e+00
 -2.4960411e+00
  3.8463026e-01
  1.0306756e+00
 -6.5990907e-01
 -6.5398335e-01
  4.5385242e-01
  1.3763370e-01
 -1.9835265e-01
  1.1686716e+00
 -4.2911667e-01
 -1.3156496e+00
 -9.8440331e-01
  2.3698382e-01
  1.5807160e+00
  4.8368868e-01
  1.9499047e-02
 -5.3003621e-01
  1.6511028e+00
  1.4753938e+00
  4.5856777e-01
 -3.8792512e-01
  9.3545491e-01
  1.4148798e+00
  2.8797555e-01
 -6.3062423e-01
  3.5887179e-01
  7.0232660e-01
 -1.7626505e+00
 -1.9998657e+00
 -2.1550367e+00
  1.6289194e+00
 -3.0037528e-04
 -7.7315873e-01
  2.0396771e+00
 -1.0527610e+00
 -1.8727794e+00
 -6.8276650e-01
 -8.9388084e-01
  1.3769503e+00
  1.6548720e-03
  1.2485597e-01
 -2.3374035e+00
 -7.0344582e-02
 -2.0150580e-01
  2.8323190e+00
  9.6681339e-01
 -2.1992099e+00
 -4.5974186e-01
 -5.0824380e-01
 -2.2737105e-01
 -1.6490468e-01
 -3.0375135e-01
 -2.3543634e+00
 -1.6683588e+00
  2.4615242e-01
 -2.7767086e+00
 -1.1609546e+00
 -1.1570423e+00
 -3.5936677e-01
 -2.4941726e+00
  1.7076319e+00
  9.4938159e-01
 -1.2743495e-01
  2.0079150e+00
  8.1053126e-01
  1.7819081e-01
 -8.3253068e-01
  1.0323142e+00
 -5.0905061e-01
 -1.0518364e+00
 -8.1600255e-01
 -2.4537737e+00
 -7.2074550e-01
 -1.0527500e+00
 -6.7530370e-01
 -1.7851297e+00
  1.5609437e-01
 -2.8701660e-01
 -1.2001460e+00
 -9.5333630e-01
 -6.2158322e-01
 -9.9570341e-02
 -3.3257920e-01
  2.0728117e-01
 -3.5548645e-01
  1.9997134e+00
  2.5049951e+00
  1.5727304e-01
 -2.7960590e-01
  2.6100843e+00
  3.6359935e+00
  4.0126524e+00
  3.4130323e-01
 -5.9181565e-01
 -1.4896655e+00
 -1.2496293e+00
  3.4204736e-01
  1.9675957e+00
  1.3434728e+00
  3.1112673e+00
 -2.7576017e-01
 -1.1076007e+00
  8.5812640e-01
 -1.3216456e+00
 -9.8481225e-03
 -1.0703262e+00
 -1.2508359e+00
 -8.9084715e-01
  6.0250270e-01
 -1.5303404e-02
 -2.1525180e+00
  2.4663303e+00
 -8.4680557e-01
 -8.2523280e-01
 -1.7743391e-01
 -1.1962692e+00
 -3.9038289e-01
 -1.0369909e+00
  1.9847994e-01
 -4.6390023e+00
  1.9656774e-01
 -5.2467227e-01
  3.7153814e-02
 -6.4220858e-01
  5.5040157e-01
 -1.3489366e-01
 -4.4300714e-01
  1.2676502e+00
  3.6096093e-01
  1.7885479e+00
 -2.1259208e+00
 -1.4375241e+00
  3.6815360e-01
 -2.2935848e+00
 -3.7442472e+00
 -6.3856146e-03
 -2.3529376e-01
 -1.7254619e-01
  1.6184775e+00
 -1.3980254e-02
  2.4103908e-01
 -8.1782019e-01
 -4.2943761e-01
 -1.9859180e+00
 -1.9108521e+00
 -8.0826122e-01
 -1.5488642e+00
  3.2560408e-02
 -3.2560468e-01
  6.9095641e-01
  1.1888471e+00
  2.8231225e+00
  5.2158648e-01
 -1.5656687e+00
  2.2842851e+00
 -3.1131370e-02
  9.6503669e-01
 -2.3501146e+00
 -1.2138517e+00
 -6.6687740e-02
  1.1976078e+00
 -1.2387395e+00
 -1.3645421e+00
 -8.1897122e-01
 -6.2314492e-01
 -1.8459450e-01
  1.2095828e-01
 -9.0236939e-02
 -1.0906295e+00
  8.3565503e-02
  1.4132811e+00
 -9.1883993e-01
 -9.0973240e-01
 -8.3230883e-01
  9.0308136e-01
 -6.9931138e-01
  6.9566943e-02
 -2.1529755e-01
  4.5552564e-01
 -5.9861684e-01
 -2.7868886e+00
 -1.0138767e+00
  4.4220036e-01
  2.6504610e+00
  5.5571371e-01
  9.2784804e-01
  1.4536303e+00
 -4.7903606e-01
 -1.4153153e+00
  1.0969577e+00
  1.4986478e+00
  1.7143304e+00
  6.5430444e-01
 -2.6438671e-01
 -1.4307805e+00
 -1.1715269e+00
 -1.0902706e+00
  3.5650533e-01
  4.2173988e-01
  5.4016042e-01
  7.0179200e-01
  1.9696733e-01
 -5.8435577e-01
 -1.3865021e+00
  1.3642039e+00
  4.3979448e-01
 -2.6283393e+00
 -1.7946762e-01
  2.4933944e+00
  6.1324614e-01
 -1.0813349e+00
  1.8565623e+00
  1.9695991e+00
 -1.8608285e-01
 -4.2468855e-01
 -8.9487910e-01
  1.7415575e+00
  1.3364213e+00
 -2.1928523e-01
 -1.1808643e+00
  1.0682921e+00
  1.4925729e+00
  2.7834022e-01
  5.5214118e-02
  6.1601621e-01
  6.1836350e-01
  7.0499992e-01
 -6.6393667e-01
  7.6816097e-02
 -3.2752359e-01
  5.0199217e-01
 -1.0836474e+00
 -4.0667728e-01
  9.4596726e-01
  1.9724303e+00
 -2.5726578e-01
 -1.5104717e-03
  1.7867377e-02
 -1.1547829e+00
 -8.5730082e-01
 -1.3142394e+00
 -3.6750784e+00
  1.2594597e+00
  1.7945901e-02
  1.6876423e+00
  4.0277882e+00
 -3.4834218e-01
 -3.5885477e+00
  1.4308960e+00
  7.7794772e-01
 -3.7199464e+00
 -4.0628865e-01
 -7.5242519e-01
 -1.0580322e+00
 -2.1973224e+00
  2.7670406e-02
 -2.4607148e+00
 -3.1859899e-01
 -5.0052369e-01
 -2.2875752e+00
 -4.3341997e-01
  6.1836910e-01
 -6.4022142e-01
 -1.2596010e+00
  2.0596049e+00
  2.3193300e-01
 -3.1015165e+00
 -5.3089267e-01
  2.5446587e+00
  3.1851238e-01
 -1.3201913e-01
 -1.4495372e+00
  2.9336473e-01
 -5.9638077e-01
  5.5926663e-01
 -5.2948302e-01
 -7.7997220e-01
 -5.7109970e-01
  5.1978320e-01
  8.8445276e-01
 -6.4309543e-01
 -3.7967655e-01
 -5.2082270e-01
  7.6194948e-01
  2.3191731e-01
  8.1502807e-01
  3.1988308e-01
 -4.1166851e-01
  8.5010880e-01
  1.0372052e+00
  2.1123705e+00
 -1.2360962e-02
 -6.4710185e-02
 -2.0454614e+00
 -2.3780423e-01
  2.2643864e-02
 -4.8308688e-01
  4.3883376e+00
  1.5471687e+00
  1.9167158e-01
 -1.5948989e+00
 -3.0018368e+00
  3.6879435e-01
  4.8700429e-02
  3.4448406e-01
 -3.9207935e-01
 -9.2798716e-01
  9.3501925e-01
  9.1036743e-01
 -8.0072457e-01
  4.2826560e-01
 -1.1136900e-01
 -6.3945048e-02
  1.8517946e+00
  1.5738165e+00
  5.3615272e-01
 -6.8412811e-01
  2.1885104e+00
  1.0503380e+00
  1.5923147e+00
  4.9278599e-01
  1.8241504e+00
  3.0148923e-01
  6.8911475e-01
  7.4578905e-01
 -1.8314201e+00
 -6.1221218e-01
 -1.4466336e-02
  3.9063936e-01
 -1.8750184e+00
 -3.8804239e-01
  2.0991474e-01
 -1.5158772e-01
 -1.3204859e+00
 -2.5134407e-02
  3.1519499e-01
  1.7928956e-02
  1.7928956e-02
  1.7928956e-02
  1.7928956e-02
  1.7928956e-02
  1.7928956e-02
  1.7928956e-02
  1.7928956e-02
  1.7928956e-02
  3.4313183e-02
  3.4313183e-02
  3.4313183e-02
  3.4313183e-02
  3.4313183e-02
  3.4313183e-02
  3.4313183e-02
  2.7671870e-02
  2.7671870e-02
  2.7671870e-02
  2.7671870e-02
  2.7671870e-02
  2.7671870e-02
  2.7671870e-02
  1.3580502e-02
  1.3580502e-02
  1.3580502e-02
  1.3580502e-02
  1.3580502e-02
  1.3580502e-02
  1.3580502e-02
  5.7021868e-03
  5.7021868e-03
  5.7021868e-03
  5.7021868e-03
  5.7021868e-03
  5.7021868e-03
  5.7021868e-03
  1.1793899e-02
  1.1793899e-02
  1.1793899e-02
  1.1793899e-02
  1.1793899e-02
  1.1793899e-02
  1.1793899e-02
