nep4 2 Cu Se 
cutoff 7 5 100 44
n_max 8 6
basis_size 12 12
l_max 4 2 0
ANN 50 0
  6.7030883e-01
 -1.2118980e-01
  6.4136446e-01
  2.6488361e-01
 -7.8191918e-01
 -1.1399456e+00
  7.4011457e-01
  1.1400005e+00
 -1.2543925e+00
  1.2851217e+00
 -3.5298653e-02
 -3.0348533e-01
  2.3295641e-02
 -2.2348884e-01
  4.0897638e-02
  5.6258059e-01
  3.1748199e-01
  1.4298003e-02
 -4.1264805e-01
  5.5691344e-01
 -2.4235193e-01
 -1.3424442e+00
  5.9644651e-01
  1.8222682e-01
 -3.3767395e-02
 -5.5168435e-02
 -1.1790976e-01
  5.1935039e-02
  1.7708671e-01
  8.2076810e-02
  2.9268783e-01
 -5.7452638e-02
 -2.0942736e-01
  5.1636517e-01
  2.6322278e-01
  2.3886654e-01
  2.5379398e-01
 -2.7776029e-02
  1.6799754e-01
 -2.9708537e-01
 -1.4115062e-02
 -1.2532597e-02
 -1.0115951e-01
  3.1040066e-01
 -1.3987985e-01
  1.0311937e-01
 -1.1830706e-02
 -2.5233838e-01
  1.6078250e-01
 -2.3224369e-01
 -1.2334699e-02
  1.6287938e-02
  3.0107227e-01
 -1.8643197e-01
  2.6300177e-01
  1.0804366e-02
  1.7246604e-01
  1.1144720e-01
 -1.6975737e-01
  7.3606126e-02
  2.3371181e-01
 -9.2747882e-02
 -1.6245452e-01
  1.5989804e-01
 -9.6253827e-02
  1.9802505e-01
 -3.7854686e-02
 -1.6103312e-01
  3.1997371e-01
 -8.7071478e-02
  9.7788043e-02
  1.8230878e-01
  6.3931209e-01
 -3.6367941e-01
 -6.6931599e-01
  1.0754749e-02
 -5.7951137e-03
  2.7474891e-02
 -2.8200424e-01
  5.8122672e-02
 -4.2434119e-02
 -3.5464096e-01
 -2.0825472e-02
 -1.4031027e-01
  1.3420306e-01
 -5.8653814e-01
  2.3706916e-01
  1.6900858e-01
  4.1324559e-01
  1.6477160e-01
  1.1932999e-01
 -2.0539327e-01
 -3.0218178e-01
 -6.2874695e-03
 -1.1465037e-01
 -1.4718425e-01
  3.4439780e-02
  9.4010204e-02
 -7.6147068e-01
  1.9672388e-01
 -9.0628609e-02
 -2.1234569e-01
  2.0888749e-01
  2.2835156e-01
 -9.4223619e-02
  3.6800247e-02
 -2.0005432e-01
  5.6813389e-02
  2.6787931e-01
 -3.1377879e-01
 -1.7630631e-01
 -8.3042830e-02
  1.1883218e-02
 -4.4407943e-01
 -4.0293843e-01
  3.7756541e-01
 -1.9147249e-01
 -6.7997955e-02
 -5.9840851e-02
 -7.2449493e-01
  2.0180519e-01
  2.3664682e-01
 -1.5167278e-01
 -2.2584137e-01
  9.8285429e-02
 -1.3656211e-02
  2.1558842e-02
  5.1041380e-02
  3.3302096e-01
  8.5014045e-02
 -3.2675892e-02
  2.2205819e-01
  1.1432337e-01
 -1.3991112e-01
  6.9064379e-01
 -4.7694862e-02
 -4.2304581e-01
 -6.0634784e-02
  6.8864286e-02
 -1.9243364e-01
  1.0725543e-01
 -6.9261450e-01
  2.5527447e-02
 -1.0782102e-01
  1.0349434e-01
 -2.6076081e-01
  2.3795740e-01
 -2.3531672e-01
 -6.0578644e-01
 -5.7084505e-03
 -5.9949927e-02
  5.0990105e-01
 -8.1257248e-01
 -6.6819215e-01
 -3.8755783e-01
 -1.6756417e-01
 -6.9558181e-02
  1.1484274e+00
  1.7838418e-01
  1.9914976e-01
  1.1714657e-01
 -4.6185192e-01
 -2.4512824e-01
  3.5685897e-02
 -6.7208238e-02
  1.3606504e-01
  7.6023325e-02
 -3.2945710e-01
 -2.6015061e-01
 -4.3665314e-01
  2.4050066e-01
 -2.8382978e-01
  4.3590128e-02
  2.0461169e-01
 -2.3359623e-02
  1.6804001e-01
 -3.0659786e-01
 -6.6055375e-01
  1.3772498e-01
  3.1695738e-01
  5.6712091e-01
  4.4711921e-01
 -1.4229135e-01
  8.9202479e-02
 -1.0971323e+00
  1.4200099e-01
  4.0519822e-01
  6.4790010e-01
 -8.7039089e-01
 -1.7421600e-01
  2.1113306e-03
 -6.2057704e-01
 -9.2552558e-02
 -1.5768079e-01
 -1.4438975e-01
  2.0725635e-01
 -5.5260286e-02
  1.7693020e-01
 -5.6008887e-01
 -9.0507507e-01
  4.0380818e-01
 -1.5610711e-01
 -9.4361854e-01
  9.2986003e-02
 -3.7073138e-01
 -3.7229228e-01
  1.7858975e-01
  7.5195357e-02
 -7.4946694e-02
  5.9211373e-02
 -3.4819359e-01
  2.0032449e-01
  1.7629221e-01
  1.6300872e-01
 -2.4785361e+00
  1.6317663e-01
  3.0766016e-01
  6.6994645e-02
 -5.5101417e-02
  7.3091760e-02
 -3.3303350e-01
  4.0706652e-01
  1.9847411e-01
 -9.6047826e-02
  1.8629743e-01
 -2.1460855e+00
 -2.5925100e-01
 -1.2350610e+00
  1.2368490e-01
  2.1078297e-01
 -2.0993253e-02
  5.0871938e-01
 -2.2130564e-01
 -6.6463995e-01
  2.6973122e-01
 -9.2433745e-01
  1.8750586e-01
 -4.6588033e-01
 -7.6722227e-02
 -1.9277030e-01
  8.0170929e-01
 -2.4070166e-02
 -5.1295511e-02
  2.1758030e-01
 -1.7473270e-01
  1.7108569e+00
  1.4930017e-01
 -9.7719841e-03
 -2.5548190e-01
 -3.8691309e-01
 -2.9539952e-01
  4.9277493e-01
  3.3221841e-01
  2.3918527e-01
 -1.8407246e-01
  1.9492371e-01
 -1.5945597e-02
 -1.1105213e-01
  1.9953597e-02
 -2.1109869e-01
 -3.0599348e-02
 -2.4173546e-01
  5.5465990e-01
 -2.5199387e-02
 -1.0817663e-01
 -3.5334873e-01
 -3.3682200e-01
  4.0456142e-02
 -2.8648829e-01
  7.4048102e-02
 -8.9189708e-03
 -4.2366035e-02
  8.9018428e-01
  1.1511702e-01
  2.7633333e-01
  4.0046707e-01
 -2.9636607e-01
 -3.6347300e-02
  1.3800536e-01
 -2.6092881e-01
  3.6524555e-01
  1.6585001e-01
  3.7918144e-01
  4.7118023e-02
  7.9241268e-02
  1.5869334e-01
  5.4631256e-02
 -2.1932982e-01
  5.8058586e-02
  4.9750961e-02
 -6.0617304e-01
  5.6344878e-02
 -4.5772502e-01
  9.2782867e-01
  5.6950670e-01
 -2.2260055e-01
  1.8850094e-01
 -1.9729294e-01
 -2.0341501e-01
 -2.6471570e-01
 -3.9914897e-01
  2.4098285e-02
  1.1480007e-01
 -2.4310905e-02
  1.6816092e-01
 -1.2400422e-01
  1.1073230e-01
  3.2423612e-01
  3.2956871e-01
 -2.9165873e-01
  6.9380188e-01
 -5.8513984e-02
 -1.6639355e-01
 -9.2243694e-02
 -2.2352420e-01
  3.3007762e-01
  4.6509258e-03
  1.2092872e+00
 -1.8561952e-01
 -1.8744704e-01
  1.3756576e-01
 -1.8606517e-01
 -1.1182442e-01
 -8.7902937e-03
 -8.2418304e-03
 -5.8835708e-02
  6.8843365e-02
 -3.5017464e-01
 -5.5234190e-02
  5.7209235e-02
 -1.6858481e-01
 -6.2806152e-02
  3.5461801e-01
  6.4467780e-02
 -3.2615635e-01
 -1.9981769e-01
 -2.7162492e-01
 -1.0710730e-01
 -3.3233877e-02
 -1.2278483e-02
 -3.8910148e-01
 -1.1958826e-01
 -1.3611171e-01
 -2.1474554e-01
 -3.9091596e-01
 -8.6568885e-02
  1.3837342e-01
 -1.2065729e-01
 -3.3704159e-01
  3.1055471e-01
 -4.4251421e-01
  3.6330029e-02
  6.5578513e-02
 -3.3350116e-01
 -9.8928869e-02
  1.3931514e-01
 -2.4651319e-01
  7.4920595e-02
 -4.6859196e-01
  4.5802617e-01
 -5.3643370e-01
  9.8942399e-02
  4.2755166e-03
 -1.1067250e-02
 -2.2546807e-01
  4.7785422e-01
  6.2728263e-02
 -1.6195947e-01
  4.7607228e-02
 -3.7710774e-01
 -1.5255560e-01
 -8.9462392e-02
  2.1530797e-01
  6.7478746e-01
  2.4121132e-01
  2.2836781e-01
  2.2178926e-01
  3.3467302e-01
 -2.0759197e-01
 -4.9767077e-01
  4.7715306e-01
 -8.2644355e-03
 -3.0618966e-01
  1.9810101e-01
  8.0340654e-02
  1.2710699e-01
 -3.3534753e-01
 -9.9626243e-02
  1.8199174e-01
 -2.1286455e-01
 -8.8695526e-02
  8.4740885e-02
 -3.6377359e-02
  1.8767908e-01
  1.8977199e-01
 -2.4842030e-01
  2.2208534e-02
 -3.2519537e-01
 -3.8874191e-01
 -6.4075392e-01
 -2.1591227e-01
 -1.7383015e-01
  8.6432174e-02
  2.6592070e-01
  4.0307969e-01
 -5.1072240e-02
  1.6955113e-01
  5.0941072e-03
 -2.6454136e-01
  3.8807052e-01
 -1.1892875e-01
 -1.7964417e-01
  7.8688465e-02
  1.4744776e-01
 -7.7159250e-01
 -3.9567730e-01
 -1.9235952e-01
 -8.3741665e-02
 -1.0255934e-01
 -1.2402163e-01
  4.9061620e-01
  4.0658023e-03
  4.2869294e-01
  2.8963700e-01
  4.7505595e-02
  1.8865423e-01
 -1.3175713e-01
  2.3487970e-01
 -5.6393433e-01
  2.7208447e-01
 -4.3928587e-01
 -1.5604575e-01
 -1.3654338e-01
 -1.6560246e-01
 -1.6165596e-02
  3.4807082e-02
 -4.3097377e-02
  4.6741016e-02
 -1.3799692e-02
  2.8621727e-01
  6.4847636e-01
 -7.2249420e-02
  4.8878711e-01
  1.0857437e+00
  5.2888516e-02
 -1.6214991e-01
 -2.6905248e-01
  1.8773849e+00
  4.9073699e-01
 -7.5596547e-01
  6.3761365e-01
 -4.0095493e-02
 -9.7118175e-01
  7.0272815e-01
  3.7269893e-01
  5.2415904e-02
  1.1446419e-01
  1.5457825e-01
  1.0773361e-01
 -1.7914182e-01
  7.1552143e-02
 -1.9729279e+00
  3.1807518e-01
 -1.7152977e-01
  7.2461501e-02
  1.6758926e-01
 -4.5562592e-01
  7.5709617e-01
  7.1989262e-01
  4.5407853e-01
 -2.7692145e-01
  7.7438337e-01
  7.3219764e-01
 -2.0572950e-01
  4.9825874e-01
 -6.0863507e-01
  1.0451735e+00
 -1.4068863e-01
 -3.2998767e-01
  9.2512533e-02
  1.1640087e-01
  3.0472448e-01
 -5.9817052e-01
  1.4199844e-01
  4.6707523e-01
  1.2499112e-01
  1.2333257e-01
  9.8588842e-01
  2.3759078e-02
 -2.9866078e-01
 -1.5648977e-01
 -2.0563409e-01
 -1.1816362e-02
 -4.0460974e-01
 -1.0735652e-01
 -1.0375433e-01
 -3.6742416e-01
 -4.1289337e-02
 -8.1671551e-02
 -5.4041366e-03
 -4.0941954e-02
  3.3060125e-01
 -2.5477669e-01
  4.3283504e-01
  1.6735704e-01
  1.4564461e-01
  3.0719049e-02
  7.7854991e-02
 -3.6320005e-02
  6.4214832e-01
  5.7712585e-01
  6.8817014e-01
  4.8701935e-02
  1.0863031e-01
 -3.3698138e-02
 -4.3881439e-02
 -2.9400599e-01
  4.6343508e-01
 -1.0082860e-01
 -1.1596897e-01
  8.4199613e-01
 -5.2228880e-01
 -6.1890924e-01
 -4.4677332e-02
 -2.1087918e-01
 -9.3335688e-02
 -2.5135022e-01
  4.0546071e-02
 -1.1601783e-01
 -3.1967509e-01
  6.0535157e-01
 -1.1501195e-01
  2.0635086e-01
  3.9047340e-01
  2.3346977e-02
  5.3469336e-01
  1.3605648e+00
  2.3898520e-01
  1.0438799e-01
 -3.7274531e-01
  2.8712559e-01
 -1.3195360e-01
  5.7772291e-01
  3.7126076e-01
 -1.5232611e+00
  5.6361866e-01
 -3.8128018e-01
  5.0746351e-01
  2.6820755e-01
  1.6873565e-01
  2.5811678e-01
 -2.8299171e-01
  1.0978380e-01
  4.5803902e-01
  4.1075926e-02
  1.3317026e-01
  4.1733768e-02
 -3.2629482e-03
  3.2510620e-01
 -2.0394039e-01
  1.1934566e-01
 -1.1899510e-01
  4.4371322e-02
  5.7364523e-01
  9.5326707e-02
  1.3120362e-01
  2.2513399e-01
 -8.8669881e-02
  4.4960127e+00
  7.1050107e-01
  1.0598712e+00
 -1.0369833e-01
 -3.3486169e-02
  6.0236788e-01
 -2.3171979e-01
 -3.0808079e-01
 -1.3699622e-01
 -3.3536002e-03
  9.6571229e-02
 -1.0357827e-02
 -8.5638389e-02
 -7.0021820e-01
  2.3757541e-01
  6.4601228e-02
  5.7191819e-02
 -8.3100006e-02
  6.7346919e-01
 -6.4500862e-01
  2.6344422e-01
  1.0098685e-01
 -3.6604218e-02
 -2.2164550e-01
 -1.6594265e-01
 -1.0306735e-01
  4.7881484e-02
  3.0491057e-01
 -6.6964614e-01
 -2.3674372e-01
 -2.1978234e-01
  3.2233161e-01
 -1.9178239e-01
 -2.2791965e-01
  3.3430421e-01
 -2.4929363e-01
 -2.9905695e-01
  2.8615795e-02
 -4.1554469e-01
  2.2761279e-01
 -2.1929023e-01
  2.2106220e-01
 -2.1459760e-01
  2.0596728e-02
 -2.2963952e-01
  6.1861612e-02
 -1.7476651e-01
 -2.3145412e-01
 -3.7356669e-01
  6.0497500e-02
 -1.5429708e-01
  5.7305958e-02
 -6.1580287e-03
 -1.2246351e+00
  8.9301711e-01
 -1.4851925e-01
 -8.5988653e-01
 -2.1008880e-01
  1.6396178e-01
 -4.9158335e-03
  2.9891273e-01
 -1.3026953e-01
 -3.0515024e-01
 -1.4225487e-01
 -7.4835934e-02
 -3.2413757e-01
 -5.9964097e-01
 -3.7735209e-01
 -9.7388285e-01
 -1.6948521e-01
 -6.7263591e-01
 -7.2460479e-01
  1.1304406e-02
  4.4154459e-01
  3.3663937e-01
  2.4095666e-02
  1.6642344e-01
 -1.0665830e+00
 -8.4518827e-02
 -4.0971220e-01
  3.7397060e-01
 -1.3656503e-01
 -2.3923279e-01
  3.0883226e-01
 -2.5136864e-01
 -5.2139997e-01
  6.7417473e-03
  1.8070629e-01
 -3.9779328e-02
 -1.7445505e-01
  2.8662509e-01
  4.2800289e-03
 -2.6311502e-01
  1.6188310e-01
 -1.6205831e-01
 -1.9761924e-02
 -5.4597944e-01
  1.1711371e-01
  6.9539726e-02
 -7.3683995e-01
 -1.4670362e-01
 -9.6004665e-02
 -1.9480635e-01
 -1.4412975e-01
  6.0281408e-01
 -1.5704641e-01
  6.1566556e-01
 -4.2377412e-02
  6.6508770e-01
  7.3710251e-01
  3.4406975e-01
 -1.8984656e-01
  3.4428540e-01
 -4.6133283e-01
  3.9881998e-01
 -9.1786563e-02
 -8.4300689e-02
  2.4401444e-01
 -1.2074296e-01
 -4.1688457e-02
  3.5669285e-01
  6.5453328e-02
  8.0345429e-02
 -3.8632110e-02
 -2.2592166e-01
  5.4328911e-02
  3.2693201e-01
  7.6465631e-01
  2.1240243e-01
 -1.1629578e-01
  1.0282075e-01
  7.8652985e-03
 -5.0584894e-01
 -1.5115660e-01
  1.8431157e-01
  7.2988741e-02
 -4.2499635e-02
  1.0408543e+00
  1.0548768e+00
 -3.3531705e-01
  1.4794351e+00
  1.2218688e+00
  5.6637782e-01
 -2.9321525e-01
  6.9156533e-01
 -5.0592792e-01
 -2.8650588e-01
 -8.6528793e-02
  2.1149581e-03
 -8.8151038e-02
  4.6651341e-02
 -1.6348965e-01
 -3.9305153e-01
  8.0182868e-01
  6.3995138e-02
 -1.0743648e-01
 -1.2049470e+00
  3.4696728e-01
 -5.5451649e-01
 -1.5003023e-01
 -4.2276087e-01
  8.6938250e-01
 -4.2240906e-01
 -1.6209265e-02
 -3.5012877e-01
 -1.2625686e+00
  6.0860470e-02
 -2.2547777e-01
  3.4302720e-01
 -3.4870800e-01
 -4.7289383e-01
 -2.3809749e-01
 -2.2207496e-01
 -2.7007580e-01
 -8.2404114e-02
 -1.5096860e-02
  3.6356211e-02
  2.2595106e-01
 -9.4331503e-03
  1.8315420e-01
  4.4223964e-03
  1.4699690e-01
  4.3105617e-01
  4.2368314e-01
  5.7596818e-02
  2.9968959e-01
  3.1047392e-01
  7.3716104e-01
  1.6815008e-03
 -2.6543802e-01
 -1.8904337e-01
  2.0000768e-01
 -3.4736760e-02
 -1.1185947e-01
  1.6353026e-01
 -2.5124818e-01
  8.3026979e-03
  8.4860034e-02
  4.1180286e-01
 -4.7442520e-01
 -3.9376831e-01
 -7.0950103e-01
 -3.5326916e-01
  8.3079115e-02
 -3.0674580e-02
 -1.0779664e-02
 -2.6559975e-02
 -1.2032268e-01
 -1.3653986e-01
 -4.6779767e-01
 -1.0271949e-01
  2.1477126e-01
  7.1056068e-01
 -7.7756393e-01
 -1.7574044e-01
  4.0634131e-01
 -3.2135546e-01
  1.7620887e-01
 -2.1236676e-01
 -2.6785734e+00
  2.3341842e-01
 -2.7114889e-01
 -4.2247894e-01
  3.0572683e-02
 -9.1809595e-01
 -6.9500613e-01
 -7.0810057e-02
 -1.3830400e-01
 -5.8458740e-01
  2.3692423e-01
  2.9312354e-01
 -1.9534512e-01
 -6.6796112e-01
 -4.9534577e-01
 -1.6914852e-01
  6.5546674e-01
 -8.0216452e-02
 -1.0824517e-01
  2.8485286e-01
 -2.9362074e-01
  8.2466859e-01
 -3.0534557e-01
 -7.2225559e-01
  2.2280099e-02
  8.7210849e-02
  9.7275510e-02
 -4.1000506e-01
 -1.2652706e-03
 -4.8573714e-01
  4.2613160e-02
  5.4973763e-01
 -1.1999950e-01
 -6.0587991e-02
 -2.2549346e-01
 -5.0222989e-02
 -2.8723496e-01
  2.5750053e-01
 -5.8196373e-02
 -4.0389678e-01
 -3.5863470e-02
  1.4483714e-01
 -3.2379422e-02
 -1.6694777e-01
  1.6937427e-02
 -2.2640482e-01
  2.6318765e-01
  8.8452026e-03
  2.9031146e-01
 -7.9244286e-01
  4.6468017e-01
 -9.1300771e-02
  1.5887815e-01
  1.9758783e-02
 -3.6372566e-01
  1.1959937e+00
  2.5495210e-01
  6.4406401e-01
 -4.9283659e-01
 -1.6326830e-01
  1.3442971e-02
 -1.1479404e-01
  1.0718037e-02
  4.4200927e-01
  3.6003433e-02
 -1.5098253e-01
 -1.2190011e-01
 -1.7149542e-02
 -4.7754336e-02
  1.9914159e-01
 -9.1807380e-02
  1.3917880e-01
 -2.0895661e-01
  3.6518729e-01
 -5.4063243e-01
 -3.9778242e-01
  4.4412449e-01
  3.0392832e-01
  8.4876609e-01
 -9.5831834e-02
 -2.6805438e-03
 -5.8053490e-02
 -3.5548821e-02
  4.3127812e-02
  2.5018804e-02
  1.8032359e-01
  1.6486457e-01
 -4.6452987e-01
  7.4930407e-02
 -3.3172736e-01
 -3.2237694e-02
 -3.8398641e-01
 -1.0047558e-02
  7.1022564e-01
 -2.6207826e-01
 -2.8836372e-01
 -3.9551264e-01
 -8.1138216e-02
 -6.5031096e-02
 -2.8678766e-01
 -2.5797781e-01
 -9.5066410e-01
 -1.7035253e-02
 -7.0517376e-02
 -1.3258946e-01
 -1.4646925e-01
 -4.7577288e-02
 -2.1730492e-01
 -7.9027295e-01
  3.7449530e-01
 -1.0520014e-01
 -1.5645839e-01
 -4.7304217e-02
 -2.7674414e-02
 -5.7876654e-02
 -3.0108073e-01
  1.3315663e-01
 -1.3678227e-01
 -4.0015291e-02
  1.3042547e-01
  8.5771656e-01
 -1.8861347e-01
 -2.8842583e-01
 -1.1591931e-01
  1.7458425e-01
 -1.6318402e-01
  1.4560375e-01
 -1.8630870e-02
 -3.1222311e-01
  2.2867632e-01
  6.5538347e-02
 -5.5778243e-02
 -2.2749746e-01
  3.2500103e-02
 -8.9692749e-02
 -1.1946228e-01
  1.4305781e-01
 -2.0364974e-02
 -2.4185392e-01
  1.0211385e-01
 -2.6085906e-02
  2.9081392e-01
  1.2545119e-01
  6.4519891e-03
 -3.8878405e-01
  1.7430380e-01
 -8.5281181e-01
  9.7407237e-02
 -1.5387209e-01
  1.2076644e-01
 -7.2963938e-02
 -2.2266267e-01
 -1.1882643e+00
 -1.6757598e+00
  1.4331152e-01
  1.7945541e-01
  1.8414034e-01
  1.2502426e+00
  8.5670620e-02
  4.6494287e-01
 -1.7608763e-01
  9.2807882e-02
  6.3427337e-02
 -8.9479405e-01
  8.0420911e-01
 -1.5274055e-01
  1.3952427e-01
 -6.1744187e-02
  3.3353898e-01
 -8.4675282e-02
  7.4899697e-01
 -2.9605308e-01
 -1.8693760e-01
 -8.0750716e-01
  8.2370484e-01
  9.6782200e-02
 -5.8287181e-02
  4.8485455e-01
  3.3082861e-01
  2.5425828e-01
  8.1044380e-03
  5.8600181e-01
  4.3046277e-02
  3.1229237e-01
 -1.8160968e-01
 -2.8674367e-01
  1.3349661e-01
  1.7334449e-01
  8.9170295e-01
 -8.6928475e-01
 -5.3739734e-02
 -1.4871851e-01
 -1.0985235e-01
  9.5222697e-02
  2.0190035e-01
  3.4315455e-01
 -3.1721404e-01
  3.4673992e-01
  1.2048390e-01
 -2.4394119e-01
  1.3275850e-01
 -2.2241874e-01
  3.7318509e-02
  2.3644555e-01
  1.2050384e-01
 -5.2612692e-02
 -7.1496390e-02
 -6.3835539e-02
 -1.8323809e-02
 -7.9034187e-02
  3.1950802e-01
  6.4303172e-01
 -2.9878375e-01
  4.6359625e-01
  2.9333967e-01
  5.2238442e-04
  3.2927132e-01
  2.4563532e-02
  5.0313026e-01
 -1.3713829e-02
  8.6868018e-02
 -1.0001397e-01
  4.4540536e-01
 -1.6872072e-01
  5.4383203e-02
  6.3612860e-01
 -8.8585138e-01
  1.4434865e+00
 -4.3400568e-01
  1.2919452e+00
  5.6240976e-01
  1.8606815e-01
  5.5483162e-02
  4.0021569e-01
  1.5492721e+00
  1.0917022e+00
  6.5704602e-01
 -1.1799557e+00
  9.9211198e-01
  1.0850930e+00
  2.8472868e-01
  2.9503047e-01
  3.0382690e-01
  9.0113199e-01
  2.2497171e-01
  3.7971458e-01
  7.5337517e-01
  1.4436944e+00
  1.0091233e+00
 -4.5571116e-01
  5.0445348e-01
  5.7355642e-01
  1.0451530e+00
  6.9211107e-01
  4.4457483e-01
  8.6789179e-01
  1.3637798e-01
  1.0261524e-02
  3.9973846e-01
 -1.1610303e-01
  6.0390347e-01
  1.4200686e-01
  2.4781671e-01
  1.8309163e-01
 -8.1043169e-02
 -5.9971616e-02
 -4.9247816e-02
  4.2359348e-02
  1.2194790e+00
 -1.3761741e-01
  7.4102215e-02
 -1.1545166e-02
 -3.8302369e-02
  1.1439162e-01
  1.3068696e-02
 -1.8259655e+00
 -2.9824996e-01
 -2.4057937e-01
 -1.8326763e-02
 -8.8799894e-02
  3.2166563e-02
  3.9698929e-01
 -1.1913275e-01
  6.9526857e-01
  1.0738780e-01
  9.6584987e-03
 -6.3162386e-02
  2.2456439e-01
  2.5534528e-01
  4.8837867e-01
  6.0395616e-01
 -2.4792029e-01
 -8.6200088e-02
 -2.8058231e-01
 -3.8988139e-02
  2.0333900e-01
  1.1498159e-02
 -1.5226104e+00
  3.5830745e-01
 -1.0541156e-01
  3.4379631e-01
  9.2594586e-02
  6.1012375e-01
 -8.5396838e-01
 -2.8314912e-01
 -3.2789674e-01
  1.0348186e-03
  1.4982340e-01
  2.1124716e-01
  1.9833234e-01
 -3.7364092e-01
  1.1739792e-01
  6.5446365e-01
 -1.6675690e-01
  5.2080393e-02
 -4.2530328e-01
 -2.3366505e-01
  1.4427412e-02
 -6.7689274e-03
  6.1948323e-01
  2.4595416e-01
  1.2568465e-01
  6.1639792e-01
  1.4291950e-01
  4.1867323e-02
  6.0276687e-03
  7.7922694e-02
 -2.7333295e-01
  1.6232851e-01
  5.5590034e-01
  6.5261006e-01
 -1.2998067e-01
  2.6644892e-01
 -1.0972819e+00
  2.8380117e-01
  6.4236782e-02
  2.3184489e-01
  2.6975784e-01
  6.5679312e-02
  1.2865072e-01
  1.9123296e-01
  7.3283404e-02
 -3.0120182e-01
  6.0283327e-01
  3.0723226e-01
 -5.1581794e-01
 -7.3135716e-01
 -2.5066206e-01
  4.1072458e-02
 -6.7688026e-02
  3.6186084e-01
 -4.2026523e-01
  3.8389730e-01
  3.8398209e-01
  3.3130759e-01
  8.1856143e-01
  7.5149924e-02
  5.1492374e-02
 -2.9114866e-01
  1.2322911e-01
 -6.2342060e-01
  6.1072409e-02
 -7.4839425e-01
 -6.2113293e-02
 -3.6146474e-01
 -5.9034878e-01
 -1.4190689e-02
 -1.2114698e-01
 -3.5184774e-01
 -5.2939937e-02
 -1.7960066e-01
  2.1763209e-01
 -2.7718246e-01
 -2.3427700e-01
  3.0194890e-01
 -4.1446364e-01
 -1.8377413e-01
  1.1529558e-01
  4.7202832e-01
 -1.2371082e+00
  2.6167172e-01
 -2.6095185e-01
 -1.5689281e-01
  2.4466740e-01
 -5.8459288e-01
 -1.3285933e-01
  5.5662919e-02
 -6.1246019e-02
 -2.6875371e-01
 -3.0308977e-01
 -3.9826125e-02
 -9.8243959e-02
  4.7121525e-01
 -3.0505918e-02
  3.2080587e-02
  1.1085220e-01
  1.7257191e-01
  6.9417822e-01
 -4.8455012e-01
 -2.6010653e-01
 -3.2200101e-01
  8.7907657e-02
  7.1395084e-02
  1.3054806e-01
 -2.6635563e-01
  8.1911311e-02
 -4.6912462e-01
 -1.2055608e-01
  2.8291998e-02
 -6.6423011e-01
 -2.5833910e-02
 -1.3029333e-03
 -5.5922431e-01
 -2.1374626e-01
  1.3282609e-01
 -1.0746820e-01
 -2.9336203e-02
  2.8711507e-01
 -2.4826336e-01
  1.8076454e-01
 -1.6907783e-02
  5.0218783e-02
 -3.1080517e-01
  1.7231935e-01
 -6.0799100e-02
  1.3135186e-01
  2.1832718e-01
 -2.3279315e-01
  1.0733294e-01
  5.3731490e-02
 -1.0951202e-01
 -6.0325515e-01
  3.0417794e-01
  3.0779886e-01
  6.8270281e-02
 -3.2314926e-01
 -7.3661083e-01
 -1.1663248e-01
  3.6895984e-01
 -4.4974419e-01
  4.2480874e-01
  3.3243567e-01
 -2.1126316e-01
  2.7142458e-02
 -9.2011400e-02
 -2.9787526e-01
 -3.3853385e-01
 -7.4655116e-01
 -3.2646203e-01
  2.4279645e-01
 -8.7146588e-02
 -2.6820910e-01
  7.3735535e-01
  1.0015108e-01
 -1.3546285e-02
  2.2551265e-01
 -7.3947951e-02
 -8.6890265e-02
 -9.1391765e-02
  1.0241382e-04
  1.1062069e-01
  2.6431572e-01
  6.8631247e-02
 -4.9594754e-01
  5.9464067e-01
  2.1910869e-01
  8.0851682e-02
 -2.0139655e-01
 -3.6425073e-02
  1.6323365e-03
 -7.5248122e-01
 -7.4428752e-02
  6.4300828e-02
 -2.3008311e-01
 -2.2917655e-01
  1.6105811e-01
 -2.9594913e-02
 -4.1185975e-02
  1.0662569e-01
  1.6309366e-02
 -4.9940383e-01
 -2.6107135e-01
  1.2869816e-01
  5.8324885e-02
 -3.0785346e-01
 -2.3131393e-01
 -2.4737071e-01
 -1.1379558e-01
 -4.8811477e-02
  9.1634643e-01
 -2.8077272e-01
 -1.6139752e-01
 -1.8534218e-01
 -1.1795459e-01
 -1.3197743e+00
 -5.1328814e-01
  2.7159405e-01
  2.0320362e-01
  6.1323535e-01
  1.8641961e-01
  1.1366492e-01
  1.6966307e-01
  7.5851910e-02
  3.6717135e-01
  1.7284615e-02
  1.1573425e-01
 -2.9394323e-01
 -3.8614407e-02
 -8.1748210e-02
 -1.4593760e-02
 -8.7922506e-02
  2.6957005e-01
  5.3502403e-02
 -1.9154310e-01
  1.0913433e-01
  1.0440718e-01
 -2.5144991e-01
 -4.2557299e-01
 -2.2815391e-01
 -1.9763027e-01
  2.7255775e-02
  1.8297666e-01
  3.7958220e-01
 -5.1041776e-01
 -1.0094959e-01
 -1.7422278e-01
  8.5943177e-02
 -2.2940212e-01
  2.8475041e-02
 -5.6013856e-03
 -1.8916063e-01
 -1.7442608e-01
  1.1688527e-01
 -2.3615047e-01
 -2.4830259e-01
  1.0502528e+00
  4.8890129e-01
 -3.1229845e-01
  3.6334366e-01
 -4.7856456e-01
  3.3849362e-01
 -1.5196850e+00
  5.5124175e-02
  6.7135096e-03
  4.2433301e-01
  1.9251338e-01
  1.7471430e-01
  2.9551355e-02
 -4.0491781e-01
  3.0000517e-02
 -3.1990540e-01
 -6.1333364e-01
  3.7121758e-01
  4.1935276e-02
 -3.6885381e-01
  3.9097238e-01
 -4.5282370e-01
 -2.6890472e-01
  2.3771100e-02
 -1.7164172e-01
 -2.6423958e-01
  1.1964302e-01
 -1.9994961e-01
 -3.7465835e-01
 -2.1711755e-01
 -3.3772987e-01
 -3.8401556e-01
 -3.7503384e-02
 -1.1796308e-01
  4.5354551e-01
  2.9359803e-01
 -1.8839452e-01
  3.5405345e-02
  4.6240836e-01
  4.5177725e-01
  3.3037981e-01
  5.9495431e-01
  1.3808413e-01
  8.5155889e-03
  9.7305607e-03
  3.3326503e-02
 -5.3875113e-01
  8.8655740e-01
 -3.0977088e-01
  2.6883018e-01
  1.3549329e-01
 -3.8437873e-02
 -9.8498926e-02
 -4.1358954e-01
 -4.2765191e-01
  1.7847827e-01
 -2.9538512e-01
  6.2373984e-01
  1.0848925e-01
 -2.5285566e-01
 -8.1779867e-02
 -4.0706846e-01
  1.8080144e-01
  2.8959742e-01
  1.5520053e-01
  1.0140978e-02
  2.7402717e-01
  5.8367258e-01
  4.0840438e-01
 -4.2945457e-01
 -4.0069520e-03
 -6.5276027e-02
  3.0497509e-01
  1.2088871e-01
  2.3014979e-01
  5.2235532e-01
  1.3993953e-01
  3.8840374e-01
 -2.3740742e-01
 -7.8274198e-02
  2.7684522e-01
 -4.1266927e-01
 -5.1001608e-01
 -3.3743501e-01
  9.4546735e-02
 -2.5499272e-01
 -7.4326801e-01
  7.5955071e-02
  1.0040209e+00
 -3.3381236e-01
 -9.7954743e-02
 -3.1367618e-01
  5.2132774e-02
  6.4828359e-02
  1.4995156e-01
  1.8718515e-01
  2.8492449e-02
  1.9479890e-01
 -8.6630750e-01
 -3.3086792e-02
 -2.5334644e-01
 -1.2770204e-01
 -6.7448787e-02
 -1.3870554e-01
  2.3693633e-01
  3.0394685e-01
 -5.4737601e-02
  5.7768404e-02
  1.5299182e-01
 -5.9858032e-02
  2.9076905e+00
 -3.7724313e-01
 -1.1619145e-01
 -5.6628966e-01
  4.8698539e-01
  7.2611690e-02
  1.2409800e-01
  1.9616880e-01
 -3.6247659e-01
  4.1529113e-01
  3.1006661e-01
  5.1106822e-02
  2.2187346e-01
  2.0002513e-01
 -3.5461113e-03
 -2.1696016e-01
 -1.2788553e+00
  8.1475824e-05
  4.6891747e-03
  9.8922968e-02
 -1.9321428e-01
  5.3050673e-01
 -2.7217591e-01
  9.5863938e-02
  1.8544006e-01
 -1.1048554e+00
  7.2685547e-02
 -3.4472769e-01
 -7.1138048e-01
  2.1541487e-01
  3.6482525e-01
 -3.7905404e-01
 -9.4515257e-02
  3.3576050e-01
  1.2140703e-01
 -2.6558435e-01
 -2.5039155e-02
  2.5986016e-01
  7.0571043e-02
  8.9013621e-02
 -4.0660173e-02
 -2.0700832e-01
  5.0102121e-01
  4.4323087e-01
 -9.1482319e-02
 -4.6492499e-01
  4.5952283e-02
  1.3331535e-01
  6.8665966e-02
  1.6244632e-01
  1.0458813e-01
 -5.7225320e-02
 -1.3771975e-02
 -1.7847538e-02
  7.4538626e-02
 -5.2720392e-01
 -2.7282703e-01
  3.7566110e-01
 -2.8102565e-01
  7.5576037e-02
 -8.8666700e-02
 -1.6292828e-01
 -4.6645340e-01
  2.6998682e-02
  3.4406653e-01
 -1.3755136e+00
  6.4316934e-01
  4.8288378e-01
 -9.2645198e-01
  8.3472806e-01
  1.6839750e+00
 -6.3277698e-01
 -3.0631342e+00
  6.5943658e-01
  8.3332703e-02
  6.3865274e-02
  2.1943457e-01
 -1.7381433e+00
  1.2141319e-01
 -6.7076035e-02
 -3.0500747e-02
 -2.1323009e-01
 -4.1109151e-01
  6.1215806e-01
  1.5481811e+00
  3.3843201e-01
  1.0880879e+00
  2.3544611e-01
  1.4526093e-01
  6.8412288e-03
 -8.3053601e-01
 -1.8820840e-01
  6.6612281e-02
  3.4271772e-03
  1.0579289e-01
  2.9859994e-02
  6.2260544e-01
 -1.6480187e-01
  9.4519114e-01
 -5.3785522e-02
  1.8901831e-01
 -3.4568962e-02
  1.2241219e-01
  5.3356644e-02
 -6.3930660e-01
  2.9811125e-02
 -3.4743693e-02
  3.0220646e-01
 -3.4600571e-03
 -2.3695539e-01
 -6.3502014e-01
  1.1914530e-01
  6.3131377e-04
  3.6159754e-03
 -2.6424788e-04
  1.8674904e-01
 -6.3211173e-02
  6.9909543e-03
 -3.5102889e-02
  2.1045119e-01
  1.3921265e-01
 -5.5482328e-01
 -2.5300342e-01
  5.8382321e-02
 -9.8882221e-02
  1.3896506e+00
  3.1685215e-01
 -6.5989822e-02
 -3.7192218e-02
  4.7508150e-02
  1.4855704e-01
  1.5839651e+00
  6.6620159e-01
  3.4384125e-01
 -7.0422255e-02
 -7.4665889e-02
  2.0516175e-01
 -1.1902048e-01
 -2.0074135e-01
 -1.6982180e-01
  2.6086470e-01
  2.4754147e-01
  1.1012204e-01
  5.7126492e-01
  1.8452650e-01
 -9.2593096e-03
  2.4384016e-01
 -3.1478757e-01
 -3.8295606e-01
 -7.5698584e-02
  7.9971302e-01
  4.6701807e-01
 -7.1977353e-01
  4.3443918e-01
  3.0566806e-01
 -5.2783227e-01
  1.1586144e-01
  1.7905460e-01
 -5.7630349e-02
  5.5302409e-03
  3.4323943e-01
 -5.4033083e-01
 -1.1572950e-01
 -3.4567750e-01
  2.9255174e-02
 -6.7682517e-01
  3.3181724e-01
 -7.4984273e-03
 -1.1855452e+00
  2.1793466e-02
 -5.5550519e-02
 -2.6422447e-01
 -1.3605197e-02
  6.7698050e-01
 -1.1408694e-01
 -6.9802426e-02
 -2.0241708e-01
  9.5182143e-02
 -1.2731327e-01
  6.4603239e-01
  2.3964025e-02
 -4.7702894e-01
  6.0181739e-03
  6.5968335e-02
  2.2870028e-01
 -2.9339081e-01
 -2.3366395e-02
 -3.2042977e-01
 -6.1127323e-01
 -1.1436919e-01
 -1.3513844e-01
  2.8674775e-01
 -4.0361553e-01
  7.1863934e-02
 -8.2540177e-03
  3.2132518e-01
  3.5463315e-03
 -1.2236069e+00
  2.6368659e-02
  3.1445730e-02
 -2.2584273e-01
  6.1465788e-01
  1.7828215e-02
  1.8895657e-01
 -3.9190978e-01
 -1.3155501e-01
  4.0467516e-01
  1.0587686e+00
 -6.2532000e-02
  9.0025938e-01
 -1.7432332e-01
 -1.6885531e-01
  3.4177712e-01
  5.3427666e-01
  1.5488502e-01
 -6.7243797e-01
 -8.1548828e-01
  8.0900252e-02
 -4.3083167e-01
 -2.2041534e-01
  1.4775893e-01
 -4.1540360e-01
 -2.7142274e-01
  8.4942681e-01
  4.6922691e-02
  2.5068852e-01
  3.0410925e-01
 -1.0744283e-02
 -4.8456036e-02
 -3.4093168e-01
 -1.0156063e-01
 -2.3336950e-01
  1.7602399e-01
  1.3787338e-01
  5.0003898e-01
  3.3322847e-01
 -2.5043067e-01
  4.8425001e-01
 -1.3131708e-01
 -1.8944933e-01
 -1.0253960e-01
  5.1326793e-01
  6.8962801e-01
  5.9295785e-01
  3.8549638e-01
  6.0920183e-02
  2.0873666e-01
  1.0278462e-01
  1.0531418e+00
 -1.9905588e-01
 -4.0903962e-01
 -2.0283172e-01
  1.4300549e-02
  4.5635119e-02
  1.2001168e-02
  4.0423330e-02
  1.3733716e-01
  4.0042633e-01
  8.4437869e-02
 -2.4426308e-01
 -1.0975152e-02
  4.8010972e-01
 -8.8534191e-02
 -2.5956988e-01
 -2.7295983e-01
 -7.4173614e-02
  2.8636479e-01
 -5.2968804e-02
  4.0309870e-01
 -1.3071258e-01
 -8.7782010e-02
 -6.1541650e-02
 -4.1400716e-02
  4.2194638e-01
  1.4057617e-01
  7.1742512e-02
  6.7855604e-02
 -7.4357487e-02
 -3.9677244e-01
 -3.3126891e-02
  5.3354863e-02
  4.2792138e-01
 -1.7538360e-01
 -1.2757276e-01
  1.2250643e-01
 -2.4362172e-01
 -2.9934216e-02
  1.3688315e+00
 -1.5815139e-01
 -3.2189018e-01
  4.5600319e-01
  8.6852103e-02
  8.2621640e-01
 -2.2603643e-01
  5.1142093e-02
  6.4381041e-02
  7.8512125e-02
 -4.3699846e-01
  3.6643192e-02
  1.8521459e-01
  4.1594617e-03
 -6.4146048e-01
 -1.7493993e-01
  2.1701980e-01
 -2.5446969e-01
  1.7728928e-01
 -8.5662201e-02
  3.5313326e-01
  6.8211752e-01
 -1.6578332e-01
  8.9037754e-02
  2.1210318e+00
 -1.9360046e-01
 -3.8727897e-01
  1.2239221e-01
 -4.6725383e-01
 -1.4693764e+00
  4.3604949e-01
  1.0758344e-01
  1.2512209e+00
  5.5638683e-01
 -3.5153389e-02
 -1.1893696e-01
 -3.1114660e-02
 -1.7538853e-01
  1.6325600e-01
 -1.6010693e-01
  3.9136773e-01
  7.0451044e-02
  6.3426018e-01
 -1.0434996e-02
 -6.1615385e-02
  4.8618585e-01
  2.5246555e-01
 -2.7342543e-01
 -3.6562622e-01
  2.2163801e-01
  7.9357922e-01
  2.5668763e-02
  7.6771066e-02
  7.1271174e-02
  4.7066137e-03
 -1.8389735e-01
 -2.9591179e-02
  3.3613157e-01
 -3.0149204e-01
  1.8585455e-02
  4.4068372e-01
  8.8978373e-03
  4.6618116e-01
 -7.2360075e-01
 -4.0408501e-01
 -2.1897148e-01
  1.6885005e-02
 -5.7653165e-01
  1.6237320e-02
  1.5854210e-02
 -7.9655938e-02
 -8.8628091e-02
  4.8026916e-01
  1.6559923e-01
  5.1566172e-02
  7.5733230e-02
  9.2423268e-02
  1.7967871e-01
  5.6237660e-02
 -1.2855692e-01
  5.8558816e-01
  4.7858363e-01
  2.5230098e-01
  7.0922496e-03
 -7.0732319e-01
  1.4616854e+00
  9.4720209e-01
  2.3126587e-01
  2.1665890e+00
 -3.0222377e-01
 -4.5146161e-01
 -5.5642214e-02
  3.0224004e-01
  3.1729225e-02
  2.2513027e+00
  3.7206638e-01
 -4.6959618e-01
 -2.8777230e-01
  1.8082041e-02
 -8.4958009e-02
  1.9285153e-01
  7.9948866e-01
 -2.1436101e-01
  5.1476195e-02
 -1.1304528e+00
  1.3368441e+00
 -8.5772920e-01
  2.0753360e+00
  4.2737022e-01
  2.5596339e-01
  4.2838386e-01
  1.1800686e+00
  6.0809650e-02
  9.2035073e-01
  2.2770858e+00
 -1.8374231e-01
  1.2151372e-01
 -4.3427423e-01
 -5.1678604e-01
 -1.1218007e-01
 -5.5173673e-02
  4.7922838e-02
  2.6692048e-01
 -3.5533640e-01
  2.3336811e-02
 -8.1609398e-02
 -2.0880692e-01
 -1.5661840e-01
  3.2177058e-01
 -3.1610079e-02
  5.3492850e-01
  6.8446957e-02
 -2.8684547e-02
  8.0897294e-02
 -8.0989510e-01
  1.4043066e-01
 -1.0227870e-01
  1.6995659e-01
 -2.0762909e-02
  3.6032248e-01
 -6.4613625e-02
  4.2194846e-01
  6.8543279e-01
  1.3117511e-02
  1.4683287e-01
 -2.0004533e-01
 -1.2005468e-01
  7.3099568e-02
 -6.2516975e-01
 -9.9448469e-03
  6.2335610e-01
 -1.4977878e-01
  4.3646853e-02
  6.8652608e-02
 -4.2939681e-01
  9.6151046e-02
  4.7406772e-01
  1.8482867e-01
  1.2710974e+00
  3.6231893e-01
 -1.0110842e-01
 -2.3973570e+00
 -3.6787188e-01
  2.3794191e-01
 -1.2335788e-01
  4.0375239e-01
  5.5852777e-01
 -9.3379498e-02
  2.2476198e-02
 -1.6781341e-01
 -3.4946296e-01
 -2.3718300e-01
 -1.7268345e-02
  1.9653593e-01
 -1.9739950e-03
  1.5550447e-01
 -6.2215650e-01
 -1.7007335e-01
  2.5632584e-02
 -7.1048111e-02
  1.4013582e-01
 -3.6427969e-01
  1.0812009e-01
 -2.6474050e-01
 -1.5281583e-01
  1.3364986e-01
 -2.6630372e-02
 -1.0510783e-01
 -4.9485517e-01
  1.1431873e-01
 -5.1772268e-03
  1.2725838e-02
  7.2392151e-02
 -3.0280140e-01
  8.9836568e-03
 -3.1513978e-02
  8.5705948e-01
 -4.9425185e-01
 -1.6618952e-01
  2.7468702e-01
  5.4697976e-02
 -8.4526360e-01
 -3.1757906e-02
  1.8786781e-02
 -3.3998761e-01
  2.0187449e-01
  5.5637449e-01
  5.8180511e-01
  3.1041560e-01
  1.6390981e-02
 -3.6094688e-02
  2.7427420e-01
  3.0587889e-02
  1.6394358e-02
 -1.2389940e-01
  1.4355060e-01
 -1.1235178e-01
  9.7268230e-01
  9.7774841e-02
 -1.8766898e-01
  1.8352417e+00
 -1.3421903e+00
 -1.4428438e-01
  1.1950339e-01
 -6.6827738e-01
 -1.4888352e-01
  8.1737018e-01
 -1.8232549e+00
  1.2634021e-01
  6.1456901e-01
 -1.6254941e+00
  4.8044881e-01
 -1.5792042e+00
 -2.3159100e-01
 -1.2564214e+00
 -7.2563881e-01
  3.3107374e-02
  8.4092659e-01
 -4.7373062e-01
 -7.3918205e-01
 -4.0124542e-01
 -1.5507206e+00
 -2.3335288e-01
  4.5833367e-01
  6.4559889e-01
  2.2016016e-01
 -2.4559510e-01
 -5.7709771e-01
 -4.1745120e-01
 -7.1104996e-02
 -7.1574587e-01
  8.6619014e-01
 -4.2989781e-01
 -1.1016682e+00
  4.0784481e-01
  5.7952613e-01
  7.6995987e-01
  6.5721631e-02
 -4.2294902e-01
  1.9569497e-01
 -4.0483993e-02
  1.2622957e-01
  1.2400503e-01
  2.9095721e-01
 -3.4854832e-01
  1.2288305e+00
 -2.4324976e-01
  2.5752336e-01
  3.2700428e-01
 -3.3189604e-01
  9.8528311e-02
  3.9573985e-01
  2.2366291e-01
 -1.3090442e-01
  1.6338399e-01
 -2.0170037e-01
  4.1185951e-01
  5.5481348e-02
  1.3210998e-01
  5.7802314e-01
 -3.1528050e-01
 -5.1441032e-01
  3.5060728e-01
 -5.9313297e-01
 -1.5715882e-01
 -1.5195161e-03
  1.5824853e-01
  3.1548658e-01
 -8.5009374e-03
  5.7227474e-01
  3.6732158e-01
  3.3953831e-01
 -4.1964921e-01
 -3.1254902e-02
 -2.6890701e-01
  9.8072343e-02
 -3.1372964e-02
 -4.5428917e-01
 -4.3088776e-01
 -1.0136106e-01
 -5.8318093e-02
 -4.6596594e-02
 -1.9835025e-01
  2.6813629e-01
 -2.9228467e-01
  7.3690987e-01
  2.9520532e-01
  9.4216131e-03
  2.3061322e-01
 -3.5699651e-02
 -1.6075036e-01
  6.9525011e-02
 -3.5463181e-01
 -3.2188943e-01
 -2.9319742e-01
  2.4758258e-01
  1.7633426e-01
 -4.0693954e-03
 -1.1667378e-02
  2.2489373e-01
  2.4698915e-01
 -3.6259532e-01
  2.9485261e-01
  1.5977816e-01
 -9.3894862e-02
 -2.0780413e-01
  1.8486977e-01
  2.9304534e-01
 -3.0868170e-01
 -1.8499830e-01
  7.8395814e-02
  2.7896479e-01
 -4.3942562e-01
 -1.6460788e-02
 -1.5723473e-01
  1.6019482e-02
 -1.6065404e-01
 -5.9023749e-02
  9.5964290e-02
 -1.2601353e-02
 -5.5397145e-02
 -2.6497623e-01
  5.1017410e-01
 -1.5699357e-01
 -2.4679471e-02
  2.1374789e-01
 -5.8911961e-02
 -3.7200332e-02
  8.2593270e-02
 -1.1527591e-01
  2.2626646e-01
  1.4908779e-02
 -6.6418134e-02
 -2.7784440e-01
  9.4544999e-02
  1.1341091e-01
 -1.0803164e+00
 -2.6235798e-01
  5.9463620e-01
  2.0442684e-01
 -2.8502244e-01
  2.4384330e-01
  3.5948569e-01
 -2.2182432e-01
  4.0762672e-01
 -2.5742719e-01
 -2.2644818e-01
  1.8116170e-01
 -5.0211686e-01
 -1.4685170e-01
  6.1404184e-03
  3.3193305e-01
 -4.6048370e-01
  7.5731486e-02
  4.0691206e-01
  5.2298099e-02
 -3.5075739e-01
 -1.1600032e-03
 -1.1391768e-01
 -7.0303583e-01
  2.0383900e-01
 -1.7670538e-01
 -2.7059142e-02
  1.8146507e-02
 -2.7661708e-01
  1.2022443e-03
 -1.6656707e-01
 -8.4083624e-02
  8.0994926e-03
 -1.0908745e-02
 -1.6916554e-01
  6.9951728e-02
  2.3941113e-01
 -1.2919146e-01
 -3.6499292e-01
 -2.7622849e-01
 -2.0517132e-01
 -3.6346763e-01
 -1.2981097e+00
  3.9103708e-01
 -4.4819894e-01
  1.0698998e+00
 -1.2863739e-01
  1.3713382e-01
 -3.0773538e-01
  1.6682820e-01
  3.0291024e-01
 -1.2643234e-01
  2.2973432e-01
  1.3718972e-01
  2.2750285e-02
 -8.2275961e-03
 -5.0104864e-02
  1.8076392e-01
 -1.1591348e-01
 -1.0938620e-02
 -5.3181481e-01
 -5.2535307e-01
  2.2045828e-02
 -4.7981098e-02
  2.1838950e-01
  6.8070039e-02
 -4.9880567e-01
  2.6081333e-01
 -1.5379322e-01
 -9.6270829e-02
 -1.1179455e-01
 -5.4822534e-02
 -2.4339835e-01
  4.5881093e-01
  5.6715393e-03
 -2.0003857e-02
  1.3126315e-01
 -1.1353086e-01
  1.5846595e-01
 -2.7621019e-01
  4.4489166e-01
  6.2856346e-01
 -1.8054128e+00
  3.2200572e-01
  1.1183747e-01
 -1.1678019e+00
  2.2552633e-01
  7.6586604e-01
 -8.5038638e-01
 -9.0142101e-01
  1.5945396e+00
  2.5956091e-01
 -4.7449136e-01
 -2.8047174e-01
  5.4463333e-01
  2.9966637e-01
 -2.4008289e-01
  2.2316104e-02
  3.2820296e-01
  9.0275729e-01
 -6.3281912e-01
  9.7933513e-01
 -1.4799809e+00
  8.4586591e-01
  3.4155810e-01
 -5.3597736e-01
 -4.5934829e-01
 -9.9622056e-02
 -7.4895591e-01
  1.8502519e+00
  1.1739601e+00
  1.1230948e-02
  2.8923336e-01
  5.0451601e-01
 -5.3887898e-01
 -3.1466118e-01
  1.0327344e+00
  1.3914239e+00
  2.2938610e-03
  4.7101732e-02
 -3.0400261e-01
 -6.5733247e-02
  3.3356540e-02
 -1.9304664e-01
  3.7736312e-01
  6.0825533e-01
 -3.5289106e+00
  2.4040964e-02
 -1.4254896e-01
 -1.6991234e-01
 -1.9916014e-01
  6.0618216e-01
  2.5969050e+00
  3.0344683e-01
 -1.5281528e-01
  3.2175541e-01
 -2.5620875e-01
 -8.8138349e-02
  4.8219103e-01
  9.1396153e-01
 -4.7686902e-01
 -2.7185051e+00
 -1.3072969e-02
  1.7544839e-01
  1.0502403e+00
 -2.6700258e-01
  8.2185733e-01
 -3.3231336e-01
 -6.7942983e-01
  4.7550595e-01
  8.0194837e-01
  2.5815019e-01
 -3.0073711e-01
 -1.3967103e-01
 -1.1184186e-01
  2.2942208e-02
 -4.6753641e-02
 -1.2818904e-01
 -1.9595039e-01
 -6.0089502e-02
 -9.7070616e-01
  5.7785129e-03
 -8.8833749e-01
  6.0196176e-02
  2.8166875e-01
  6.8798907e-02
  1.7924174e+00
  2.4471471e-01
 -5.8177006e-01
 -2.7893087e-01
  4.7919932e-01
 -3.7361532e-01
  3.8853469e-01
  3.6129126e-01
  5.5449617e-01
 -6.2501973e-01
  9.0800607e-01
 -2.1991314e-02
 -6.6549070e-02
 -2.8605005e-01
 -3.4513414e-02
  2.7352635e-02
  2.9297471e-01
  5.5350050e-02
 -2.1977942e-02
  4.4184768e-01
 -1.4139283e-01
  5.8639050e-02
 -9.3509413e-02
 -1.0861133e-01
  9.4827078e-02
  1.6155460e-01
 -9.9171204e-03
 -8.2738072e-02
  6.3542604e-01
  8.0190909e-01
  2.0866394e-01
 -9.8261833e-02
  1.3506614e-01
  1.0677534e-01
  6.1961192e-01
  4.0585574e-02
  2.4521135e-01
 -3.4175515e-02
  7.8303528e-01
  1.2218312e-01
  2.5928047e-02
  4.5145065e-02
 -4.9970335e-01
 -6.2128609e-01
 -3.9133072e-04
 -4.5329073e-01
  1.1366593e+00
 -2.4427199e-01
 -9.3246596e-03
 -2.2837272e-02
  1.8647213e-01
  4.0231053e-02
 -2.9839510e-02
 -4.5457730e-01
  3.4880668e-02
 -4.4462729e-02
  4.1637603e-02
 -1.0350637e-01
  2.1508621e-01
  5.6184731e-02
  4.2441612e-01
 -2.5549263e-01
  1.1049726e-02
 -5.2324075e-01
 -5.6437922e-01
  4.4021076e-01
  2.6575777e-01
 -2.3478845e-02
 -5.4246094e-02
 -2.7909476e-02
 -1.7601795e-02
  4.8894387e-02
  2.1045960e-02
 -2.8265956e-01
  4.4981647e-02
  1.4062983e-01
 -5.1125407e-01
 -3.4241489e-01
  3.0153200e-01
 -6.3115686e-01
  1.5195589e-01
 -4.5149413e-01
  2.6705202e-01
  1.5335472e-01
 -1.8491265e-01
 -3.4158602e-02
  4.3883517e-01
 -5.7292312e-01
  4.2716208e-01
 -2.7956083e-01
 -3.0002928e-01
 -6.6272408e-02
 -7.8098881e-01
  3.6270541e-01
 -2.0868969e-01
  1.6770034e-01
  1.5882514e-01
 -2.4440517e-01
  5.1849231e-02
 -4.5983940e-01
  2.7262053e-01
 -3.9673945e-01
  1.1104306e-01
  3.7856504e-01
  1.1995739e-01
  1.0287623e+00
  2.3312379e-01
  1.1880443e-01
  2.9309225e-01
 -3.7215266e-03
  6.7334861e-02
  3.3007920e-01
 -3.5749996e-01
  3.4569716e-01
 -9.6282363e-04
  4.3752536e-01
  2.4612293e-01
  1.5915129e-01
  1.4056173e-01
  1.0460947e-01
  3.5076129e-01
 -2.4593577e-01
 -2.4322876e-01
  4.1591790e-01
  1.8955353e-01
 -3.7649754e-01
 -1.3090481e-01
 -2.3592269e-01
  9.5369086e-02
  7.3918223e-02
 -6.3270909e-01
  1.4473554e-01
 -3.0441154e-02
  7.6555610e-02
 -3.6348850e-01
 -4.4927597e-02
 -7.0050493e-02
  4.2023119e-01
 -5.3186391e-02
 -1.2240051e-01
  3.8021022e-01
  5.3347516e-01
  2.0240265e-01
  1.0900377e-01
  1.5740067e-02
 -3.1990439e-02
 -4.9928114e-01
 -6.1728066e-01
  1.4574492e-01
 -1.6093302e-01
  1.9172980e-01
 -5.6461209e-01
  1.5128084e-01
  4.1425247e-03
  1.3230494e-01
 -2.1333911e-01
  4.4154739e-01
  4.4872403e-01
  1.3205312e-02
 -9.6193850e-03
  8.7046482e-02
  6.4059049e-03
 -4.2107099e-01
 -2.6893899e-01
  2.7321079e-01
  1.0125145e-01
 -3.7832469e-02
 -1.7912242e-01
 -5.1213305e-02
  1.3907570e-01
 -3.1875867e-02
  2.9263544e-01
  2.3678988e-01
 -9.2746571e-02
 -1.3683540e-01
 -1.8412986e-01
 -2.8453651e-01
  4.4541213e-01
 -1.0943934e-01
 -3.0922624e-03
 -1.8230981e-01
  2.0186460e-01
 -1.7188415e-01
 -1.2378684e-01
  6.8219312e-02
  1.5614451e-01
  2.2568181e-01
  4.0158309e-02
  2.0177522e-01
  1.0318922e-01
 -2.9498336e-01
 -4.8440298e-01
  2.9627033e-02
  1.7254837e-01
  1.9245000e-01
 -1.4652432e+00
 -5.7597995e-01
 -9.5170826e-02
  4.2859629e-01
 -2.5733677e-01
 -1.9244984e-01
  2.5335354e-01
 -1.6711345e-01
 -1.3640320e-01
 -7.1077943e-02
 -1.0140257e+00
 -1.6865648e-01
 -1.1321116e-02
  3.8047123e-01
 -1.9253893e-01
 -3.5008940e-01
  3.0960622e-01
 -3.4112874e-01
  5.5117279e-02
 -2.9560614e-01
  3.2851461e-01
 -2.3218466e-02
  4.8562819e-01
  1.0119925e-01
 -1.7225230e-01
 -4.3575410e-02
  2.6610948e-02
 -1.5751049e-01
 -1.1136310e-01
 -8.4867418e-02
  1.1163983e-01
  3.4377623e-01
  4.9891219e-02
 -1.8815149e-01
  2.2062583e-01
 -6.3027628e-02
 -2.3555024e-01
  9.0259448e-02
  1.7984697e-01
  4.5722795e-01
 -2.2430126e-01
  2.7618846e-01
  3.5867381e-01
  8.3991781e-02
 -2.9507470e-01
  8.6716807e-01
 -1.5367568e-01
 -7.6843596e-01
 -3.9918256e-01
  1.7759090e-02
 -1.9863053e-01
 -8.5606158e-02
 -9.4215477e-01
 -5.4581720e-02
 -1.3530049e+00
 -2.3991564e-01
  7.3586005e-01
 -6.0639423e-01
 -3.3332986e-01
 -2.3277397e-01
 -6.2341750e-01
 -1.1851934e-01
 -5.5325115e-01
  2.0570546e-02
 -4.1744262e-03
  1.9433969e-01
 -7.5457799e-01
 -7.9327136e-02
  5.7249935e-03
  8.8028097e-01
 -1.3644959e-02
  8.4789984e-02
  1.4067505e-01
 -2.0014642e-01
 -9.9544924e-01
  1.6910464e-01
 -1.6349004e-01
  8.4844522e-02
 -1.8651885e-01
 -1.4635554e-01
 -7.7830219e-01
 -9.7514786e-02
 -3.7404131e-02
  3.5625240e-01
 -2.3318128e-01
 -1.4034792e+00
  7.6898575e-01
  4.2037511e-01
 -9.9347793e-03
  4.6589352e-02
  1.0942380e+00
 -1.0547803e-01
  3.8503328e-01
 -1.9502899e-01
  2.2510019e-01
  1.0085340e-01
 -1.3436697e+00
  3.4090501e-01
  1.0397713e-01
  1.6631243e-01
 -1.4447485e-01
 -3.1774369e-01
  2.5663268e-02
  1.2606666e+00
 -1.5665519e-01
  6.0250759e-02
 -7.1590848e-02
 -2.0416178e-02
  8.4045179e-02
  1.1775168e-01
 -9.4047710e-02
 -2.8980261e-01
  3.7767220e-01
  4.0011653e-01
 -3.9799374e-01
 -1.7281231e-01
 -5.9636938e-03
  3.1454897e-01
  1.1407083e+00
 -5.6035388e-01
  8.2031071e-02
 -1.5522927e-01
  4.7579709e-01
 -7.1082443e-02
  4.2282161e-01
 -2.2609141e-01
 -5.7827197e-02
 -2.2634178e-01
  1.6866046e-01
  2.1953973e-01
  1.6324359e-01
 -7.4281096e-02
  1.0489414e-02
 -5.8644652e-01
  8.8644147e-01
 -5.0327516e-01
 -3.7704000e-01
  2.1029292e-01
 -4.4378534e-02
 -3.5804540e-01
 -1.2410980e-01
 -1.3181037e-01
  3.0000231e-01
 -1.5503900e-01
 -5.1982933e-01
  3.8997018e-01
 -3.4459955e-01
  3.9152992e-01
  5.1875681e-01
  1.8244214e-02
  2.8421849e-01
  3.8847715e-01
  1.0061352e-02
 -2.4009775e-03
 -6.7315423e-01
 -7.7331252e-02
 -2.7157087e-02
 -6.2554970e-02
 -3.6285933e-02
 -2.4625927e-01
  2.5145820e-01
 -7.5829208e-02
 -1.8879664e-01
 -1.8383807e-02
 -1.6743712e-01
  3.9129066e-01
  4.3911133e-02
  4.3045992e-01
  1.0848889e-01
  2.7529154e-02
  9.9434167e-02
  3.9205933e-03
 -2.8037506e-01
 -4.3134481e-01
 -3.9514545e-01
  6.9697148e-01
  4.0447615e-02
 -4.7158271e-02
  1.9248791e-01
 -5.4406303e-01
  6.0823254e-02
 -2.8352004e-01
  6.7024070e-01
 -2.5643483e-01
  1.2016977e-02
 -5.8588713e-02
  6.3268349e-02
 -3.5000423e-01
 -5.7015455e-01
 -1.3754610e-02
 -4.8368141e-01
 -2.0500438e-01
  3.7077469e-01
 -6.1277205e-01
 -4.1065651e-01
 -5.4537153e-01
 -6.9791877e-01
 -1.6729834e-02
 -8.5426368e-02
 -2.7347723e-01
 -2.5673885e-02
  3.2222706e-01
 -4.6411203e-03
 -3.8878435e-01
  4.5826280e-01
  7.4260272e-02
  1.2816089e-01
  3.3303672e-01
  2.1904597e-01
  9.4240665e-02
 -4.2022832e-02
 -1.0923699e-01
 -1.7569599e-01
 -5.4670531e-02
  1.0017746e-01
  9.9512659e-02
  4.0242180e-01
  2.7230296e-01
 -1.9067378e-01
  3.2530969e-01
 -1.4304523e-01
 -3.0418378e-01
 -2.1524003e+00
 -1.4131790e+00
 -4.5807738e-02
  6.2200713e-01
 -2.2337902e+00
  5.5953950e-01
  5.2621633e-01
 -2.1661550e-01
  1.3354352e-01
  2.5450596e-01
 -6.0406059e-01
 -8.3606255e-01
  1.1653688e+00
  3.0683064e-01
 -5.1200253e-01
  1.0885983e+00
  1.6600984e-01
  1.1792419e+00
 -1.7729931e+00
 -3.6496311e-01
  2.7049806e-02
 -1.4381975e+00
 -8.3748257e-01
  1.4276639e+00
  1.5221093e+00
 -1.5200248e+00
 -5.3043222e-01
 -7.9966778e-01
  4.5632443e-01
  4.1563267e-01
  2.9841515e-01
 -9.0082198e-01
  8.8985421e-02
  3.1744335e-02
  8.0356762e-02
 -1.4065836e-01
  5.3492659e-01
 -2.1087034e-01
  2.3705763e-01
 -3.0626431e-01
 -2.7964145e-01
  5.0068405e-02
 -5.3666222e-01
  4.2511559e-01
  6.2547749e-01
  5.0470287e-01
  9.2761248e-02
  4.5523889e-02
  3.6748312e-02
  2.5965115e-01
 -1.4630362e-01
  7.8239217e-02
 -2.0172718e-01
  5.3363359e-01
 -5.0164927e-02
 -4.5576954e-01
 -9.0190805e-03
  1.0869548e-01
  3.0829478e-02
 -6.0046654e-02
  1.9940107e-01
 -2.2070515e-01
 -5.4890221e-01
  2.4318006e-02
 -1.6593429e-01
  1.4431576e-01
 -2.9189768e-01
  2.2333200e-01
 -4.3223035e-01
  8.4424302e-02
 -3.8684955e-01
 -1.5955064e-01
  2.9010614e-02
  2.0904741e-01
 -1.6606255e-01
 -1.4872657e-01
 -1.0412723e-02
  1.6046029e-01
 -8.9282349e-02
 -4.6560711e-01
  1.9870314e-01
  3.5634559e-01
  6.2909186e-02
  2.0323813e-02
  3.3869386e-02
  3.8375340e-02
 -5.7941504e-02
 -4.1801059e-01
  3.0739057e-01
  2.9104331e-01
  3.8299896e-03
  4.1188109e-01
 -8.1627429e-02
 -2.6783663e-01
 -2.9480629e-02
  1.8912257e-01
  1.4014471e-01
  7.4049205e-02
 -4.9265054e-01
  1.3350114e-01
  2.3078188e-01
 -3.4052733e-01
  1.1078578e-01
 -7.2187513e-01
  7.1170214e-03
 -1.0164341e-01
  8.2462050e-02
  6.3993081e-02
  2.3401499e+00
 -2.6814183e-02
 -1.8188147e-01
 -1.7756000e-01
  3.3292688e-02
  1.7920510e-01
  5.2546106e-02
  4.2111389e-02
 -3.5398099e-01
  2.4262393e-02
  2.1912310e-01
 -1.3649769e-02
  2.4137858e-01
  2.0217571e-01
 -1.9526169e-02
  7.9138830e-02
  4.0692285e-01
 -2.7515043e-02
 -1.4312747e-01
  5.2345800e-01
  1.0070968e+00
  3.5288326e-02
 -7.8893378e-02
 -5.1977098e-02
  5.5531353e-01
 -9.6474597e-03
  2.1957871e-01
  6.9976598e-01
  2.8342915e-01
  1.0782830e-01
 -4.3130191e-03
 -1.1725689e-01
 -8.9565016e-02
  5.4946393e-01
 -3.3151361e-01
  9.3289956e-02
  4.3809938e-01
 -7.6103908e-01
 -5.6046568e-02
  5.4857247e-02
 -2.9586363e-01
 -4.9209425e-01
 -1.1712934e-01
  2.9988009e-01
 -5.8914930e-01
 -5.0130439e-01
  2.4468811e-01
 -8.5788980e-02
  1.7207791e-01
  1.2431323e-01
  4.0624169e-01
  3.8356461e-02
  4.4809856e-02
 -6.1004555e-01
 -5.9498721e-01
  2.2412138e-01
 -4.8304219e-03
 -3.7247771e-01
 -4.1590455e-01
  3.7607875e-01
  3.2788415e-02
 -8.1894062e-02
  1.5110612e-01
 -1.8773150e-01
 -9.6322127e-02
  1.2236970e-01
  6.4065152e-01
  1.7236112e-01
 -5.0246686e-01
 -1.4867288e-01
  6.2251844e-02
  6.6849202e-02
 -2.0769140e-01
  6.9001204e-01
 -3.3671233e-01
 -2.2504985e-01
 -3.4151345e-01
  6.5964586e-01
  1.2258583e-01
 -8.0653824e-02
  4.4265527e-01
  1.2470444e-01
 -5.0639480e-01
  1.4815876e-01
 -3.1027263e-01
  2.2691187e-02
 -4.4075367e-01
 -2.0285313e-01
  6.1576831e-01
 -8.2477078e-02
  2.4282756e-01
  4.1385737e-01
  5.0537363e-03
  4.1410628e-01
  6.2861100e-02
  8.8417999e-02
  3.2169974e-01
  1.1409076e+00
  1.0915004e-01
  1.5468854e-01
  3.2478446e-01
 -1.3360485e-01
 -1.6119783e-01
 -2.4761185e-02
 -3.6313030e-01
  4.1386175e-01
  4.9544908e-02
 -2.7925739e-01
  4.6074027e-01
 -7.0733927e-02
  2.7730861e-01
  2.5558966e-01
 -2.7167916e-01
  5.7920581e-01
 -1.6025500e-01
  3.0380851e-01
 -3.0299911e-01
  1.1595618e-02
  7.2544143e-03
  1.8350726e-01
 -1.8663988e-01
  2.3167214e-01
 -3.1795913e-01
 -2.3962957e-01
  2.7960026e-01
  2.6457213e-02
  3.9444703e-01
  1.0295375e-01
 -2.1041353e-01
  5.2885957e-02
 -1.7220251e-01
 -4.2012259e-01
  3.6102653e-01
  5.5275634e-03
 -8.9575797e-02
  2.0359989e-01
 -1.8347017e-02
 -1.1082685e-01
  1.3346994e-01
  3.3825013e-01
 -6.4036530e-01
  6.5384723e-02
 -1.5088342e-01
 -1.3746904e-02
 -4.6319374e-01
  4.6354887e-01
 -2.8008386e-02
  6.4722198e-01
 -3.1899005e-02
 -1.4087988e-01
 -5.3381270e-01
  3.5964334e-01
 -3.9121279e-01
  1.4990922e-02
  3.9349738e-01
  1.9965447e-01
 -1.0130437e-01
  5.2312165e-03
  3.6726072e-01
 -5.0895870e-01
 -9.2414014e-02
 -3.0951272e-03
 -6.1248414e-02
 -9.7714588e-02
 -1.4224184e-01
 -1.5168978e-01
 -3.5495782e-01
 -2.1411467e-02
 -1.0779038e-01
 -7.9951594e-03
 -3.0869290e-01
  2.1227075e-01
 -2.0947531e-02
 -6.5048590e-02
  5.0761763e-02
 -1.6968256e-01
 -3.3246192e-01
 -1.1507612e-01
 -1.5105030e-01
 -6.7822403e-01
  4.0241912e-01
 -1.9983175e-01
  4.8750825e-04
 -6.5520912e-02
  1.9959521e-01
  9.7065434e-02
  1.3239190e-01
 -4.1868353e-01
  6.2307037e-02
 -3.6037054e-02
  6.3193224e-02
 -6.2916003e-02
  3.3974737e-01
  8.6016014e-02
 -1.0444320e+00
 -1.3888546e+00
 -2.3283318e-01
 -1.0142512e+00
 -6.5595865e-01
  2.6426929e-01
 -2.5650668e-01
  1.2107788e+00
  1.5937387e+00
  6.7971736e-01
  8.1159282e-01
 -5.5152643e-01
 -1.0834665e-02
  1.0339403e+00
 -1.8302067e-01
 -9.1134959e-01
 -1.5648860e+00
  1.1543804e+00
  3.6989522e-01
  1.0150831e-01
  3.3219236e-01
  2.4077784e-01
  1.4448768e-01
 -2.6230559e-01
  4.4148648e-01
  2.1163989e-02
 -1.2015257e+00
 -2.8608914e-02
 -6.2700135e-01
 -7.0082086e-01
 -3.7131271e-01
  1.2989831e+00
  5.9314765e-02
 -1.4019176e-01
  6.0963601e-01
 -1.3608644e+00
 -3.5076952e-01
 -5.2079044e-02
 -6.3981783e-01
  6.9953479e-02
 -2.9915962e-01
  2.8840569e-01
  5.3449529e-01
  4.9292028e-01
 -9.5242220e-01
  1.4311025e+00
 -7.4211001e-01
  8.7791286e-02
  7.8468490e-01
 -2.0968844e-01
  7.2404557e-01
 -1.6453023e-01
  9.5596218e-01
  3.3171582e-01
 -2.7828220e-01
 -2.8023073e-01
  2.0264492e+00
 -8.2745737e-01
 -5.4410156e-02
 -5.5196184e-01
 -1.9100789e-02
  1.4616872e-01
  2.6588815e-01
 -4.8984388e-01
 -2.6683576e-02
  3.1795618e-01
 -1.0201508e-01
  7.3313737e-01
 -4.2143449e-02
  1.3082603e-01
  2.4131247e-01
  4.1084982e-02
  5.1202404e-01
  5.8801407e-01
 -1.8392116e-02
 -2.0689544e-01
 -6.7598659e-01
  2.0179810e-01
  2.9430667e-02
 -2.3490447e-01
 -2.4313772e-01
 -1.4086832e-01
 -3.9956826e-01
  1.8789534e-01
  2.0717646e-01
 -3.5360274e-01
  3.5062036e-01
  1.9674785e-01
  1.3101165e-01
  2.1329528e-01
  1.2619460e+00
  4.5589143e-01
 -1.2001973e-01
  4.9290407e-02
  6.9957876e-01
  1.6516346e-01
  1.8334928e-01
 -5.0795364e-01
 -3.7653255e-01
  5.6847578e-01
 -8.3179730e-01
  1.5799248e-01
 -5.2091517e-02
  6.2625334e-02
 -6.6398129e-02
  5.7466839e-02
 -1.6479437e-01
 -9.3534492e-02
  4.5389998e-01
 -5.9430577e-02
  1.3649806e-02
 -4.5798130e-02
 -1.2848505e-01
 -3.7643397e-01
  3.1473672e-01
 -1.6384421e-01
 -4.0898323e-01
 -7.2617686e-01
 -1.5622256e-02
 -5.6929398e-02
  8.4905639e-02
 -2.2615179e-01
  4.4805035e-02
  2.3174632e-01
  4.9633908e-01
  1.0994905e+00
 -4.1171300e-01
  5.7636839e-01
  1.5714105e-02
  2.5625503e-01
  6.6894218e-02
 -3.2355601e-01
  8.8511449e-01
 -1.6083309e-01
 -1.2163938e+00
  7.0223629e-01
  1.2456630e+00
  9.9511153e-01
 -3.1772711e+00
  6.0078166e-02
  4.0269300e-01
  4.7401533e-02
  6.8707597e-03
 -5.4432601e-01
 -2.8394470e-01
  2.0912711e-01
 -7.1351021e-03
 -4.9968755e-01
 -1.0515671e-01
 -1.2416218e-01
 -1.3419233e-01
  1.4464097e-01
  1.2690133e-01
  3.2530982e-02
 -7.8581341e-02
  4.4142509e-01
  5.1026534e-02
  4.2230729e-04
 -3.2744110e-01
  2.5573149e-01
 -3.2633629e-01
 -6.8917120e-01
  1.3057412e-01
  1.0618220e-01
  3.8402267e-02
 -1.4105371e-01
 -1.1466094e-01
  1.0874929e-01
 -1.4954638e-01
 -2.9914005e-02
  3.1899631e-02
  9.7852811e-02
 -2.1068546e-01
 -1.4389579e-01
  1.1938781e-01
  3.8224155e-01
  2.0661609e-01
  2.6897725e-01
 -1.0908016e+00
  2.7214703e-01
  3.4725806e-01
 -2.1764286e-01
 -1.3151847e-01
 -9.1256432e-02
 -4.8460922e-01
 -1.8406281e-01
 -4.8019460e-01
 -5.7094461e-01
  1.0632075e+00
  2.6307765e-02
  2.5752315e-01
  4.4186747e-01
 -1.3701603e-01
 -1.9647180e-01
  2.0441383e-01
 -1.1395556e+00
 -1.1951289e-01
  7.7997345e-01
 -2.4621108e-01
 -3.2728761e-01
 -1.3503310e-01
 -3.1643954e-01
  5.0444499e-02
 -3.2575631e-01
 -3.5257843e-01
  4.2008117e-02
  2.1901985e-01
  5.4243848e-02
  2.5427628e-01
  4.4432777e-01
  1.5093729e-01
  1.0305643e-01
  1.8816252e-01
 -3.6241239e-01
 -4.9101186e-01
  6.0233015e-01
  9.4724745e-02
 -1.2784514e-01
 -4.3241277e-02
 -4.6923161e-03
 -2.3897413e-02
 -1.4486654e-01
  7.7049267e-01
 -6.8285596e-01
  3.6716539e-01
 -1.6569954e-01
 -3.3332413e-01
 -4.8773235e-01
 -2.2221968e-01
  9.9724317e-01
  1.7521925e-01
 -5.1337230e-01
  5.6489401e-02
  3.1079417e-02
  4.4776067e-01
 -7.8754187e-02
  5.1768251e-02
  1.2171058e-01
 -1.2494898e+00
  1.3084200e-01
 -3.6737025e-03
 -4.7334591e-01
  3.7654093e-01
  2.1007605e-01
 -5.4976451e-01
  4.6695799e-01
 -4.0619038e-02
  3.6134392e-01
 -8.8255227e-02
 -4.0789357e-01
 -1.8199575e-01
  2.5350398e-01
  3.2641917e-01
 -4.2169366e-02
  1.0965988e-01
 -5.9992039e-01
 -1.7702861e-02
  1.9263731e-01
 -1.2136863e-01
 -1.1951792e-01
 -1.8928751e-02
  3.4619936e-01
 -4.7134885e-01
  2.9794518e-02
  8.2799628e-02
  1.9853087e-01
  1.3106000e-01
 -5.1509333e-01
  5.7149506e-01
 -1.1904327e+00
  6.7294472e-01
  2.1232669e-01
 -9.0696439e-02
  6.5947497e-01
  2.0084006e-01
 -6.9401842e-01
  2.1997128e-01
  1.1329910e-01
  3.9935540e-02
 -3.8684368e-01
 -2.5661322e-01
  6.1975710e-02
 -5.6893960e-02
  4.3098351e-01
  8.3649355e-01
 -3.4423038e-01
 -2.9324776e-01
  1.3474414e-01
  2.3890853e-02
  2.5289384e-01
 -3.3644220e-01
  3.8462833e-01
  2.7216148e-01
 -9.0840703e-01
  1.2346433e+00
  6.2442407e-02
 -3.7332955e-01
  8.5240513e-01
  1.8147916e-01
 -6.4219075e-01
 -6.3539159e-01
  1.2399139e-01
 -5.2923840e-01
  2.9476714e-01
 -2.2513624e-02
 -7.3456931e-01
  2.7049905e-01
 -2.9388189e-01
  1.4481086e-02
 -4.1022336e-01
 -3.0622832e-02
  3.3875856e-01
 -1.8920502e-01
 -1.6467056e-01
  2.3484129e-01
  4.0578522e-02
 -4.5488581e-01
  3.0738521e-01
 -3.5130415e-02
 -2.2327243e-01
  2.5582254e-01
  1.1814161e-01
 -3.6892101e-01
 -4.8121220e-01
  9.6250272e-01
 -4.6895795e-02
  3.7844330e-01
  9.0536632e-02
  1.5163413e-01
  4.4995147e-01
  3.5959554e-01
 -4.1621484e-02
  3.8167842e-02
 -1.8040746e-01
  3.4381846e-01
  2.5962892e-01
  1.3522848e-01
 -3.3351999e-02
 -5.0310072e-02
  8.3720591e-03
 -2.4924096e-01
 -2.5355347e-02
 -1.5381850e+00
  5.5561755e-03
  1.7351007e-01
  1.2620677e-01
 -4.0423360e-01
  5.1047546e-01
 -5.3793627e-01
  5.3783983e-02
  1.3285799e-01
 -2.3066029e-01
  2.7862266e-02
 -2.5062761e-01
  2.5722131e-01
 -1.9974171e-01
  1.2555268e-01
  1.3200349e-01
  3.4017551e-01
  5.0630428e-02
  3.1008178e-01
 -1.9452330e-01
 -1.2722901e-01
  3.5329815e-02
  6.0687371e-02
  3.9221844e-01
  3.2510817e-01
  6.7239016e-02
  2.0025711e-01
 -4.1002157e-01
  1.3745286e-01
 -1.6921520e-02
 -4.6695206e-01
 -1.7898673e-01
  1.1613823e-02
  2.5046891e-01
  3.8283661e-02
  1.8887873e-01
 -3.2575259e-01
 -9.5680058e-02
  5.5915359e-02
 -1.1842654e+00
 -3.1062791e-01
 -3.7129793e-01
  1.4445986e-01
 -3.0706459e-01
  4.8515546e-01
  1.5485136e-02
  1.1819869e-01
  1.1242632e-01
 -9.2260599e-02
 -7.3335007e-02
 -3.3752224e-04
 -9.8746292e-02
 -6.6136456e-01
 -3.3188432e-01
 -4.9655595e-01
 -3.6928393e-02
 -8.6358702e-01
 -3.1662238e-01
  2.9138085e-01
  6.2156744e-02
 -1.2939191e-01
 -3.0005118e-01
 -2.9316109e-01
  1.3808453e-01
 -1.1924717e-01
 -1.8960800e-02
 -9.6278161e-02
 -6.6606003e-01
  4.4254862e-02
 -9.3793295e-02
 -2.2584650e-01
  2.2134654e-01
 -3.6264494e-01
  5.3558245e-02
 -1.9151366e-01
  1.1805274e-01
 -3.1640401e-01
  1.5702266e-01
  1.0974988e-01
 -1.3884492e-01
 -1.3297065e-01
 -6.2462125e-02
 -1.9543588e-01
 -6.9554159e-03
 -1.0944231e-01
 -5.3055488e-02
 -3.1486392e-01
  2.3157941e-01
  1.7662552e-01
  1.4091432e-01
  4.3453225e-01
  2.5410911e-01
  3.8049293e-01
  2.3306473e-01
  3.3246983e-02
 -1.8361232e-01
  2.1371885e-01
 -1.8165236e-02
 -1.8457726e-01
  4.2515785e-01
 -8.1233341e-01
  2.7799487e-02
 -2.3530308e-02
  1.3326672e-01
 -2.2738436e-02
  1.3514176e-01
 -2.6645982e-01
  4.0449604e-01
 -6.9911540e-01
  9.7812153e-02
  4.2987324e-02
 -6.0010243e-02
 -5.5526185e-01
 -3.0590098e-02
  1.1411630e-01
 -6.1149848e-01
  5.7829861e-02
  6.8663046e-02
 -8.4228331e-01
  3.2924813e-01
  4.2778865e-01
  8.1487857e-02
  1.3226332e-01
  2.9171471e-02
  8.8914722e-02
 -4.2372230e-01
  4.0697306e-01
  3.8060623e-01
  5.4363392e-02
 -8.0009952e-02
 -1.1000782e-04
 -6.3178480e-01
  1.6419426e+00
  5.2269703e-01
  9.6394584e-02
 -8.8077635e-02
  1.0267346e-01
 -4.5484078e-01
 -9.2237480e-02
 -2.4643849e-01
  7.2496426e-01
 -3.5771987e-01
 -9.1989410e-01
 -4.7832826e-01
 -4.2679229e-01
  7.9259127e-02
  3.2504016e-01
  5.5934733e-01
  1.0083165e-01
 -2.0772900e-01
  4.5350948e-01
 -3.4504864e-01
  8.3461195e-02
  2.1142834e-01
 -6.2325191e-01
  1.9736134e-01
  4.4242833e-02
 -1.1617944e+00
  1.1339798e+00
  3.5656504e-02
  8.7353066e-02
  1.6463087e-01
  2.9114014e-01
  1.9698209e-01
  2.2948995e-01
 -2.4728397e-02
  1.3154842e-01
  6.3752842e-01
 -1.1516091e-01
  1.8864900e-01
 -7.9552168e-03
 -3.5310417e-01
  2.7596122e-01
 -3.0576929e-01
 -1.3531566e-01
  5.2734399e-01
 -3.8904062e-01
  2.6678242e-02
 -6.0958076e-01
 -8.5970625e-02
 -3.3154537e-03
 -2.7688482e-01
  2.8362682e-01
 -4.3968789e-02
  3.9689711e-01
 -1.2755955e-02
  1.2362133e-01
 -1.8417333e-01
  7.3305234e-02
  4.3054619e-03
 -2.4521555e-01
 -2.0718761e-01
 -1.5050498e-01
 -4.2704055e-01
 -2.4509352e-02
 -1.6173486e-01
 -3.4331492e-01
  3.1438893e-01
  1.7801110e-01
 -2.6338944e-01
 -1.4084449e-01
  5.5892837e-01
 -7.7886410e-02
 -4.7972438e-01
 -5.9800441e-03
 -1.1808109e+00
 -2.5224853e-01
  2.4058490e-01
 -4.5889199e-02
  5.2496761e-01
 -3.6720830e-01
 -2.6014066e-01
  5.4343551e-02
 -3.7192133e-01
 -1.6122597e-01
  4.8459658e-01
 -2.5195843e-01
  8.3789669e-02
 -4.2495692e-01
 -2.0597658e-01
  3.7151486e-02
  2.4978763e-01
  2.5764838e-01
  5.7063553e-02
  5.1821989e-01
  3.4907666e-01
  8.5469402e-02
  1.5487544e-01
 -7.2122313e-02
 -3.3872616e-01
  3.8110101e-01
 -3.7671778e-01
 -1.5127115e-02
  1.6952424e-01
  5.7271594e-01
  7.0499986e-02
 -6.4437993e-02
 -2.7988750e-01
 -4.1382322e-01
 -3.6247140e-01
  1.5161449e-01
  2.1802075e-01
 -3.8047367e-01
 -1.5654388e-01
  2.8999966e-02
 -2.1004584e-01
  6.5998007e-03
  1.1374187e-01
 -7.0492256e-01
 -1.3254145e-01
  3.8819134e-02
 -1.9543597e-01
  3.0084040e-02
  1.5422513e-01
 -5.1048285e-01
 -3.0420232e-01
  1.8092148e-02
 -6.2215973e-02
 -3.5194731e-01
 -2.5542316e-01
  4.2260849e-01
  1.3454642e-02
 -7.1825638e-02
 -1.0641425e-01
 -1.3952139e-01
 -1.3217457e-01
 -2.0753765e-01
  2.5574726e-01
 -3.1486011e-01
 -4.2521176e-01
  2.6344132e-01
 -2.1236902e-01
  1.3704568e-01
  5.2008170e-01
 -1.4693898e-01
  2.4317840e-01
 -4.7505730e-01
  3.2094288e-01
 -1.5306580e-01
  8.1738204e-01
  3.6017501e-01
 -1.5899760e-01
 -6.3674100e-02
  1.1791211e-01
  3.6136888e-02
  1.7139044e-01
 -3.8958183e-01
 -3.8000390e-02
  9.1291532e-02
  2.0557372e-01
 -2.2371654e-01
  1.4721937e+00
 -1.4286683e-01
 -1.0231128e-01
  5.5881971e-01
  4.3608189e-01
 -9.8667786e-02
  1.5777305e-01
  1.8169504e-02
  2.0962036e-01
  4.5505993e-02
 -2.4866697e-01
 -1.3431153e-01
 -3.9172393e-01
  3.5228902e-01
  2.1859001e-01
 -1.1578663e-01
  6.4646430e-02
  6.6700146e-02
 -1.0359610e+00
 -1.4393922e-02
  6.9801044e-03
  8.0267274e-01
  4.9358420e-02
  6.2403865e-02
  8.4756039e-02
  8.2123689e-02
 -9.5465079e-02
  6.7241836e-01
  1.1207302e+00
 -1.7788574e+00
  3.9244134e-02
  1.8299540e+00
  4.8848322e-01
  4.8789182e-01
  2.9438250e+00
  1.3568999e+00
 -8.3841676e-01
 -8.3505112e-01
 -1.6589991e+00
 -4.5769933e-01
 -1.0612997e+00
  4.1449615e-01
 -7.0167935e-01
 -1.7370751e+00
 -8.7070122e-02
 -1.2770610e-01
  8.4164536e-01
 -1.0046188e+00
 -2.7206838e-02
 -6.4002031e-01
  5.8814883e-02
  1.0630007e-01
 -1.0118452e+00
 -6.5112203e-01
 -1.6820745e+00
 -1.3372295e-01
 -4.4052568e-01
  6.9664413e-01
  1.0564148e+00
 -1.3466056e-01
 -5.7482835e-02
 -9.2355594e-02
  9.4929755e-02
 -1.2928104e-01
 -6.8878311e-01
 -3.1271903e-03
  5.8170259e-02
 -8.1453711e-01
 -1.3093993e-01
 -1.9006724e-02
 -5.2037585e-01
 -4.8266315e-01
 -9.6715182e-02
 -1.0563995e-01
 -4.7806948e-01
  9.5037729e-01
  7.5102699e-01
  5.8849949e-01
 -4.3177217e-01
 -3.8653019e-01
  2.4120572e-01
 -1.4520921e-01
 -2.5883207e-01
  2.8863332e-01
 -3.3949691e-01
  2.7194458e-01
 -2.6759622e-01
  2.9643360e-01
 -5.8573253e-02
  2.0667855e-02
  1.7673564e-01
 -6.4527108e-03
 -1.5252563e-01
 -2.1432021e-01
  1.5570088e-01
  4.7957021e-01
 -3.0220475e-02
  7.6296335e-01
 -8.8295981e-02
  2.5155461e-01
 -1.5819174e-01
 -1.8209654e+00
  2.6210137e-02
  2.6405346e-01
  2.2949882e-01
 -2.6831546e-01
 -5.1146755e-03
 -8.0305433e-01
  4.3656610e-02
 -2.4975331e-01
 -1.6255391e-01
  1.0649478e-01
  3.1800866e-02
 -2.7582666e-01
 -2.0901746e-01
 -1.1529909e+00
 -2.2262339e-03
  2.1787667e-01
 -5.0012255e-01
 -2.4204592e-01
 -6.5182373e-03
  4.2391697e-01
 -2.0249045e-01
 -1.0392191e-01
  3.0288306e-01
 -1.9352046e-01
  3.1971741e-01
  6.9401495e-02
  3.6699349e-01
  8.3486348e-02
  3.2458201e-02
  1.2264691e-01
 -1.0963033e-01
 -8.4667854e-02
  1.2508520e-01
 -3.2948434e-02
  7.6174445e-02
  1.6100137e-01
 -3.2842755e-02
 -2.9550806e-01
  1.6607560e-01
 -6.5884542e-01
 -4.5114417e-02
 -1.4963223e-01
  1.6827288e-01
  5.3032778e-02
  6.7728651e-01
  3.1245887e-01
 -4.2459098e-01
  4.1851111e-02
  1.4146876e-01
 -8.6192951e-02
  1.4865375e-01
 -1.7164239e-01
 -4.4155294e-01
 -8.1204504e-02
  2.4449769e-01
 -3.6929655e-01
 -1.6598609e-01
  3.3303845e-01
  6.2622553e-01
  1.0151303e+00
 -3.9654840e-03
  1.1034539e-01
  2.5132406e-03
  1.2054726e-01
 -1.7674117e-01
 -1.9946194e-01
  2.3181310e-02
  1.1283042e-01
  4.8822147e-01
 -1.9957617e-01
 -2.2906876e-01
  1.1681340e-01
  4.0556902e-01
  2.6142326e-01
 -5.9587881e-03
  3.8843518e-01
  2.6737195e-01
  7.9094082e-02
 -3.7174052e-01
  1.9642521e-02
  6.9195777e-04
 -3.3572577e-02
  3.6378586e-01
 -4.0555678e-02
 -3.1328917e-02
 -1.1980058e-01
 -1.6611521e-01
 -8.0963328e-02
  5.6096008e-03
  3.8501057e-01
  2.8307912e-01
 -1.9330190e-02
  2.3219159e-01
  2.5479272e-03
  2.4764962e-01
  2.1983398e-01
  2.7412423e-01
  3.9508006e-01
  2.3239580e-01
 -5.6801274e-02
  1.6519462e-01
 -1.5934538e-02
  1.9939610e-01
  2.7570689e-01
 -3.6910871e-01
 -3.2390550e-01
 -3.8739823e-02
  1.8714727e-01
 -2.3776021e-02
  3.6267549e-02
 -2.8083962e-01
 -1.6100600e-01
 -2.7946562e-01
  4.6718684e-01
 -4.8123736e-02
 -5.2854422e-02
 -1.3526140e-02
 -8.3218896e-01
  7.0665485e-01
 -4.7127381e-02
  3.5120168e-01
  2.8779709e-03
  3.7911150e-01
  1.1225781e-01
  3.6681274e-01
 -5.6842305e-02
 -3.8521817e-01
 -3.2637072e-01
  2.4689060e-01
  1.5802376e-01
 -1.5692434e-01
 -1.8492116e-01
 -7.2978306e-01
  1.8130636e-01
 -7.6293826e-01
 -2.8313076e-01
 -2.1162834e-02
  1.9777930e-01
 -5.7178622e-01
  4.3211982e-01
  3.5698467e-01
 -3.5266227e-01
  4.0062107e-03
  5.8536524e-01
 -5.8549738e-01
  2.8085141e-03
  3.7216440e-02
 -4.8323981e-02
 -3.8181353e-01
 -5.8647168e-01
  6.5174334e-02
  6.2440209e-02
 -3.4539774e-02
 -9.6311525e-02
  3.0333784e-01
 -3.6789832e-01
  2.5041786e-01
  4.6454117e-01
  6.9846347e-02
  1.3988706e-01
 -5.5006987e-01
 -3.8107899e-01
 -2.2997971e-01
 -2.9801074e-01
  6.2371664e-02
 -1.3634861e-01
 -2.7136362e-01
 -3.3259714e-01
  4.0954910e-02
 -7.7195570e-02
 -2.7643037e-01
 -2.4904776e-01
  2.3985660e-01
 -5.7372576e-01
 -1.4231032e-01
 -6.3774183e-02
 -1.5009028e-01
 -1.5488642e-01
 -3.5945669e-01
 -6.2370330e-02
  1.5943865e-01
  1.9128160e-01
  1.8880664e-01
 -2.5853732e-01
  3.4390464e+00
 -2.9281121e-01
 -7.5333856e-02
 -1.0673089e-01
 -1.7194750e-02
  2.4938193e-01
 -2.4275887e-01
  2.8202704e-01
  1.2452021e+00
 -4.3814418e-01
 -1.7628086e-01
  1.7778087e-01
 -4.5071581e-01
  2.5038730e-02
 -4.4339728e-03
 -2.4445495e-01
 -2.3449199e-01
  2.6213956e-01
  2.2117481e-01
 -1.1162179e-01
 -1.1781961e-02
 -3.3766454e-01
  1.5324028e-01
 -5.0966453e-02
 -2.7526930e-01
 -8.6451501e-02
  1.2374239e-01
  8.3330601e-02
  1.6677278e-01
 -5.2145347e-02
  2.5912106e-01
  7.2619449e-03
 -3.8243525e-02
 -1.1557692e-02
 -2.2116470e-01
 -3.7514843e-02
  3.1078309e-01
 -4.4713053e-01
 -1.2054718e-01
  3.0243057e-01
 -6.0094673e-02
  2.0044610e-01
 -8.9932814e-02
  4.2236122e-01
  5.3802878e-02
 -1.7376710e-01
 -2.7305567e-01
 -2.7001029e-01
  2.5396311e-01
  1.5141557e-01
 -1.0360317e-01
 -4.9690861e-02
 -3.9572075e-02
  2.1337168e-02
  1.3122059e-01
  5.6253487e-01
  4.4167694e-02
  8.2793042e-02
  1.0896919e-01
  5.1610571e-01
  2.3729795e-01
  1.7016110e-01
  1.8434983e-02
 -4.2547435e-02
 -1.7081760e-04
  3.9946330e-01
  2.7511752e-01
 -3.5242042e-01
 -1.9861639e-01
 -5.2748114e-01
  6.4009778e-02
  5.3921723e-01
 -5.5821306e-01
  2.6797491e-01
 -7.0484847e-01
  4.1227937e-01
  1.1372449e-01
 -2.0506404e-01
  5.7085436e-02
 -4.2253003e-01
  2.4568124e-01
 -3.5888442e-01
  2.8248154e-02
  2.6910670e-02
  1.9578481e+00
  7.3647037e-02
  1.4846753e-02
  2.1757203e-01
 -1.6299763e-01
  2.5328773e-01
  5.1059544e-01
  3.8226336e-01
 -1.2278931e-01
 -1.7402306e-02
  3.8445154e-01
  4.4550771e-01
 -1.7621563e-01
  5.1593262e-01
  2.1626382e-01
  1.6893029e-01
 -3.8252518e-01
  3.6198843e-02
  8.2820803e-03
  1.4826028e-01
  1.6035746e+00
 -3.4004554e-02
 -7.9610240e-01
  1.8770291e-02
 -1.5806712e-02
  3.1601748e-01
 -2.0289642e-01
  2.0694014e-01
 -3.8387787e-01
  2.6828355e-01
  3.7048706e-01
 -7.0819676e-01
  1.4274588e-01
  4.7497255e-01
  1.5245502e-01
 -5.8702523e-01
  5.3706735e-01
 -4.7637999e-02
 -7.4776031e-02
  2.1868591e-01
 -1.3085979e-01
  2.9623839e-01
  1.8080083e-01
  3.4596041e-02
 -2.0476876e-01
  1.5010220e-01
 -2.5804484e-01
 -2.2235230e-01
  2.7238876e-01
  2.7229667e-01
 -2.8694507e-01
 -3.8820812e-01
  5.4645097e-01
 -4.3954104e-02
  3.7531182e-04
  1.7471424e-01
  1.4429926e+00
  1.3749695e+00
  1.6060564e-01
 -1.3125203e+00
 -7.8606284e-01
 -3.0885100e-01
 -2.7098417e-01
 -2.9576144e-01
  1.3726297e-01
  4.2044842e-01
 -6.6618335e-01
 -4.6602881e-01
  1.2930764e-01
  3.3880201e-01
  3.2609251e-01
  1.0307482e+00
  1.7678430e-02
  9.1206580e-03
  1.7831247e-02
 -1.4554790e-01
 -2.6822925e-02
 -1.1980154e-01
 -1.0130423e+00
  1.6444136e-01
 -7.3684126e-02
  7.6964155e-02
  1.3925827e+00
 -1.2451552e-01
 -6.0129639e-02
 -2.2287013e-01
 -1.5363604e-01
  5.1276386e-02
  4.6804696e-01
  8.9739841e-01
  1.3705032e-01
 -2.0692237e-01
  5.6505792e-02
 -2.4484646e-01
 -8.7072313e-02
  4.0020427e-01
 -9.7861052e-02
  9.5039897e-02
  4.7752552e-02
 -3.4200734e-01
 -1.0833810e-02
  2.6502544e-01
 -7.1947449e-01
  5.1920000e-02
  1.6609862e-01
  2.9125912e-02
 -4.7275960e-01
  2.1029365e-01
 -5.5597007e-02
 -4.2497445e-02
 -7.9939738e-02
  3.6335415e-01
  1.4820172e-02
 -2.7524099e-01
 -1.7768951e-01
 -2.8296173e-01
 -7.8172952e-02
 -2.0138356e-01
 -4.4738214e-02
 -2.5772199e-01
 -7.1846709e-02
 -7.1074590e-03
 -3.8445568e-01
 -2.7109280e-02
 -1.0511182e-01
 -2.4182534e-01
 -7.8977542e-03
  1.0773805e-01
  1.8932441e-01
 -8.9770377e-02
  2.7049267e-01
 -1.4757591e-01
  5.1570594e-02
  2.0084758e-01
  2.5193173e-01
 -8.1671081e-02
  2.0042527e-01
 -4.2862785e-01
 -5.9036039e-02
  2.4636032e-01
 -1.5353608e-01
  1.7164339e-01
  3.7119249e-01
  2.5168428e-01
  3.9424026e-01
 -6.6738313e-01
 -3.2729772e-01
  1.3726183e-02
  1.0907387e-02
  2.3565201e-01
 -3.9388895e-02
 -3.8711128e-01
  3.6328426e-01
 -1.4971812e-01
  1.4444683e-01
 -3.2987300e-01
  6.4560525e-02
 -3.1401667e-01
  1.2085157e-01
 -1.2173484e-01
 -1.5734711e-01
  1.5073891e-01
 -1.9895434e-01
  2.5333371e-02
  7.1472690e-02
 -2.2323805e-01
  1.2122572e-01
  1.2547687e-01
 -1.1641069e-01
 -5.3243082e-02
 -2.0648918e-01
  7.1332431e-01
  4.7971960e-02
 -2.4364542e-02
  7.4696350e-01
 -1.2326108e-02
  5.8898084e-02
  2.0909905e-03
  3.1770432e-01
  2.6704282e-01
 -3.5966945e-01
 -4.8878301e-02
  7.3338352e-02
 -2.3408644e-01
 -4.4924310e-01
 -8.5253805e-01
  3.4208068e-01
 -4.0284240e-01
 -5.5736348e-02
 -2.7289960e-01
 -7.9986058e-02
 -1.8294720e-01
  1.1152050e-01
 -6.2086828e-02
 -3.8118750e-01
 -3.5073955e-02
  2.1000469e-01
 -5.7755113e-01
  3.7863821e-02
 -2.3451613e-01
  1.0252601e-01
 -3.8273865e-01
  7.3335648e-01
 -7.0127529e-01
  7.9266340e-02
  1.2046629e-01
  2.5235772e-01
 -3.6487579e-01
  3.9021122e-01
  7.6832515e-01
 -5.2711938e-02
 -3.1517932e-01
  1.2536040e-01
 -6.6155469e-01
 -7.0853162e-01
  5.7114118e-01
  3.2935470e-01
 -2.6821646e-01
  2.3298177e-01
  2.8732708e-03
 -2.0003614e-01
  3.5315186e-01
  3.0629987e-01
 -3.3238707e-03
  2.5019050e-02
  7.6637432e-02
  2.0653410e-01
 -3.0212983e-01
  7.0110601e-01
  2.4554826e-01
  5.9533399e-04
  1.9043583e-01
 -1.1834198e-02
 -2.5335309e-01
  5.6094730e-01
  1.8083151e-01
  3.7655666e-02
  3.3547443e-01
  1.4017606e-01
  7.0652837e-01
 -4.4599691e-01
  2.5878969e-01
 -2.6874356e-02
  3.5746968e-01
  7.3794276e-02
 -1.0495102e-01
  6.5983698e-02
 -3.0925274e-01
 -3.4330872e-01
  4.9621543e-01
 -1.3892916e+00
  3.7310410e-02
 -1.9284953e-01
  3.0613330e-01
  2.3006870e-01
  6.3271010e-01
 -1.5865123e-01
  7.3250718e-03
  2.8230119e-02
  3.9130509e-01
  1.3081092e-01
  4.3324739e-02
  7.8465700e-01
  2.1684057e-01
  3.0368942e-01
 -4.1291901e-01
 -7.3996842e-02
  9.2772007e-02
  2.1372260e-01
  1.0210607e-01
  1.0971064e-01
  1.6058517e-01
  1.9202465e-01
 -6.6540742e-01
 -3.4508848e-01
 -1.5562651e-01
  2.3044987e-02
 -1.2651478e-01
 -2.4492940e-02
 -3.7365600e-01
 -1.6257322e-01
 -3.3540034e-01
 -3.1218218e-02
  3.9837311e-04
 -5.6068439e-02
 -4.1921425e-01
 -2.5431329e-01
  6.7221820e-02
  5.3593725e-01
 -1.5277497e-01
  4.4585653e-02
  1.2082370e-01
  2.9719710e-01
  1.9573856e-02
  1.1409624e-01
 -2.7042776e-01
 -2.4368043e-01
  6.1088800e-02
  1.9872957e-01
  2.7855143e-02
 -3.1887680e-01
  3.2571343e-01
  2.4514927e-01
  4.3099570e-01
 -2.0978405e-01
  4.1978271e-03
 -1.4519687e-01
 -1.1718483e-03
  6.3215189e-02
  1.1520964e-01
 -2.5381473e-01
 -6.6829696e-02
  2.1891218e-01
 -1.7015335e-01
 -1.6109836e-01
 -1.1108378e-01
  1.4013005e-02
  3.8908225e-01
 -6.4952403e-01
  1.0215890e+00
 -6.4207558e-03
 -3.5544881e-01
 -2.4419594e-01
  1.5555666e-01
  5.9607141e-02
 -2.9328993e-01
 -2.9897079e-01
 -3.7590414e-01
  3.2227956e-02
  1.5673736e-01
 -1.0580163e-01
 -6.6706259e-03
 -4.9510974e-01
 -7.8686953e-02
  9.6903853e-02
  1.7000021e-01
 -6.4623260e-01
  1.6740832e-01
  9.6230999e-02
 -3.7739415e-02
  1.6730811e-01
  6.3130639e-02
  2.6056591e-01
 -2.0912047e-02
  1.0168223e-01
  7.8000627e-02
  1.1390955e-01
 -2.5285423e-01
 -1.4273855e-01
  2.4739119e-01
  5.8658093e-01
 -7.1379870e-02
  4.8633747e-02
  3.9619598e-01
  1.9392946e-01
 -1.3664808e-02
  6.1992145e-01
 -2.6336348e-01
  2.2699413e-01
  1.6380678e-01
  1.8472061e-01
 -4.7863948e-01
  3.0132747e-01
  5.9842974e-02
  4.4268095e-01
 -3.1851396e-02
  5.2316263e-02
 -3.7071070e-01
 -4.4266865e-01
 -6.8401173e-02
  3.2316375e-01
  4.8830055e-02
  1.8752564e-01
 -2.2311573e-01
  7.5528967e-01
 -1.3375968e-01
 -3.6970276e-01
  2.5579858e-01
 -8.8742070e-02
  3.9409682e-02
 -5.7200201e-02
  5.3352978e-02
 -1.7839377e-01
 -2.3886323e-01
  1.1191127e-01
  2.1835102e-01
 -2.8601259e-01
 -2.4225231e-01
  3.1067558e-02
  3.5157904e-01
  5.0559062e-01
 -8.7866858e-03
  6.2404968e-02
 -3.9730722e-01
  2.1825308e-01
  2.6419091e-01
  1.6850762e-02
 -4.5873508e-01
 -2.8398061e-01
 -2.8260803e-01
  3.6611181e-01
  1.8967643e-01
 -1.1328090e-01
 -3.2513875e-01
 -5.0173633e-02
  3.2422343e-01
 -6.6651076e-02
  9.6369028e-02
 -2.5212920e-01
  2.6383832e-01
  3.2823798e-01
 -3.2271081e-01
 -1.4705694e-01
 -9.8073091e-03
 -4.5331192e-01
  1.6692078e-01
 -2.2448640e-01
  5.4968822e-01
 -2.2504789e-01
 -1.3366893e-01
 -1.3551541e-01
 -1.7260221e-01
 -1.1457871e-01
 -2.0739074e-01
 -3.1421652e-01
 -7.2707944e-02
 -1.9629268e-01
 -4.3102771e-02
 -4.5114115e-01
  2.2877337e-01
 -5.5207916e-02
  4.1101880e-02
 -1.3801417e-01
  8.6696908e-02
 -4.3078509e-01
  9.9871486e-02
  2.4227583e-01
  3.9636031e-02
 -4.9228650e-02
 -4.2715345e-02
  3.2214448e-03
 -2.9366901e-03
  3.9566159e-03
  9.9378243e-02
 -3.2254475e-01
 -2.5100809e-01
  2.9576248e-01
  2.5184605e-01
 -3.9905615e-02
  1.8361387e+00
 -1.8532844e-02
  5.4255110e-01
  3.1908345e-01
 -1.5886387e+00
  7.0914173e-01
 -5.7496402e-02
 -3.1738498e+00
 -9.5687371e-01
  8.1320024e-01
 -1.1211820e-01
  2.7075464e-01
 -2.1323242e+00
 -6.5739907e-02
 -1.1403950e-02
 -7.5051069e-02
  1.2269045e+00
  1.1334220e-02
 -1.5521529e-01
 -2.2747849e-01
  5.6176162e-01
  4.2601988e-01
  1.9007197e-01
  5.8535844e-01
  9.2289341e-04
  1.0362430e+00
 -7.1017241e-01
 -4.7893181e-02
 -9.2162317e-01
 -2.7714577e-01
  8.5457152e-01
  3.8851112e-02
 -8.8090375e-02
  1.4612789e-01
  1.7379969e-01
 -6.1382711e-01
  2.7696365e-01
  7.6827061e-01
 -1.1353047e-01
  3.6814407e-02
  2.7382830e-01
  6.5195298e-01
 -3.2365996e-01
  1.2097137e-01
  8.5985416e-01
 -2.4124524e-01
 -7.2866446e-01
 -1.0612338e+00
 -2.3691858e-01
 -7.9289567e-01
 -4.6133065e-01
  3.8745436e-01
 -1.4948042e-01
 -1.4150474e+00
 -1.5546593e-01
  8.0198723e-01
  9.5682271e-02
  1.4882305e-01
 -1.9810201e-01
  4.6537798e-02
  8.0231436e-02
  1.7796749e-01
  1.0110462e-02
  3.2440963e-01
 -3.3244276e-01
  7.5649327e-01
 -4.6541402e-01
 -2.7717060e-01
 -1.1221416e-01
  3.2133144e-01
  1.3110605e-02
  4.8771167e-01
 -1.9026305e-01
  4.0758574e-01
  3.7021673e-01
 -8.6230338e-02
  1.1735131e-01
  9.7576782e-02
  4.8373443e-01
 -7.7925515e-01
 -3.2266071e-01
  5.8036840e-01
  1.9452344e-01
  3.8820338e-01
 -1.1807305e-01
 -1.8064065e-01
  1.1166203e-01
  2.8261405e-01
  1.3684670e+00
 -5.0977373e-01
 -5.6692314e-01
 -3.4721580e-01
 -1.0384609e+00
  9.7442135e-02
 -6.3934368e-03
 -3.4690812e-01
 -2.1113617e+00
  1.5486966e-01
  6.9387935e-02
 -1.4514873e-02
  6.7132479e-01
 -9.9998724e-01
 -1.7141185e+00
  7.9007196e-01
  4.7868454e-01
  3.8907605e-01
  1.7125421e+00
 -3.1874940e-01
  1.6096205e-01
  4.0352114e-02
  2.0896164e-01
  3.4913138e-01
  7.2139926e-02
  6.5497798e-01
  6.4952677e-01
 -2.0676333e-02
 -9.6337594e-02
 -2.5957146e-01
  2.3045154e+00
 -8.5535908e-01
  3.6981285e-01
  3.8363644e-01
  6.9613438e-03
  1.1093539e-01
 -1.1960725e-01
  1.9197780e+00
  3.7537387e-01
 -1.9153079e-01
 -3.5309759e-01
  2.6301529e-02
  4.8569715e-01
  4.4130573e-01
  3.4603849e-02
  1.1833966e-01
 -4.2304718e-01
  2.7998697e-02
  5.3778166e-01
 -7.9324114e-01
 -7.9054683e-01
  4.8539597e-03
  4.8229478e-02
 -1.4344352e-01
 -1.8893546e-01
  5.2592285e-02
  7.9147801e-02
  1.6096339e-02
 -5.4144895e-01
 -3.4272060e-04
 -3.9043516e-02
  1.0838139e-01
 -1.3415571e-01
 -3.4967013e-02
 -3.2678315e-01
  4.9588895e-01
 -2.4577570e-01
  5.3720534e-01
  1.5719937e-01
 -8.1885737e-01
  4.3768850e-01
  1.6550376e-01
 -3.9116018e-02
  5.4062895e-02
 -7.4215583e-03
 -1.2359834e-01
  4.0527654e-01
 -3.8076469e-01
  5.1127817e-02
  3.4543559e-02
 -5.3300148e-01
  1.1245937e+00
  2.3183638e-02
  2.7006420e-01
 -5.5392131e-02
 -1.2773406e-02
  3.0643934e-02
  6.9728948e-02
  7.5603346e-03
 -3.2359305e-01
  9.1351964e-02
  2.7441129e-01
  2.3342551e-01
  7.3843107e-02
 -9.2666782e-02
 -4.4359636e-02
 -4.4365365e-02
  2.4355764e-02
  1.8297393e+00
  1.0489215e+00
  3.3877425e+00
  2.0144022e+00
  3.3680241e+00
  2.4489131e+00
  7.7246025e-02
  3.0872677e-02
  3.4655160e-01
 -1.6002475e-01
 -5.9380525e-01
 -1.6133818e-01
  4.5311507e-02
  1.8074055e+00
  5.1930392e-01
 -7.5884634e-01
  1.1646248e+00
 -1.4168178e+00
 -1.0034539e+00
 -3.6794186e-01
  1.0611464e+00
  3.9112931e-01
 -1.0227333e-01
  2.7774861e-01
 -8.7577671e-01
 -8.5998136e-01
  6.2895507e-01
  6.4435363e-01
 -2.3622681e-01
  1.1942494e+00
 -9.0406495e-01
 -4.2940408e-01
  5.7120335e-01
 -1.4609225e+00
  8.7602270e-01
 -1.9327356e+00
 -1.4165725e-01
 -2.7972894e+00
  1.6813627e-01
  1.0208835e-01
 -1.0370802e+00
 -5.7714605e-01
 -3.7491757e-01
 -1.3863043e+00
 -3.4984994e-01
  9.5296502e-01
  5.7550853e-01
 -6.5188539e-01
  9.7731180e-02
  7.7967376e-01
  3.6369860e-01
  4.2626894e-01
 -6.1909807e-01
 -4.0859467e-01
  5.9421474e-01
  4.8976946e-01
  4.9208835e-02
  1.2071031e-01
  1.6921066e-02
  1.5597804e+00
 -1.1023802e+00
 -7.4194098e-01
 -4.1636877e-02
  1.0199753e-01
  9.1103208e-01
 -1.3381275e+00
  1.5752004e+00
  6.6018954e-02
  1.1489036e-01
 -8.8224530e-01
 -3.0869120e-01
 -1.3168300e+00
  7.2221734e-02
 -6.7861462e-01
  7.8296357e-01
 -2.2399552e+00
  1.1997800e+00
 -6.7148781e-01
  1.8970929e+00
 -4.4722301e-01
 -1.1397383e+00
 -1.6799858e+00
  3.0138072e-02
  5.6552127e-02
 -1.8614687e+00
 -4.3126885e-03
  9.6939510e-01
 -1.2310625e+00
 -1.5457031e+00
  1.4117539e-01
 -8.8370433e-03
 -5.2729470e-01
 -3.7140459e-01
 -2.0388916e+00
 -3.7885587e+00
 -6.7526603e-01
 -5.3503960e-01
 -1.2160864e+00
 -1.3023216e+00
  9.1744930e-01
 -5.1833200e-01
 -3.8235226e-01
 -8.0376498e-02
 -2.2544428e-03
  1.0366089e+00
  1.8523164e-01
  1.9860862e+00
 -6.2906098e-01
  3.1504273e-01
 -2.4974558e+00
 -4.9080977e-01
  5.9772022e-02
  2.7577937e-01
 -1.0125612e+00
  7.3082060e-02
 -1.0138196e-01
 -4.7916162e-01
 -1.1231579e+00
 -5.8145040e-01
 -1.8821321e+00
  7.7359580e-02
  7.7802700e-01
  2.1389143e-01
  9.7879201e-01
  1.4240797e+00
 -4.0311317e+00
  4.6612862e-01
  4.5049307e-01
 -6.5726012e-01
 -2.6198888e+00
  1.8623634e-01
  6.8705553e-01
  4.4087642e-01
  2.0462359e-01
  2.6057026e+00
 -4.2448002e-03
  2.5022984e-01
  3.5115016e-01
 -8.5863002e-02
 -1.0945681e+00
 -1.5410234e-01
 -7.7800560e-01
 -1.0137578e+00
 -2.1712750e-01
 -2.7465084e-01
 -1.2596253e+00
 -2.8124893e-01
  6.3040102e-01
  1.0503996e-01
 -6.5441221e-01
 -1.4108419e+00
 -1.0343698e-01
 -1.0071936e-01
 -7.6992583e-01
  3.4906819e-01
 -1.1285323e+00
  2.7854925e-01
 -1.5040359e+00
 -1.3697570e-02
 -1.1132844e-01
 -8.8809323e-01
 -4.1426960e-01
 -5.6246233e-01
 -9.1047180e-01
  2.0453387e-01
 -7.2513181e-01
 -1.9560939e-01
 -6.5334719e-01
 -1.7379820e-02
  1.5112207e+00
  7.6816864e-02
 -7.7803719e-01
  3.7504822e-01
 -3.9572701e-01
 -1.9336892e+00
  1.4012053e+00
  1.7731382e+00
  2.3850650e-03
 -5.6538767e-01
  7.6462984e-01
 -7.9299606e-02
  3.2861274e-01
 -5.6702606e-02
 -3.5425529e-01
 -1.2989776e+00
 -3.1243718e-01
 -2.0521891e-01
 -2.1291839e-02
  1.1808225e+00
 -4.9392119e-01
 -9.0850043e-01
  1.0069126e+00
 -7.7748817e-01
  1.1804987e+00
  7.8475967e-02
 -7.6482815e-01
 -1.0373557e-01
  2.5507119e-01
 -2.9857546e-01
  9.4410527e-01
 -3.8050732e-01
  7.0745993e-01
 -1.1225274e+00
  3.2131058e-01
 -4.0761933e-02
  9.5838487e-01
 -7.7898961e-01
  4.5675910e-01
  2.4237224e-01
  8.1437415e-01
 -1.5536553e+00
  6.8795931e-01
 -1.4683527e+00
  4.5976225e-02
  7.8886747e-01
  4.8149529e-01
  4.8440704e-03
  1.5202975e+00
  1.2171795e-01
  1.5127119e-01
  4.6264428e-01
 -9.0206009e-01
  1.9530891e+00
  2.1505049e-01
  3.2183625e-02
  1.1716893e+00
 -3.8766912e-01
 -3.1441033e-01
 -1.6366184e+00
  2.6121848e+00
  4.4584300e-02
  3.6625502e+00
  9.1642433e-01
  5.2228582e-01
  2.4613421e+00
  6.3320768e-01
  9.8047012e-01
  9.8190522e-01
 -8.7532043e-01
 -1.0993334e+00
  4.3058146e-02
  1.1710267e+00
 -9.4487511e-02
  1.8325205e+00
 -3.7609648e-02
  7.2686046e-02
  1.7251067e+00
  1.4934267e+00
  6.1111408e-01
 -7.5303519e-01
  2.0118670e-01
 -8.0503613e-01
  1.9912952e-01
 -1.4366453e+00
  2.9715389e-01
 -2.1297994e+00
 -1.0077784e+00
 -1.0406938e+00
  9.4962907e-01
 -1.8385081e-01
 -4.3227145e-01
 -9.0695161e-01
  4.2298734e-01
 -1.8111060e+00
  1.2190870e+00
 -8.5310705e-02
  1.0820351e+00
 -5.7259107e-01
  1.7752364e-01
 -2.7857941e-01
 -1.9329770e-01
  2.5263897e-01
 -9.5990956e-02
  7.7367413e-01
  6.8731272e-01
 -1.5367974e+00
  3.1262296e-01
 -2.5234795e-01
 -1.3671236e-01
 -2.0821860e-01
 -4.1271546e-01
  3.1392789e-01
 -5.2094305e-01
 -1.5268891e-01
 -1.1415998e-01
  1.0216753e+00
  1.7703098e-01
  9.1115415e-02
 -2.2082350e-01
  1.7010906e-01
 -1.3575941e-01
 -1.0876282e+00
 -8.0875583e-02
  6.2980598e-01
 -2.3252408e-01
  1.6789229e-01
 -1.1201975e-01
  1.6967930e+00
  3.1203902e-01
 -9.2517328e-01
  1.2714449e+00
  2.6223186e-01
 -4.2089495e-01
 -1.0245711e+00
 -2.0916405e-01
  1.1446377e+00
 -1.4465863e-01
 -2.6474428e-01
 -1.3058643e+00
 -2.5235787e-01
 -3.0524665e-01
 -2.2332942e-02
  1.8549740e-01
  5.6049430e-01
 -4.9388877e-01
 -2.2652376e+00
 -7.2456276e-01
 -7.2367483e-01
  2.6246560e+00
 -7.3478073e-03
 -1.0144518e-01
  1.4585786e+00
  5.4522026e-01
 -1.9977170e-01
 -4.8848566e-01
  4.8590195e-01
 -4.1042528e-01
 -9.8809588e-01
 -1.1490760e+00
 -5.3724760e-01
  1.1246175e+00
  6.4250314e-01
  3.8832772e-01
  2.2780805e+00
  7.6892763e-01
 -4.1506958e-01
 -7.8660959e-01
  3.5259199e-01
  3.8901451e-03
 -4.4891125e-01
  1.7422757e-01
  9.4886863e-01
  1.6095436e+00
 -2.6907315e+00
 -1.2723513e+00
 -1.4479743e+00
  2.0893431e+00
 -8.4787238e-01
 -7.9907113e-01
  5.4081190e-01
  2.3625758e+00
  5.1344675e-01
 -2.5418445e-01
  1.5088280e-02
  4.8490307e-01
  6.2807918e-01
 -2.3484758e-01
  6.2588346e-01
  2.7512999e+00
 -9.9652261e-01
  2.6140258e-01
 -3.7356022e-01
 -6.6101633e-02
 -4.0852284e-01
  1.8499421e-01
  8.6289489e-01
 -3.9807069e-01
  1.1825781e+00
  3.7738648e-01
  1.0365108e+00
 -9.2609322e-01
  7.8264102e-02
  2.1541551e-01
  2.6696913e+00
  1.1770155e+00
 -9.5390163e-02
 -1.8185180e-01
 -2.5050476e+00
 -1.2963537e+00
 -5.6637591e-01
  8.3882880e-01
 -6.3562745e-01
 -2.2458723e-01
  1.8640929e-01
 -1.3951477e-01
  2.0510285e+00
  1.3519411e-01
 -1.4029816e+00
 -9.3084961e-02
  4.0846777e-01
 -1.8936214e+00
 -7.8177042e-03
  2.8836104e-01
 -6.4176077e-01
 -1.0085504e+00
 -5.7017279e-01
 -6.1533546e-01
  3.4737393e-01
  1.5104866e+00
  8.0452091e-01
 -1.1195842e+00
  1.1071078e+00
 -8.9553368e-01
  1.3128088e+00
 -1.6043870e-01
 -3.9865783e-01
 -2.0896116e-02
  5.8970118e-01
 -5.4770279e-01
 -2.8678820e-01
 -7.6509571e-01
  1.1713216e+00
  2.1574755e+00
 -6.3407040e-01
  1.2307407e-01
  3.6522827e-01
  1.0601749e+00
 -1.1401728e+00
 -6.1178845e-01
 -1.2804974e+00
 -1.4715300e+00
 -6.0988820e-01
  7.1909480e-02
 -4.3605679e-01
  3.1751856e-02
  6.9357705e-01
 -1.4886937e-01
  2.5973162e-01
  1.7298453e+00
 -7.3453909e-01
 -1.1266851e+00
 -6.5062386e-01
  6.4698763e-02
  7.4306136e-01
  1.0057468e+00
 -3.0309837e+00
 -7.4062979e-01
  1.8787529e+00
 -5.3616744e-01
 -4.4786781e-01
 -1.7544705e-01
 -9.5920181e-01
 -6.8099058e-01
 -3.8326043e-01
  4.6553612e-01
  4.7649950e-01
  1.1115392e+00
  3.7218484e-01
 -2.7233126e+00
  1.2569265e+00
 -3.7225217e-02
 -1.2805276e+00
 -2.6712275e-01
 -5.3931665e-01
  6.8700880e-01
 -8.3441570e-02
  2.0409122e-02
 -2.1887706e-01
 -6.5834212e-01
 -3.8018250e-01
  4.8220903e-01
 -1.7116719e+00
  4.1046387e-01
 -1.2609770e+00
 -2.1713200e-01
 -1.1146774e+00
  9.2134275e-02
 -1.4058423e+00
 -6.7556429e-01
  9.5231342e-01
  1.4031132e+00
  2.5148046e-01
  1.9516451e+00
  1.8796310e+00
  4.5909500e-01
 -6.1277509e-01
 -2.9216412e-01
  5.2153951e-01
 -3.3544707e-01
  7.2354257e-01
  7.2852910e-02
 -1.1229424e+00
  3.7685296e-01
 -1.2556297e+00
  6.6010582e-01
  3.0822845e+00
  1.0880027e+00
 -6.5696651e-01
 -2.7365744e+00
  1.4127562e+00
  1.7813484e-01
  1.8958778e+00
 -2.3658191e-01
  4.9805531e-01
 -2.1696532e-02
 -9.5668364e-01
 -6.6866797e-01
 -1.2254041e+00
  7.8591961e-01
 -2.8781180e+00
 -2.0154221e+00
  8.9444313e-03
  5.9226494e-02
 -1.9119545e+00
 -3.1994572e-01
  9.4146907e-01
  7.8734744e-01
 -9.6350890e-01
 -1.4382552e+00
  8.6861265e-01
  4.6010953e-01
  3.5812041e-01
 -7.8531766e-01
 -1.5625466e+00
  2.7692622e-01
  9.3048358e-01
 -6.3997358e-01
 -1.7235587e+00
 -2.5240126e-01
  7.9968655e-01
  6.6860586e-01
 -9.8165673e-01
 -5.2732509e-02
  8.4020859e-01
  2.3648746e-02
  1.2690437e+00
  1.2877001e+00
  1.3099917e+00
  1.5771623e+00
  2.8351362e+00
  9.3520045e-01
 -2.5259382e-01
 -1.1454719e+00
 -1.8617798e-01
 -1.1943433e+00
  2.6284954e-01
 -5.6277003e-02
  9.2352939e-01
  1.8149635e+00
 -1.0177728e-02
  1.5018561e+00
  1.4188350e+00
 -4.1781256e-01
 -1.2457764e+00
 -4.4316417e-01
 -2.1895072e+00
  5.3552713e-02
  4.2062613e-01
 -1.7410789e-01
 -8.8754171e-01
  7.6464963e-01
  2.5826929e+00
  1.6920309e+00
  1.6423610e+00
 -1.2198459e-02
  1.0163566e+00
  9.1412026e-01
  1.0124978e+00
  1.9537826e+00
 -1.5543042e+00
 -1.3652103e+00
 -2.0650418e+00
  1.2822782e+00
 -9.3137926e-01
  1.4546697e-01
 -8.6799115e-01
 -6.2439591e-01
  7.9761744e-01
  1.8246781e+00
  8.8359624e-01
 -4.4353640e-01
  9.2935979e-01
  1.6860309e+00
  1.2295518e+00
  5.9877944e-01
  3.7833053e-01
  1.0324404e+00
  2.2140299e-01
 -4.1552290e-01
  4.0358733e-02
  3.6121342e-01
 -9.2817569e-01
  1.8611650e-01
  6.7428753e-02
  6.2151718e-01
 -2.3859808e+00
 -4.9958381e-01
  4.8831084e-01
  1.3808422e+00
 -1.2133565e+00
 -1.7990241e+00
 -4.4975975e-01
 -9.4688070e-01
 -2.0776922e-01
  9.4451791e-01
  3.2655171e-01
  2.5715506e-01
 -1.8898439e+00
 -9.2277676e-01
  1.1121764e+00
 -7.4054904e-02
  2.4412525e-01
  1.5359913e-01
 -6.1330318e-01
 -2.3215550e-01
 -9.6020240e-01
 -6.8541956e-01
 -5.7118261e-01
  1.9494337e+00
 -8.1499565e-01
 -1.2391962e+00
  5.1459102e-03
  8.6096984e-01
  8.8349968e-01
  1.8923718e-02
  5.7267100e-01
  9.0864494e-02
  2.1681628e+00
 -6.6223162e-01
 -4.6700794e-02
 -3.1878713e-01
  1.2731534e+00
 -1.1402590e+00
 -3.4707463e-01
  3.3100122e-01
  1.5060757e-01
 -6.7882073e-01
  6.2035557e-02
  1.0207571e+00
 -7.4454331e-01
  2.8148596e+00
  4.0903118e-02
  2.5237867e-01
 -9.3594097e-02
 -3.6917459e-02
  9.6956182e-01
  4.7077236e-01
 -1.1377327e+00
  2.7573133e+00
  5.7227492e-01
 -2.9617751e-01
 -1.8000002e+00
  2.0720069e+00
  2.8273714e-01
  8.4210670e-01
 -3.8892823e-01
 -2.2582473e-02
  5.7432514e-01
 -7.3542941e-01
  1.6730471e+00
  1.8820521e+00
 -1.0670682e+00
  3.6606956e-01
 -8.7992269e-01
 -5.1838601e-01
 -1.4923286e+00
  1.4342776e-02
  5.2152050e-01
 -6.9963746e-02
 -2.1656153e+00
  1.7341666e+00
  9.0268308e-01
 -2.6112890e-02
 -1.4733440e+00
  1.2265871e+00
  1.5355169e+00
  3.9153282e-02
  3.6494207e-01
  4.1164163e-01
  2.2450067e-02
 -1.9661232e+00
  1.3075995e+00
  2.0768167e-03
 -3.8791475e-01
 -1.2479467e+00
  4.1736177e-01
  1.7559950e-01
 -4.6180201e-01
 -7.1595728e-01
  3.9386022e-01
 -1.7084740e+00
  1.9266030e+00
 -1.3810931e+00
 -1.3708701e+00
 -1.3173745e+00
 -3.8482937e-01
 -1.9883492e+00
 -2.2417051e-01
  3.5570049e+00
 -2.1192802e-01
  1.6648291e+00
 -8.2843971e-01
 -4.3493664e-01
 -1.0804521e+00
 -3.4986510e+00
 -9.4542140e-01
  2.8196958e-01
 -1.1172858e+00
 -1.5935369e-01
  3.0777818e-01
  4.7379023e-01
 -9.3981153e-01
  1.3955297e+00
 -1.0896223e+00
 -2.5740061e+00
  3.6437690e-01
 -4.2895305e-01
 -5.7050806e-02
 -1.5044438e+00
  3.7783763e-01
 -4.4612885e-01
  1.0469340e-01
  2.5862318e-01
 -1.6677133e+00
  4.6806183e-02
  3.4733728e-01
  1.0329512e+00
 -3.0136406e+00
 -3.7573454e-01
 -3.8289461e-01
 -5.0556266e-01
 -1.1944252e-01
 -1.8415000e+00
 -1.6135250e-01
 -1.0305043e+00
  1.9195049e+00
 -6.5143085e-01
 -3.3688087e-02
 -8.6800474e-01
  1.7866699e+00
  5.4175168e-01
  1.5965607e-02
 -1.8340662e+00
  3.5133469e+00
  1.2816325e-02
  3.0360153e-01
  2.3525311e-01
  4.2173114e-01
  9.3241346e-01
  1.4890580e-01
 -3.9584702e-01
 -6.0489672e-01
 -1.5993376e+00
  6.3734770e-01
  2.1674087e+00
 -1.7314949e+00
  7.1421421e-01
 -5.9781224e-03
 -9.1074973e-01
  6.1301029e-01
 -8.2299906e-01
 -2.3411730e-01
 -3.5045078e+00
  5.0475642e-02
 -6.6090298e-01
 -5.9059483e-01
  1.7648326e+00
  8.1121743e-01
  3.6463130e-01
 -4.0437914e-02
  3.2297237e+00
 -1.3650956e+00
 -1.1095641e+00
 -5.1641828e-01
  4.3383706e-01
  1.1093073e+00
  3.4234318e-01
  4.4304982e-01
 -4.9732199e-01
  4.3972466e-02
 -1.3270546e-01
 -2.7433205e-01
 -7.2719592e-01
  1.2573686e-01
  6.5525413e-02
 -2.6111636e-01
 -5.0432527e-01
 -6.4136809e-01
  1.5253772e-01
 -4.0018719e-01
 -5.3981435e-01
 -1.9418204e-02
  3.3437333e-01
 -1.1742016e+00
  6.2562329e-01
 -2.1901627e+00
 -1.7831459e+00
 -1.0507168e+00
  2.6106968e+00
  8.5082757e-01
  1.8530510e-01
  1.2109041e+00
 -4.7887138e-01
 -1.0743672e+00
 -3.4869995e+00
  4.1705066e-01
  4.2408590e+00
  2.1779158e+00
  1.0427452e+00
 -1.2673345e+00
  2.3636394e+00
 -2.0341860e-01
 -3.0916139e-01
  1.3723011e+00
 -1.9420161e+00
 -1.0343490e+00
  8.4675528e-02
  6.4234120e-01
 -1.4147620e+00
  1.9086210e+00
  6.9699675e-01
 -1.3020358e+00
  1.2819241e+00
  4.8262134e-01
 -2.7442494e-01
 -6.0144997e-01
  5.2647388e-01
 -6.1779433e-01
 -2.0711467e-01
  1.3533731e+00
 -4.5640016e-01
 -2.3407125e-01
  4.4219732e-01
 -3.3304679e-01
 -1.3830678e+00
  1.1203775e-01
 -1.0281314e+00
 -1.3913569e+00
 -1.0947598e+00
 -1.8994907e-01
 -2.5420234e-01
 -7.8557038e-01
 -1.2682436e+00
 -3.3094838e-01
  1.4593077e-01
  1.7928956e-02
  1.7928956e-02
  1.7928956e-02
  1.7928956e-02
  1.7928956e-02
  1.7928956e-02
  1.7928956e-02
  1.7928956e-02
  1.7928956e-02
  3.4313183e-02
  3.4313183e-02
  3.4313183e-02
  3.4313183e-02
  3.4313183e-02
  3.4313183e-02
  3.4313183e-02
  2.7671870e-02
  2.7671870e-02
  2.7671870e-02
  2.7671870e-02
  2.7671870e-02
  2.7671870e-02
  2.7671870e-02
  1.3580502e-02
  1.3580502e-02
  1.3580502e-02
  1.3580502e-02
  1.3580502e-02
  1.3580502e-02
  1.3580502e-02
  5.7021868e-03
  5.7021868e-03
  5.7021868e-03
  5.7021868e-03
  5.7021868e-03
  5.7021868e-03
  5.7021868e-03
  1.1793899e-02
  1.1793899e-02
  1.1793899e-02
  1.1793899e-02
  1.1793899e-02
  1.1793899e-02
  1.1793899e-02
