nep4 2 Cu Se 
cutoff 7 5 100 44
n_max 8 6
basis_size 12 12
l_max 4 2 0
ANN 50 0
  1.6418211e-03
  4.7411345e-04
 -4.6910655e-01
 -1.0504589e-04
  1.4629491e-02
 -8.5057700e-03
  1.6712910e-02
 -1.9996981e-04
  2.2353712e-01
  1.5936948e-03
 -4.2463915e-04
 -1.1551472e-03
 -2.6700795e-02
 -1.1343651e-03
 -1.0768099e-03
 -1.3942777e-03
  1.3579130e-03
 -8.4700048e-02
  4.0616593e-05
 -3.5088873e-03
  2.0550909e-03
 -2.4110109e-03
 -8.8021019e-03
 -8.0034009e-04
 -1.2410291e-01
 -3.3163119e-03
 -7.2791229e-04
 -3.9696071e-04
 -2.0105892e-03
  6.9496554e-04
 -8.4459805e-04
 -8.9912239e-04
  3.2000046e-03
 -5.0423024e-03
  3.7463347e-04
 -1.6878786e-02
 -5.3572629e-05
  3.4845355e-03
 -6.9513917e-04
 -2.5017043e-03
  2.9273948e-04
  2.7122805e-03
 -2.8972055e-03
  5.7272278e-03
 -1.3462383e-01
  6.7528121e-02
 -3.1078851e-02
 -5.1984340e-01
  2.0020410e-02
  5.2561438e-01
 -2.9618648e-01
 -6.9371864e-02
  2.9086439e-02
  3.1614897e-03
  2.9760627e-03
  3.7304768e-03
 -3.0001849e-02
  1.1065427e-03
 -6.7540318e-02
 -1.4824315e-04
 -3.0467869e-05
 -1.5214030e-02
  2.1743730e-01
 -6.9443427e-04
 -5.8601703e-04
 -3.2822047e-03
 -9.3038596e-02
  1.3714260e-04
 -8.2317308e-02
  8.0594432e-04
 -1.3899823e-03
 -1.7792591e-03
 -5.0281007e-03
 -2.5292953e-02
  5.4262340e-04
 -7.5488421e-04
  1.6693160e-03
  1.2790696e-03
 -4.5747924e-04
 -1.5714584e-01
 -1.7335352e-03
 -2.7838990e-03
 -2.9894878e-04
 -1.0260384e-03
 -7.7122304e-04
  4.6676438e-04
  2.1001627e-03
  5.3345513e-02
  3.2841589e-02
 -1.7242653e-02
  4.6393949e-01
  2.4044281e-02
 -1.1260367e-01
 -6.5813057e-02
 -7.1256924e-01
  2.7504864e-01
 -3.6179176e-01
 -2.5361827e-02
  2.5649127e-04
  1.2306163e-01
  6.6586420e-02
 -2.8966589e-02
 -7.3510822e-04
  3.8092985e-04
  2.8269092e-02
 -1.2575461e-03
  9.2717528e-07
  3.5582075e-04
  7.1261520e-03
  9.2489339e-02
  1.1263800e-01
 -1.2589345e-02
 -2.8706575e-02
  7.6325034e-04
  2.0588562e-03
  3.3909066e-03
 -1.4450984e-03
 -2.8199482e-01
  3.4190778e-04
  2.5289922e-03
 -7.0291600e-05
 -8.6636373e-06
 -3.6521205e-03
  2.4847557e-01
 -1.0328811e-03
  2.3525041e-03
 -2.8894355e-03
 -3.6694127e-04
 -1.0260170e-05
 -1.6447480e-03
 -5.7483360e-04
 -1.4305274e-02
 -1.7520943e-01
 -6.8136626e-01
 -1.7345265e-01
 -3.4120971e-01
  6.6945177e-01
  3.5366158e-03
 -8.7036282e-01
  5.6875098e-02
 -6.4914078e-01
  1.2396187e-01
  1.3613765e-01
  2.4203466e-01
 -3.2068381e-01
  5.9612751e-02
 -2.2986918e-03
  1.9077135e-02
  1.7116559e-01
 -2.3663956e-01
  1.2855472e-01
 -1.2672156e-01
 -2.0494806e-02
 -1.9582278e-01
 -5.2801615e-01
  9.6019074e-02
  1.9570272e-01
  1.8790935e-01
 -3.1631738e-01
 -1.6909145e-01
 -3.7073944e-02
 -2.4500820e-01
 -8.5409088e-03
  1.7517217e-01
  5.6112297e-03
  4.8040892e-03
 -2.6571748e-01
 -4.7257325e-01
 -6.5943927e-02
 -2.5076102e-02
  3.9955988e-03
  9.1247477e-02
  1.6311655e-02
  3.3695241e-03
  5.6088488e-03
  9.0984918e-02
 -2.4088053e-04
 -4.3261680e-04
 -9.3934231e-04
 -1.9245956e-03
  8.4935557e-05
 -2.4349387e-03
 -7.4813892e-05
  1.0057666e-03
  3.3456567e-03
  1.3679888e-03
  1.5000252e-03
 -4.2246617e-03
 -7.4094697e-04
 -1.2392706e-03
 -4.2113359e-05
 -4.1388971e-04
 -5.7147059e-04
  1.0826351e-02
  1.3207534e-04
  1.0381691e-03
 -3.1456368e-03
  1.8847601e-03
  7.0041785e-04
 -1.6765168e-03
  2.2003686e-03
  2.5030106e-04
  1.5887830e-03
  6.6415378e-04
 -6.7807327e-04
  3.1709648e-03
  5.2975584e-04
  6.4887787e-04
  2.3466293e-03
  3.0508218e-03
 -1.2094034e-03
  3.8195678e-04
  1.8976443e-04
  1.7061968e-03
  1.1802219e-03
 -5.5954454e-04
 -1.7364307e-03
  2.0683354e-03
 -6.0255313e-04
  6.8022474e-04
 -3.1750524e-04
  9.4526738e-04
  1.2229866e-06
  9.0354658e-04
 -8.4652303e-04
  7.2574860e-04
 -4.1916865e-04
 -4.7287662e-03
  4.8370128e-03
  1.8754278e-03
 -4.3413881e-03
 -2.6431560e-04
 -2.0567384e-03
  2.1383759e-02
 -8.0951431e-04
 -4.0317196e-03
 -2.8909865e-01
  2.1108003e-04
 -9.6034361e-03
 -1.2180293e-02
  1.8492440e-04
 -1.3802251e-03
 -3.9740535e-03
 -1.8127381e-03
  6.0872670e-05
 -1.9212537e-03
 -2.1657576e-03
 -1.0817973e-03
 -2.0505970e-03
  9.5112913e-04
  6.8601413e-04
 -1.7257957e-03
 -1.0484343e-03
  3.8760627e-04
  2.2764083e-03
 -3.2675089e-04
  2.3349386e-04
 -2.0550648e-03
  2.4253796e-03
  1.8937376e-04
  1.2889452e-03
 -1.6983283e-03
  4.7096284e-03
  4.5772654e-04
 -2.9019744e-03
  8.9271145e-04
  2.5849012e-03
  1.5202048e-04
  1.2904414e-03
  2.2283525e-03
 -6.7329401e-04
  1.7580353e-03
 -2.4025249e-03
 -2.5791554e-03
  6.2395894e-04
  4.0604931e-04
  1.1362467e-04
 -1.0215909e-03
 -3.6376982e-04
  1.1847614e-03
  1.0532255e-03
  2.3688024e-04
 -9.1668626e-06
 -9.4092952e-04
  1.5078260e-03
 -1.0788579e-03
 -1.4299160e-04
 -6.4450833e-03
  6.2787428e-04
 -6.5363536e-05
 -3.2440582e-03
  2.7199108e-03
 -2.1087244e-04
 -5.0670997e-04
  2.1836837e-04
 -1.9111021e-03
  2.4853391e-03
  1.4296344e-03
  2.0862289e-03
  1.5352562e-03
 -4.8531528e-04
  1.4999214e-03
  7.5641298e-04
  8.7529083e-04
 -7.8090889e-05
 -1.6968354e-03
  2.6462048e-03
 -2.1344679e-04
 -2.4031517e-03
 -2.5246397e-04
  2.4620711e-04
 -1.6361978e-03
 -5.6608566e-03
  5.7874678e-04
 -1.2443314e-01
  1.1593191e-03
 -4.0390603e-02
 -9.3499362e-04
  3.2220702e-04
 -2.6168986e-04
  1.9976590e-03
  1.2975984e-03
 -4.3070011e-04
 -5.4300530e-05
 -8.5566181e-04
  9.5758237e-02
 -2.7047347e-03
  1.8380337e-03
 -2.8808619e-04
  2.5124350e-03
 -2.0041759e-03
 -3.0657861e-04
 -1.2576423e-03
  8.6201588e-04
 -1.1269127e-03
  1.0903670e-02
 -9.1964984e-04
 -2.7238112e-03
 -2.5131428e-03
 -1.1882882e-03
 -2.7819390e-03
 -9.2457753e-04
 -1.9047154e-03
  1.2380881e-03
 -3.7502183e-03
  8.5232902e-04
 -1.0664894e-03
  1.1421734e-04
 -9.6427480e-05
  1.5157115e-04
  1.3783626e-04
 -2.0196356e-03
  4.4376252e-04
  2.8312039e-03
  4.0989125e-04
  3.5986167e-04
  3.9863150e-04
 -5.1509380e-02
  7.9411941e-05
  3.5649235e-04
 -1.8901421e-03
  6.6494074e-04
  6.5006863e-04
  1.4954261e-04
 -2.9356219e-03
  5.1029255e-03
 -1.9613125e-03
 -3.6948823e-04
  9.1179687e-04
 -3.8687437e-04
  5.5088440e-04
  1.7552387e-03
 -6.8653584e-04
 -5.4456817e-04
 -7.4478838e-04
  1.6109986e-03
  5.9739943e-04
 -6.2832902e-03
 -3.1999988e-03
 -4.2721239e-04
 -3.1268960e-03
 -6.3316897e-04
  1.7934910e-03
 -8.7254849e-04
 -2.0451937e-03
 -1.0153125e-03
 -2.9835061e-03
  2.4585794e-03
  2.5112419e-03
  3.3678371e-04
 -1.8219915e-03
  5.2253418e-03
  8.4824261e-04
 -6.9023331e-04
  5.5529579e-04
 -1.1471331e-03
  3.0070657e-03
 -1.0181754e-02
  9.9507079e-04
 -6.7598489e-04
 -5.9603369e-03
  1.4885366e-03
 -2.2407898e-03
 -1.9782428e-03
 -2.5976866e-03
 -1.7989611e-03
  1.6627482e-03
 -9.4553950e-05
  1.6904171e-03
 -4.1335489e-04
 -8.5689069e-04
 -2.5210273e-04
  7.8866043e-04
 -1.4415820e-03
  1.2440396e-03
 -1.0957920e-03
  2.2888952e-03
  3.1125643e-03
  1.6502063e-03
  1.3221361e-05
 -2.4440908e-04
 -1.9084344e-03
  1.9882729e-04
 -1.2106181e-04
 -1.7420166e-03
 -2.7370513e-03
  2.3204684e-03
  4.4760748e-04
 -2.7295260e-04
  1.6352581e-03
 -3.3289462e-03
  3.4281106e-03
  3.9848681e-03
 -3.9109215e-04
 -2.1366702e-04
 -3.5028358e-04
 -4.4292008e-04
  1.2429612e-03
 -1.6153919e-03
 -6.5613830e-01
 -3.4648820e-04
  1.1329779e-03
  3.1120013e-04
  7.8142062e-04
  3.2498492e-03
  8.3335058e-04
  1.1094570e-03
  6.0536677e-04
  7.6417829e-04
 -5.1887264e-04
 -1.2105735e-03
  5.7253178e-04
 -5.6640914e-04
  7.1594189e-04
  1.3041185e-03
 -1.9936718e-03
  2.0320616e-03
  9.4001216e-04
  2.0772428e-04
 -2.2935320e-04
 -1.2985474e-05
 -2.3963854e-03
 -1.4753538e-04
  3.1840289e-03
 -2.7398076e-03
  6.2072463e-04
 -9.2932174e-04
 -1.6594229e-03
  4.7741910e-03
  3.0683773e-03
 -7.7751919e-04
  7.0171407e-04
  2.8110028e-04
  7.1346288e-04
  1.2501386e-03
  2.2674503e-04
  1.0914041e-03
 -1.3540899e-03
  9.4744231e-04
 -8.4671093e-04
  1.9239451e-05
 -2.5079836e-04
 -3.7577894e-04
  3.1514505e-03
  4.8874691e-03
  1.7554089e-03
 -6.5102172e-04
  1.6731690e-03
 -1.6685614e-02
 -4.7910490e-04
 -4.7965258e-04
  1.1929851e+00
 -9.7408483e-05
  4.8182672e-05
 -1.9310322e-03
  3.6927985e-03
 -1.7730129e-04
 -4.2522736e-04
 -3.7498539e-03
 -1.7412032e-03
 -1.0088902e-03
  9.4022551e-05
 -1.2913716e-03
  3.7069006e-03
 -1.8669113e-03
 -1.0828518e-03
  5.2862992e-03
 -1.7822905e-03
  4.0936284e-03
 -3.4374825e-05
 -1.0216043e-03
 -1.4788702e-03
 -9.6641522e-04
  1.7593338e-03
 -1.0819240e-03
  1.2423707e-03
  3.2505065e-03
 -1.6486913e-04
 -8.9724187e-04
 -7.2957610e-04
  4.2156840e-04
 -3.3537444e-04
  2.0521355e-03
  5.6376692e-04
 -2.7083058e-04
 -3.5524747e-04
 -1.9157303e-03
 -9.7526668e-04
 -8.9900900e-04
  9.2475535e-04
  1.1411054e-01
 -7.0199021e-04
  2.0479681e-03
  6.3387927e-04
 -5.6917334e-01
  5.1811654e-03
 -5.0116807e-02
 -1.3513386e-03
  1.1775640e-04
  1.7213864e-03
  1.8438202e-03
 -5.4016965e-03
  4.4792096e-04
  6.0200540e-04
  2.1656977e-03
 -3.3823779e-04
  1.1459755e-03
  1.0031261e-05
  8.4183342e-04
 -2.9492890e-05
 -3.2488164e-04
 -3.8218037e-03
 -8.2934024e-03
 -5.9518655e-04
  1.0658609e-03
 -1.1600433e-03
 -9.7272696e-04
 -9.2584956e-03
  3.2332059e-04
 -5.6642242e-04
  6.6678561e-03
 -1.5759986e-03
 -1.0515354e-03
 -4.3934249e-04
  1.2666226e-03
  3.7664752e-03
 -2.3269895e-03
  3.2041068e-03
 -2.6588207e-03
  2.8986026e-02
 -2.3931984e-03
  1.9563187e-04
 -5.0555647e-04
 -5.0115847e-04
 -1.4211377e-03
  1.1433648e-03
 -3.8385656e-04
  1.2962490e-03
 -5.8549352e-04
 -4.3026977e-03
 -2.4636041e-03
 -1.0414224e-04
  7.2833773e-04
  2.3323663e-03
 -2.6533208e-03
 -2.6043940e-03
 -1.1753257e-03
 -1.7538533e-03
 -9.0991831e-05
  1.1220019e-04
 -4.1679334e-05
 -3.9240374e-04
 -1.5467801e-03
  4.2163404e-03
  8.7282294e-04
 -9.6786959e-04
  2.4111243e-03
 -1.4681512e-04
 -1.1067493e-03
 -2.5638866e-03
  1.9330991e-04
 -9.3783776e-04
  1.4119713e-03
 -1.2449464e-03
 -1.4444003e-03
  6.3967123e-04
 -2.5980435e-03
 -3.4608514e-04
 -9.3527272e-04
  9.9094654e-04
  8.4962812e-07
  2.9469244e-03
  1.2041910e-03
  3.0345481e-03
 -1.0893187e-03
 -1.3931255e-03
  1.3183987e-01
  8.6742926e-01
  5.4536641e-01
 -3.7547220e-02
 -1.7508477e-02
 -7.3909861e-01
  7.2325093e-01
 -7.3709923e-01
  4.3991841e-03
  2.0436011e-05
 -1.9727540e-04
  9.6350498e-02
  1.2502110e-01
 -3.6394244e-01
  1.5370986e-02
 -9.7030606e-03
 -2.5205314e-01
  1.3934559e-02
  2.2813722e-03
  8.1957012e-02
  2.2900533e-02
  5.4264283e-01
  4.2950481e-01
  3.2917026e-01
 -6.4018530e-01
  3.8477066e-03
 -6.9360495e-02
  3.2560560e-01
  2.0605462e+00
  4.4666788e-01
 -2.5853395e-02
 -7.1694469e-04
 -6.4070791e-04
 -8.2401850e-05
  2.4581710e-03
  5.3244025e-01
 -2.5417484e-02
 -3.7301667e-03
  2.9834150e-03
 -1.4449587e-03
  1.4546100e-04
 -4.3206541e-03
 -1.3020029e-04
 -5.6485104e-04
 -1.1609017e-01
 -7.7532977e-01
 -2.4662751e-01
 -1.5245092e-01
 -3.3839375e-01
 -2.3728041e-01
  3.8102459e-02
 -3.1416588e-03
 -1.9986014e-01
 -4.0478891e-04
 -4.1266553e-02
  7.3938280e-02
  8.6360052e-04
  7.9182805e-03
 -1.4082453e-03
 -1.2358138e-01
  1.0419836e-01
  4.2940591e-02
 -1.1787215e-02
 -4.6968959e-02
  2.3601111e-03
  2.7549963e-02
  1.2366557e-03
  5.6298357e-03
 -1.0622396e-01
  1.5379657e-03
 -1.9867136e-01
  1.0903135e-03
  1.3626114e-03
 -1.8085057e-02
 -3.5893510e-04
  4.6788501e-03
 -2.7950536e-03
 -2.8711313e-04
  5.4874639e-03
 -5.0853295e-03
 -1.0562844e-03
 -3.6862139e-03
 -2.1470746e-04
 -2.8506203e-03
  6.1526415e-03
 -1.0446372e-04
 -1.8000675e-03
 -5.0148304e-04
  3.6550700e-03
  6.1787318e-02
 -4.3960701e-04
  1.7400155e-02
  1.6293377e-03
 -2.8665194e-01
  7.9399425e-01
  1.1313536e-02
 -5.9317112e-02
  3.6197613e-04
  8.2495215e-05
  2.3556878e-03
  9.7653107e-04
 -1.6166682e-03
 -2.3787783e-03
  2.6617968e-04
 -1.7510594e-03
 -4.9932598e-04
 -2.3129296e-03
 -1.5227576e-03
 -9.0540189e-04
  4.0005888e-03
  3.5598669e-03
  8.1501683e-05
 -1.8635433e-02
 -6.3318177e-03
  2.3854680e-03
  2.1778056e-03
  7.4035430e-04
 -2.0148542e-03
 -5.1800669e-03
 -3.3123756e-04
 -3.4566468e-04
 -1.9447673e-03
 -1.2424428e-03
  2.3153247e-03
  6.0799991e-04
  1.1608567e-03
  2.4287921e-04
 -1.9408624e-03
  1.1020980e-05
 -6.3409848e-04
  4.5555341e-03
 -5.8948053e-03
  2.2280023e+00
  1.1357635e+00
  1.7498591e+00
  1.7990118e+00
  9.2320114e-02
 -7.1896094e-01
  5.4549754e-01
 -2.0657911e+00
  1.0552680e+00
  5.7928038e-01
 -5.8332551e-01
  1.2464365e+00
 -2.4754001e-04
  1.5403430e-03
 -8.3330877e-02
 -1.1728641e+00
  2.0083223e-01
  2.0227885e+00
 -4.2600480e-01
 -2.9414183e-01
 -1.1062110e-03
  4.7046131e-01
  3.2744581e-01
  8.4291631e-03
  8.9381462e-01
  8.8147831e-04
 -1.4482103e-03
  5.8695786e-03
  1.1281393e-02
 -1.2990184e+00
 -4.2619396e-02
  3.7918693e-01
  4.1947180e-01
  4.5441900e-04
  4.3169910e-04
 -2.6423519e-04
  1.3943343e-01
 -3.9496121e-01
 -4.4496957e-04
 -4.1635148e-03
 -2.2474951e-04
 -1.0920104e-03
  1.5578861e-03
 -2.6219117e-03
 -1.7828417e-01
  2.7222428e-01
 -3.8430501e-02
  7.1828827e-02
 -5.0069678e-01
  8.3217834e-04
 -5.7031423e-01
 -3.5429513e-01
 -1.8773061e-01
  3.0754466e-02
 -2.9742512e-01
 -1.5665370e-01
 -7.4377574e-02
  8.8529706e-02
 -2.6465487e-01
 -4.4871256e-04
  1.0653703e-01
  1.9659473e-02
 -2.3830608e-02
 -7.4756235e-02
 -9.4231656e-03
  2.5348675e-02
  7.1934424e-02
 -1.6876109e-01
 -2.1915668e-01
 -1.1448641e-02
 -3.3424318e-02
 -3.0142498e-01
 -2.2256774e-01
  2.3096341e-01
  1.4961211e-01
  1.4297080e-01
  2.0787902e-03
  2.3951985e-02
 -8.3085382e-03
 -6.8004256e-01
 -3.8331941e-02
 -5.9418718e-04
  5.6665698e-03
 -6.4615430e-03
  5.5023037e-02
 -1.1514525e-04
  2.8948016e-03
  6.4826101e-02
 -1.8135614e-03
  2.3820081e-03
  5.1089139e-03
 -1.2355632e-03
 -3.2427564e-04
 -1.7775374e-03
  3.3601781e-04
 -4.0340875e-03
 -3.9540073e-03
  7.2197581e-04
 -5.1911676e-04
 -1.3524807e-03
 -1.8609299e-03
 -2.5980477e-03
 -9.1795175e-04
 -1.4251095e-03
 -2.5585224e-04
 -2.5519913e-03
  8.1229734e-04
 -4.8500311e-05
  2.8870993e-03
  2.5626933e-03
 -5.3031842e-04
  3.3847889e-04
 -2.1554716e-03
  8.7367749e-05
 -3.9797379e-03
  6.2586172e-03
  1.5031482e-03
  4.3683528e-04
  1.5653640e-03
  6.0730323e-04
 -3.0457894e-03
 -2.6297411e-03
 -1.1793361e-04
  2.3419205e-03
 -1.8657498e-03
  1.1975591e-03
 -2.9254872e-03
  1.6828488e-03
 -2.6717922e-04
  3.8176903e-03
 -3.0069344e-03
 -1.2677961e-03
 -4.5303255e-04
 -2.9442317e-03
  2.7642886e-03
 -1.3220930e-03
  4.4191144e-03
  8.4582251e-04
  2.2239988e-03
 -2.0113939e-03
  6.2397367e-04
  1.8572676e-03
 -1.1352618e-03
 -1.8563967e-03
  4.2971089e-03
 -7.5152924e-04
 -4.5043358e-04
 -1.1216655e-03
  2.5442772e-04
 -5.9701901e-02
 -1.0251513e-04
 -2.3281535e-03
 -1.1360387e-03
 -3.7101505e-04
 -2.5647617e-04
 -2.9158231e-03
 -9.2808023e-04
  2.6822340e-04
 -3.8807027e-04
  5.1637040e-04
  2.6586344e-03
  2.4568227e-03
 -2.2523401e-03
 -7.9358101e-04
  1.5103536e-03
  7.0276009e-03
  2.0232734e-03
 -8.1789156e-04
  1.3374020e-03
  1.4835210e-03
  5.1656022e-04
  2.5378901e-03
 -5.4761936e-04
  4.3096361e-04
 -2.4413292e-03
  5.5168668e-04
  1.1187422e-01
  1.5081391e-04
 -1.8764342e-01
  6.5112091e-04
 -2.0824775e-02
  7.6110989e-02
 -9.2465505e-02
 -2.6105433e-03
 -1.9423343e-01
 -4.3509705e-03
  1.2438433e-03
 -6.3229841e-04
  2.4054199e-03
  1.2086511e-03
  6.1570848e-03
  1.7628361e-03
 -1.2727787e-03
 -2.7245277e-04
  1.0113457e-03
  1.3502717e-03
 -1.7521072e-04
 -1.2996915e-04
  6.9769062e-03
  1.7483046e-03
 -7.5126314e-03
  5.2553294e-03
 -9.8807528e-04
  1.4401676e-01
  2.8558255e-03
  4.8776572e-03
  1.1051215e-03
 -7.9444109e-04
 -1.0338180e-03
  5.1960704e-04
  4.3315423e-04
  1.5332381e-02
 -1.2388366e-03
  2.4698931e-03
 -4.0227424e-05
 -2.7801291e-04
 -3.6970270e-03
  1.2314850e-03
 -1.9631123e-03
  8.3130895e-04
 -6.2567466e-01
  5.8092815e-01
 -5.7076371e-01
  3.0301416e-01
  6.2897122e-01
 -6.3764769e-01
  1.1699271e-04
  3.3394571e-02
  1.6887716e+00
  1.5497781e-04
 -1.0161943e-02
 -3.5469818e-03
 -5.8035241e-03
  6.2708929e-04
 -4.0177465e-03
 -1.7228316e-03
 -2.5175614e-02
  8.7745541e-01
 -5.5511831e-04
 -5.0275872e-04
 -1.7062825e-04
  6.8029086e-03
 -9.3795970e-04
  2.8508362e-01
  6.7531687e-01
 -3.5151001e-03
 -5.9571408e-04
 -2.8075482e-04
  1.0277233e-03
  8.0775356e-01
  5.2362625e-03
  1.9383320e-04
 -2.4091715e-03
  7.6249533e-04
 -2.0306576e-03
 -1.5591080e-03
 -3.8979721e-04
 -5.3210882e-03
  4.4131195e-03
  3.9366033e-04
  2.0514628e-04
 -6.5979460e-05
  3.3980594e-03
  1.0817249e-03
 -3.1481868e-01
  2.1061531e-01
 -6.0796797e-01
 -2.2017218e-01
  7.0997521e-02
 -1.1286419e-03
  1.1283211e-01
  9.8545908e-04
  8.2637358e-01
  1.1025952e-03
 -1.1768352e-03
  1.8230306e-03
 -2.2076848e-03
  8.4709134e-03
 -2.0317880e-03
 -2.1949195e-04
 -1.5137790e-04
  2.9457185e-02
 -1.0028965e-03
 -1.9139603e-03
  9.3074504e-04
  1.8844023e+00
 -1.0682261e-03
  5.4694089e-04
 -2.4223307e-01
 -2.1737763e-03
 -5.5022468e-04
  1.2035307e-06
 -1.5226394e-03
  8.7101519e-02
  3.6106822e-03
  2.6664312e-04
  4.4724744e-04
 -1.8586576e-03
  1.8113856e-03
 -6.6302501e-02
 -4.7996762e-04
 -6.1303307e-04
  5.2245014e-04
 -5.0565489e-03
 -7.8385376e-05
  1.3116682e-03
 -6.8915472e-04
 -4.0924401e-04
 -5.8981830e-01
  1.6420908e-01
 -6.8137079e-01
 -7.9595441e-01
  1.3966489e+00
 -2.6601186e-01
 -4.2848557e-01
  2.9386314e-02
 -1.9070538e-02
  6.3687667e-02
 -1.2104902e+00
 -2.7599138e-01
 -6.7400795e-01
  2.9556203e-01
  6.2936293e-03
 -4.0710911e-01
  1.7014055e-01
 -1.2252337e-01
 -3.0243209e-01
 -8.0715561e-01
 -1.5220339e-03
 -6.8288565e-01
 -1.6954668e-01
  2.9388791e-01
  4.3785003e-01
 -4.6461377e-01
 -1.6725024e-02
 -2.6106787e-01
 -3.3752117e-01
  1.0207728e-01
  1.9035092e-02
 -1.8933699e-02
 -2.4849759e-01
 -2.6360210e-02
 -4.0330273e-01
 -1.4383544e+00
  1.4572006e+00
  3.6791468e-03
  3.8911968e-02
 -3.5166923e-02
  6.5877214e-02
 -5.7079759e-04
  1.6280565e-01
  1.4887525e-01
 -2.3301721e-03
 -4.9396273e-04
 -1.7324858e-03
  6.3995010e-04
 -8.7949925e-04
 -2.1675161e-04
  3.2308989e-03
  2.7413340e-03
  9.8840392e-05
  3.3919665e-03
 -1.9411003e-05
 -2.7833567e-03
  4.5498488e-03
 -2.2204865e-03
 -4.2258913e-04
  4.3865046e-03
 -3.5223053e-04
 -9.1968384e-04
  3.2687366e-03
  3.0116064e-03
 -2.2117663e-03
 -1.8138806e-03
 -3.0241171e-03
  2.6939908e-04
  1.6389716e-03
 -1.6543192e-03
 -1.4123474e-03
  2.1705818e-03
  3.7017039e-03
  6.3850558e-03
  5.0065271e-04
 -6.4618886e-04
 -7.4779103e-04
 -2.0606054e-03
  1.7706192e-03
 -1.1762416e-04
  3.3064780e-04
 -7.2505209e-06
  1.1032607e-04
 -6.7477016e-04
  5.5346318e-04
  1.2362922e-03
  1.3218850e-03
 -2.2704150e-03
 -2.9530642e-03
  7.7210151e-04
  1.1148792e-03
  6.1680953e-04
 -7.7750045e-04
  1.2455112e-04
  1.7178826e-03
 -2.1791807e-03
 -2.0586628e-01
 -2.5769155e-03
 -2.5069967e-04
  5.4952950e-04
 -5.6287326e-04
  1.8020780e-03
 -2.7251185e-03
 -3.2902297e-04
 -4.3950179e-03
  3.3092557e-04
 -2.6075128e-03
  1.1950063e-03
 -1.6515162e-03
 -1.6761670e-04
  6.0777360e-04
  4.7724074e-04
  1.4459117e-03
 -7.8672345e-04
  4.3291019e-04
 -2.2243377e-04
 -3.0239776e-03
 -1.1974256e-03
 -2.3832805e-03
  3.5208976e-04
  1.3854765e-04
 -2.1141622e-04
 -4.5382543e-04
  5.7030056e-04
 -1.6040006e-04
 -8.4229646e-04
 -4.7141654e-04
  3.0302447e-03
 -2.9638303e-03
  2.3279954e-03
  5.6939460e-03
 -2.5809626e-04
 -2.6828137e-01
  3.9004529e-01
 -3.9307287e-01
 -6.1267114e-01
  1.4987673e-01
 -2.7680680e-01
 -2.6131293e-01
  9.3239032e-02
 -8.4588611e-01
  1.9992236e-02
 -1.8038240e-01
  3.7760025e-01
 -8.3892904e-02
  7.6119147e-02
  4.2380798e-03
 -5.0765288e-01
  4.5352748e-01
  1.2343846e-01
 -3.0532518e-01
 -3.0753997e-01
  2.6639914e-03
  5.9618514e-02
  7.4906719e-01
  4.6057299e-02
 -8.2943380e-01
  4.3302875e-02
 -2.3094654e-02
  8.9024067e-02
 -1.9895431e-01
 -1.1579351e-01
 -1.1688359e-03
 -3.3595291e-04
 -3.6776924e-01
  4.4508261e-04
 -1.2526300e-03
 -3.8469783e-03
 -1.4927150e-02
 -2.0791187e-03
  3.1429302e-02
 -3.8763307e-02
 -2.9637448e-03
  3.7211042e-03
  6.4080022e-02
  8.9199253e-04
  3.6132496e-04
  4.5168441e-04
 -1.0596018e-03
 -5.1245542e-04
 -9.7292534e-05
 -1.0125039e-03
  5.6101673e-04
  1.7091996e-04
 -8.6186285e-04
 -2.9561046e-04
  3.3639651e-04
 -2.3134400e-03
 -3.1866052e-04
  2.2507401e-03
  1.6140881e-03
 -1.5259342e-03
  9.4904314e-04
 -8.1020233e-05
  1.1256962e-03
  1.1327519e-03
 -1.5077534e-03
  2.1880935e-04
  4.8147817e-04
 -4.8433739e-04
  1.1572208e-03
 -1.2482658e-03
  2.2804471e-04
 -5.3766230e-04
 -4.7784153e-04
 -1.8822890e-03
 -6.4377324e-04
 -1.8638164e-03
 -1.7830563e-03
 -1.6178576e-03
  9.9507719e-04
  1.6628659e-03
  4.3965378e-04
  3.4255374e-04
 -1.7948410e-03
 -1.0359806e-03
  1.2980022e-03
 -1.1829929e-03
 -3.5478326e-05
 -8.9985941e-04
  3.8099876e-01
  5.8687415e-02
 -8.8015527e-01
  7.1430498e-01
 -7.0484561e-01
 -8.3459330e-01
 -2.4726295e-01
  1.5514389e+00
 -8.1193435e-01
 -5.8337539e-02
 -2.5917363e-01
 -8.9568853e-01
 -1.1962837e+00
  3.3444621e-02
 -3.4838092e-01
  4.2833471e-01
 -1.0478196e-01
  7.2783321e-01
 -3.3016512e-01
 -3.3270481e-01
 -5.9743690e-01
 -1.1397506e+00
 -1.0210911e+00
 -8.7181706e-04
 -6.0093433e-01
 -4.0597048e-01
 -8.0980313e-01
 -3.4004799e-01
 -1.8492181e+00
  6.9287837e-01
  3.1240669e-01
  6.3793844e-04
 -6.3732870e-02
 -1.3766731e-01
  2.2613234e-03
 -1.8560658e-01
 -5.5138904e-01
  1.2959610e-01
 -1.4315270e-03
 -4.6664826e-03
  1.6672595e-03
 -5.0744843e-03
  2.5225905e-04
  9.0609513e-02
  2.5246264e-03
  8.5094856e-05
 -2.9430217e-01
 -7.4700982e-04
  3.0990550e-04
 -1.0806777e-03
 -1.4483480e-03
 -8.9693913e-04
 -5.9116387e-04
 -3.8691313e-04
 -9.6884317e-04
 -4.5426539e-05
  2.2427719e-03
  6.1316337e-03
  1.1546802e-04
  7.3458708e-04
 -1.5824684e-03
 -2.4742313e-04
 -2.6719179e-04
  7.0605392e-04
 -2.1639286e-04
 -2.5799898e-03
  5.4027484e-04
  4.0726236e-04
  7.6494977e-04
  2.6583750e-04
  2.6999030e-03
  5.0584093e-04
  3.1125296e-03
  1.6201420e-03
  3.4550810e-03
  3.7818502e-03
  1.9129989e-03
  2.7964115e-03
 -1.0620186e-03
 -6.1703169e-05
  5.6812245e-01
  3.6653233e-04
 -1.2297637e-04
  2.4825244e-03
  1.6802964e-04
  1.2344941e-03
  1.4618264e-03
 -1.1930469e-03
  1.9675710e-03
  7.0084855e-03
  1.9825913e-02
  5.1338125e-02
  5.8589777e-04
  6.5155458e-05
 -9.7101325e-01
 -6.4600751e-02
 -1.2282665e-01
 -2.3110043e-03
 -2.7216534e-04
  1.0961217e-03
 -1.5284144e-03
 -2.8227500e-03
  9.2761434e-04
  2.8857503e-03
  5.0403760e-04
  2.2341814e-03
  1.7496058e-03
 -2.1632749e-04
 -1.7318256e-03
  2.6710383e-03
  5.1935543e-03
 -1.4485402e-02
 -6.0717758e-02
  2.3635395e-03
  8.7594351e-05
 -3.5009754e-05
 -6.2402681e-04
 -1.1538570e-03
 -6.9822883e-03
 -3.3395595e-04
  1.5637482e-04
  1.5370391e-04
  1.3531911e-03
  6.8180851e-04
  1.9569187e-03
  1.3001148e-02
  2.0242349e-04
  8.1069372e-04
  3.6985928e-04
  1.3943239e-03
 -2.5332981e-04
  4.6759336e-03
  2.3374174e-04
 -2.2465340e-03
 -5.8019836e-04
 -5.7615573e-03
 -3.4244385e-04
 -2.2762776e-03
  3.5654148e-03
  2.8264378e-03
 -6.6674571e-04
  1.8405742e-03
 -7.8182109e-04
  6.2442105e-04
  1.9672560e-03
 -1.8825337e-03
  9.0773646e-03
  1.7573423e-03
 -8.0943697e-05
 -5.4683478e-04
  8.6733908e-04
 -7.3200796e-04
 -3.7975297e-03
  1.1822928e-03
 -5.7360791e-03
  5.9421890e-04
 -3.0004530e-04
  6.9270493e-03
  1.0336370e-03
 -2.2038002e-04
 -1.2952075e-03
 -2.0884101e-03
  1.8078217e-03
  6.0934311e-04
  4.9667559e-03
 -1.1310682e-03
 -2.2873126e-03
 -5.1261308e-03
 -6.1820052e-03
  5.9017976e-04
  7.2419556e-04
 -1.3331024e-03
 -1.9278322e-04
 -1.3927885e-03
  2.6044584e-04
  1.1840003e-04
  5.6561255e-03
  2.6401490e-02
 -4.1691449e-02
  2.2654729e-02
  3.8833104e-03
 -2.8524911e-03
 -2.3318293e+00
  3.1860180e-03
 -2.0429589e-01
 -1.7614861e-03
 -3.7331586e-03
 -4.5932964e-03
  3.2516969e-03
 -4.8266822e-03
 -3.1315503e-03
  1.9973256e-03
 -3.4278710e-03
  2.6331931e-02
 -2.6606387e-03
 -2.6157146e-02
 -7.5281720e-04
  3.4275416e-02
  4.2020599e-04
 -7.7389246e-03
 -7.8328978e-03
 -4.4835983e-03
  1.6698502e-03
 -1.6289855e-03
 -2.7451483e-03
  3.0148171e-03
  2.5850928e-03
 -2.7256112e-03
  4.7013577e-04
 -5.8135493e-03
  2.0869707e-03
  1.8689719e-03
 -9.9059218e-04
  1.1163170e-03
  5.8930356e-04
 -1.4425463e-03
  1.1809920e-03
  7.6080847e-04
  1.7757944e-04
  1.9313945e-03
  3.6493566e-05
 -3.9925098e-02
 -1.5685387e-04
 -7.4422769e-03
 -7.3604810e-04
  3.5407982e-04
 -7.8805548e-05
  2.1398027e-04
  1.3375301e-03
  6.1686873e-03
 -5.3406470e-03
  2.2153105e-03
  2.2547701e-03
  1.2382973e-03
 -1.3714747e-03
  1.4341574e-03
 -1.5254351e-03
 -2.0170474e-04
  3.9071002e-04
  1.3248674e-03
 -1.1188618e-03
 -2.1178153e-04
  2.1718997e-03
 -1.7435909e-03
 -1.5099561e-03
  3.8339812e-04
  2.7913747e-03
  1.5844904e-03
  1.7727624e-03
  1.9687845e-03
 -4.9457834e-03
 -3.2195967e-05
  1.2901848e-03
 -2.9087008e-03
  1.7273738e-03
 -3.8569342e-04
 -4.2346827e-04
  2.4877659e-03
  2.3764803e-03
  9.4473991e-04
 -6.7498605e-04
  2.1388351e-03
 -6.6235627e-04
  2.7150492e-04
 -3.5551363e-03
 -3.6388313e-04
 -4.9034801e-01
 -2.9401444e-03
 -2.9903828e-04
  1.9499825e-03
  3.9061080e-04
 -8.1915327e-04
  1.2782156e-03
  1.8486712e-03
 -9.8777504e-04
  5.1415190e-03
  2.2094385e-04
 -1.1748679e-03
  1.8560353e-03
 -1.6013088e-03
 -1.0262075e-03
  5.5872672e-04
 -2.2217080e-03
 -3.2126277e-03
 -2.0706086e-04
  1.5660502e-03
  2.6825778e-03
 -3.0591364e-03
  3.0452979e-04
  3.6867685e-04
 -1.3278121e-03
 -5.9058866e-04
 -1.0978256e-04
  2.7741343e-03
  6.6817971e-05
 -4.1327141e-03
  1.5177781e-02
 -2.8968430e-03
 -1.8976539e-04
  8.0735516e-04
  1.1488218e-04
  9.0653624e-04
 -3.0432857e-04
  3.4119764e-03
  2.9638238e-04
 -5.1563737e-05
  2.1260465e-04
  1.0165144e-03
  1.0664249e-03
 -6.2237447e-04
  1.5248056e-04
  6.5944658e-04
 -1.1533819e-04
  4.6033680e-04
 -4.2328662e-03
 -1.4024597e-03
  3.0959995e-02
  3.8945554e-03
 -1.1726823e-03
  1.0727956e-03
 -2.4662998e-03
 -1.8860435e-03
 -1.6844083e-03
  1.1960142e-03
 -6.9509383e-04
  8.7019161e-04
  2.3741226e-03
  1.3265076e-04
  5.4868881e-04
 -3.7955935e-04
 -1.7112149e-03
  1.3834531e-04
  1.4138663e-05
 -1.3407775e-03
 -8.6625832e-01
  3.2299172e-04
 -3.3101998e-03
 -3.4880947e-04
 -1.3150275e-03
 -2.2142301e-03
 -2.5364612e-03
 -2.6077812e-04
 -5.1472988e-04
 -8.6202528e-03
  2.4044050e-03
 -1.3912008e-03
  2.1596032e-03
  8.9508633e-04
  4.0819128e-03
  1.1135580e-03
  6.7675993e-04
  3.4606873e-04
 -5.6033950e-02
 -1.1900402e+00
 -1.3927971e-01
  5.5027783e-01
  5.9822893e-01
 -3.6073211e-01
 -2.0000799e+00
 -2.3251481e-01
 -1.6053904e+00
  3.7355918e-01
 -8.6030793e-01
  6.9714561e-02
 -2.5996065e-01
  2.2134984e-02
  3.6154749e-04
 -2.5092887e-02
  2.4774848e-02
 -1.5925869e-01
 -2.4044942e-02
 -1.4005339e-01
 -7.2513707e-04
 -3.1377618e-05
 -1.8222502e-02
  2.0596237e-01
 -5.8136004e-01
 -3.7715631e-03
  1.0520548e-03
  3.8885758e-03
 -3.4151727e-01
  9.1412023e-02
  1.6383035e-03
 -9.9337578e-02
 -3.5008345e-02
 -1.8422991e-02
  1.3950132e-03
 -3.4549579e-01
 -1.4849092e-01
  2.4035983e-03
  4.2326506e-02
 -3.5248036e-03
  6.7076050e-03
 -9.4149460e-04
  2.9251421e-02
  7.1374677e-02
 -1.1162651e-03
 -1.0822668e-03
 -2.1752117e-03
  9.0486824e-04
  9.9120731e-04
  2.2566370e-03
  1.9151071e-04
 -5.6315303e-02
 -1.1346572e-03
  3.6648064e-04
  4.1004890e-04
  1.6745470e-03
  2.5854446e-03
 -2.5650249e-03
 -8.8571361e-04
 -9.9520036e-04
  6.9902002e-05
  8.3687960e-04
  1.2083814e-04
 -2.8373260e-04
 -1.8657214e-04
 -1.9809071e-03
 -3.0840542e-03
  1.1536042e-04
  5.0135760e-04
  1.1499536e-02
  1.3601235e-03
 -4.8494502e-03
  1.9684513e-03
 -8.4117381e-04
  1.2707362e-03
 -3.4450092e-03
  2.9126793e-04
  1.8424247e-03
  2.2605541e-03
  1.7948325e-03
  6.2305690e-04
 -1.6987836e-04
  1.0052660e-03
 -9.7765320e-04
  8.4302481e-04
  1.5924992e-03
 -2.1069015e-03
 -7.5622462e-05
  1.5454377e-03
 -5.7490193e-03
  7.2662212e-02
  8.8075981e-02
 -4.2533752e-02
  4.4990177e-03
 -1.0669955e-01
 -1.6718936e-04
 -2.8032355e-02
 -3.2457740e-03
 -2.5673665e-03
  1.0011598e-04
  2.8035307e-04
  4.7234740e-04
 -3.5139057e-04
  3.1649083e-04
 -1.0900083e-05
 -9.7779464e-03
  3.0672257e-03
  3.0199245e-03
 -1.2076665e-03
  7.3440559e-04
  3.0262927e-03
 -1.7063245e-03
 -4.6628732e-02
  8.7687193e-04
 -1.3808839e-03
 -4.7990696e-05
 -8.5747866e-05
  1.4749149e-04
 -7.9512509e-05
 -3.3201359e-04
 -1.4289300e-04
 -4.5160361e-04
 -2.4315491e-03
  4.1719981e-02
 -1.2108961e-03
 -9.3766354e-04
 -1.3959698e-03
  6.4133168e-03
 -1.7607087e-04
  1.2388115e-03
 -4.5916322e-03
 -1.1132069e-02
  2.4532846e-01
  6.7795837e-01
  5.2039359e-02
  5.8674288e-01
 -6.4432561e-01
  4.9045845e-04
  1.2678071e+00
 -7.8364730e-01
  1.0139264e+00
 -1.4565054e-03
 -5.5651544e-06
  7.5563990e-02
  8.9799918e-02
 -5.8064056e-03
 -2.5868779e-03
 -7.9334758e-02
  1.9594829e-01
  4.1411960e-01
 -1.0909904e-03
  9.1969058e-02
 -4.6224467e-04
  1.5642359e-03
  2.0970900e-01
 -4.5533467e-02
 -1.7348172e-01
 -6.2198529e-04
  9.6208045e-05
 -5.8551494e-05
 -1.9389970e-04
 -2.3295397e-01
  7.1077347e-03
  2.5312830e-04
  3.8351652e-03
  8.9725532e-04
  3.3606455e-02
  7.5186662e-02
  1.3873601e-01
  2.2917073e-03
 -1.0253490e-03
  1.9074067e-03
 -4.7284146e-03
 -6.2238879e-04
 -6.5060412e-03
 -7.3281485e-03
 -1.2849146e-01
  5.1730472e-01
 -8.9119412e-02
 -1.3445847e-01
 -2.1734591e-01
 -2.7893991e-03
 -2.9394621e-01
 -5.9485164e-02
 -1.0588116e-03
  2.8291857e-02
 -6.9668941e-04
  4.1147959e-03
 -3.7005860e-02
 -1.2770348e-04
  9.4030268e-04
 -1.3445476e-03
  7.4984960e-04
  1.1357449e-02
 -3.0666171e-03
 -4.7702151e-03
 -1.4935642e-03
 -5.9814351e-03
 -5.5917967e-03
  3.0143394e-03
  1.5204135e-02
 -1.4601271e-03
 -7.0499629e-03
 -7.3842760e-03
 -1.5179324e-02
  2.5970390e-04
 -5.0399767e-04
  9.3999337e-03
  7.5017393e-05
  1.6545529e-03
 -9.6673099e-03
 -2.8669867e-01
 -1.4328809e-03
 -1.8213632e-02
  9.5650323e-02
 -1.0954086e-03
  2.3923612e-03
  4.9771881e-04
 -2.1445514e-03
  1.2953209e-02
 -4.3231263e-04
  1.7288835e-04
  6.1339862e-04
  1.5326496e-03
 -2.1504236e-03
  1.7124217e-03
 -2.4959920e-03
  5.7997247e-03
  1.2745010e-04
 -2.3957295e-04
  3.0390788e-03
  5.4297404e-04
  5.2018035e-03
  4.0701532e-04
  1.3221338e-04
  7.1023009e-04
  4.8203534e-04
 -3.8466132e-03
  1.0460848e-03
  1.0192575e-03
  9.0909610e-04
 -3.2245021e-04
 -2.0949242e-03
 -1.5205632e-02
 -2.8791826e-04
  3.5940873e-04
 -3.9900484e-04
 -6.2330428e-04
  8.0772949e-04
 -3.8243050e-03
  6.3758105e-04
 -5.3963014e-03
 -7.9495995e-04
  2.0388851e-03
 -1.2655585e-04
  1.0293217e-03
 -1.0509712e-03
 -4.3372368e-04
 -4.9926230e-04
 -4.1270617e-04
 -3.6335085e-03
 -2.0456288e-03
 -6.9292798e-04
 -3.4711527e-04
  5.4280093e-04
  1.0965555e-03
  1.7070694e-01
  5.7393860e-04
 -1.0541782e-03
 -5.3962937e-04
  5.7597593e-03
  1.0403414e-04
 -7.7449847e-03
  1.3284849e-03
  9.3452458e-04
 -7.9685857e-04
  3.2936595e-04
 -2.9541203e-04
 -5.7352101e-04
 -1.4612306e-03
 -4.3538414e-05
  1.3537930e-03
  3.8942727e-03
 -2.7293625e-04
  2.0437890e-03
 -2.2925233e-04
  9.9958415e-06
 -2.2211039e-04
  7.1054103e-04
  1.1350788e-03
 -1.3206793e-03
 -1.0680313e-03
  3.1427746e-03
  6.0070269e-03
 -1.7992160e-03
  7.4459985e-04
 -2.4967033e-03
 -1.8768245e-03
  5.0073018e-04
  1.1407226e-04
 -8.7561825e-04
  3.3889466e-04
  8.5205182e-05
 -9.2031737e-04
  1.7506450e-03
 -2.9508523e-03
 -5.9763133e-04
 -7.6409517e-04
 -1.7949238e-01
  2.5186896e-02
  4.3973580e-01
 -1.5881723e-01
  1.6697249e-01
  2.1408525e-01
  7.0437074e-01
 -6.6671288e-01
  3.0962041e-01
  8.6525554e-04
 -3.2856682e-01
 -3.7876241e-02
 -4.1904062e-01
  1.1441178e-02
  7.0283368e-02
  3.5103937e-03
  1.4539902e-01
  8.8342704e-02
  5.8958743e-02
 -1.7118125e-01
 -6.7206973e-04
  9.4149122e-03
 -1.5088359e+00
  2.9559039e-02
 -1.5415580e+00
 -2.8622726e-01
 -3.8130942e-01
 -4.3875426e-03
 -1.3976619e+00
 -1.1847567e-01
  9.6797235e-03
 -1.6357888e-01
 -2.5757363e-01
 -1.5400614e+00
 -1.0849152e-03
 -2.2292055e-01
 -4.9223837e-01
 -1.3752501e-02
 -2.8073450e-04
 -9.0348218e-03
  4.9205618e-03
 -8.7514840e-04
  5.1376071e-02
  1.0393241e-02
 -2.0110114e-03
  6.6697184e-04
  1.7213546e-01
  1.4784564e-03
 -3.0198585e-02
  6.6355919e-04
 -8.1027493e-02
 -1.7681899e-03
 -2.1999756e-02
 -3.9370968e-03
  3.6977694e-04
 -4.6565197e-02
  3.3986881e-02
  9.5805689e-04
 -7.3510967e-04
 -6.4971519e-04
 -6.7242613e-04
 -5.5323392e-02
  7.0541428e-04
  6.1201626e-03
  4.9984804e-04
 -7.5482478e-04
  1.8746699e-03
 -2.1221678e-04
 -5.2281568e-04
 -6.2540220e-04
  4.2744940e-03
  3.6902141e-03
  7.1979233e-04
  3.9903089e-02
 -1.7389010e-03
 -1.1732935e-02
 -3.9932347e-04
  2.0571044e-03
  7.4166904e-04
  6.7891054e-02
  1.3273577e-03
  5.2053728e-03
 -2.9210111e-03
 -5.0021423e-04
 -1.3863855e-03
 -4.6378564e-02
  1.0084300e-03
 -1.2765588e-03
 -1.6889249e-03
  4.5852889e-03
  2.6140310e-04
  8.5762690e-04
  6.5567176e-05
 -6.1110302e-04
  2.5031276e-03
  3.4662522e-04
  2.7924625e-03
  1.2093427e-04
  9.8961100e-05
  1.0248745e-04
 -4.8085424e-04
  2.1253051e-03
 -7.0019579e-04
  1.4103726e-03
  9.8800613e-04
  1.4834754e-03
  2.0044716e-04
 -3.2213181e-03
 -3.6029544e-04
  1.8491166e-03
  8.1095996e-04
  1.1317187e-04
  1.5578198e-03
  1.5167063e-03
  1.2671328e-03
 -7.0878386e-04
  2.0554760e-03
 -5.1904935e-05
  1.0890943e-03
  2.4199637e-03
 -5.1137051e-03
  4.8132226e-04
 -2.5688257e-04
 -2.0120433e-03
  3.6271178e-04
  6.1258755e-04
  4.1918242e-03
  5.3775706e-04
  9.5430925e-04
  4.8814393e-03
  6.2289126e-03
 -4.0368154e-03
  6.9342457e-02
 -2.6672864e-01
  6.3993585e-01
 -5.6603327e-02
 -2.5743860e-01
  9.4056904e-01
 -7.8029305e-02
  1.1779294e-01
  2.9624079e-03
 -1.1300154e-01
  5.6231636e-01
 -6.9783252e-01
  2.1835911e-01
  1.4337145e-03
  9.6532696e-01
  1.9774564e-01
 -1.9193795e-01
 -1.1794876e-01
 -1.8481983e-01
  6.2594175e-01
 -4.1028135e-05
  9.0577036e-01
 -1.8950632e-01
 -4.7388282e-01
 -5.6169587e-01
 -2.2898607e-01
  6.7539454e-01
  1.0790008e-01
  2.2433953e-01
  1.1798883e-01
  5.8018481e-03
 -2.4320039e-01
  9.2510466e-04
  2.0376846e-01
  5.4525226e-01
  1.4157771e-01
  5.2507553e-02
  4.0740799e-04
 -1.0516622e-01
  7.4675515e-02
 -1.5674758e-01
 -3.3011014e-04
 -7.2128005e-02
 -1.9354296e-01
  1.3905489e-02
  2.5260717e-01
  3.0222550e-02
  1.3861644e-01
 -8.2271924e-04
 -5.3220947e-04
  1.1658267e+00
  6.1134761e-04
 -6.3056007e-02
  6.1030523e-04
 -4.3115579e-05
 -1.4164510e-02
  1.3742549e-03
 -3.1433417e-03
 -1.6457800e-04
  8.8366738e-04
  2.5761293e-03
  9.4986474e-03
 -6.7365323e-03
  2.1114035e-03
 -2.0092060e-03
  3.4114257e-02
 -4.4289729e-04
 -2.9736012e-02
 -4.9783491e-02
 -9.5106103e-03
 -4.2438362e-05
  4.0863911e-03
 -3.3029821e-04
  1.1123170e-03
 -2.9278528e-03
 -6.0248342e-03
 -1.0134492e-03
  4.2369930e-04
  3.1523989e-03
 -2.4163308e-04
  2.5185959e-03
  6.1037522e-03
 -8.0908760e-03
 -6.1301154e-04
 -2.1089974e-03
  1.2682204e-03
  8.1014077e-05
 -6.2822234e-03
 -1.2503269e-01
 -5.1045513e-01
 -7.5980476e-03
 -4.2322031e-03
 -3.9530984e-01
 -8.1741355e-02
 -2.0579070e-01
 -7.3156255e-01
 -1.2911521e+00
  3.5702041e-04
  9.4262074e-04
  3.3943807e-03
 -1.5260851e-02
  1.8949512e-02
 -1.6469773e-03
 -5.8642130e-02
 -7.1008818e-04
 -2.6316715e-03
 -6.5342113e-02
 -1.9483508e-04
 -2.4285284e-04
 -1.0613088e-02
 -4.3217205e-02
  1.1600088e-02
  9.4453610e-02
  9.2380941e-03
  2.4804631e-03
 -3.3904149e-03
 -1.3430738e-03
  2.5163001e-01
  1.0027759e-02
  1.2928307e-02
 -1.6222663e-03
  1.3917391e-04
  1.4969811e-04
 -4.9724884e-04
  8.5716415e-03
  1.8177531e-03
  1.9684415e-03
  3.1427355e-03
 -3.8957453e-04
 -1.4187315e-03
 -2.7464302e-03
  1.9062082e-03
  2.9385222e-02
  2.1070396e-04
 -3.8180050e-02
 -1.0821042e+00
 -1.5917916e-03
  2.3835311e-03
  2.6531282e-03
 -2.6208856e-03
 -3.7246922e-03
 -7.0071593e-03
  2.0477150e-04
 -2.2844642e-03
 -9.0668863e-04
  2.4749930e-03
  6.7790312e-01
  2.3532999e-04
  3.8473138e-01
  2.2179189e+00
 -1.3132152e-01
 -1.6611892e-03
  2.4686346e-03
 -2.3011230e-03
  8.1640637e-01
  3.2993104e-02
  1.8591264e-01
  7.7237845e-03
 -9.1180671e-04
  8.1314814e-01
  2.4941843e-03
 -1.6432463e+00
 -1.7547921e-03
 -8.2503017e-03
 -2.5443786e-03
  4.5434180e-01
  6.9051201e-04
 -1.9995330e-03
 -2.4663000e-03
  1.5274382e+00
  2.1991681e-03
 -7.9914933e-01
  6.1233920e-01
 -5.9784156e-01
  1.4304688e-03
 -2.8978661e-04
 -5.2010471e-01
 -1.0104612e-03
 -9.2616444e-04
  1.6659583e+00
  6.0458535e-01
  1.4521804e-01
 -2.2997117e-01
 -2.6371869e-01
  4.5444840e-01
 -1.1180975e+00
  3.8612986e-03
 -7.5025298e-02
  1.5352797e-02
  9.8862223e-02
 -2.5241132e-04
  1.4257228e-01
 -1.4531534e-03
  4.5947835e-02
  2.1009533e-01
 -1.2762083e-03
  4.5229238e-01
 -4.5576012e-01
  5.0236195e-01
 -3.4624591e-01
 -8.8462186e-01
 -9.0816722e-04
 -1.5023729e-03
  1.5782502e-01
 -1.8199594e-01
 -1.8261935e-01
 -6.5208954e-01
 -2.7936837e-03
  2.0990996e-03
 -1.4501867e+00
 -2.2514038e-04
 -4.6631169e-01
 -2.0339480e-02
  3.2574767e-01
 -2.1178255e-04
  4.7852010e-01
 -3.7068658e-04
 -1.0484936e-02
 -4.8172668e-02
 -1.2855024e+00
 -2.0283149e-03
  5.3310621e-01
  4.0293664e-01
 -1.0486583e+00
  3.9041501e-02
  1.3201700e-01
 -3.7699497e-01
  2.1480522e-01
 -9.8092009e-05
  2.0209777e+00
  1.0042477e+00
 -7.4211454e-01
  1.6770363e-03
  3.2624197e-03
  5.9319177e-04
 -1.1882943e-03
  3.1117984e-04
  5.2830232e-03
  4.8090750e-04
 -1.2698972e-03
 -2.0564783e-03
 -3.6647063e-04
 -4.2114017e-04
  2.0765946e-03
  9.5690234e-04
  3.0033626e-03
  2.3214145e-04
  1.6338798e-03
  1.0230056e-04
  5.1645795e-04
 -2.4272780e-05
  6.5814904e-03
  1.6835448e-03
 -6.2276595e-03
 -2.5601196e-04
  8.2985708e-04
 -3.0229050e-03
 -1.4296708e-01
 -7.9259230e-04
  1.8272062e-03
  1.3855362e-03
 -2.5129004e-03
  4.1644395e-04
  2.2243261e-03
 -2.5860909e-03
  2.4006848e-04
  4.2664842e-03
  9.8808482e-04
 -1.7722094e-03
 -9.8554810e-06
 -1.3805799e-03
 -3.0468076e-03
  2.9005622e-03
 -1.6354832e-03
 -1.8537219e-03
 -6.3585630e-04
  7.0602109e-05
 -5.1159644e-03
  1.3840334e-05
  6.4395214e-03
 -1.2869658e-01
 -1.1861671e-03
  1.1511936e-03
  3.2245556e-03
  4.2039901e-03
 -1.5799828e-04
  2.5103953e-02
  1.5576326e-03
  1.7562915e-03
 -2.8738836e-03
  1.1219856e-03
  4.8728385e-03
  4.2217309e-03
 -7.9025859e-03
 -1.7870232e-03
 -1.9872300e-03
 -6.1291119e-04
  3.8182670e-03
  3.7426166e-03
 -2.0976476e-03
 -4.2442465e-03
 -3.4210543e-04
  1.3985552e-03
 -2.6710008e-04
  1.3597858e-03
 -2.7476051e-03
  9.0011088e-03
  6.8861159e-04
  9.2720421e-04
 -7.1806484e-04
  2.0423149e-01
  7.5673312e-04
 -1.0316166e-03
  9.3995972e-04
  2.4291920e-03
 -4.4383953e-05
  1.5850812e-03
 -2.0048497e-03
  6.5931387e-04
 -1.5372752e-03
  1.1289550e-05
  4.0321986e-04
 -7.9930527e-04
 -2.9827168e-03
 -8.7450852e-04
  1.7984980e-04
 -7.8242575e-04
 -2.1145567e-03
 -4.8655656e-04
  1.1087549e-03
  1.4551632e-03
 -5.6812319e-04
 -1.6487726e-03
  8.4604807e-03
 -1.4344079e-04
  3.0996236e-03
 -8.3254650e-04
  4.5735487e-03
  8.0511736e-04
  5.4848229e-04
 -9.3180983e-04
 -2.8764445e-04
  2.9079660e-03
  5.9570803e-04
  2.6097110e-01
  1.1653350e-04
  1.8312485e-03
  1.8609327e-04
 -7.6722028e-04
  2.1718582e-04
 -1.0292243e-03
 -5.6880922e-04
 -3.2669795e-04
 -2.5218847e-05
  2.4380516e-03
 -1.0030787e-03
  3.5584247e-04
  1.4862998e-03
 -9.2682736e-03
  2.7228941e-03
 -1.1983743e-03
  2.5022135e-04
 -1.1393449e-03
 -2.6545499e-03
  2.6159487e-03
  3.1504852e-03
  8.6947894e-03
  3.8202235e-03
  2.6172319e-01
  1.0861035e-02
  1.5672479e-03
 -4.1414564e-04
 -6.9108792e-02
  2.7988755e-04
  1.0218386e-03
  5.7395850e-04
 -1.2966027e-03
  3.1081297e-02
 -7.7111705e-04
 -1.8846826e-03
 -1.6986227e-03
  5.2210409e-02
  1.4370468e-03
  7.6886895e-04
  5.5759892e-02
 -1.3483143e-02
  1.2285812e-03
  1.4047126e-03
 -1.1512471e-03
 -1.3555440e-03
  2.9498334e-03
  1.7107326e-03
  1.0572170e-03
  2.3738887e-02
 -3.7192353e-03
 -2.2778446e-03
  7.3137932e-04
 -1.3567770e-03
 -8.7490994e-03
 -1.3050303e-04
  1.0952409e-01
 -3.5794238e-03
 -5.6462886e-04
 -2.2624491e-04
  1.2491626e-05
  1.7227733e-03
  1.3902504e-03
 -1.0804461e-03
 -4.8852788e-04
 -6.3441927e-04
  4.2276439e-04
  6.8823079e-04
  1.7238436e-03
  1.8441973e-03
 -1.1144807e-03
  9.4063650e-04
 -3.2857365e-03
 -1.3419725e-03
 -3.5161732e-04
  7.7984843e-04
 -5.3551933e-04
 -1.2283404e-03
  3.7979763e-03
  1.3738882e-03
  3.5392789e-03
  3.8950378e-03
 -3.3803829e-03
  1.3983808e-04
 -1.7228533e-03
 -1.9061565e-03
 -4.4150511e-06
 -5.2918139e-04
  7.7862467e-05
 -1.1175751e-03
  4.6558529e-03
  1.1615074e-03
  5.3054187e-04
  2.9475822e-03
 -1.4285852e-03
  6.0137468e-03
 -1.0488781e-03
  5.3369638e-04
 -5.3045731e-03
  2.1834363e-05
  4.9247919e-04
 -1.9679817e-03
  1.4722953e-03
 -1.5415360e-05
 -3.2104722e-03
  1.6948023e-03
  1.1896793e-03
 -4.1940240e-03
 -8.0953938e-01
 -7.7010816e-01
 -8.7189108e-02
  2.1505739e-01
 -4.7664274e-02
  2.9802468e-01
 -2.5245312e-01
  4.1465169e-01
 -7.6267868e-01
 -3.4883612e-01
  3.5995844e-01
 -6.3824944e-02
  1.5616699e-01
 -1.0289576e+00
  7.5989157e-02
 -6.5156060e-01
  4.3691164e-01
 -1.4499674e-02
 -2.6292887e-01
 -1.3998480e-01
 -5.1399940e-01
  5.2822888e-01
 -1.0349695e-02
 -2.3746779e-02
 -1.5155205e-03
  7.4519813e-02
 -6.1683640e-02
 -6.7024916e-01
  3.2274088e-01
 -5.2322829e-01
 -7.8842536e-02
 -2.9428726e-01
 -2.8275045e-02
  3.6912480e-01
  4.1857466e-01
  4.5299670e-01
 -4.6219307e-01
 -8.2187481e-02
  8.4714601e-03
 -1.3928612e-01
  2.1927519e-01
 -7.0768736e-02
  3.7476332e-03
  4.8297574e-04
 -2.2683565e-03
 -2.1633331e-03
 -1.4721761e-03
  3.7143186e-02
 -1.2844546e-01
  1.1290873e-03
  9.4475038e-02
 -5.2747934e-04
  3.0600464e-01
  3.8072138e-04
  8.6629055e-03
 -5.2301551e-04
 -3.3470111e-03
 -2.4704705e-03
  4.9661687e-03
 -2.5062812e-03
  5.6345272e-04
  1.1733625e-03
 -1.0231020e-03
 -8.9361443e-04
 -5.2153342e-04
  2.0032616e-03
  8.7252236e-04
 -7.4336142e-04
 -1.2308772e-03
  4.4039516e-03
 -2.4354116e-03
  2.2499156e-03
  1.1705448e-03
 -2.9088361e-02
 -1.4945070e-03
 -9.4574725e-04
 -5.8645773e-04
 -1.0779604e-03
  8.9937160e-03
 -2.0953096e-04
 -6.7939318e-04
  6.0622953e-04
 -2.6249145e-03
 -3.6864297e-04
  1.0110252e-03
 -1.3829126e-03
  4.1819755e-03
 -3.0356993e-03
 -4.2819413e-03
 -3.6396170e-03
 -2.9272903e-04
  7.1855579e-03
  1.5397635e-01
 -4.3579232e-04
  3.8344965e-03
 -6.8205460e-03
 -2.0660242e-04
 -9.2883557e-03
  2.5997365e-02
  5.0218962e-03
 -1.3392889e-03
 -3.7022397e-02
  1.3381997e-03
 -2.1032250e-04
 -1.0216477e-03
 -2.6159436e-03
  2.6913062e-03
 -1.9505081e-03
  7.5903657e-04
  1.0371179e-02
  4.6630442e-04
 -9.3033822e-04
 -6.2698440e-04
 -1.9266233e-03
 -4.6141399e-03
  1.8642652e-03
  1.9026290e-03
 -1.3178366e-03
  9.3799358e-04
 -2.0562008e-04
 -2.1956128e-04
 -5.9705583e-04
  3.2554191e-02
 -7.9030928e-04
 -8.9902030e-03
 -3.2912439e-04
 -1.3069091e-03
 -1.0925665e-03
  1.6491748e-03
 -1.4332500e-03
  1.6916466e-03
 -3.0001744e-03
 -1.7844433e-03
  9.4960541e-02
  7.1109578e-02
 -5.3798314e-02
 -1.0931993e-01
  3.5223276e-03
 -1.2508951e-03
  9.9531196e-02
  4.3518899e-04
 -1.0724540e-01
 -9.9643471e-04
 -3.2909163e-03
 -3.7853501e-03
  1.7689104e-03
 -2.4390649e-03
 -1.1448669e-03
  4.8403395e-05
  2.1446922e-03
 -2.5750816e-04
  1.0549928e-03
  1.9469294e-03
 -8.2718700e-02
 -9.4859028e-04
  2.7978388e-03
  2.3308836e-02
  5.1671581e-04
  4.4207824e-03
  1.5108882e-03
 -5.6480104e-03
  6.9064647e-02
  1.0238008e-03
  1.2949655e-04
 -7.4003910e-04
 -2.4235966e-03
 -1.2084088e-02
 -4.5911327e-04
  1.9522046e-03
  3.3595068e-03
  1.2012798e-03
  2.1824683e-03
 -6.6836663e-03
 -1.1430207e+00
  1.1400904e-03
 -8.3613198e-04
 -5.6601281e-04
 -3.5391089e-03
 -9.9731190e-04
 -5.8824494e-03
  4.2530391e-01
  3.2956894e-03
 -6.4938574e-04
  8.3143087e-03
 -1.3455880e-02
  1.0000225e-04
 -6.0525518e-03
  3.3055644e-03
 -1.3555067e-03
  1.6561756e-04
 -1.1155382e-03
 -2.0873606e-04
 -6.1614211e-03
 -1.1327541e-03
  1.2594644e-03
 -3.8303583e-04
  1.3670048e-03
 -5.0951308e-03
 -1.0262058e-03
  1.0585770e-04
  4.6591521e-03
  2.3227676e-03
  1.9177338e-03
 -1.5995242e-03
 -1.8851730e-03
  3.8811003e-03
  8.1175414e-05
 -2.4935897e-03
  5.7752623e-04
  2.9404468e-03
 -1.5710694e-03
 -3.7403877e-03
  1.2259721e-03
 -8.8800280e-04
  1.0845155e-03
 -5.9310661e-04
 -6.9492252e-04
 -1.7111856e-04
 -1.6799031e-03
  5.9520302e-04
  3.2460375e-04
 -2.1675783e-03
  2.6075623e-03
  7.1988185e-04
 -1.9325255e-01
 -7.6478731e-04
  1.8806421e-04
 -3.6258223e-03
 -1.8248193e-03
 -2.1431781e-03
 -1.0421657e-04
  2.4899219e-03
  1.4429076e-03
 -1.3349697e-02
  2.3781725e-03
  3.4327257e-02
  1.1637768e-03
  2.9185349e-03
 -3.6684505e-05
  1.2595005e-03
  4.9817603e-04
  6.4414549e-03
 -7.9969468e-06
  1.0207837e-03
  5.4693618e-04
 -1.4903670e-03
  8.0433673e-01
 -2.5505482e-03
 -9.2158141e-04
  5.7393103e-04
 -1.6465381e-04
 -9.6281274e-04
  1.0169070e-03
  9.4491523e-04
  1.2282867e-02
  1.7350528e-03
 -2.9352060e-04
 -6.4584130e-04
 -3.8200943e-04
  2.0672560e-03
  7.7201531e-04
 -1.0939261e-03
 -4.5470502e-03
  6.9712210e-01
 -8.0782719e-02
 -7.6642359e-04
 -6.6258041e-03
  3.5997767e-02
 -8.6218547e-03
 -2.4258862e-03
  1.2205816e-03
 -4.7043641e-04
  6.7933507e-02
 -6.6878856e-04
  4.0869005e-03
 -1.0965798e-03
  7.4779172e-03
 -7.2705648e-03
 -1.3199563e-03
  2.7949002e-03
  2.7724532e-03
 -5.1676889e-04
 -1.3420505e-03
  2.0716297e-03
 -2.9210360e-03
 -2.4408388e-03
  3.0274144e-03
 -2.6174199e-03
 -2.8691604e-03
  1.2512486e-03
 -9.2744688e-04
 -1.8035662e-01
 -1.1217975e-04
 -5.6758606e-01
 -9.3639741e-04
 -1.4770583e-03
  1.1087175e-03
  2.6734886e-03
  1.0688285e-02
  2.1289857e-03
 -7.6483359e-04
 -1.7459394e-03
 -1.5366136e-03
 -4.9395948e-03
  1.1537923e-04
 -2.7100467e-03
 -1.6439513e-03
  1.3358027e-03
 -1.1886453e-03
  1.5328053e-03
 -1.5195741e-03
 -6.0796959e-04
 -1.1210284e-03
 -8.8230474e-05
 -6.1063759e-04
  5.1408046e-05
  2.5870898e-04
  1.9788125e-04
  6.1097220e-03
  1.8284818e-04
 -3.3044734e-03
 -3.7309928e-03
  2.6160525e-03
 -3.5276869e-04
 -9.9453155e-04
 -1.8725730e-03
  4.4917667e-04
  1.0348503e-03
 -1.0578815e-03
 -1.8823850e-03
 -7.2380644e-04
 -9.7143051e-04
  1.2333569e-03
 -2.5438191e-04
 -1.9654487e-03
  3.4178311e-03
 -1.8844150e-03
  3.4834554e-03
 -5.0454505e-04
  1.4420757e-03
  6.0501945e-04
 -2.1813234e-02
 -1.0880773e-03
 -7.6026481e-06
  1.6583690e-03
 -3.4798463e-03
  3.1862892e-03
  1.4664987e-03
 -6.8561750e-04
  2.0113157e-03
  3.9437806e-04
  8.6706653e-03
  3.4823362e-03
  1.8135013e-04
  5.8843349e-03
 -1.5076979e-03
 -4.4813810e-04
 -2.2029593e-03
  3.5049939e-03
 -7.2965643e-04
 -1.4309069e-03
  1.4801573e-03
  1.1036012e-03
  2.6189012e-04
  2.5602453e-04
 -2.1026579e-03
 -4.9982633e-04
 -1.3568653e-03
  3.3958517e-03
 -5.0564657e-04
 -1.5344209e-04
 -1.4588544e-03
  1.3573379e-03
 -5.2565977e-04
 -1.9876901e-02
 -1.9298099e-03
  1.4316132e-03
 -1.3684396e-03
  3.5819414e-03
 -6.0765387e-04
  4.8435404e-04
 -1.7945704e-03
  1.5745574e-04
  1.0196466e-03
 -1.4276328e-04
  8.5104042e-04
 -1.9195764e-03
  6.8774173e-04
  2.1392021e-03
  8.9669687e-04
  1.9365269e-03
  2.6374863e-04
 -1.5663053e-03
  1.2847064e-03
  4.5116180e-01
 -2.9110233e-03
 -2.2091198e-01
  2.0321938e-03
 -1.3905785e+00
 -1.6784545e-03
 -4.6050468e-01
 -8.8202409e-02
 -1.0762433e+00
  5.1974494e-02
  1.2826701e-01
  1.0285321e-01
  1.4435335e-01
 -1.0432227e-01
 -1.3218977e-04
  1.4887320e-01
  2.0098680e-01
  4.2939931e-03
 -6.3831365e-01
  3.8132881e-04
 -4.4928808e-04
 -1.3205066e-03
  9.7752744e-03
 -3.9268300e-01
 -1.8674570e-01
  4.0148724e-02
  2.5586620e-01
  2.6424965e-03
  2.4219766e-02
 -6.0402410e-04
 -1.6745221e-04
  5.4033805e-02
 -3.0480522e-01
 -1.6427706e-03
  2.8853323e-03
  8.4201451e-03
 -7.9159709e-03
 -3.8886240e-03
 -3.1619403e-01
 -2.0759285e-03
  7.3842832e-04
  1.0920577e-01
 -1.1594942e-02
 -3.1187441e-04
 -1.7923197e-03
  1.8148916e-05
  4.2398059e-01
 -5.8742135e-04
  3.9575362e-01
 -1.0744438e-03
 -9.8503634e-02
 -4.9917847e-02
 -3.8612431e-01
  1.0006288e-01
  3.5290100e-04
  3.3402798e-04
 -7.7302600e-03
 -3.3712541e-03
  7.4304378e-05
  7.1348481e-02
  7.9514447e-04
 -2.1407619e-04
 -3.1076737e-03
  1.6391261e-03
 -2.9343058e-04
 -3.9519777e-04
 -1.7183409e-03
 -3.0055107e-03
  3.6487426e-04
  7.7036298e-03
  1.9287537e-03
 -9.0324860e-03
  2.4769135e-04
 -6.7219255e-05
 -5.7559926e-04
  3.4499064e-02
 -1.3785652e-03
  5.6999424e-03
  1.2343860e-03
 -7.8464210e-02
  1.6381154e-03
  1.5660895e-03
 -4.5277749e-04
  1.4441603e-04
 -7.8694255e-04
  6.3050981e-03
 -1.1120633e-03
 -7.3083531e-04
 -2.2713069e-03
 -2.2742520e-03
  3.3031499e-03
  4.6676333e-04
 -5.9323129e-04
 -2.0870238e-03
 -2.1260798e-03
  2.8212657e-03
 -9.6805696e-04
  6.3781301e-04
  3.1336809e-03
 -7.1312691e-04
  2.6313323e-03
 -2.7762044e-03
 -1.8941606e-03
  2.7109340e-03
 -1.9256668e-03
  7.2889810e-04
 -8.6762744e-04
 -2.3259684e-04
 -3.3670256e-03
  3.6248334e-03
  1.9324470e-03
  5.0175417e-04
  1.9392505e-03
  1.2422436e-03
  2.3991857e-03
 -1.3473484e-04
  7.8029680e-04
  1.8549769e-04
 -5.8906712e-04
 -7.3171541e-05
 -1.6424446e-03
 -7.0862873e-03
  4.2254711e-04
  1.4053234e-03
 -2.3058308e-03
 -1.2342496e-03
  1.4959164e-03
  4.7024648e-04
 -1.4289859e-04
 -9.4242464e-04
  2.8979624e-04
  1.1645124e-03
  4.5222687e-04
 -3.3048872e-04
 -1.1768135e-03
 -5.6068623e-04
  5.7189609e-04
 -8.9006231e-04
 -7.1647449e-04
  3.1427819e-02
 -9.4973872e-04
 -4.2753323e-04
  1.3362535e-03
 -3.3110166e-03
 -1.4186403e-04
 -4.9233221e-04
 -2.6338859e-04
  9.1213459e-04
 -2.8265791e-04
  1.0537974e-03
  5.0741358e-04
 -2.8526909e-03
  4.4410699e-06
 -1.4067488e-03
  4.2071915e-03
  8.2607612e-02
 -7.3204807e-04
 -2.1264143e-03
  4.3929077e-04
  6.0568919e-04
 -8.3527557e-04
 -1.5217712e-04
  8.8293978e-05
  1.4821661e-04
 -7.5179653e-04
 -2.3195746e-03
 -7.4334623e-04
 -2.0130050e-04
 -6.0270901e-04
  1.9978408e-03
 -6.9038878e-04
 -6.4661880e-03
  2.6064902e-04
 -2.9209622e-03
 -1.7566272e-03
 -1.6349470e-03
  1.5534982e-03
  1.6993677e-03
  2.9092757e-03
 -3.4913872e-04
 -9.7853597e-04
 -3.1719491e-04
 -4.5563147e-04
  1.0123412e-03
 -1.2274634e-03
  5.0595554e-06
 -1.7086470e-03
 -7.8255957e-04
 -1.8174332e-03
  2.1247368e-05
  1.0869573e-03
 -9.9572513e-05
 -3.3115684e-03
 -2.0914766e-04
  9.0545078e-04
  2.5519617e-05
 -2.6882626e-06
 -5.0666073e-04
  6.6143263e-04
 -5.3747105e-03
  2.6304403e-04
  2.2796637e-03
 -1.5816519e-03
  4.2670025e-03
 -9.8216871e-04
  1.4223935e-03
  6.5084978e-04
 -2.1618833e-03
 -2.1864125e-03
  1.5535861e-03
 -6.9723529e-04
 -2.0140121e-03
 -5.2750058e-04
 -7.1956811e-04
 -1.2735060e-03
 -2.0339533e-03
  6.3658005e-04
  5.1583769e-04
 -9.2668756e-04
  1.3594095e-04
 -1.4125492e-03
  2.3167415e-03
  3.4792072e-04
 -3.9190523e-02
 -5.3680816e-04
 -2.0996532e-04
 -1.4532582e-03
 -1.3724216e-03
  1.2899538e-03
 -2.8750503e-03
  1.8854740e-03
 -8.1158942e-04
  1.1724087e-03
 -5.1575183e-04
  3.0362625e-03
 -8.1904407e-04
 -5.4250786e-04
  3.1914413e-03
 -1.4504758e-04
 -9.5450028e-05
  1.2998353e-05
  6.4275980e-01
  1.6372273e-04
  6.0799276e-04
 -2.2401561e-03
  4.0216971e-04
  3.1530316e-04
  3.9705934e-04
  2.9518264e-03
 -4.6360167e-04
  4.7834148e-03
 -5.2907027e-04
 -6.2939047e-04
  7.2766421e-04
 -2.4944602e-05
 -5.3127867e-04
 -2.2835482e-04
  1.0676392e-03
  1.5560370e-03
  2.0809250e-03
  1.5598251e-03
  1.0725277e-04
  2.2315608e-04
 -2.5510974e-03
  2.4867754e-03
 -1.4934037e-03
 -2.4957809e-01
 -4.9916608e-04
 -7.8967594e-02
  3.8790915e-02
  2.4236159e-01
 -6.0102101e-02
  3.6389840e-01
 -3.5866025e-05
  8.1596114e-03
 -5.8130354e-02
  3.2227598e-02
  1.7345243e-05
  2.8507721e-02
 -7.0066884e-02
  3.2245960e-02
  1.1739150e-01
  4.6798683e-04
 -1.0549210e-02
  7.6176121e-04
 -1.7886626e-03
 -2.4409597e-03
  1.0291998e-01
  8.0516195e-04
 -4.7774701e-03
 -1.2942594e-02
  1.3059268e-03
 -6.0990122e-03
 -1.4741155e-03
 -2.2064325e-04
 -1.5936987e-01
  3.2530184e-04
 -1.2470408e-04
 -3.9093713e-03
  4.1880418e-04
  1.7538358e-01
  1.0832634e-03
 -2.8145234e-03
 -1.4435326e-03
  3.6633771e-04
 -1.0572553e-01
  8.5971756e-03
 -1.0499994e-03
 -6.6303712e-04
  1.4781342e-03
 -2.5790066e-01
  6.1269420e-01
  1.6002616e-01
  2.0899684e+00
 -1.1559711e+00
  4.1928059e-01
 -2.2932017e-01
  1.2929339e+00
 -3.4112689e-01
  3.2888782e-01
  2.5184453e-01
 -1.3088363e+00
 -1.7353465e-01
 -1.1450332e-01
  1.0129113e-01
  3.4296468e-01
  2.8777590e-01
  8.6722696e-01
 -1.6486830e+00
 -3.1303763e-01
  5.9368283e-01
  9.3366034e-02
 -5.0089025e-01
  3.5819453e-01
  3.9372885e-01
 -6.7423224e-01
  3.5982493e-01
 -2.3612966e-01
  3.1694278e-01
 -1.0658390e-02
  1.6262931e-01
  1.3355877e-01
 -1.1180407e-01
  2.2084410e-01
 -5.0065632e-04
  2.4492073e-01
  7.0414603e-02
  1.9948597e-03
 -1.6477852e-01
  3.2174242e-01
 -5.0840467e-01
  1.7594939e-04
  3.7179552e-02
  7.1381580e-04
 -1.0021642e-01
  2.5967902e-01
 -1.2197912e-01
  7.7292287e-01
 -8.9667255e-01
  1.0082918e-01
  1.0411175e+00
 -1.0680015e+00
  5.2260238e-01
 -2.0117214e-04
  1.9702271e-01
  5.9793487e-02
  2.3433146e-01
 -4.2251557e-01
  8.0295521e-01
  1.3887751e-04
 -6.7069173e-01
 -2.7443758e-01
  3.5164854e-04
  8.9864485e-02
 -1.0617027e-03
  2.2064094e-01
 -2.9964504e-01
 -9.7201645e-02
  1.3797285e-01
  1.2715929e+00
  1.3170734e-03
 -1.6558103e-01
  2.4885252e-01
 -1.8319939e+00
 -3.4597446e-03
 -1.2985244e-01
 -2.5813333e-03
  2.8837177e-01
  5.2928197e-01
  1.4018830e-03
 -6.0639638e-01
  2.1886497e-03
  1.4847191e-04
  4.0560125e-04
 -2.7455136e-04
 -3.9292742e-03
  2.7615682e-03
  2.5101635e-03
 -1.0325521e-03
 -1.6541623e-03
  4.4069948e-04
  3.3839908e-03
 -3.4109820e-04
  1.1396444e-03
  1.2890229e-01
 -1.0796881e-04
  4.7438240e-04
  1.3145285e-03
  2.0698668e-03
 -1.8714198e-03
  2.7435594e-03
  1.6024590e-03
  4.3721986e-03
  1.3687692e-05
 -6.9256523e-03
 -3.7232961e-04
  2.4169723e-04
 -2.3972297e-04
 -1.3429548e-03
  1.0026047e-03
  1.5507631e-03
  4.5548886e-04
 -2.4334976e-04
 -2.6029287e-05
 -1.8670355e-03
 -1.2268013e-04
  4.0951115e-03
 -6.4589265e-03
  7.1386970e-03
  1.3564189e-04
 -3.8774288e-04
  1.6839056e-04
  3.2730944e-02
 -4.8023375e-04
 -7.1030477e-04
  5.4029631e-04
 -9.5878509e-05
 -4.9139024e-05
  7.5511681e-04
 -5.1676994e-04
  5.7069096e-04
 -4.2571186e-04
 -1.8468261e-02
 -3.3442909e-03
 -1.1134488e-03
  6.2340442e-03
 -2.0490704e-02
 -1.9248492e-03
  2.4339321e-01
 -1.2951316e-03
  5.0143912e-03
 -1.0227367e-03
 -7.3660238e-05
  1.0040321e-04
  1.3120513e-04
 -7.6732812e-03
  3.7414295e-04
  2.2995998e-03
  2.1059460e-03
  1.9385142e-03
 -5.2360655e-04
 -1.2430621e-03
 -5.6144025e-04
  2.0078287e-04
 -6.9417193e-04
  2.7035323e-03
 -7.7342312e-04
 -5.8601135e-03
  3.5777350e-04
 -6.2885490e-05
 -8.6115295e-04
 -2.0406413e-04
  6.7762979e-03
 -1.1781843e-03
 -5.7375035e-03
 -4.3304020e-04
  4.2349519e-03
  2.3864657e-03
  1.1898453e-03
 -2.6659907e-03
  8.3861593e-03
  4.1010356e-04
 -1.3948176e-03
 -1.1035126e-03
 -6.1478885e-04
 -8.3880743e-04
  2.4185455e-01
  4.1338452e-04
  7.6845853e-04
 -1.2555806e-03
  5.2276045e-01
  1.0826068e-03
 -1.3733710e+00
  7.2593160e-02
  5.5233113e-02
  4.6221912e-02
  6.4308615e-04
 -3.4555521e-02
  3.0198816e-04
 -1.0836772e-03
 -3.0198181e-04
 -4.5121741e-04
  3.1550429e-04
  9.1564143e-05
  3.1737359e-03
 -2.2603583e-04
  1.6651318e-03
 -7.1222853e-04
 -2.0083038e-02
 -1.3622274e-03
  6.2720748e-03
  7.8562484e-04
  1.6271109e-03
 -2.7448547e-03
 -1.2290040e-03
  9.8604243e-04
 -1.8838730e-02
  6.6334911e-04
  1.5474992e-03
  1.0169381e-03
 -8.5134624e-04
  6.0583255e-04
 -2.5204560e-03
  3.8440211e-03
 -2.4487570e-04
 -7.4482174e-04
 -2.6052897e-03
 -1.6343184e-03
 -8.5671258e-04
 -6.9824932e-04
  8.0411345e-02
 -1.7435136e-04
  1.2994361e-01
  1.2429178e-03
  6.9057755e-02
 -6.1709895e-03
  3.1656319e-01
 -2.8039259e-03
  5.4242623e-01
 -1.8977980e-03
 -3.1436142e-03
 -6.4583099e-04
  2.7442996e-03
 -4.4883997e-03
  1.6040212e-02
  9.4738160e-04
 -2.7615941e-04
 -2.0309957e-03
 -1.5216923e-03
 -1.3092506e-03
  9.0878515e-05
  2.0420523e-03
  7.5623079e-04
  1.3998420e-03
  3.7950842e-04
 -2.4414659e-04
 -5.8719935e-03
 -1.1241166e-03
  1.1491770e-03
 -4.9163809e-01
  2.7815714e-03
  9.5526990e-04
 -8.9638559e-03
 -8.6803234e-04
  3.4797061e-03
  6.5177679e-03
  7.1393128e-04
 -5.5967533e-04
  7.3267240e-04
 -1.9796183e-03
  6.4611743e-04
 -6.9417101e-03
  3.4743398e-03
  1.9150760e-03
 -6.6762902e-02
 -1.0033869e-01
 -6.5218627e-01
  5.7218474e-01
  1.9817300e-01
 -2.5505869e-04
  1.3521959e-01
 -9.1693541e-03
 -2.9402339e-01
 -7.2780102e-01
 -1.1566764e-01
 -4.7836944e-01
 -8.1118006e-01
  9.2054039e-01
 -2.0912561e-01
 -3.9185253e-01
 -1.3233107e-02
  1.4537230e-01
  4.1490778e-01
  9.5131941e-02
  1.7102023e-03
 -2.0393425e-01
  3.0759636e-03
 -1.7040012e-02
 -1.0426727e-03
 -7.0791614e-01
 -1.1264426e-01
  1.9887310e-01
 -5.5170649e-01
  4.9213383e-01
  1.9107096e-01
  1.8059430e-01
  4.7818378e-02
 -4.4318609e-02
 -4.3251652e-01
 -3.5533056e-01
  3.1698927e-01
  4.4849779e-02
 -5.1819901e-03
  1.0815994e-01
 -1.2239039e-01
  3.1614486e-02
 -9.0605806e-04
 -3.6757169e-03
  1.0186476e-03
 -9.5237570e-04
  2.2986925e-03
 -3.2539775e-03
  2.7874371e-03
 -5.7699496e-04
 -1.3141857e-03
 -8.8799605e-04
  8.2764053e-04
 -2.0369409e-04
 -1.1074083e-03
 -2.6936540e-03
  9.4420806e-04
 -5.7401941e-03
  4.9282345e-03
 -7.2825549e-04
  4.1953503e-04
 -1.3359642e-04
 -2.8470354e-03
 -3.7031011e-03
  9.1059419e-04
 -5.7460309e-04
  3.6615867e-03
  2.0118145e-04
  3.8688617e-05
 -2.6507242e-04
  8.6040254e-04
 -1.0531477e-03
  2.7606456e-04
  4.0609017e-03
  7.5424428e-04
  1.0293878e-03
 -1.6253025e-03
 -5.3481298e-04
  2.2059632e-04
 -2.1021911e-03
 -7.5289095e-04
 -1.4891925e-03
  1.4140183e-04
  1.9988576e-03
 -1.2670229e-03
 -2.1582477e-02
  1.9669758e-04
  2.1982491e-03
 -2.5311491e-01
 -7.2815609e-01
 -4.5781562e-01
  1.7384919e+00
 -1.2738514e-01
  3.4140775e-01
 -3.6047712e-01
  5.1222718e-03
  1.9778607e+00
 -9.3354352e-02
  5.4758132e-01
 -3.2711196e-01
 -1.2991428e-01
  8.0622666e-02
  8.2829350e-01
 -6.6199414e-02
  3.1505352e-01
  1.8659517e-01
  5.5914342e-01
  2.2440078e-03
  1.5803093e-02
  2.9975230e-01
  7.1666606e-02
 -3.4199096e-02
  5.4274509e-03
 -3.7653148e-02
 -7.9922415e-02
 -1.2093305e-03
  1.2164460e-02
 -7.3264343e-01
 -3.2297001e-04
  3.8800499e-05
 -3.1065545e-04
 -1.2695182e-03
  3.2427067e-01
  5.8441713e-02
 -7.3163644e-03
 -1.5172467e-04
  3.2383478e-03
 -1.0357367e-02
  9.8890928e-04
 -1.3150700e-03
  8.3554554e-04
 -6.2839508e-01
  5.6197541e-04
  1.5166390e-03
 -2.4294131e-05
 -1.9069680e-03
 -1.5203141e-03
  1.2888922e-03
 -7.4879779e-04
  1.8257562e-03
 -1.6490233e-03
 -1.0946486e-03
  1.0361533e-03
  6.9209113e-05
  1.3856360e-03
 -7.1579334e-04
  9.8652439e-04
 -1.1301233e-03
 -2.2236211e-03
  2.2318159e-04
 -2.6578891e-05
 -2.6239851e-04
  5.2112230e-04
  5.9076649e-04
 -3.3142685e-04
  1.4732601e-03
  2.1739460e-03
  1.0801827e-03
 -1.3585060e-03
 -4.3352218e-03
 -7.4420130e-04
  1.3229303e-03
 -1.2477057e-03
  6.1804960e-03
 -1.2881083e-03
  7.6089142e-04
  3.1283849e-03
 -4.3996790e-04
 -3.8036667e-03
 -8.7016885e-04
  4.3154016e-04
  1.7216355e-03
  7.9583540e-04
  3.7352229e-03
 -1.7965736e-03
  8.3945831e-04
 -5.7290134e-05
 -5.1941734e-04
 -2.9868812e-03
  4.0374108e-04
  1.4595772e-03
 -2.5384180e-04
 -3.3989002e-04
  7.1100425e-05
 -1.2423375e-03
  1.7436806e-03
  7.9051766e-04
  4.0307517e-05
 -2.4111972e-04
 -2.8286615e-04
 -2.0454950e-03
  8.4797724e-04
 -1.9048317e-04
  2.7056676e-04
 -2.1906141e-03
  8.6343946e-04
 -2.9808382e-04
  4.8947078e-04
 -3.0577861e-04
 -2.7631903e-03
  3.3979205e-04
 -2.5388555e-04
  2.2882300e-03
  1.1318262e-03
  6.4850633e-04
 -4.1919044e-04
 -1.1192403e-03
  7.7543390e-04
  1.0182539e-03
  4.7540599e-03
  8.4411190e-04
  1.0223172e-05
  3.7919782e-04
 -9.4774744e-04
  2.8306190e-03
  1.0371587e-04
  5.8932998e-04
  1.0158601e-03
  1.8664744e-03
 -1.4127792e-04
 -8.6333174e-03
  7.6695927e-04
 -1.8362919e-02
  2.3616166e-03
 -4.5896182e-04
 -1.0036016e-03
  2.8250940e-04
  1.6165599e-03
 -8.7670365e-04
  7.1124523e-04
 -2.8160817e-03
  8.8267185e-04
 -7.1046577e-04
 -1.6447103e-04
 -3.6346921e-04
  8.1757171e-06
 -9.3501230e-04
 -1.7544108e-03
  2.9326587e-03
  7.5340486e-04
 -3.3037717e-04
  3.8984057e-05
 -2.9362841e-03
 -1.9790998e-03
 -8.7144831e-04
  1.0740593e-03
  1.8202036e-03
  5.1118835e-04
 -8.9388934e-04
  4.2404470e-04
  2.6067547e-03
  3.9913715e-04
  8.3348602e-03
  5.0464980e-03
 -1.1207799e-03
  2.9313145e-05
 -1.1362871e-03
 -4.6438255e-04
 -2.1727243e-03
  3.1717299e-03
 -1.0101462e-04
 -6.3440821e-04
 -1.6476091e-03
 -9.7299967e-04
  9.2277247e-03
  1.0924537e-03
  6.0265657e-04
  1.9821136e-04
  6.5766292e-04
  4.0554907e-05
 -1.2736410e-03
  4.2479862e-03
 -2.8985873e-04
 -9.2806891e-05
  5.8396260e-04
 -7.6784857e-04
 -7.0578227e-04
 -1.4433439e-03
  9.3791878e-04
 -6.6496581e-03
 -1.7081824e-04
  1.1028249e-03
  6.4887229e-04
  2.2289198e-02
 -3.5625957e-03
  1.4459401e-03
 -1.9306454e-03
  1.8097108e-03
  2.0576983e-03
 -2.9242324e-04
 -1.3733068e-03
  4.7315839e-03
 -1.1355805e-03
  9.6591987e-04
  7.0623035e-05
  1.5057737e-03
  1.4002523e-03
  1.1079820e-03
 -2.7624026e-04
  3.1193544e-04
 -4.3099289e-04
  1.3586798e-03
  8.4399979e-04
 -9.0175733e-04
 -3.0803023e-04
  1.4575121e-03
  2.2404539e-04
  4.0497244e-03
 -3.8139388e-01
 -5.9045155e-02
 -4.0836133e-02
  3.7549958e-02
  8.2206190e-02
 -1.9091738e-03
 -9.3376443e-02
 -4.1358031e-02
  4.0030760e-01
  1.3655145e-01
  5.9710830e-02
  1.2811235e-01
  4.6671983e-02
 -4.1555505e-02
  3.3723068e-01
  2.3554328e-01
  6.3023940e-03
 -5.6933559e-04
 -7.7589747e-04
 -1.0532144e-03
 -5.8075308e-04
  4.0987161e-01
  9.7168167e-04
 -1.4831061e-03
  9.7819008e-02
 -1.0261291e-03
 -9.9250749e-03
 -1.1808552e-03
  2.4340522e-02
 -3.0766463e-01
  1.7253971e-02
 -1.6477717e-02
 -2.4627117e-02
 -7.6708832e-04
  1.8392839e-01
  2.0564059e-02
 -2.1579814e-01
 -1.8345012e-04
  4.2950560e-05
 -3.5367317e-02
  3.1609538e-03
  4.8282673e-04
  4.5878724e-03
  2.3525448e-03
 -3.7478146e-04
 -2.5260767e-03
 -8.7952770e-02
  1.7731225e-03
 -4.4996504e-02
  4.2662077e-04
  3.3646135e-04
 -3.7545338e-05
 -1.8155811e-03
 -1.5631400e-04
  5.9050699e-03
  1.3155396e-03
 -1.0499770e-03
 -3.4103403e-05
 -5.2800926e-04
 -6.9565570e-04
  3.4912871e-03
 -4.0868449e-04
  4.7544260e-03
 -1.2239085e-03
  3.8791967e-03
  1.1791792e-03
  1.3272957e-03
  7.8533320e-03
  2.4207768e-03
 -1.1038884e-03
 -4.3082825e-04
 -2.5035930e-04
 -1.3792519e-03
 -9.7520761e-02
  2.4622194e-03
 -1.4737993e-04
 -1.0560692e-03
 -8.9689903e-04
  4.7403533e-04
 -5.4607610e-04
 -3.0437077e-04
 -3.1564720e-03
 -2.7251136e-03
  7.0370920e-04
 -1.9959926e-03
  4.9141829e-04
  4.2026880e-04
  1.4976810e-03
 -6.0047209e-02
  6.8109424e-04
  2.7844129e-04
 -1.7180264e-03
  1.3374406e-01
  3.8310280e-03
 -3.7910381e-01
  1.6162420e-02
 -8.9387104e-02
  5.5883508e-03
  1.6748065e-03
 -6.6905207e-04
 -5.7939743e-04
  2.7394783e-02
 -3.2435436e-04
  1.9154812e-01
 -2.3615913e-01
  6.0171192e-04
 -1.0075077e-03
 -2.3481245e-03
 -2.9175540e-03
 -1.8505016e-01
 -2.9629982e-01
  2.5033502e-02
  3.9784018e-02
 -5.2725337e-04
 -1.6378646e-05
  2.3153767e-03
 -3.6389451e-05
  7.6798752e-02
 -1.7396869e-03
 -1.0489413e-03
 -6.6951045e-04
 -5.4581184e-04
 -5.8600341e-04
 -7.7569699e-03
  9.4068557e-05
  4.6004279e-04
  1.1937064e-03
  1.7386854e-03
 -2.6855594e-04
 -1.7432924e-03
  5.2041549e-05
  5.2741967e-04
  2.0727529e-03
 -6.0021249e-04
  2.2549817e-04
 -7.1946817e-04
  2.8198664e-03
 -8.2005525e-04
 -6.0743552e-01
  2.6265660e-03
  8.8595560e-05
  5.5321434e-05
 -2.0852131e-03
 -5.7679776e-04
 -8.4727729e-04
  6.6836048e-03
  1.3546511e-03
  8.3790720e-04
 -4.9918809e-04
 -7.0120953e-04
  2.9288625e-04
  3.2897401e-03
 -3.0007484e-04
  1.1556611e-03
 -6.7454705e-04
  9.1582024e-04
 -2.1034982e-03
 -1.4877290e-03
 -1.4120442e-04
  2.5334719e-03
  7.0942246e-04
  4.8501301e-05
 -3.3744168e-03
 -5.0423399e-04
  2.9155745e-03
 -1.2909999e-04
  7.2540971e-04
  6.2880822e-04
  1.5787478e-03
  2.0766053e-03
 -5.4732378e-04
  6.7534077e-04
 -2.1454517e-03
 -6.7027402e-04
  2.2763205e-03
 -4.5357556e-03
 -8.0015069e-01
  1.2325479e-01
 -3.8121569e-01
 -3.9620158e-01
  1.4013159e+00
  2.4899696e-03
 -3.5725385e-01
 -1.9400573e-01
  1.1150572e+00
 -8.5921931e-01
 -2.4086589e-01
  5.3567839e-01
  6.8433277e-02
 -9.3978155e-01
 -1.0304365e-01
 -9.3086404e-01
 -4.3479186e-03
 -2.3744038e-01
 -1.4460132e-02
 -4.9681170e-04
 -1.7408246e-01
 -5.7829340e-04
  2.2260779e-01
 -1.5243128e-01
 -1.0452735e-01
  7.5481765e-02
 -1.8512973e-01
  1.0402287e-02
  1.1294415e-01
 -9.0473539e-01
 -6.3936699e-05
  1.0807252e-03
  4.5607913e-01
 -1.4439960e-02
  4.6950504e-03
  4.1245753e-03
 -9.3518291e-03
 -8.7054865e-03
 -1.1061655e-03
 -2.0636199e-03
  2.9938936e-02
  2.5513038e-04
  5.2012096e-04
  1.8404790e-03
 -5.0735962e-01
  1.3892202e+00
 -7.9228181e-01
  4.7925976e-01
 -1.0004138e+00
 -7.2796118e-01
  3.9115724e-01
 -7.6131326e-01
  1.7541184e+00
 -3.3119452e-01
 -1.4526038e-03
 -3.9149560e-03
  3.9542347e-01
 -1.1820281e+00
  5.3278434e-01
 -1.3559608e+00
  3.5348233e-02
 -2.0506881e-01
 -6.9653153e-02
 -5.5823350e-01
 -3.1331714e-02
 -4.4443086e-03
  1.4705722e-01
 -1.3132608e-02
  5.7732081e-04
 -4.6102721e-03
  3.8923308e-02
 -2.6544210e-02
  1.1168783e-01
 -1.5569141e+00
 -4.4117276e-02
 -1.1894267e-01
 -4.4806655e-02
  5.0800687e-01
  1.8114990e-01
  2.9008257e-01
 -3.5866627e-01
 -2.8621417e-04
  5.7659233e-03
 -2.8086326e-03
  2.9864870e-03
 -4.6903174e-03
 -8.9936436e-04
  1.4286791e-03
  2.6649296e-01
  1.5224937e-01
  5.1311332e-01
 -5.9129884e-03
  1.7125959e+00
 -3.2464567e-01
  5.9327787e-01
 -1.2862277e-01
 -5.3858612e-02
 -2.6439459e-03
 -1.0675694e-03
  6.8194675e-03
  1.5674597e-03
 -2.7749280e-03
 -2.2582007e-03
 -2.0253351e-02
 -1.0957832e-03
  1.3400547e-03
  8.3603174e-04
  3.4373671e-02
 -1.5636764e-03
 -1.3520384e-03
  2.5230378e-03
  7.8484729e-05
  9.8332646e-05
  8.0656807e-04
  3.3809987e-03
  7.2231004e-04
 -4.6945590e-04
 -6.8310695e-04
 -1.2222881e-03
  9.2154049e-04
 -2.0200496e-04
  1.0778672e-03
  1.3908479e-04
 -1.1278115e-03
  4.3118541e-04
 -1.2982802e-03
  1.0114431e-03
 -3.5725455e-03
 -3.2348427e-05
  1.4994096e-03
 -1.8134559e-04
 -8.2848425e-04
 -1.2361391e+00
 -2.6962256e-01
  8.5645181e-01
  1.1209570e+00
 -1.3143450e-01
  1.0367023e+00
 -6.2704605e-01
 -1.2745272e-04
  2.8559545e-02
  9.2173654e-01
  1.0730484e-01
  1.9895409e-01
 -4.1353432e-04
 -4.8967353e-01
 -1.0124725e-01
  3.2366303e-01
 -8.6100399e-03
 -8.3529070e-02
 -2.0601770e-01
  2.5637561e-01
  2.8096458e-01
  2.3957817e-01
  1.2952948e-01
  1.4878148e-01
  1.6213709e-01
 -1.8116806e-01
  2.2791158e-03
 -1.0357623e-01
  1.0428224e-02
  1.4222209e-01
 -3.4510081e-03
  2.4688805e-02
 -1.0378411e-01
 -1.4383122e-01
 -2.9386145e-03
 -4.5787111e-02
  1.6758915e-02
  6.6316999e-02
 -4.5114607e-03
  6.6916369e-02
 -8.0477908e-02
 -1.6218924e-03
  5.6681763e-03
 -1.0684741e-03
 -4.0788774e-04
 -8.1378681e-04
 -2.1956090e-03
  2.3757163e-03
 -7.7077240e-02
  6.2354299e-04
  7.6657839e-02
  3.1561342e-03
 -2.7490873e-03
  6.6616572e-04
 -1.1947923e-02
  3.5135506e-04
 -6.8931340e-04
  8.8875219e-03
 -5.0903317e-03
 -4.3063891e-01
 -3.1853628e-03
  6.2601850e-04
 -1.1716626e-04
  3.4024552e-04
 -1.4152323e-04
 -8.8287689e-02
 -1.6195364e-03
  1.9435155e-03
 -1.6578269e-03
 -3.5659396e-03
  2.0069578e-03
 -3.3774353e-03
 -5.2624248e-04
  2.4693139e-02
 -1.3075650e-03
 -1.8247161e-03
  9.4011659e-05
 -8.5047039e-04
 -6.4483741e-03
 -1.7011870e-04
  1.2771363e-03
 -5.5163633e-03
 -2.5566673e-04
  3.4050504e-03
  5.3385238e-04
  1.7534844e-03
 -2.1766813e-04
 -1.0518673e-03
 -4.6727243e-01
  2.9547411e-01
  5.7816732e-01
  4.4176966e-01
 -1.5870851e-01
  3.8823706e-01
 -1.1228988e-01
  7.5869733e-01
 -1.8927804e-01
 -3.4774128e-01
  7.4137551e-01
 -3.3841458e-01
 -3.2791451e-01
 -9.6211886e-01
 -3.5968283e-01
 -6.3163042e-02
  1.4345194e-02
  3.8256976e-01
 -1.7771849e-01
 -5.7097547e-02
 -6.0722340e-02
 -9.2497814e-01
 -1.3903528e-01
 -3.2279930e-01
  5.4241200e-03
 -1.2212409e-02
  1.8257107e-01
 -8.4323293e-01
 -6.0339284e-01
 -2.4856438e-01
 -3.0027708e-01
 -1.5231752e-01
  2.7118489e-01
  4.4189337e-01
 -4.1182473e-01
 -3.6598021e-01
  8.4126227e-02
  6.0060155e-02
 -1.2073462e-01
  3.0847621e-01
 -2.4121977e-01
 -8.4673666e-04
 -7.0077822e-02
  8.1888447e-04
 -2.5992347e-03
 -6.9659838e-04
 -1.9629749e-03
 -8.3434125e-03
  2.3126125e-04
 -1.1811545e-04
 -2.4416493e-03
 -7.8209210e-05
  2.2429002e-03
  2.7358471e-03
  9.9788257e-04
 -2.1321182e-03
 -1.7767886e-03
 -1.0730334e-03
 -1.1749149e-04
  1.4696259e-03
 -9.3465322e-05
  1.4134523e-03
  1.5214467e-03
  3.2337339e-04
 -1.4370813e-03
 -1.9284624e-03
 -3.0396322e-03
  8.6478482e-05
 -2.1931664e-03
  1.4193048e-03
  6.9590745e-04
  2.2587874e-03
 -1.2626622e-03
 -1.3303767e-03
 -1.6400653e-03
 -4.8611336e-04
 -1.0116311e-04
  1.8622887e-03
 -3.1159234e-03
 -1.8987275e-04
 -1.2492317e-03
  4.2489959e-05
  9.8131422e-04
  1.3819395e-03
  9.5181202e-04
  2.0284450e-04
 -2.1222699e-03
 -1.6515388e-04
  2.0504163e-01
 -8.5929154e-05
 -1.5294545e-03
  7.4218796e-04
 -7.8111246e-02
 -2.7412071e-03
  6.6387393e-03
 -9.2116831e-04
  7.7998862e-03
 -2.9416686e-02
  8.6154873e-03
 -8.7662571e-05
  6.5187360e-03
 -8.2606217e-05
  8.4051810e-04
 -4.2171045e-03
 -2.5785719e-03
 -2.5659413e-03
 -1.8798413e-03
  3.2822532e-04
  9.1045216e-04
 -5.2609824e-04
  1.5486348e-03
 -4.7343355e-04
  2.9111624e-04
  1.7200331e-03
 -4.4574395e-01
  2.8254717e-04
  4.6383301e-04
 -8.1660174e-02
 -2.0006939e-03
 -2.1555246e-04
 -1.0517493e-03
  6.6022237e-04
  1.0320402e-02
  4.8647164e-03
 -8.5178961e-04
 -1.1776492e-03
  1.2016591e-03
 -6.9663569e-05
  2.9850756e-03
  1.0902470e-03
  6.7231373e-04
  3.3095689e-03
  3.9932838e-01
 -5.6545730e-03
  5.3640675e-02
  7.4443514e-03
 -2.0565730e-01
 -5.7749994e-02
  1.2765196e-01
 -8.2582346e-04
 -6.9055008e-04
  9.4593136e-04
  3.0533338e-03
 -1.5350510e-05
 -1.5528538e-04
  2.0959931e-03
 -3.0079691e-03
 -4.0034382e-03
  1.1506013e-02
  1.8502198e-03
 -5.7394588e-03
 -1.5033979e-03
  1.9711060e-03
  2.1215826e-03
 -1.2646574e-03
 -1.6946798e-02
 -1.4127936e-03
 -4.5442996e-03
 -2.8090212e-03
 -1.3645345e-03
  5.9701828e-04
 -1.2113961e-02
 -3.5069054e-03
 -1.8173165e-03
  8.0913870e-04
 -1.4634496e-03
  1.6883182e-03
  3.4854384e-03
  1.3024702e-03
 -2.7111690e-03
  5.5306265e-03
 -2.4599261e-03
 -1.7331680e-04
 -2.4722088e-03
 -2.0080875e-03
 -1.0006664e-03
 -8.0136013e-01
  1.1980559e+00
 -5.8340746e-01
 -2.7631727e-01
  2.2523494e-01
 -1.0145153e+00
 -5.9729183e-01
 -1.3321004e+00
  1.4060035e+00
  1.9771029e-01
  2.7423473e-03
  6.5769453e-04
  1.9530145e-02
  3.8034355e-04
  1.0097588e-01
  1.0230110e-02
  5.5586420e-02
  2.3867041e-03
 -1.5292987e-03
 -1.7416920e-03
  1.9513259e-03
  3.7386882e-01
  2.6032123e-01
 -4.4246027e-03
 -1.5089979e-03
  5.9973076e-04
 -5.9485133e-04
  2.1002831e+00
  1.0173304e-01
 -1.6125260e-02
 -2.8123282e-04
  5.1760057e-04
 -6.2031737e-03
  6.6962827e-04
  2.3088783e-02
  7.0985192e-03
 -1.0572789e-03
 -1.4203466e-02
  3.2805547e-03
 -3.4224795e-04
  6.6163493e-03
 -7.7206024e-04
 -3.1936687e-04
 -1.4682227e-03
 -1.4249308e-04
  1.1267811e-03
  2.7893751e-05
  2.3761048e-04
 -3.0444963e-03
  5.1648228e-04
  2.7177434e-03
 -2.1498762e-03
 -2.1043830e-04
  1.4483193e-03
 -3.4765631e-03
 -1.5194576e-03
  9.4372756e-04
 -1.5430061e-04
 -3.7114057e-03
  5.1451166e-04
  7.5799477e-04
 -2.0525020e-03
 -1.1891763e-03
  2.0328051e-04
 -1.0666219e-03
  2.5694501e-03
  2.2510532e-03
  2.4761609e-03
 -4.4320854e-03
  2.7224733e-03
 -7.8643288e-04
  2.6394736e-03
  2.6576486e-04
 -2.6787692e-03
 -1.2060911e-03
  1.6626650e-01
 -2.0122441e-04
 -1.3928275e-03
  1.9245499e-03
  2.7347775e-04
  1.3687693e-03
 -4.4515895e-04
 -1.5985023e-04
 -4.8534104e-04
  1.1880839e-03
 -8.3620992e-04
  1.0722707e-03
 -1.8253019e-03
  2.2313505e-04
 -9.5962919e-04
 -2.2104857e-04
 -3.2221624e-03
 -6.1072312e-02
  4.8055867e-04
  8.9600775e-04
  2.9832718e-04
  1.8057503e-03
 -2.4171039e-03
  9.8797923e-04
  2.3773324e-03
  1.2934337e-03
 -3.5691424e-03
  1.1332755e-03
  2.5615301e-03
  1.8373469e-03
  2.2290123e-03
 -1.7086180e-02
 -1.3856140e-04
 -9.2351786e-04
 -4.2983596e-03
 -4.1572405e-03
 -5.7203416e-04
 -3.5190303e-04
 -2.9945633e-05
 -3.9608535e-04
  6.0016057e-04
  6.9777993e-04
 -1.9623209e-03
  3.9508250e-03
 -3.5342698e-03
 -1.1131016e-03
 -3.2901047e-03
  1.4277037e-03
 -1.9945402e-04
  1.9136850e-04
 -3.3339689e-05
  2.2546186e-04
  2.0376025e-03
  1.4712138e-03
 -1.4033169e-04
 -2.6268880e-03
 -9.0006746e-05
 -3.4164241e-05
  6.3022431e-03
 -1.9255452e-03
 -8.6866431e-03
  7.2521390e-05
  1.2404485e+00
  3.7008579e-04
  3.1576523e-01
 -4.0664780e-01
 -6.1643943e-03
 -9.9046377e-04
 -8.2743895e-04
  1.5471766e-03
 -2.1871058e-03
 -2.9759794e-01
 -5.5224544e-01
  1.7341772e-02
 -3.7298752e-03
 -1.8861908e-03
  2.1854579e-04
  3.6499309e-03
  9.0994425e-02
  2.3328731e+00
 -7.6688972e-04
  7.4042603e-02
 -1.2025355e+00
  4.4144066e-03
 -1.3839489e-01
 -3.2395616e-03
 -9.3964636e-01
  4.0737810e-03
 -2.1042207e-03
 -1.1920530e-03
  9.0936781e-05
  2.4878271e-03
  5.7788217e-04
  2.6164332e-01
  7.4673595e-04
 -1.4193535e+00
  4.0863323e-01
  8.7095603e-02
  2.1034242e-01
 -2.0510629e-04
 -1.8783920e-01
 -2.0408155e-03
 -8.8680454e-04
  4.5439187e-03
 -1.2185339e+00
 -9.3570817e-03
  2.6852356e-03
  3.2905757e-04
  2.6644066e-01
 -7.3785186e-02
 -2.9645070e-01
 -1.2759149e-02
  9.1267329e-01
  2.1731573e-01
  4.2550299e-01
 -4.1535956e-01
 -3.5295200e-01
  1.6125388e-01
  3.5600048e-01
  2.3330683e-03
  2.4841120e-03
 -6.3620198e-01
 -2.9647371e-01
  1.8197518e-04
 -1.8022192e-03
  1.1157361e-04
  2.0345325e-02
  4.6837702e-01
 -2.6961758e+00
  5.7426715e-01
  1.4951612e-01
  1.9869874e-01
 -2.4637784e-01
  3.2367811e-01
 -7.6259869e-01
 -6.2249909e-04
  3.7477356e-01
 -2.8656019e-04
  3.1268765e-04
  1.8225485e-02
 -1.2859154e-03
  4.8295417e-01
  9.5890917e-02
 -4.3264607e-01
 -8.6680293e-02
  5.6930214e-01
  4.7601122e-01
  8.0485785e-01
 -1.7787919e+00
 -2.8733829e-01
 -1.9207941e+00
  2.1478639e-03
  1.8133515e-01
  2.7226910e-01
  2.7438268e-01
  3.9002780e-04
  9.1437645e-02
  7.3137945e-01
 -8.7578958e-01
  2.3510776e+00
 -2.6179850e+00
  3.0356916e-03
  1.9685412e-02
  1.7894924e-01
 -2.5730926e-01
  4.9906806e-04
  2.5373942e-01
 -6.2964839e-01
 -3.9185341e-03
  5.5019469e-03
  1.2354328e-01
  1.8776311e-01
 -8.0887061e-01
  1.4878586e-03
  8.1775194e-01
  6.1177015e-01
 -6.7601375e-02
  1.0634165e-03
 -3.2955419e-02
 -1.5526891e+00
 -9.3058310e-03
  5.6158328e-01
  3.2381785e-01
 -2.0415050e-03
 -3.3742848e-01
  1.2821384e-01
  6.5092373e-01
  2.9871407e-01
 -5.8223557e-01
 -1.4486277e-01
  3.7815532e-01
  5.7156470e-02
 -6.7788494e-01
  7.6934271e-02
 -5.4173481e-01
 -1.8116301e-01
  1.2801938e-01
  2.0034297e-01
  1.8147172e-01
 -1.1630808e-01
 -2.4611587e-02
 -3.5767758e-01
  1.2253428e+00
 -1.7286185e-03
  1.0080901e+00
 -3.1748876e-01
  7.2179633e-01
  7.2978437e-04
  3.0307487e-01
 -1.9096147e-04
 -1.7943043e-01
  1.5219925e-01
 -4.6827698e-01
  2.9360896e-01
 -4.0255412e-03
  2.9495242e-03
 -6.3578384e-03
 -7.5812027e-04
  3.5675159e-01
 -1.2690380e-01
 -9.0151928e-02
 -2.7789674e-03
  6.2004709e-01
  6.4759427e-01
 -1.3975797e+00
  1.6076639e-01
  1.7517308e-03
  1.6466889e+00
 -1.5663458e-02
  8.7150291e-04
  1.9885504e-04
 -1.3726926e-01
  7.4269697e-03
 -1.6041019e-04
 -1.4199100e-03
 -2.3112071e-01
 -2.4913079e-01
  2.3823488e-01
  1.5922704e+00
  1.3640873e+00
 -7.9191774e-01
  1.0439279e-03
  3.0372253e-01
  1.1057443e-01
  1.4814727e-01
  2.3722523e-03
  2.2261508e-01
 -1.0860219e-01
 -8.8881187e-02
  2.1063747e-01
  4.1601416e-03
 -1.1234833e-01
  5.8105779e-01
 -2.3950082e-03
 -2.5314322e-01
  3.1123033e-01
  1.0635280e-03
  3.5254782e-01
  4.4320967e-02
  1.3380100e+00
 -1.1058640e-01
 -5.5105023e-02
 -4.8503600e-02
  2.0374465e+00
  5.3644192e-01
  3.1381792e-01
  1.0715353e+00
  4.6785837e-01
  2.2317802e-03
  1.4105380e-01
 -1.3987568e-01
 -6.8523198e-01
  3.4673750e-02
  3.9400849e-01
 -2.4207446e-01
 -8.1266749e-01
 -2.2677625e-02
  2.0790016e-02
 -1.7107728e-01
  8.2451475e-01
  1.4119638e+00
  2.2413733e-03
  2.5339704e+00
 -4.2833403e-01
  1.0571674e-01
  3.4091341e-01
  2.2450178e+00
  6.0191584e-01
 -9.0618715e-02
  3.0865215e-02
 -4.5444897e-01
  5.3135812e-01
  1.2998893e-03
  2.5097944e-04
 -2.3132619e-01
 -4.1058529e-02
  2.5276741e-01
  3.0420879e-01
 -1.0028857e-01
  2.6334666e-02
  6.9301896e-04
  2.7750362e-02
  6.8987411e-01
  4.2175019e-01
 -6.9262467e-02
 -2.7105162e-02
 -1.2446623e+00
 -9.3747005e-02
  3.7067136e-01
  6.5360719e-01
  1.3853554e+00
  9.7135482e-03
  1.2823383e+00
 -1.1574828e-01
  6.0120981e-02
  3.1120472e+00
  1.1054205e+00
 -1.0289605e+00
 -3.4433103e-03
  1.1609229e-01
  1.0567122e+00
 -2.7775497e-03
 -7.6326472e-01
 -1.7790565e+00
 -2.8697388e+00
  5.5534078e-04
 -6.5933800e-01
 -7.7576965e-02
 -2.0399270e+00
  2.5542390e-01
  3.8908705e-01
  1.2435099e+00
  2.3768406e+00
  3.4557721e-01
  1.7680703e+00
 -1.9004259e-01
 -9.5330369e-01
 -1.0151911e+00
 -1.0846815e+00
 -2.4088573e-02
  2.9562254e-02
  4.5091397e-01
 -1.7922388e+00
  4.9199051e-01
  4.9342135e-01
  3.3637738e-01
  4.9181994e-02
  3.7840748e-01
 -8.6339712e-02
  9.2847222e-01
 -3.5222358e-01
 -1.5132849e+00
 -6.1822808e-01
  1.4471392e-01
  6.4415365e-01
  2.7320120e-01
  5.3936094e-01
  2.3186569e-01
  4.0125990e-01
 -1.1221599e-03
 -2.4417417e-01
 -3.8359478e-01
  5.4504216e-01
  3.5245366e-02
 -6.3381173e-02
  9.0417111e-01
  3.1517804e-01
  3.3226340e+00
 -4.2606661e-01
 -2.5174603e+00
  2.0584023e-02
 -3.3369432e-03
 -5.4150796e+00
  7.3924760e-04
 -4.5088653e-02
  7.3207326e-02
  3.0388851e+00
  2.7585987e-04
  1.1834884e-01
 -8.6473554e-01
 -4.3717867e-01
 -1.2432970e+00
  6.0642695e-01
  9.0544164e-02
 -3.4314473e+00
 -1.1416839e-04
  1.7903492e-01
  1.0681437e-01
 -1.6713864e+00
 -5.7815439e-01
 -9.8811167e-01
 -5.6451344e-01
 -5.3300846e-01
  2.2911074e-02
 -3.0369602e-02
 -1.5162221e+00
 -1.7835109e-01
 -2.4772617e-03
 -7.1074106e-02
  1.4759240e+00
 -1.8597777e+00
  5.6338435e-01
 -2.2068787e+00
 -1.7475759e+00
  1.7603713e-03
  4.3822241e-01
 -3.9366085e-02
 -1.3273889e-01
  9.5642787e-01
 -1.2593635e+00
  1.1325425e+00
 -5.6617236e-01
 -1.6046216e-01
 -3.1171969e-01
  1.4455957e+00
  1.1426889e-01
 -9.2033589e-01
  3.3308048e-04
  6.4936161e-01
 -6.7541444e-01
  4.3942714e-01
  1.5972061e-01
 -3.2569701e-04
  3.5043280e-03
  1.3636925e-02
 -3.6832700e-03
  6.3691121e-01
 -1.5572532e-01
  8.7673181e-01
  2.7334514e-01
 -1.3120590e-01
  1.3631793e+00
  1.7896923e-01
 -1.3021944e-01
 -3.2201700e-02
 -2.8867066e-01
  1.1581186e+00
  1.6747665e-01
  5.1839158e-02
 -1.1005123e-01
  4.2486747e-04
  3.8743582e-02
  3.3131754e-01
  1.5498438e+00
  2.9361156e-01
 -6.3027173e-01
  2.2640663e-01
 -2.8527108e-01
 -1.7204326e-01
  1.3092484e-01
  1.3117282e+00
 -1.9237378e-01
  3.8003376e-01
 -4.9002894e-04
 -5.9275293e-01
 -8.1587344e-01
 -2.3811574e-01
  1.2941178e-03
 -3.3170581e-01
 -7.5436860e-01
  4.7932887e-01
 -1.4091095e-01
  5.7401520e-01
 -1.2204790e-01
  1.0601724e+00
 -1.7290731e-01
  9.6246123e-02
  2.0019095e-01
 -4.1566432e-01
 -5.1460660e-01
 -1.3900969e+00
  7.7242471e-02
  1.8821788e-01
  2.3223712e-01
 -1.1373129e-02
  1.9168352e-01
  5.9347384e-04
  7.0480295e-02
  1.7574960e-01
 -1.1394235e+00
 -1.3105568e-03
 -2.9229477e-01
  1.4728446e+00
 -2.5823858e-04
  4.4273695e-01
  9.4698381e-01
  6.9783807e-01
  1.2402973e+00
 -2.6494491e-01
 -7.7124522e-03
 -1.6826136e+00
 -3.3125880e-01
  1.6071458e+00
 -5.3385566e-03
 -3.2102914e+00
 -8.6277604e-02
  6.1388457e-01
  4.9874300e-01
 -1.6449192e+00
  2.0954138e-02
  1.5065498e+00
 -1.9180900e-01
 -2.0197774e-03
  8.0059618e-01
  1.1178771e+00
  3.6819723e-01
  8.4330207e-03
 -1.0916655e-01
  1.6022247e-01
  1.3739425e-01
 -1.7624552e+00
 -1.1671120e-03
 -8.3891891e-02
 -3.1048131e-01
 -1.2433127e+00
 -1.4660959e-01
 -1.5963276e-01
  2.9926935e-01
 -1.8168242e+00
 -3.2293355e-01
  1.8308620e-01
  2.1169943e-01
 -7.7320856e-01
 -7.6999408e-01
  2.3626068e-01
 -1.2288502e-02
 -1.8406286e+00
 -1.5519612e-01
  3.2917080e-03
 -2.9219323e-01
  2.1838043e+00
  5.8193153e-01
  5.6957388e-01
  1.0945588e+00
  9.1099149e-01
  7.3001340e-02
  1.7843038e+00
 -2.2950940e+00
 -1.4707526e+00
 -1.6552620e+00
  4.3522093e-01
  2.7689165e-01
  3.4023120e+00
  8.8141691e-03
  3.1425911e-01
  2.0539910e-01
  1.2946479e+00
  1.0099207e+00
 -2.9548528e+00
 -2.9637222e+00
 -6.9794935e-01
 -1.0014030e+00
 -3.0643210e-01
  5.3890568e-01
 -2.4227769e+00
 -3.0381355e-02
 -1.5803903e-03
 -3.0124763e-01
 -1.5541651e+00
  1.2501436e+00
  1.1805599e+00
 -1.1622968e-01
 -8.0330294e-01
  1.9635671e+00
  5.9184883e-02
 -1.7746134e+00
 -4.9183995e-02
  1.3146535e+00
  3.3168828e-01
  1.9789065e-01
  6.4199466e-01
  5.9181508e-03
 -1.1281256e-01
 -1.1177173e+00
  1.8109758e-01
 -7.4588032e-03
 -1.0307133e+00
 -2.6926931e-02
 -1.4609382e-01
  3.6639169e-01
  1.3705762e-01
  6.7927673e-02
  1.5758176e-01
 -1.1187248e+00
 -7.0936823e-01
 -1.3718622e+00
  7.7220005e-01
  9.0029901e-03
  7.3255283e-01
  5.3360354e-02
  4.0959755e-01
  1.0590417e+00
 -3.3844214e-02
  8.8648565e-02
  1.0021378e+00
 -4.6600381e-01
  4.9796656e-01
 -2.1095686e+00
  2.8301736e-02
  6.3995683e-01
  8.9278318e-02
  2.3997799e-01
  7.7549726e-01
  6.9379693e-01
 -7.9994971e-01
  2.5752728e+00
 -6.6556752e-01
  5.1012017e-02
  1.1496080e-01
 -1.0771205e+00
  1.2755671e+00
 -1.8241230e-01
  1.2182232e+00
  4.8828676e-01
  6.7253083e-01
 -3.2607192e-01
  1.5710522e-01
  6.9346905e-01
  1.2819017e+00
  1.0531009e+00
 -5.9634203e-01
  8.7907362e-01
  1.2320689e-01
 -3.7597096e-01
 -2.1158756e-01
 -7.6689875e-01
 -1.8375790e-01
  1.1119916e+00
  2.5514555e+00
 -1.1746763e+00
 -2.3055953e-01
  9.8440170e-02
  2.5213474e-01
 -4.4885013e-04
  5.4408990e-02
  4.9608958e-01
 -1.8865150e-01
 -4.3485424e-01
 -1.4895886e-01
  2.2971264e-01
  7.4118900e-01
 -1.1153150e+00
 -3.1856596e-01
  6.8605256e-01
 -2.4971228e-02
 -6.4005621e-04
  3.0910244e-02
  3.4296194e-01
 -6.2234230e-02
 -9.9012151e-02
 -1.6357698e+00
  6.0371381e-01
  9.5790923e-01
 -4.8194146e-01
 -3.8081023e-01
  2.9766798e-01
  5.3066885e-01
 -4.1788822e-01
  1.3369229e-01
  3.9621133e-01
 -1.4457262e-02
 -1.1008807e-01
  2.3271590e-01
  3.1760752e-01
 -9.7511476e-01
 -9.8724210e-01
 -3.1344679e-01
  1.1568554e-01
 -3.9098734e-01
 -7.7033691e-02
  1.5101890e-01
  3.9224580e-01
  2.6551768e-01
 -6.7945004e-01
 -1.7157099e-01
  4.7131297e-01
  1.9479661e-01
 -2.1175370e-01
  1.8802623e+00
  1.2982246e+00
 -1.8747690e+00
  1.1957245e+00
  1.0165691e-01
  1.0727985e+00
 -2.0276087e-04
  1.0405951e-03
 -1.6284937e+00
 -2.9899697e+00
 -2.1067757e-02
  1.1978666e+00
 -7.0522869e-01
  1.4890215e+00
 -1.0432411e-01
  2.8716197e-05
 -3.1748760e-01
  3.6028688e-04
  7.8119797e-01
  8.2664913e-01
 -1.0088390e+00
 -9.6293420e-01
 -3.9802921e-01
  2.7429384e-01
  7.0529342e-01
  1.4357706e+00
 -8.6788440e-01
  3.5430250e-01
  3.0253646e-01
  7.7567816e-01
  7.8899282e-01
  3.5868171e-01
 -5.7587102e-02
 -5.6459880e-01
 -1.8746172e-01
 -5.1525456e-04
 -3.2991162e-01
 -3.1642386e-01
  5.3908014e-01
  1.3926613e+00
  5.4182011e-01
  5.5138689e-01
  9.3433410e-02
  2.8724845e-02
  5.0905102e-01
  4.7797361e-01
 -1.1291421e-01
  2.1163240e-01
  2.8832313e-01
  1.0600838e-01
 -2.4261476e-01
  6.2704913e-02
 -1.4685752e+00
  3.9857683e-01
 -2.8282532e-02
  5.8966994e-01
 -3.6619040e-01
  2.3593793e-03
 -7.6609701e-01
 -3.1466089e-02
  4.8832685e-01
  1.0503163e-03
 -1.0669091e+00
  1.9507179e-01
  2.7132636e-01
 -8.1462771e-01
 -1.3602332e+00
 -1.8810182e+00
 -9.0467674e-01
 -9.6228075e-01
  5.5172807e-01
  1.0001736e+00
  1.0897768e+00
  9.4446772e-01
 -6.0175467e-02
 -7.8617103e-02
 -1.6834365e+00
 -7.1076684e-02
 -5.2361274e-01
 -1.3773268e-01
 -4.5686930e-01
 -6.5326285e-01
  4.9146920e-01
  8.3526170e-01
  8.4394163e-01
  9.8776150e-01
 -8.3838165e-01
 -9.8901719e-01
  9.9542564e-01
  4.0661645e-01
 -7.3207420e-01
 -3.4276217e-01
 -4.1101885e-01
 -1.8849249e-01
 -4.2585376e-01
 -3.9364538e-01
  1.0944407e-01
  1.3930267e-01
 -7.9929657e-02
 -4.1898969e-01
  1.6779124e-03
  6.6671407e-01
 -3.5835978e-02
 -5.4663622e-01
  8.7171835e-01
  7.3794574e-01
  9.9478900e-02
  2.8907415e-01
  2.3491378e+00
  7.3379077e-02
  7.4915427e-01
  1.8234097e-03
 -1.7274094e+00
  1.9275872e-01
 -1.2015951e+00
 -1.6352609e-02
  2.9077679e-02
  1.5687565e+00
  1.0912639e+00
  1.1902639e+00
  2.7350180e+00
  3.9072356e-01
  5.8396220e-01
 -1.1243407e-01
  7.8225100e-01
  1.8773939e-01
 -4.6042517e-01
  1.8471918e-01
  8.1635362e-01
 -3.2840756e-01
  2.3884240e-01
  6.1237127e-01
  1.1429150e+00
  5.8613068e-01
  7.2157782e-01
 -5.0455900e-03
 -1.4777277e-01
 -3.2064240e-02
 -2.2791426e-03
  2.9247457e-01
 -1.8186148e+00
  1.8548973e-01
  4.7182009e-02
  1.6879278e-01
 -5.0090623e-01
 -4.3986863e-01
  1.0204009e+00
  3.9932998e-03
  9.3013149e-01
 -3.4153292e-01
  1.1250882e+00
  5.6248106e-02
  7.8464097e-01
 -4.9582928e-01
  4.2786530e-01
  9.9146247e-02
  7.0020221e-02
 -6.1090696e-01
 -3.7228200e-01
  1.0536362e+00
 -2.6296191e-02
  7.0413575e-05
 -5.8694214e-01
 -4.0506673e-04
  5.9046304e-01
 -6.4573511e-03
  2.4705341e+00
  4.4338424e-02
 -8.0816358e-01
 -2.1249681e+00
  1.2986958e+00
  1.8115968e+00
  4.0038576e-05
  4.0722170e-01
 -5.2171987e-01
 -1.5574361e-02
  2.4911836e-01
 -2.1542813e-01
  4.5299140e-01
  1.2564037e+00
  1.7570819e-01
 -9.9343294e-03
 -1.6064924e+00
  9.2567550e-04
  7.3256016e-02
  2.2279058e-01
 -7.9121906e-01
  4.4310042e-01
  4.9739856e-01
 -2.0444508e-01
  3.1652638e-01
  4.0962338e-01
  1.5432644e-01
  1.7082094e+00
  6.9920254e-01
  4.1711167e-01
 -1.9829002e-01
  6.7413276e-01
 -1.8131985e-01
  5.0298047e-01
 -7.1404902e-03
 -4.1760874e-01
 -5.6483102e-01
  9.7081584e-01
  4.9961634e-02
 -8.5961944e-01
 -2.6445183e-01
  3.6121726e-01
 -2.2721642e-01
 -1.2113032e+00
 -5.4158008e-01
 -2.9124832e+00
  4.6282825e-01
 -1.9830732e+00
  3.5391711e-03
 -9.2002273e-01
  2.3230349e-01
  2.0988221e+00
  1.6195064e+00
  1.0138625e+00
  1.0599910e+00
 -5.8031881e-01
  2.0762773e-03
 -1.9004246e+00
  9.5886603e-02
 -2.3091950e+00
 -2.0326128e+00
 -1.1464845e-01
 -1.1117610e+00
  2.9269845e+00
 -3.3066195e-01
  1.3832177e-01
 -1.3707548e-01
  6.5482694e-01
  4.2964396e-01
 -2.4822979e+00
  9.2640269e-01
 -2.6874146e+00
 -7.4447656e-01
 -4.3249992e-01
  2.9694369e-01
 -2.4229679e+00
 -6.6185880e-01
  1.4638330e+00
 -1.1802181e+00
  1.2694445e+00
 -2.7774975e-01
  2.4740861e-01
 -5.1297355e-01
  9.7235608e-01
  6.6472667e-01
 -1.4749702e+00
  2.6429021e-01
 -6.5138203e-01
  8.2426226e-01
 -1.5632267e+00
  2.8567550e-01
 -1.1228690e+00
  2.1627535e-01
 -3.8272217e-01
  6.5262800e-01
  1.3371135e+00
  1.3945539e+00
 -9.7907543e-01
  1.4430314e-01
  2.2943194e-01
 -1.7268004e+00
 -5.8664389e-02
 -7.1675563e-01
 -5.9331942e-01
  3.7879324e-01
  2.8816040e+00
  9.6125507e-01
  1.4758903e+00
 -1.9282383e+00
  1.5062089e-01
 -5.5474138e-01
 -2.1174304e-02
  6.6080850e-01
  5.9059948e-01
 -8.9847386e-01
 -3.1280023e-01
  2.2293143e+00
  6.2481202e-03
 -1.4717086e-01
  8.9116210e-01
 -5.1440334e-01
 -7.5308806e-01
 -9.7434558e-03
 -3.6710957e-01
 -1.3682758e+00
  7.5970185e-01
  5.2632260e-01
  1.0074251e-01
 -2.2283509e+00
  6.2692010e-01
  6.1130852e-01
 -4.3528780e-01
 -1.2558081e+00
  1.0757113e+00
  3.4733117e-01
  9.2905617e-01
 -2.4052642e-02
  1.2894965e+00
 -2.9102662e-01
  9.2391962e-01
  5.2395231e-01
  8.0037445e-01
 -2.3026764e-01
  8.5415393e-01
  2.1277438e-01
 -5.8442499e-02
  1.7928956e-02
  1.7928956e-02
  1.7928956e-02
  1.7928956e-02
  1.7928956e-02
  1.7928956e-02
  1.7928956e-02
  1.7928956e-02
  1.7928956e-02
  3.4313183e-02
  3.4313183e-02
  3.4313183e-02
  3.4313183e-02
  3.4313183e-02
  3.4313183e-02
  3.4313183e-02
  2.7671870e-02
  2.7671870e-02
  2.7671870e-02
  2.7671870e-02
  2.7671870e-02
  2.7671870e-02
  2.7671870e-02
  1.3580502e-02
  1.3580502e-02
  1.3580502e-02
  1.3580502e-02
  1.3580502e-02
  1.3580502e-02
  1.3580502e-02
  5.7021868e-03
  5.7021868e-03
  5.7021868e-03
  5.7021868e-03
  5.7021868e-03
  5.7021868e-03
  5.7021868e-03
  1.1793899e-02
  1.1793899e-02
  1.1793899e-02
  1.1793899e-02
  1.1793899e-02
  1.1793899e-02
  1.1793899e-02
