nep4 2 Cu Se 
cutoff 7 5 100 44
n_max 8 6
basis_size 12 12
l_max 4 2 0
ANN 50 0
 -7.0957118e-03
 -8.7371692e-03
 -2.3881776e-02
 -2.3307435e-01
  3.7434888e-03
  7.7749568e-04
 -5.7175481e-03
  4.1774390e-03
 -4.0479014e-03
  1.7491187e-04
 -2.0291330e-03
  7.2782801e-04
  9.0183262e-03
  8.9455079e-03
  9.8826631e-04
 -2.6397244e-03
  3.7423205e-01
 -1.4025819e-03
 -1.0479602e-02
  3.2947196e-03
  1.8446272e-02
  1.3176321e-02
 -3.5157287e-03
  4.9530556e-03
 -1.4832827e-03
 -1.5848716e-03
  6.7262510e-03
 -1.7611690e-02
  9.4054751e-03
  8.1300782e-03
 -4.9825024e-04
 -1.0524461e-02
 -3.2490948e-03
 -6.2826406e-03
  1.3918695e-02
 -1.8105097e-02
  2.0851035e-02
 -1.6857575e-03
  3.8004552e-03
 -1.6378968e-03
 -2.5411773e-02
 -6.7613120e-03
  8.6973910e-04
 -3.8135429e-03
 -1.1148313e-02
  4.2853914e-03
  4.5148705e-04
 -9.7870089e-02
 -4.9082586e-04
  1.2681752e-01
  3.2660931e-01
 -1.9289879e-02
 -1.1185339e-02
  1.1889723e-02
 -1.2263327e-02
  6.6703721e-04
  3.7452008e-03
  5.9763924e-04
  1.7495078e-01
  6.8422081e-04
 -3.3152441e-03
  3.8390062e-03
 -3.6299159e-03
 -8.9935347e-04
  2.1407183e-01
  3.6666426e-03
 -8.7692831e-03
 -3.1781219e-02
  3.1440761e-03
  4.9333060e-03
  8.2484521e-03
 -7.6830038e-04
 -7.0962235e-03
  8.8303750e-03
 -4.8560714e-03
  5.0971517e-03
  1.9479620e-03
  3.0721533e-03
  1.2859068e-02
  2.0885789e-03
  1.9657477e-03
  7.6368228e-03
 -5.2862735e-03
  1.7231049e-03
 -8.6060930e-03
  5.5682134e-02
  1.1762165e-02
  1.1355558e-02
  8.6679123e-03
  3.7603549e-04
  1.9208323e-03
  3.5283361e-02
 -2.8045736e-03
 -3.5483553e-04
 -2.1878708e-02
  1.0707169e-03
 -3.8824072e-03
  1.2798598e-02
  7.9305470e-03
 -1.7672366e-03
 -8.5845618e-03
  6.2522404e-03
 -8.0297037e-04
  8.7800026e-03
  2.5416836e-03
  1.0566406e-03
 -9.2525166e-03
  6.6432537e-04
  6.5881526e-03
 -1.7004969e-02
 -4.6482487e-03
 -6.7832945e-03
  9.6442802e-03
  8.3263237e-03
 -5.1575424e-03
  4.0011201e-03
 -4.0295031e-03
 -4.8249611e-03
  2.0413683e-04
 -4.4709574e-03
  1.0521770e-03
  2.8041884e-04
 -1.3964332e-02
 -3.4390145e-04
 -5.4623699e-04
 -9.0857968e-03
 -3.6708047e-03
  3.6081118e-03
 -7.3251501e-03
  1.4961381e-02
 -1.6451066e-02
 -1.1058425e-02
 -2.3518470e-03
  9.0832263e-01
  8.8654747e-03
  4.3017691e-01
  2.5035568e-02
  4.2713271e-03
 -1.4029250e-01
  1.7619859e-03
 -6.6078274e-04
 -3.4638899e-03
  1.8949404e-03
 -1.9098725e-03
  6.8121275e-04
  3.4117196e-03
  1.0089260e-02
  2.6879278e-03
 -8.3164275e-03
 -5.1444205e-03
 -6.2262475e-02
 -1.2954441e-02
 -7.6641338e-03
 -3.7289911e-04
  5.0969739e-03
  2.3840358e-03
 -2.9959138e-03
  7.3584472e-04
 -1.4236962e-02
 -5.1731360e-05
 -1.4502436e-02
 -2.0063347e-03
  8.0631900e-04
  3.3306709e-04
  2.1526492e-03
  4.7969068e-03
  7.7741090e-03
 -4.4316961e-03
  6.8593612e-03
 -2.3090944e-03
 -4.4845175e-03
  1.4902049e-02
 -5.7900156e-04
  7.9656914e-02
  2.4162000e-03
 -6.6760867e-03
  2.8627885e-03
 -1.5341653e+00
  6.7872242e-03
  4.2048367e-03
 -1.6443492e-03
  2.1416559e-03
 -4.9821883e-03
  1.1787385e-01
  2.1823924e-03
  4.4379651e-04
 -8.0147348e-03
  3.1768321e-03
 -6.0056942e-03
 -3.0237283e-03
 -1.3010054e-02
 -5.8622155e-03
 -2.7507567e-03
  1.5924642e-03
 -5.3874454e-03
  1.6376270e-03
 -2.8481160e-03
  6.8410183e-03
 -1.0966979e-03
 -9.2577590e-03
 -2.4968021e-02
  4.4395397e-03
  1.4167816e-02
 -6.4288704e-03
 -5.9521245e-03
 -3.6309063e-03
 -8.4634608e-04
 -1.3383626e-02
 -7.4659744e-03
 -3.2846956e-04
 -7.0059798e-03
  1.4670937e-02
 -5.7163141e-03
  3.1425364e-03
 -8.3260322e-03
 -2.2581373e-03
  2.6310282e-04
  8.4821065e-04
  4.2785862e-03
  2.0465478e-02
 -9.0863846e-02
  9.6825160e-02
 -5.1067616e-03
 -2.9425859e-01
 -1.1276730e-02
 -1.0356286e-02
  1.4601418e-02
  1.0781560e-01
 -1.9483845e-01
  4.6389468e-04
 -2.3792195e-03
 -4.0415870e-03
  5.4991775e-04
  1.9606084e-03
  1.9238088e-02
 -5.1999446e-03
  4.3211691e-03
  1.4670033e-03
 -5.7123625e-04
 -1.4168103e-03
  1.2109709e-03
  1.8758807e-02
  2.3897536e-04
  4.4036552e-02
 -2.4869930e-02
  1.1592499e-02
  5.0295633e-04
 -1.6540468e-03
  2.8744217e-02
  2.0628756e-01
 -3.4279721e-03
 -1.9619474e-03
 -7.4861515e-03
  5.6509359e-04
  2.3918726e-02
 -1.2122081e-03
  5.8109174e-05
  3.3408618e-03
  1.2947148e-02
  3.7717388e-03
 -5.6150481e-03
  9.4419438e-04
  1.4562440e-03
  2.9643239e-03
  1.8162030e-03
  1.0418684e+00
 -1.8157044e-02
 -9.0478165e-03
  7.0268800e-03
 -1.3624907e-02
 -1.7788092e-02
 -1.5673468e-02
 -4.7900556e-03
  9.1565344e-03
  5.3742244e-03
 -1.6467660e-03
  6.9928272e-03
 -1.7367292e-02
 -1.0820817e-02
  2.4194950e-03
 -2.5809146e-03
 -2.9500313e-03
 -2.1503188e-03
  1.7088169e-04
  3.2747765e-03
  1.1209829e-02
 -2.5649834e-04
 -3.3252214e-03
  9.5443474e-03
 -2.4775486e-03
  2.0578008e-03
  1.5585779e-03
  1.1424547e-01
 -4.0177419e-03
 -1.7047685e-03
  8.8345371e-03
  8.0950493e-03
 -1.0945854e-02
 -1.4746125e-02
 -2.4121045e-03
  5.1753945e-03
 -5.8170934e-03
 -3.2936400e-03
  6.4738379e-03
  4.0082051e-03
  2.2921732e-02
 -1.1925757e-02
 -5.1557110e-03
  4.5677549e-03
  1.8484908e-01
  2.4786063e-02
 -1.6574040e-03
  3.8638096e-02
 -4.2029223e-03
 -5.0141430e-01
  4.8913616e-03
 -1.2207249e-02
 -8.2459366e-03
  3.6220970e-03
  1.8062760e-03
  4.7222385e-03
  3.1056311e-03
  6.6603879e-03
 -1.5483305e-02
  1.3730408e-01
 -1.6143931e-01
  1.3530141e-02
 -2.0538061e-03
 -2.8388454e-03
 -2.7644567e-03
  1.7098950e-02
 -6.8261120e-03
  1.6484883e-02
 -9.9679483e-03
  3.7304754e-04
 -2.2948761e-03
 -2.9536618e-03
  2.0630141e-03
  1.2243132e-02
  3.7692475e-01
 -6.2823575e-03
 -1.5260611e-02
  2.2675772e-03
  1.4043527e-03
  8.2279956e-03
 -2.0436603e-03
 -3.3542248e-03
  5.6368080e-03
  2.6639162e-03
 -2.7788911e-02
 -1.0766048e-02
 -9.1069173e-03
  2.6645698e-02
  9.5184284e-01
 -7.6085795e-03
  1.3288063e-02
  1.0462548e-03
 -7.3800283e-03
 -1.5233045e-02
  2.9817203e-02
  4.9993151e-04
  9.0015363e-03
  6.5202639e-04
  3.6988040e-03
  1.3061698e-03
 -2.3996239e-03
  8.3925799e-03
 -2.7679666e-03
  7.7894295e-04
  1.7662139e-03
 -8.2544684e-03
 -2.0001433e+00
  1.8224349e-02
  1.6171383e-02
  1.7510224e-03
  3.5549919e-03
 -1.9709975e-03
 -2.3579267e-03
  2.0407562e-03
  2.8321962e-03
 -2.1908032e-03
 -4.8995670e-03
 -9.4972510e-04
  2.6726020e-03
 -3.2338384e-03
 -3.1283009e-04
  4.4628687e-02
 -1.5990711e-03
  6.4457860e-03
  9.1581251e-03
 -1.1527698e-02
 -4.7875755e-04
 -9.4029559e-03
 -1.8385340e-01
 -4.7063397e-04
  3.3720364e-03
 -7.1765107e-01
  5.4634136e-01
 -1.6304484e-02
 -4.2582002e-01
 -1.6229495e-01
  2.5980756e-01
 -6.3516355e-01
  5.2192909e-01
 -5.3208089e-01
 -7.4557336e-03
 -3.2721460e-01
  6.0597664e-01
  2.2283475e-01
 -1.3196824e-01
  4.3305251e-01
 -9.9715304e-01
  2.5910971e-01
  5.2024573e-01
  2.8165668e-01
  4.3089587e-02
  7.8070857e-02
  1.7187238e-01
 -1.9884922e-03
 -8.9500630e-01
  1.8559617e-01
  3.4514228e-01
  3.9603893e-02
 -3.3836681e-02
 -5.0655566e-02
 -2.5479302e-01
 -4.4995010e-01
 -3.9124155e-01
  2.5509804e-01
  3.1838017e-03
 -5.2245103e-02
  5.7459075e-02
 -2.0696335e-01
 -1.8919231e-01
  7.1063793e-01
 -2.0290244e-01
  7.2502913e-03
 -2.5722303e-03
 -1.0117008e-02
  1.0299101e-01
 -2.0084528e-02
  3.2124197e-01
 -7.1877572e-03
 -6.6012447e-04
 -7.7424571e-05
  7.3214602e-03
  4.8709116e-03
  2.2621021e-02
 -9.3087200e-03
 -3.0881299e-03
 -1.7910361e-03
  2.3373559e-03
 -3.0649700e-03
  2.5214509e-03
  4.4348030e-03
 -7.3912060e-03
  4.2873756e-03
  1.0768098e-02
  1.5540655e-02
 -4.8286770e-03
 -8.4067266e-03
  5.4986351e-03
  2.7754945e-03
  1.2952832e-03
  7.1424250e-03
 -5.2203387e-03
 -1.1346980e-03
 -4.4655637e-03
 -1.9664234e-03
  1.4353696e-02
 -5.4345638e-03
 -9.2292754e-03
 -5.9551690e-03
  4.4678957e-03
  1.2450886e-02
 -1.3679762e-03
  5.3639272e-03
  1.1596453e-02
  2.6726313e-03
  1.1340871e-02
 -2.1976349e-04
  1.9224958e-03
  9.9628791e-03
  2.7051512e-03
 -8.9679798e-03
 -3.5436123e-03
  9.6129719e-03
 -3.4249714e-03
  1.2888350e-02
 -1.1836779e-03
 -9.4795935e-03
 -2.2809999e-04
 -4.2669743e-04
 -1.7039333e-03
  9.8503125e-04
 -9.2053274e-04
  1.1576403e-02
  6.4728628e-03
  1.2159920e-03
 -3.4023931e-03
 -1.3679841e-03
 -1.0710429e-02
 -4.6884585e-03
  2.6630359e-03
  4.1587045e-03
 -5.4801903e-03
 -1.3423963e-03
 -7.4125761e-03
 -3.9260378e-03
  5.0177646e-04
 -8.0630148e-04
  1.4261228e-03
  3.0886582e-03
 -9.2240628e-03
  6.9228015e-03
  1.3529082e-03
  3.3233878e-03
  1.4812835e-03
 -4.8229651e-04
  3.5465953e-01
  4.6095904e-03
  2.1781638e-04
  9.1649648e-03
 -4.8372013e-04
 -7.0942298e-04
 -3.6461432e-03
 -3.7813203e-03
  7.4503000e-04
 -1.3509490e-02
  9.6559006e-01
  8.2561718e-03
 -2.3223713e-01
 -2.4837717e-01
  1.2590432e+00
 -6.6088133e-02
 -5.0630730e-01
 -3.1373358e-01
 -2.7171308e-03
 -5.0960624e-01
  4.8060554e-01
  7.2125781e-01
  1.3376561e+00
  1.8435138e+00
 -8.5356891e-01
 -8.6109191e-02
  1.0950439e+00
 -5.1351722e-02
  7.9136558e-02
  8.4168875e-01
  1.3377943e+00
  3.6774881e-02
  1.5573523e+00
 -1.6790185e+00
 -1.6205994e-02
  4.6330348e-02
  2.1872921e+00
  8.2176065e-01
  7.4379221e-02
  1.4251435e-01
 -1.8743473e-03
 -9.1689039e-04
  1.1262568e-02
  6.4421570e-01
  6.3111246e-01
  5.3932750e-01
 -4.2391196e-02
 -2.8710191e-03
 -3.5269193e-03
  1.8130620e-03
 -6.2242866e-01
  5.6066825e-03
  3.9491388e-01
 -1.0920069e-01
 -1.3746208e-01
  4.2480922e-01
 -3.5661712e-02
 -8.0645382e-02
  3.1777639e-02
 -1.2957045e+00
 -2.5512260e-01
 -7.7958226e-02
 -3.7627837e-01
  2.5906574e-03
  5.6647169e-03
 -5.6275418e-03
 -1.5107732e-03
 -1.8575247e-02
 -2.2247601e-03
  9.6043073e-02
  4.5589362e-03
 -4.3347133e-03
 -1.2859865e-01
  6.2272336e-02
  3.8935193e-03
  1.6309981e-01
 -1.8576953e-01
 -3.4161845e-01
 -1.1404637e-02
  8.1508420e-04
  3.1401096e-03
 -2.0022061e-01
  2.5683594e-01
  8.4069222e-03
  8.1203750e-04
  1.0753623e-03
  6.4673921e-04
 -3.8338806e-02
 -8.4274195e-02
 -4.2472500e-05
 -1.2513224e-02
 -3.9546760e-03
  6.6405691e-02
  1.1298252e-02
 -1.1791197e-02
 -1.9236545e-03
 -3.9092409e-03
  8.2123344e-04
  6.5869107e-03
 -8.5519804e-03
  1.2166496e-02
 -3.0410872e-03
 -9.4358623e-03
 -4.5050262e-03
 -3.4773091e-03
  7.2167823e-03
  4.8327083e-03
 -1.7267879e-03
  5.7731953e-04
  8.0247328e-04
 -6.8886094e-03
  4.0254736e-04
  1.0304091e-02
  1.5080164e-02
  1.2946858e-02
 -1.1093253e-04
  1.8554382e-02
 -5.8545568e-03
 -1.0551588e-02
 -2.3902620e-03
 -3.6615127e-04
  7.3177461e-03
 -4.3181502e-03
 -3.3193207e-03
 -7.5588410e-05
 -3.3496672e-03
  3.6239920e-03
  1.7814433e-03
 -4.6589458e-04
  1.4377569e-03
 -1.1263457e-03
 -1.8718882e-02
 -1.0037007e-02
  8.4588816e-03
  3.6915229e-03
  4.2721252e-03
  4.0454906e-04
 -8.2334634e-03
 -3.8679934e-04
 -2.1151302e-02
 -3.7038070e-04
  1.1824426e-03
 -2.1352192e-02
 -1.7490962e-03
 -3.0712523e-03
  6.4988243e-03
 -1.9240545e-02
 -6.3158530e-01
  3.3938000e-04
  8.0491360e-03
  6.9786794e-03
  6.6431714e-03
  4.7981227e-03
  7.0915645e-05
  5.7896418e-03
  5.6938808e-03
 -1.7198994e-03
 -4.1626138e-03
  5.6296779e-04
  9.6148886e-03
  1.0908803e-03
  1.6969446e-02
  8.9133931e-03
 -6.5852921e-03
  8.1993639e-04
  6.5012900e-03
 -2.8026432e-03
 -1.4892265e-03
  7.8825867e-03
 -3.9738212e-03
  9.3311636e-04
  2.1279588e+00
 -9.1277547e-03
  4.0388396e-03
  1.8657349e-02
  1.2511228e-03
  3.7424747e-02
  5.3422409e-05
  1.0727642e-03
  3.6132042e-03
  4.3872243e-04
 -3.0524504e-01
  6.3841837e-04
 -6.4547476e-04
  3.3082960e-03
 -8.5955337e-02
  9.8848008e-02
  1.4709355e-01
 -3.0327338e-01
 -3.2280466e-01
  6.7802206e-02
 -8.7164454e-02
 -5.8926541e-02
  5.0512467e-02
 -6.1786562e-01
  2.5957417e-01
 -1.7818565e-02
 -2.8706974e-01
 -5.0286770e-01
 -6.2746400e-01
  1.3809435e-02
  1.0651048e-01
 -1.0173064e-01
 -1.3696870e-01
 -1.5938906e-01
 -3.5451210e-01
 -3.5603356e-01
  2.8455971e-02
 -3.1441029e-02
 -3.2810677e-02
 -1.8355674e-01
 -3.4593287e-01
 -8.7302797e-02
 -1.3579270e-01
 -2.3259848e-01
  1.7316724e-03
 -1.2347052e-02
 -2.0036802e-01
 -5.3000551e-01
 -8.4631285e-03
 -5.8721578e-01
  2.1914333e-02
  3.2117595e-03
 -6.2086099e-01
  9.7853556e-02
  4.6705827e-03
  6.2093544e-03
 -1.5510060e-01
 -2.0085722e-01
  1.2015291e-02
  1.4594232e-01
  1.0426548e-02
 -2.4088377e-02
  3.3425528e-04
  5.3213532e-03
  5.3171203e-02
 -1.0124659e-02
  1.5329212e-02
 -7.3064948e-03
 -2.2876521e-03
  6.3405391e-03
  5.4546515e-03
  5.8896537e-04
 -4.4062706e-03
  6.0700206e-03
 -1.0827950e-02
  1.0367541e-02
  3.1214934e-03
 -1.6962755e-03
  3.6921124e-03
 -5.9292223e-03
  1.4208499e-03
  1.0387644e-01
  2.2375893e-03
 -3.0639709e-03
  4.1145114e-03
  3.3984019e-05
  1.5517199e-01
  2.5798041e-02
 -9.5329824e-04
 -1.2932873e-02
  2.6729773e-05
 -4.4623227e-03
 -3.2856476e-02
 -9.9258218e-03
  1.5715793e-02
 -2.5547561e-03
 -2.3536112e-02
 -8.4367413e-03
 -3.9255787e-03
  6.4845094e-03
 -3.3152637e-03
 -9.6643242e-05
 -2.0434846e-01
 -9.4287507e-02
  3.7181863e-01
 -3.5805199e-01
 -1.0390639e-01
 -1.6393335e-01
  1.7083075e-02
 -2.9849717e-02
 -1.7680833e-01
  4.6699420e-01
 -1.5064877e-02
 -5.7206035e-01
  2.6275975e-01
  2.4378392e-01
  3.7134156e-02
 -7.9230063e-02
  3.6026320e-01
  5.9822695e-03
  3.7009090e-02
  2.0612177e-01
  8.5501671e-01
  2.0701878e-01
  3.3056310e-01
  4.2291227e-01
  1.4569640e-01
  1.9501079e-02
  4.4226968e-01
  4.1207004e-02
 -9.9910975e-02
  8.5508160e-02
 -1.4550427e-01
  2.3932869e-03
  2.4004810e-02
  1.5157679e-01
 -6.0604411e-01
  4.9590308e-02
  2.4446452e+00
 -3.7788088e-03
  1.6571528e-01
  9.1269985e-03
 -1.3658476e-02
  3.7220448e-01
  3.1502658e-01
  2.8799055e-02
  2.1708363e-03
  1.3921840e+00
 -8.1885131e-03
  1.2214431e-02
  7.4778013e-03
  1.1230015e-02
 -6.3832536e-02
  1.5928339e-02
 -1.3821461e-03
  4.7538248e-03
  3.2139360e-03
  7.3645515e-03
 -1.8486450e-03
 -2.4754712e-03
 -1.9068049e-03
 -7.0153265e-03
  1.4534574e-02
 -1.3313401e-03
  6.7146705e-03
 -1.4512406e-03
  1.3416866e-04
  2.4203358e-03
  4.2918473e-01
  5.5011366e-03
  4.1477373e-03
  1.6237350e-01
 -2.1503367e-02
 -1.5216895e-03
  3.2858101e-03
  3.0116779e-03
 -5.0969748e-04
  8.0644834e-04
  6.0308604e-03
 -1.3680520e-02
  2.2939984e-03
 -1.7135066e-03
 -1.1813848e-03
 -4.8744185e-03
  2.6342156e-03
 -1.0538116e-03
  4.5443737e-04
 -3.1712919e-02
  6.9709918e-03
  7.2105916e-04
  1.5920344e-01
  1.6402127e-01
 -2.3394972e-01
 -9.9723750e-01
  7.3962979e-02
 -1.2945126e+00
  1.7539193e-01
 -1.2637967e+00
 -2.0810544e-01
  1.3983201e+00
 -8.2835387e-03
  6.4277992e-02
 -2.8135341e-01
 -8.8183107e-03
  1.8717225e+00
 -1.5744051e-01
 -2.4308540e-01
  5.1900434e-01
  4.6521124e-01
  6.8345368e-02
  2.0006756e-01
  1.6211922e+00
 -8.3848953e-02
 -4.0571016e-01
 -1.2967992e+00
  1.0117926e-01
  1.8268940e-01
  1.7225903e-01
  1.6192470e+00
  8.6690110e-01
 -3.7331912e-01
 -5.2183159e-02
  2.0618930e-01
  2.7152306e-01
  8.5942954e-01
  8.3635813e-03
 -4.8481241e-01
  9.8761491e-02
  1.7011285e-01
 -2.5860588e-03
 -3.1017462e-02
  2.2967426e-02
  3.4023884e-01
  1.6330081e-01
  1.9447712e-03
 -1.1277953e-02
 -9.6090194e-03
 -4.1878138e-02
  2.6864354e-03
  6.4028386e-04
  6.4999405e-03
  3.2549007e-03
 -1.1729152e-02
  1.8952131e-02
  1.9788456e-03
  1.3714532e-02
  8.7243160e-03
  1.4410016e-02
  2.3200470e-03
 -5.2577048e-04
  3.1969452e-03
 -5.4927170e-03
  1.8234730e-02
 -3.1721375e-03
 -6.5614888e-04
  1.3829723e-01
 -3.3800784e-03
 -1.2460209e-03
 -1.9079734e-02
  4.6847388e-03
  1.0553252e-02
  1.5877627e-02
 -5.2995458e-03
  1.1029531e-02
  3.3771573e-03
 -1.0829919e-02
  3.4944294e-04
  1.4611431e-02
  8.1609283e-03
  1.5889516e-03
  2.3097445e-03
 -1.4088661e-02
  1.9536510e-01
  4.2704046e-03
  6.4720409e-03
  1.0456666e-04
  1.3786303e-02
  2.8888895e-03
 -4.7340295e-01
  4.8891760e-02
 -1.5849961e-01
 -3.9987162e-01
 -1.2428117e-01
 -1.9655618e-01
 -8.6978477e-01
 -2.6358870e-01
  4.1542959e-01
  4.9096319e-01
  9.3610123e-02
  4.0849414e-02
  3.1608030e-02
  8.4423892e-02
  8.0032575e-01
 -1.6091006e-01
 -4.2823330e-02
  6.6065891e-03
 -2.0596126e-01
  5.9599085e-03
 -1.7584667e-01
 -1.7710501e-01
 -2.0223656e-01
  3.6858055e-01
 -4.2481732e-02
  1.0653021e-01
  7.3513962e-02
  2.6726590e-02
  1.6705579e-01
  1.0895552e-01
  7.6237451e-03
 -3.0746510e-02
  2.2485462e-01
  4.1185114e-01
  3.4043691e-01
  5.2870862e-02
 -1.4108643e-01
 -1.0139749e-02
  1.1857716e-01
 -5.0888121e-02
  7.7194138e-03
  9.3521494e-03
  1.0238054e-01
  1.0905867e-01
 -1.5441021e-02
  5.5610619e-02
 -1.0307442e-02
  2.7480672e-04
  7.1502268e-02
 -6.5099716e-04
  1.0156928e-04
 -2.2844311e-04
 -2.6936042e-03
 -7.9900597e-04
 -8.5065160e-03
 -8.7107124e-05
 -9.7049568e-03
 -2.2335192e-03
 -3.6056654e-04
 -1.1304650e-03
 -7.0859948e-03
  1.2689563e-02
  9.7474898e-04
 -8.0146212e-03
  2.5546588e-03
 -4.4708885e-04
 -7.6687336e-03
 -1.2415524e-03
  3.5103329e-04
 -1.0540931e-02
 -1.8310979e-02
 -4.5443783e-03
 -6.3384557e-03
 -8.7567410e-03
  1.8883550e-03
 -2.6539899e-05
 -1.1474653e-02
 -3.8204109e-04
  1.7747061e-02
  3.1618646e-03
 -5.7707308e-05
  8.2238149e-03
 -6.8824128e-03
  1.6166508e-03
  3.6940495e-03
  1.8933984e-02
 -2.9505994e-03
  2.7540896e-02
 -8.6056894e-01
  3.5503913e-02
 -4.8997264e-02
  2.2953823e-01
 -1.6503187e-01
 -9.4222769e-02
  2.1038164e-01
 -1.3815651e-02
 -1.4309699e-03
 -2.2765477e-01
  2.0141094e-03
  8.3385082e-04
 -7.3901010e-03
 -2.1648042e-01
 -1.6736405e-01
 -3.7189091e-03
  1.5601929e-01
  5.8691967e-02
 -5.3588644e-04
  1.8687437e-03
  3.5766119e-01
 -3.5295766e-02
  5.6805849e-01
 -4.7268236e-01
 -5.5922490e-01
 -1.0006209e-01
 -7.2988858e-03
  4.2508316e-04
 -4.9068454e-01
 -2.1869807e-02
  1.3897048e-01
 -1.0605534e-03
 -1.9491618e-02
 -9.0657193e-03
 -1.6695317e-02
 -1.1714492e-01
  4.8647681e-03
 -5.0031971e-03
 -1.4716593e-02
  1.7934468e-03
 -1.2687366e-03
 -2.2211611e-02
 -2.6565224e-02
 -2.5537834e-03
  1.3933940e-01
 -7.8580987e-01
  1.8638928e-01
  1.8168315e-01
 -8.6845821e-01
 -3.1172580e-01
 -2.3471504e-01
  1.0154175e+00
  3.8764641e-01
  1.9750738e-01
  2.4497712e-01
 -6.0484439e-01
 -6.5553588e-01
 -8.3728284e-01
  2.2428885e-01
 -4.6282050e-01
 -5.8369768e-01
  1.4051713e-02
 -4.0679759e-01
  7.3606096e-02
 -9.9618429e-01
  3.6810499e-01
 -2.1547420e-01
 -9.7355345e-04
  4.2433619e-01
 -7.5903244e-02
 -3.3081599e-02
 -2.8122214e-03
 -9.7588357e-03
  2.8781378e-01
 -8.5737489e-02
 -3.9676200e-03
 -6.6355588e-03
 -1.2393223e-01
 -1.1109957e-01
  4.7482438e-02
 -2.0345357e-01
  1.4297545e-03
  2.0155208e-01
 -3.6826324e-02
  1.4752037e-03
  3.4355515e-01
  5.9388217e-04
  1.6278692e-02
  5.4735667e-04
  1.1734478e-02
  7.7763596e-03
 -5.0892872e-01
  2.8670829e-04
  7.0524856e-04
 -1.2548888e+00
  1.1701354e-02
  8.8994456e-03
 -1.2639768e-03
  2.5891692e-03
  1.8671590e-03
  1.2116823e-03
  2.3612282e-03
 -1.4592442e-03
  6.7099878e-03
 -2.3562699e-03
 -1.7648587e-02
 -5.6690504e-03
 -5.1985425e-03
 -1.2065600e-02
 -5.7001028e-02
  4.0236600e-03
  6.2339320e-03
  2.5718615e-03
 -2.3384068e-02
  8.1145167e-03
 -2.6640017e-03
  4.6176129e-04
  8.9363684e-04
 -5.3039677e-03
  7.7527198e-03
  4.8058704e-03
 -1.0361669e-02
 -4.8722322e-03
 -2.7192070e-03
  1.9673270e-03
  1.1396449e-02
 -4.5209662e-03
  6.1114938e-03
 -1.4086707e-03
 -1.2321861e-03
 -1.5494530e-04
 -2.6725692e-04
  1.0253133e-03
 -6.7763227e-01
 -9.7808195e-03
  8.5165061e-02
 -1.4525349e-01
  7.1727280e-03
 -3.2846291e-02
 -9.4566811e-03
 -1.5039362e-03
  4.6592485e-03
 -4.9624601e-03
 -6.4266622e-03
 -2.2017809e-03
  1.4749032e-02
  5.8255708e-03
  1.4306366e-02
 -7.0663784e-03
  1.4193963e-02
 -3.8378444e-03
  2.9533636e-05
  4.3316567e-03
  1.4015217e-02
 -1.7765619e-01
  2.0120098e-01
  7.5612268e-03
  9.1814604e-03
 -1.4296480e-03
  3.0631566e-02
  7.9037458e-02
  2.3001130e-03
 -1.4661407e-03
  1.0179811e-03
  5.6027819e-04
 -7.6235263e-03
 -4.1703153e-03
  2.2265734e-03
 -3.0679518e-04
 -5.3919083e-04
  3.3102613e-02
 -3.1478532e-02
 -5.6398883e-03
  1.6377463e-03
 -1.2002664e-03
 -1.5855527e-03
  1.3600762e-03
  6.1465874e-03
  1.6881221e-03
  8.9193555e-03
 -3.4884419e-03
 -1.1253997e-02
  1.0569183e+00
  1.8709945e-04
 -2.6825338e-03
  2.4379571e-03
  1.0325611e-02
  5.5238800e-03
 -1.2967044e-02
  2.1056673e-03
  3.1253954e-03
 -3.5541605e-03
 -3.0349733e-03
 -2.2744967e-03
  4.1581844e-03
  9.0426230e-04
  3.5153283e-03
 -7.5008837e-04
  2.2502015e-03
 -8.3327768e-03
 -4.7887850e-05
 -8.3185257e-03
  3.0017870e-03
  6.4301402e-03
 -5.8285501e-03
 -7.0041153e-03
  1.8574758e-03
  6.9380705e-03
  1.3433421e-02
  1.2422989e-03
 -4.5916690e-03
  3.3026980e-04
 -3.5623682e-04
 -4.4195810e-03
  2.4760221e-03
 -9.6959835e-03
 -2.3350951e-04
  8.5530179e-03
  4.4355066e-03
 -2.6775489e-02
  1.1739903e-02
  2.0127002e-02
 -3.4581323e-04
 -4.5335542e-02
 -1.1178195e-02
  8.2692265e-04
  6.1984328e-03
 -9.8676118e-04
 -4.1341910e-04
  1.9133585e-03
 -7.5282110e-03
  3.5975627e-03
  3.2174937e-02
  2.0460080e-02
  6.8457122e-04
 -1.2813997e-04
  1.2566441e-02
  1.8224586e-02
 -4.0146322e-03
  1.1444576e-02
 -1.2862833e-01
  4.1339311e-01
 -7.4257165e-02
  6.4075361e-03
 -1.5602101e-02
  2.7908179e-01
  3.9359755e-03
  1.6994071e-01
  5.5164259e-02
 -1.4924608e-01
  2.3332930e-03
  5.9790593e-03
  6.2875790e-03
  1.3955960e-02
 -5.9355404e-03
  1.8079719e-01
 -7.3979567e-03
  2.7278764e-03
  1.1721808e-03
 -2.4663364e-03
  6.3503524e-03
 -3.4098094e-03
  8.9848053e-04
  1.3182177e-03
  5.6223795e-03
 -7.9168445e-01
 -1.1768526e-03
 -1.6873101e-02
 -5.0502666e-03
  1.0296727e-02
  8.5550621e-03
 -7.2281589e-03
 -5.5284626e-03
 -7.9064332e-03
  4.0179649e-03
  2.9488713e-03
  1.3163104e-03
 -6.6103935e-03
  7.9463253e-04
  1.4262507e-02
 -6.3202269e-03
  4.2301756e-03
 -3.2930207e-03
  9.9462678e-04
 -5.4169968e-03
  1.7560603e-03
 -2.2368957e-03
  8.1354622e-03
 -3.4227658e-03
  1.8677204e-03
  6.6512753e-04
  8.5146949e-03
  1.1383665e-03
 -4.1495534e-03
  2.5768827e-03
  2.0210384e-03
  5.1476341e-03
  6.0486435e-03
 -3.4011991e-03
  2.2685567e-03
  2.5270106e-03
  2.5120303e-03
 -1.3722475e-03
 -4.7993935e-03
 -6.0015209e-03
 -6.8067783e-04
  3.7604049e-03
  2.5464743e-03
 -6.4427499e-05
  7.9807406e-04
  7.3306134e-04
  9.3515091e-02
 -2.7517954e-02
 -7.6658675e-03
 -2.7014667e-03
 -2.1770026e-03
  7.2722835e-04
 -1.2557648e-02
  4.9830293e-03
 -1.3769905e-02
  2.9726888e-03
 -5.9605204e-04
  1.5994119e-02
 -5.4952917e-03
  4.2327028e-03
 -7.1744854e-03
 -1.1629687e-04
  3.3945730e-04
  7.6169930e-03
  4.1569560e-03
  1.5346560e-02
  1.0303369e-02
 -3.3029027e-03
  4.4382876e-03
  5.2432246e-03
 -3.1941012e-03
  9.3225176e-03
  4.7605354e-03
  2.6667344e-03
 -1.6133472e-02
 -1.1694409e-02
 -7.4992944e-03
  5.3644308e-04
  6.1931930e-02
  1.5629102e-03
  1.7963597e-03
 -1.1378625e-02
 -5.3759525e-04
 -3.7233634e-03
  2.3752707e-03
  7.2153769e-03
  2.4455718e-03
 -3.7737838e-03
  1.4691325e-02
 -1.1012807e-03
 -1.0839082e-01
  3.1089354e-03
 -6.1592408e-03
  9.3660103e-03
 -9.1396281e-03
 -2.3358477e-02
 -2.9527845e-03
  3.0477352e-03
  8.6086048e-03
  1.3005520e-01
  2.5973050e-02
 -3.3904552e-03
  1.5492591e-03
  1.0386455e-01
 -2.6730441e-03
  1.2515844e-03
  4.8064478e-03
  1.1220337e-02
  2.2686668e-02
 -8.2602441e-02
 -1.8186116e-03
 -1.0985913e-01
  9.8578744e-03
  6.7643421e-03
  4.9646299e-02
  2.4536857e-02
 -3.9672256e-03
 -1.8967055e-03
 -2.8502041e-02
  7.9261912e-03
 -2.4572185e-03
 -1.8966874e-03
  1.4717726e-03
  5.2021733e-03
 -1.0664362e-01
  4.2946101e-03
 -1.1591458e-03
  1.8244027e-03
 -8.6621195e-02
 -1.0679949e-03
  2.6806952e-03
  3.5375922e-03
 -4.9886857e-03
 -4.6759252e-03
 -1.3128032e-03
 -3.7937757e-04
  1.0295390e-03
 -6.5811435e-03
  3.3000571e-04
 -4.6026623e-03
  9.9373190e-03
 -5.0865589e-03
 -2.7577700e-03
 -2.2682785e-03
  8.1396438e-03
  5.6782183e-03
 -1.8394310e-03
 -1.4021497e-03
 -5.2335393e-03
  9.9081444e-03
  2.6505697e-03
  5.4036737e-03
  1.4493070e-03
  2.9982289e-03
  1.7704959e-03
  4.8685903e-03
 -3.7831748e-03
  5.4574986e-03
  3.4761142e-03
 -1.0474869e-02
  2.1736906e-03
  1.8597126e-02
 -3.9244827e-04
 -4.0324903e-03
 -3.5208136e-02
  9.7076956e-04
 -9.6387835e-03
  2.2545861e-02
 -1.3909980e-02
 -1.5457136e-03
 -4.6136053e-03
 -8.9579523e-03
 -4.5407061e-03
 -2.6704371e-03
 -5.4534826e-02
  1.0691959e-01
 -2.3832923e-01
  2.8368324e-01
 -5.8699343e-02
  1.4585009e-02
  4.7424011e-04
  1.0342045e+00
  1.7042989e-03
  2.1080440e-01
 -9.3391759e-04
 -1.3018106e-03
 -6.4285415e-01
  2.5677399e-03
  2.0396761e-03
 -7.9982239e-04
 -3.3398985e-03
  1.1380224e-02
 -6.5211282e-04
  6.1924371e-04
  1.2917032e-03
 -8.5243909e-03
 -4.7777141e-03
  9.8311715e-03
  4.2453955e-04
 -5.0597698e-03
 -1.5940401e-03
  1.4654943e-04
  4.0206388e-03
  2.2518570e-03
  1.3884001e-02
  1.9820321e-03
  1.9393535e-03
 -3.9510960e-03
  2.6658999e-03
  4.1194381e-03
  3.6206716e-03
 -3.2388521e-03
  4.2885654e-03
  6.8792412e-03
 -5.5238686e-04
 -7.7029001e-03
 -8.3229570e-03
  2.8665835e-04
 -4.6095019e-03
 -3.0292391e-03
 -9.4434999e-02
  3.6495482e-04
  2.3371046e-02
  9.2892465e-04
 -4.7360146e-03
  2.3169486e-01
  8.0612628e-03
 -6.6179186e-03
  9.7426325e-02
  6.3973018e-03
  8.4929792e-03
 -1.0614871e-02
  5.2751037e-03
 -8.1042701e-04
  3.0983817e-03
 -1.4344137e-02
 -1.0899818e-02
  6.4320298e-04
  2.8016842e-03
  1.2730127e-02
  1.5703441e-03
 -1.3904153e-02
  9.9290544e-03
 -3.9291899e-03
  5.9064878e-03
 -3.9454942e-04
  5.4439247e-02
  5.5348352e-03
  1.2119526e-02
  4.9086493e-03
  6.8427050e-03
 -4.1103624e-03
  2.4265921e-02
 -1.0499042e-03
  6.4130113e-03
  4.8707407e-03
 -6.6269864e-03
  2.5018802e-02
  3.4696041e-03
  1.8992509e-03
 -1.6433374e-03
 -3.5724067e-04
  3.3245874e-03
 -2.0245886e-03
  2.0830517e-01
  6.8599894e-04
  1.4620107e-02
 -6.7712856e-03
 -5.0874171e-03
 -2.6105263e-04
 -1.0451466e-02
 -8.0189500e-03
 -1.2001956e-02
  2.7671549e-04
  8.8112932e-03
  4.8209112e-03
 -2.2001914e-03
  1.0322859e-02
 -2.3230730e-01
  2.7242391e-03
  4.9300417e-03
 -8.4854988e-04
 -2.4920218e-03
  6.6101709e-03
 -2.4433155e-03
  7.8623146e-03
 -2.8728327e-04
 -9.6637511e-04
 -4.7833612e-03
  4.4481703e-03
 -4.2852089e-03
 -1.2890811e-02
 -7.9786242e-04
  5.5338060e-03
 -2.3301509e-03
  3.6757097e-03
 -2.7996991e-03
 -2.6657542e-03
 -3.9749658e-03
  3.3330673e-03
  1.0798648e-01
 -1.4587480e-03
 -2.4314001e-03
  3.9277254e-03
 -1.1285662e-03
 -3.2404209e-03
 -1.7690682e-03
 -4.7717858e-03
 -8.9648318e-01
  4.8107468e-03
 -6.3729304e-04
  4.5873761e-02
 -1.2057147e-02
  1.1834338e-01
  2.6406844e-03
 -3.6754634e-03
  2.2166912e-04
  6.3985499e-05
 -3.1522154e-03
 -2.3628043e-03
  7.6318718e-03
 -4.6446240e-03
 -5.6815105e-03
 -3.4909849e-03
 -6.8881698e-03
 -2.6532216e-04
  1.7355214e-03
 -4.0515712e-03
 -1.7636104e-03
 -9.0719748e-04
 -2.7462129e-02
 -3.2226446e-03
  6.4552152e-03
  3.6773314e-03
  1.1835269e-02
  1.5942289e-02
  5.9707528e-03
 -2.4161773e-04
 -9.1033904e-03
 -1.0055687e-02
 -1.2540179e-02
  3.2689009e-04
 -1.0822933e-02
  1.1941791e-03
  9.3140220e-03
 -6.3555539e-03
  1.4901664e-03
  4.1024819e-02
  1.5746215e-03
  2.7381419e-03
  4.4817924e-03
 -1.6446020e-02
 -1.8801112e-03
 -8.0620991e-03
 -3.0319514e-03
 -9.4608599e-03
 -3.8666022e-03
  1.3948138e-03
  3.3658957e-03
 -1.6578779e-03
 -4.1171554e-03
 -3.1402153e-03
  6.1791581e-03
  1.7951216e-03
 -6.9441176e-03
  3.0854729e-03
 -9.6700899e-03
  1.4451547e-03
  3.6956819e-03
 -2.4391394e-03
  4.6690875e-03
 -1.8019815e-03
  3.0919688e-03
 -7.0124804e-03
 -4.1990918e-03
  2.2289902e-03
  3.2242239e-03
  1.2241448e+00
 -1.9329200e-03
  1.3065124e-02
  2.9258241e-03
 -2.7607693e-03
  7.7596307e-03
 -7.7697644e-03
 -2.3891709e-03
  7.3183654e-03
 -1.0097697e-03
  1.2460715e-03
 -4.4338587e-03
  1.0265353e-03
  3.0064383e-03
  4.9664797e-03
 -1.7863836e-02
 -2.1752082e-03
 -5.2786064e-03
 -5.9503722e-03
  5.9703416e-01
 -4.5185420e-03
 -6.6498457e-04
  4.6882713e-03
 -4.3579522e-03
  5.6130905e-04
 -2.2768985e-02
 -2.9900155e-05
  1.2298120e-02
 -4.2625936e-03
 -2.0687853e-03
  1.1737247e-03
 -7.6819223e-04
  3.4865593e-03
 -2.2403549e-03
 -5.4988847e-04
 -1.7905526e-03
  4.5383433e-03
  6.0010701e-04
 -2.1819469e-02
  6.6108420e-03
 -5.3850082e-03
  6.4794660e-02
 -3.8355787e-04
 -6.7707971e-03
  4.2284960e-03
 -8.7316260e-03
 -1.1671704e-02
 -3.9256550e-03
  2.1222429e-03
 -2.2698613e-04
  4.2399410e-03
  7.3323096e-03
  2.7126456e-03
  1.6254736e-03
  5.2603646e-03
 -2.2301897e-02
  3.5897167e-03
 -1.3022563e-02
 -6.6851359e-03
  9.6699712e-04
 -6.7400979e-05
  2.1610286e-03
 -1.5221579e-03
 -1.7362716e-02
  2.1099688e-01
 -2.4217904e-02
 -1.8956020e-02
 -2.2446793e-03
 -3.9489191e-02
 -5.0052186e-03
 -1.1795902e-01
  4.8068888e-02
  2.0529865e-03
  8.1276439e-02
  5.5350203e-02
  9.6321456e-02
  9.8070011e-02
 -2.1572609e-03
 -8.2340226e-02
  1.1327177e-02
  4.9011637e-03
  1.5242785e-03
  4.1677126e-01
  4.6587653e-02
 -6.7253849e-03
 -2.1270684e-03
 -2.5466588e-01
 -6.2724650e-03
  5.9077654e-02
 -1.0792577e-02
  3.2607889e-01
  4.9340314e-01
 -1.8499954e-02
  1.0574658e-02
  2.3619151e-03
  7.9597766e-03
 -3.7165370e-02
  1.4679575e-01
 -7.6013436e-03
 -1.0496006e-02
  1.0681409e-02
 -3.6312798e-03
 -8.3630899e-04
  5.3125182e-03
  5.4684938e-03
  4.3764833e-02
  3.0146106e-03
 -4.8261973e-05
  2.1599485e-03
  2.8018618e-02
  7.6012346e-03
 -7.7899951e-03
 -1.5468782e-02
 -5.9128585e-03
  2.5280693e-03
 -1.2836660e-02
 -4.6903789e-03
 -1.2886587e-03
  7.9896888e-03
 -2.1996156e-03
  7.2669412e-05
  1.3273372e-02
  4.7195449e-02
  8.3557988e-04
  1.9127328e-03
 -5.6793438e-03
  5.1377011e-03
 -6.0312800e-02
  3.3684112e-02
  1.3538527e-03
  6.3194069e-03
 -2.9289620e-03
 -2.3027183e-03
 -1.3294258e-02
 -3.6288933e-03
 -4.7908868e-03
 -4.5953724e-03
  5.1743863e-04
  2.0373873e-03
 -6.1395336e-03
  3.0922086e-04
 -2.0971678e-02
  7.5643603e-03
  8.7554026e-03
 -8.3208494e-02
  5.1375583e-04
  8.2190949e-03
 -5.1162596e-04
 -2.9571075e-02
 -4.4806832e-03
 -7.2406989e-01
  9.1442809e-02
  1.6474715e-01
 -4.9915281e-01
 -9.9142767e-02
  9.8173052e-02
 -3.1639820e-01
  1.0262988e+00
  1.4088756e+00
  6.4886373e-01
  4.9197031e-03
 -3.3184859e-01
  6.6830087e-01
  2.6134694e-01
  8.5402268e-01
  3.2308482e-02
 -2.2681839e+00
 -1.1959245e-03
  1.0422813e-02
  9.2480934e-01
  3.4043512e-01
  5.4500830e-01
 -3.3558795e-01
 -3.6953443e-01
  1.0961274e-01
  7.5402590e-03
  3.4992900e-01
  1.5550482e-02
  1.0834404e+00
 -2.2118218e-01
 -9.9372976e-02
 -3.6361244e-01
  1.4799609e-02
  1.4272600e-01
  1.3887925e-01
  3.1791034e-01
 -2.6024193e-01
 -2.8854096e-02
  1.9862566e-02
 -8.5862866e-03
  7.1809781e-03
 -5.4640761e-03
  6.5190911e-02
  2.0910524e-02
  7.5996518e-03
  6.4115453e-01
 -2.4705010e-02
 -1.5345696e-02
  1.5157177e-03
 -2.5476574e-03
  9.7476965e-01
 -1.5209371e-03
 -8.7377410e-03
 -1.1008829e-05
  5.7623629e-03
 -1.1807205e-03
  4.8560994e-03
 -6.4060763e-03
  9.4131576e-03
  2.9246800e-04
 -1.7961416e-01
 -2.1561387e-03
 -8.9331868e-04
 -1.5929115e-03
  3.0434411e-03
  5.7677843e-04
  7.8063377e-04
 -1.0200001e-03
  1.6676020e-03
 -3.3214944e-03
 -2.9591096e-03
  1.0455918e-02
  3.0466592e-01
 -1.0156385e-03
  3.0962366e-03
  5.3490046e-04
 -9.6365772e-03
  1.1964959e-02
  1.3955205e-04
 -8.7994785e-04
 -2.8160317e-03
 -1.0847193e-02
  1.0235583e-03
 -2.0223048e-02
  1.6445469e-02
 -1.1559369e-02
  1.8155551e-02
 -5.1660645e-03
  4.0364680e-03
  3.7319008e-02
 -1.5783076e-01
  1.4958902e-01
 -3.5149652e-01
 -8.6056730e-03
  3.3653011e-03
  2.6150213e-03
 -2.8607324e-03
 -1.0154827e-02
  7.6191956e-03
 -1.6299931e-02
 -4.0494511e-03
 -2.9240402e-03
 -1.1394236e-02
 -2.4192212e-03
 -2.4644276e-01
 -1.6604746e-02
 -1.1412291e-03
 -3.3987572e-03
 -4.5327556e-01
 -2.1724488e-01
  6.9644726e-03
 -1.6253440e-02
  9.9993527e-02
  6.2408093e-03
 -2.7647614e-03
 -1.7347338e-05
 -2.4464983e-03
 -1.8263994e-02
 -8.3116479e-03
  2.6123612e-03
 -2.5840998e-03
 -8.6891204e-03
 -7.0028260e-02
  8.3022716e-04
 -9.9995610e-05
  1.9413048e-04
  1.0217218e-01
  2.4389327e-03
 -3.6471703e-03
 -9.6885441e-03
  5.3938050e-03
 -1.5341302e-02
  2.9549316e-01
 -3.0048427e-01
 -3.7121034e-01
 -2.0804577e+00
  4.4677639e-01
 -2.4738265e-03
 -1.8275288e-01
 -1.0376766e+00
  5.8373762e-04
  3.5178360e-02
  1.6158067e-03
  1.5035546e-02
  8.5934810e-04
  4.1008787e-03
  1.8670945e-03
 -4.7008641e-02
 -6.1567379e-03
  5.6632170e-03
  4.3121292e-03
  1.1061096e-02
 -3.5623610e-03
  1.6495126e-01
 -1.0217063e-02
 -5.5847919e-01
 -2.0017952e-02
 -5.8736694e-03
  1.8756103e-02
  8.5888997e-02
 -3.3487253e-02
  1.7607510e-02
  4.6772389e-03
 -8.0754356e-03
  1.1814646e-02
  1.0288450e-03
  1.0074290e-02
 -1.2243166e-02
  7.5488845e-03
 -1.7040379e-03
 -1.2041228e-02
 -1.9361313e-03
  1.4209520e-04
  3.1762645e-03
  1.9006362e-02
 -1.1938085e-02
  5.1993048e-03
 -2.2399686e-03
 -3.0368781e-02
 -9.6742231e-03
 -7.4994396e-03
  2.3802868e-03
 -7.7084657e-03
 -1.2704743e-02
 -4.5372923e-03
  3.3725202e-03
 -2.2643770e-05
  5.2558929e-03
 -1.5196254e-03
  2.2104657e-03
  3.2243363e-03
 -7.5079165e-03
 -2.6692499e-03
 -5.6778756e-04
 -1.0623166e-02
  2.6526060e-03
 -1.6459377e-03
  1.3489707e-04
 -1.0632488e-02
 -4.4104332e-04
 -6.3395537e-03
 -3.9238795e-03
  4.6406151e-03
 -1.4422337e-02
 -3.1629580e-03
  1.2392063e-02
 -1.4729163e-02
 -2.8112000e-01
  3.6671036e-04
 -1.8212795e-02
  9.3712378e-03
 -5.3823163e-04
  1.5256329e-02
 -3.1029086e-03
  6.3430429e-03
 -5.8134492e-03
 -4.0392333e-04
 -1.6286593e-03
  1.5193237e-02
 -5.8662379e-05
  2.6365894e-01
 -3.6967671e-01
 -1.2626607e+00
 -1.7202561e+00
 -5.6379184e-02
 -1.0396372e+00
 -1.1305692e+00
 -5.0884575e-01
 -1.4801030e+00
 -2.7747247e-03
 -7.2762086e-03
 -1.9990213e-01
  5.4148304e-01
  2.4419078e-03
  5.0897998e-01
 -1.4822797e-02
  3.4936497e-01
  1.8323885e-01
 -2.9637285e-03
 -4.6984706e-02
  5.1732701e-01
  1.0567715e+00
  3.4637845e-01
 -1.7082448e+00
 -6.0035324e-01
 -2.3427160e-01
  8.1324399e-02
  6.3236535e-01
  1.1276255e+00
  1.9632345e-01
 -4.1466583e-02
  3.0368400e-01
 -3.0688915e-02
  1.8363386e-02
  1.4390030e+00
  2.5916982e-01
  9.5875189e-02
  1.3440566e-03
  5.7168794e-04
 -1.1085991e-02
 -6.9687897e-03
  1.2086970e-01
 -1.4516211e-03
 -1.0880801e-02
  4.1793215e-01
 -2.0178122e-02
  1.2179755e-01
 -1.1368835e+00
  1.5398596e-01
  9.0552971e-04
  8.0341107e-01
  6.7749038e-02
  2.6684858e-02
 -2.5537608e-02
 -1.1547138e-03
  5.0931475e-03
  3.3179740e-03
 -1.6259121e-02
 -1.2917742e-01
 -7.0660394e-03
 -2.9471031e-04
 -5.4442147e-03
  1.1354775e-01
 -1.3927467e-03
  5.3512101e-04
 -2.9928733e-02
  2.7682318e-03
  3.6631100e-02
  2.4564106e-02
  4.4004675e-03
 -3.8095631e-03
  1.3762182e-01
  1.3715802e-02
  1.1771446e-01
  7.5300043e-03
  1.1370076e-02
 -1.1701036e-03
 -6.2060030e-04
  1.9733605e-03
 -8.3968956e-03
  8.2451990e-03
  8.3530153e-04
  1.3969676e-02
  2.3222715e-02
 -4.3049699e-04
  9.6382871e-03
 -6.1655138e-03
  3.8131143e-03
  1.4994668e-03
  4.0464491e-01
  2.0135927e+00
 -1.0675858e+00
 -4.2498559e-01
  9.5622188e-01
 -6.8482167e-01
 -1.4128120e+00
 -7.3114002e-01
 -1.5088297e-01
  8.1293182e-03
  1.8831605e-01
 -2.6261327e-03
 -1.4813801e-03
 -4.7893543e-03
 -3.0743716e-02
  2.5032490e-01
  3.7211835e-01
 -1.2278153e-01
  1.1482142e-04
  3.3556074e-03
 -1.2950349e-03
  9.5267341e-02
 -8.3099976e-03
 -3.1680097e-03
 -4.7789030e-02
 -5.2383416e-03
  1.4896189e-01
 -1.5711437e-01
  2.3989959e-01
 -1.0462775e-02
 -1.5483776e-01
  3.6936521e-03
  3.6202366e-03
  6.7245844e-03
 -9.7697608e-02
  3.9958820e-02
 -1.0104713e-03
 -9.8985508e-03
 -4.7965045e-04
 -3.6866043e-04
 -7.5859226e-02
 -6.5014581e-04
 -2.0809968e-03
  3.5438351e-03
 -7.7199284e-03
 -5.8487286e-03
  5.6012522e-04
  8.9255748e-03
  5.3464067e-03
  2.4836387e-03
  2.8193088e-02
  1.1440152e-01
 -1.8910420e-01
  1.2274632e-03
 -3.6576958e-03
  3.3833799e+00
 -3.4248516e-01
  8.3958446e-05
 -6.6512264e-04
 -8.2109755e-01
 -2.9572579e-03
 -1.4405432e+00
 -1.4750946e-02
  2.7869472e-01
 -7.4824262e-03
  4.3387493e-01
 -2.7343724e-03
  3.0416712e-01
 -5.8397150e-01
 -1.0773994e-01
  1.0885113e-03
  1.5031485e-01
 -1.8432578e-03
  5.4653757e-03
 -5.3453987e-04
 -4.3366235e-03
 -6.5467977e-03
  3.4748759e-02
  4.3907824e-01
 -5.2340380e-03
 -2.9455000e-01
  1.5332131e-04
 -3.4894332e-02
  4.3440205e-03
  1.8204937e-03
 -3.1014129e-03
 -4.0588599e-01
 -2.1796576e-03
 -9.4688267e-01
  4.8677679e-03
  2.1143436e+00
  4.2092726e-01
  2.4506040e-01
  6.7932397e-02
  9.1755718e-02
 -4.4767685e-02
 -2.5680330e-01
 -4.0548254e-02
  1.4267385e-01
  1.1213017e-01
 -2.0072617e-01
 -1.4766696e-01
  1.5520846e+00
  3.3969365e-02
  1.3729213e-02
  3.7337065e-01
 -1.0877622e+00
 -2.9804813e-02
 -6.4274468e-03
 -8.2867187e-01
 -7.5976193e-02
  8.5398751e-01
  2.5626588e-01
  4.1984335e-01
  1.3461086e-01
  4.8645231e-01
 -4.5076124e-02
 -3.7264955e-01
  1.0684530e+00
 -4.6876319e-02
  3.3530855e-01
 -3.3102505e-02
  1.1446220e-01
  1.1679424e-01
  2.2274036e-04
  1.3056493e-01
 -3.6616702e-02
 -7.0201981e-01
  1.7831817e-01
  2.2060329e-03
 -2.4086605e-01
  3.9218061e-02
  1.3354392e-01
  2.1555583e-01
 -9.7721115e-02
  4.0411547e-01
  7.9866067e-02
 -1.2738152e-01
  1.2242609e-01
 -3.2003669e-04
  3.0453467e-01
 -1.0114754e+00
 -2.1497381e-01
  9.3719268e-01
  4.1829073e-01
  6.1785108e-01
 -2.4830373e-01
  2.1747880e-01
  6.2821496e-01
  1.0563599e-01
 -1.4692363e-01
  3.4387778e-02
  8.9731365e-03
 -4.9180683e-01
  2.5625248e-03
 -1.9220698e-03
 -1.8306175e-01
 -1.4808023e-01
  9.5697716e-03
  5.8101833e-02
  1.1531967e-02
 -3.8383314e-03
  1.7159018e-03
  6.7636274e-02
 -6.5596257e-03
  6.0839928e-03
  9.9384447e-04
  8.0645822e-02
  1.7259050e-03
  4.0901387e-03
 -3.8734157e-02
 -3.8255053e-03
 -5.5670381e-01
  9.0327777e-02
  1.4193979e-02
 -1.2679182e-03
 -8.0633914e-01
  2.3184652e-02
  1.1400308e-02
  8.0095325e-04
  2.9638675e-03
  1.0106942e-02
  1.8459480e-02
  2.6024383e-02
 -5.7210964e-03
  6.5824343e-04
  9.1480510e-03
  2.1248209e-01
 -8.1952566e-01
  1.7395931e-01
 -1.0865515e-01
 -6.5619536e-02
  7.4548090e-01
  1.1997267e+00
  6.0993981e-01
 -4.3984884e-01
  6.8538219e-01
  6.4366275e-01
 -2.5498140e-01
  1.7808923e-01
  4.0751934e-01
  5.1142293e-01
 -1.0664681e+00
  1.0451745e+00
 -9.3749911e-01
 -6.4182776e-01
  4.9819636e-01
  3.8602199e-02
 -6.4765047e-03
 -9.8373117e-03
  6.1873019e-01
  7.4652851e-01
 -4.2766097e-01
 -7.0595153e-02
 -1.1316663e-01
  5.2303195e-01
 -4.4454470e-01
 -3.6797231e-01
  6.0501788e-02
 -1.9602954e-02
 -4.7300684e-01
  1.7190851e-02
 -3.0429210e-03
 -5.3514338e-01
  3.4656909e-03
  7.0184483e-03
  3.4625740e-03
 -1.6504414e-02
  1.8791207e-03
 -4.5408322e-03
 -2.6240817e-04
 -5.2440964e-02
 -3.0456860e-02
 -4.1296769e-02
  2.6539806e-02
 -4.9400039e-02
  1.3247067e-01
  1.0643604e-01
  2.3301277e-01
 -1.2323076e-01
 -5.0223768e-01
 -7.8734949e-02
 -3.8662426e-02
  2.0536743e-01
 -6.0778463e-01
  2.6867330e-01
 -7.0942479e-01
 -9.0708323e-02
  4.0649438e-01
 -5.2707499e-01
  3.3481425e-01
  7.5209360e-03
 -1.3514668e-02
 -3.3986658e-01
  2.0611423e-01
  1.3527106e-01
 -2.6846394e-01
 -1.3896048e-01
  5.0755210e-02
  3.4718275e-01
 -7.3025510e-02
 -1.4268219e-02
  8.2939798e-03
 -3.9671678e-02
 -5.5562936e-02
  1.6533567e-01
 -3.1209294e-02
 -2.2109367e-01
 -1.1624855e-01
  1.7445920e-01
  2.2021288e-04
 -7.0425123e-02
 -4.4266107e-03
 -3.2824960e-01
  1.2644039e-02
 -3.1924762e-03
  5.6298929e-03
  8.0396421e-03
  4.1712310e-02
  5.5298107e-03
 -6.0369517e-03
  1.2476871e-02
  1.1100001e-01
 -1.2885970e-03
 -3.1007221e-03
  7.6812129e-03
  1.1897504e-03
  1.2765185e-03
  3.3329763e-03
  1.0180044e-02
 -1.8713551e-03
  8.1203915e-03
  1.5513047e-03
 -3.0664394e-03
 -1.4412822e-02
  6.5259397e-04
 -1.7163961e-04
  7.0096273e-03
 -3.2017804e-03
 -1.3515304e-03
 -1.6375982e-03
 -1.1990024e-03
  9.6976408e-04
  2.4662544e-03
 -2.9482162e-03
  6.4045866e-03
  4.3149851e-03
 -1.1046444e-02
  2.9594824e-04
  1.6245255e-03
  4.3809302e-03
  1.6770632e-03
 -1.1481585e-03
  1.3229529e-03
 -5.8332444e-03
  2.6139759e-03
 -1.9502295e+00
 -2.5115937e-02
  4.5708809e-03
  7.0312582e-03
 -9.9090021e-03
 -4.7932426e-03
 -2.4763042e-01
  1.7020624e-02
 -2.9371004e-03
  7.2399168e-03
 -9.4317487e-03
 -1.3103116e-02
  1.8914646e-03
  2.4538497e-03
 -3.6807093e-03
 -1.6202270e-03
 -6.4605353e-03
 -1.1537129e-03
  5.4240134e-03
 -2.5497887e-01
  1.7850285e-02
  3.7653637e-03
 -6.2858714e-03
  9.2407345e-04
 -3.5413436e-03
  1.0886069e-02
 -1.4140174e-03
 -4.9575670e-03
  2.4850282e-03
 -1.0977759e-02
 -6.7584839e-04
  1.5109639e-02
  6.8705082e-03
 -8.4991623e-03
  5.5534299e-03
 -9.6707162e-04
  4.3250225e-04
 -7.2745527e-03
  1.2718171e-02
  1.2587821e-03
  6.0489876e-03
 -5.4661208e-03
 -2.8812825e-03
 -1.5639595e-03
 -9.0013137e-03
  7.5634615e-03
 -2.5107956e-04
 -4.2890813e-03
 -4.7370448e-04
 -1.5274388e-02
 -5.7821223e-03
 -6.5667254e-01
  3.4249777e-03
  1.0452129e-02
 -1.3304465e-02
  3.1169143e-04
 -7.0478963e-03
 -4.3882816e-03
  4.6422305e-03
 -2.0461613e-02
 -1.8562302e-03
 -1.7562231e-02
 -6.4572562e-03
 -1.6569055e-03
  9.4660595e-03
  7.4126631e-01
 -1.0805800e-02
 -1.0032357e-02
  7.1834535e-03
 -1.7222892e-03
  5.6836726e-03
  1.9909511e-04
  2.3042108e-03
  3.2864874e-03
 -5.1856390e-04
 -6.6904780e-03
  1.5545751e-03
  9.9302195e-03
  2.0279223e-03
  1.2238114e-03
 -3.7569546e-03
  1.1865772e-02
  7.2958536e-02
  1.6545042e-03
 -5.4102801e-03
  5.6183347e-03
  5.8820266e-03
 -4.9351258e-03
 -1.8317182e-02
  4.1382443e-03
 -1.5280104e-03
 -4.0042516e-02
 -1.8639219e-01
 -3.1831858e-03
  6.1469097e-03
 -4.8814118e-03
  4.2856973e-01
 -3.9137295e-03
  4.3906695e-03
  2.2903897e-03
 -7.5969379e-05
  1.0861209e-02
 -5.5302428e-03
  6.5938840e-03
 -2.7431747e-02
  4.1249264e-02
 -7.4102646e-03
 -4.7797342e-03
 -1.2131722e-03
 -1.0494543e-02
 -3.7828316e-03
  7.1383215e-04
  1.3089697e-03
 -1.6225791e-02
  7.7729358e-04
  8.5254904e-04
 -7.4658543e-04
 -5.1201531e-03
  2.1048607e-03
 -1.0835310e-02
 -1.7970392e-02
  4.7039138e-03
  8.9134453e-03
  2.8600581e-03
 -2.0919547e-03
  3.2613534e-03
 -1.5409378e-02
 -2.0217381e-03
  1.2960403e-02
  1.0012670e-02
 -1.8520231e-03
 -7.4146879e-03
 -4.8165638e-03
 -1.7127534e-03
  4.8630275e-03
  5.9128939e-03
 -3.7557574e-03
 -5.9873139e-04
 -2.4675196e-03
  3.7567961e-04
  4.1849110e-03
  1.9116407e-03
 -1.0363046e-02
  1.4261136e-02
  3.7647441e-03
 -3.7775992e-03
 -6.6696100e-02
 -6.4374725e-03
  1.5788762e-02
  2.3928839e-03
 -3.8992546e-03
  7.6494110e-03
 -1.6362813e-03
  1.3152212e-03
  4.9776328e-03
 -1.4678838e-03
 -1.1015618e-03
 -1.1603753e-02
  4.3560928e-03
 -3.2527917e-03
 -1.0659811e-02
  1.5778359e-02
  1.6937773e-03
 -1.1565185e-02
 -1.6298087e-01
 -3.2688398e-03
  1.0766401e-03
  7.3575340e-03
 -4.3047406e-04
 -6.5490603e-03
  5.6857327e-03
 -5.8473437e-03
 -5.2414066e-03
 -7.1544452e-03
  1.2849022e-02
  4.6161129e-03
  5.4331128e-03
 -1.4382021e-02
  2.1285194e-03
 -4.4398670e-04
  1.2003297e-03
  2.4536744e-02
 -1.3372811e-02
 -6.3584620e-01
 -1.3774461e-03
  8.5827429e-03
 -5.4987213e-03
 -5.8155423e-03
 -3.6298100e-02
  5.6603821e-03
  2.5181919e-03
 -4.9992027e-03
  3.7156610e-04
 -1.0337426e-03
 -6.7685465e-03
  5.1021399e-03
  1.3607391e-02
 -7.5106448e-03
 -1.5036480e-03
 -7.4178660e-03
 -9.8244357e-04
  4.9762442e-03
  2.6593469e-03
 -5.3046905e-03
 -3.9334968e-04
  5.9005208e-03
  3.1467378e-03
 -2.1023029e-03
 -8.9118127e-03
 -5.3285668e-03
  3.3147517e-03
 -1.2425045e-03
 -1.0346490e-02
  3.5902495e-03
 -7.1394996e-04
  4.9914129e-04
  2.1612109e-03
 -9.6587371e-03
 -1.0452374e-03
 -7.1374478e-04
  5.0122133e-03
 -4.6044635e-03
 -5.9055132e-03
  4.8184108e-02
 -1.3247721e-01
 -1.3567344e+00
  5.8868659e-01
 -1.2230702e-01
 -1.0937519e-01
 -8.2490259e-01
 -1.0328688e-01
 -5.1728708e-01
  8.3854059e-03
  6.7570454e-01
  1.9428162e-02
  1.0153934e-01
 -7.8375268e-01
  2.6481664e-01
  3.6811674e-01
 -1.0244817e-02
 -2.3156635e-01
  3.1336069e-02
  7.3078357e-02
 -1.5254941e-02
  5.9278347e-03
  2.0132688e-01
  5.5835184e-02
  7.0519799e-01
  1.1715184e-01
  5.6972094e-02
  1.0570563e-01
  1.3719866e-02
  8.2539180e-03
  6.2080971e-03
  4.2489722e-01
  2.1506291e-02
  1.4563696e-04
  1.3959241e-01
  1.1149310e-01
  7.0352233e-03
  6.3509964e-03
 -1.9157042e-03
 -5.3556007e-03
 -1.1675783e-03
  4.0360752e-02
  1.0973570e-02
 -3.8251900e-03
  2.3419643e-03
 -2.2288458e-03
 -4.8510428e-03
 -1.4534884e-04
  2.9631353e-03
 -2.1884104e-02
  6.4745854e-04
  9.1440039e-04
 -1.8329831e-04
  3.7070327e-03
 -3.4399708e-03
  4.7336817e-03
 -5.5022542e-03
  5.5849818e-03
 -1.1558749e-03
 -1.4222824e-03
 -7.8603970e-03
 -1.3415139e-02
  9.1746990e-03
 -9.1012383e-01
 -6.8646474e-03
  3.9482294e-04
  2.5262341e-03
  4.2131227e-03
  1.1557083e-02
  2.3088143e-03
  3.9672488e-03
  4.8337099e-03
  2.1473593e-03
  2.3985475e-03
  6.0387756e-05
 -5.3597952e-04
 -4.2890026e-03
  1.0757999e-02
  9.2234565e-03
  1.2216797e-03
  9.8333415e-04
 -8.4058323e-04
 -6.7914883e-03
  5.2549578e-03
  7.7587354e-04
  6.8080504e-03
  2.9470751e-03
 -3.2251310e-03
 -3.6412121e-03
 -2.3470544e-03
  1.3318215e-03
 -5.7774312e-03
  1.8422264e-03
  4.3848730e-03
  3.2995115e-03
  9.1775591e-03
 -5.3767150e-04
  3.3987667e-03
 -4.8454506e-03
  9.3281129e-03
  2.8714547e-03
  3.4159506e-03
 -1.4158055e-03
 -4.7220602e-03
  1.4770640e-02
  1.2630195e-02
  2.3120434e-03
  6.3213888e-03
 -3.2437088e-03
 -5.1478865e-03
  5.4860295e-04
  3.1434542e-03
  1.1972830e-03
 -1.5850367e-03
 -4.8918655e-04
  6.7139384e-03
 -1.2770234e-02
 -1.0244421e-02
 -1.3850556e-02
  1.0210298e-02
  3.2906816e-04
 -2.6716343e-03
  3.6916139e-03
  2.9269354e-03
  1.0509811e-02
  2.5432155e-01
 -2.7444472e-03
 -3.8940739e-03
 -4.1300722e-04
 -1.2537972e-03
  4.5305099e-03
 -9.5870811e-05
 -1.7716405e-03
  2.0315114e-01
  2.6372764e-03
  3.3983024e-04
 -6.7913927e-02
 -6.0593076e-03
 -6.8770302e-03
  1.8775379e-03
 -3.3756380e-03
  6.3592829e-03
  4.4230092e-03
  2.4548292e-03
  1.0278726e-03
 -1.1562836e-02
 -3.2253158e-03
 -1.4029406e-02
 -1.0890838e-03
  8.3952826e-03
  2.2120175e-03
 -4.6586185e-03
  8.0145914e-03
 -4.5118658e-03
 -1.4164705e-02
 -5.8276705e-03
 -9.5094409e-05
  7.9508824e-03
 -5.8924705e-03
 -2.0110508e-02
 -3.8502724e-03
 -9.2981476e-03
 -5.8464338e-03
 -8.6921696e-03
 -3.8814917e-03
 -3.1633265e-03
 -8.6641440e-04
 -9.1298539e-03
  6.9039874e-03
 -1.1566567e-02
 -1.8969055e-03
 -1.6309342e-03
 -2.0767178e-03
 -1.7734544e-02
 -3.4439820e-03
 -3.9063077e-03
  2.8902820e-01
  7.1295846e-01
 -3.6985617e-02
  2.3120406e-01
 -2.9055309e-01
 -6.7511880e-01
  7.0621866e-01
 -1.4476624e-02
 -8.2971482e-03
 -2.5106218e-01
  1.9699088e-01
 -6.5491907e-04
 -5.2918489e-03
 -2.2696456e-01
  1.1395548e-03
  2.2993277e-01
  1.4711492e-03
 -3.6617111e-02
  4.1112900e-02
 -1.5075511e-02
  1.2892306e-01
  5.7582348e-03
  1.9622175e-02
 -1.4975590e-01
 -7.9245858e-02
 -1.5852578e-02
  1.9092642e-02
 -2.4168614e-01
 -9.4688132e-02
  1.1802232e-03
  4.4106565e-02
 -3.0272955e-03
 -8.6428886e-03
  9.0955626e-03
 -6.5527737e-02
  3.5131448e-03
  4.2988751e-02
  7.2035342e-03
 -5.6878805e-02
  3.7587767e-03
 -2.9728925e-03
 -5.9623788e-03
 -1.4487214e-03
 -7.9342555e-03
  7.1323448e-01
 -4.5882627e-01
 -1.9615218e-01
 -1.0983780e-01
  1.2832834e+00
  3.2822024e-02
 -4.6122047e-01
  3.7206641e-01
 -3.7490106e-01
  3.4627199e-01
  5.1475900e-01
 -3.9106256e-01
 -5.0423834e-03
  4.0844064e-03
  2.6622653e-01
 -2.5406110e-01
  3.4733764e-03
 -1.9931830e-01
 -1.3734926e-02
  2.3179339e-01
  2.3175286e-02
 -8.5484304e-02
  1.0130695e-02
  1.4862889e-02
  2.9711917e-01
 -2.1392666e-01
  8.5240407e-03
  1.0735856e-01
  1.0443274e-01
 -2.0318034e-01
 -1.5074760e-02
  4.5224400e-03
 -8.3688378e-02
 -4.4874877e-02
  1.4404556e-02
 -3.2572378e-03
 -1.6008018e-01
 -1.4839789e-03
  3.8400427e-01
  2.3261374e-03
  3.4433212e-03
  8.6929407e-03
  1.3810876e-03
 -5.2611600e-04
  2.4801177e-01
  3.2680759e-01
  3.0967832e-01
  3.0226877e-01
  1.9438649e-02
 -3.5268694e-01
 -9.0562947e-02
 -9.2500448e-03
 -1.3647401e-01
  7.1371633e-01
  4.9186575e-01
 -5.5025473e-02
 -1.5814013e-03
  4.0084776e-01
  4.2389700e-01
 -9.8131694e-02
  2.4240819e-01
 -2.7147198e-02
 -6.1425893e-04
  5.1034619e-03
 -3.6993814e-01
 -7.0516360e-03
  3.8388971e-02
 -2.0100027e-01
  3.5284680e-01
 -7.7024102e-03
 -3.7008969e-03
 -4.0256800e-03
  3.7256226e-01
 -3.8898319e-03
 -3.2488039e-01
  6.2137052e-02
 -1.0554865e-03
 -1.2743782e-01
  7.3089331e-02
  1.3816971e-03
 -6.7382969e-02
  2.3246018e-02
  3.5147138e-03
  3.2111700e-03
 -1.2333953e-02
 -2.3611737e-03
 -1.3021438e-02
  1.2648940e-02
  1.3467812e-02
  2.1499302e-03
 -1.0961283e-02
 -7.5760032e-03
  1.1290326e-03
 -1.1893247e-03
  3.2393949e-03
 -3.7976042e-03
  4.2828772e-02
  5.5548185e-03
 -5.0324691e-04
 -8.7532215e-03
  5.1970622e-03
 -6.9843716e-04
 -2.8103942e-03
  6.6774143e-03
 -1.0782350e-03
  2.3551245e-04
  4.1929362e-03
 -3.8988614e-03
  1.4060952e-02
 -8.2983263e-03
 -2.5534010e-04
  2.9641960e-03
 -5.9271036e-03
 -9.9782657e-04
 -1.5331805e-04
  2.6378768e-02
  6.6038123e-03
 -6.5438082e-03
  1.6563287e-02
  3.0279423e-03
  1.2792646e-03
  6.5296103e-05
  4.6419394e-03
  1.3828428e-03
 -1.9412754e-02
 -2.4903216e-05
 -9.1365911e-03
 -1.2196082e-02
  1.6921865e-03
 -2.2863401e-03
 -4.3346169e-03
  4.2545255e-03
  9.1468758e-04
 -4.6192021e-03
  6.6606794e-04
 -1.1125801e-04
 -1.7135002e-03
  9.6120657e-03
 -5.3612194e-03
 -4.8126616e-03
 -2.9874566e-01
  8.6662080e-03
  2.3190347e-03
  5.7005538e-03
  4.4033946e-03
 -3.4635908e-03
  1.0796137e-03
  6.1149877e-03
 -4.1633528e-03
  2.1140527e-02
 -4.5838160e-03
 -1.1076281e-02
  1.0512068e-03
  6.2640198e-04
 -3.5941356e-03
  1.1138191e-02
 -3.6728859e-03
  4.2357789e-03
  5.1535657e-03
 -6.9626200e-04
 -5.3786901e-03
 -3.1489166e-04
 -5.5503119e-03
 -3.5793991e-03
  3.4276249e-03
  2.2059765e-03
 -3.9727213e-03
  4.5256782e-03
 -2.9063136e-03
  3.0311910e-03
 -6.5924004e-03
  8.4332237e-03
 -1.2027695e-03
  2.4760733e-04
 -5.6904214e-03
 -3.5769987e-04
 -1.5385817e-01
 -1.7597954e-01
 -4.7836616e-03
 -1.0573869e-01
 -8.3283430e-01
 -3.1392840e-03
  1.6778997e-01
  8.1429087e-02
  1.3159421e-04
  4.5006824e-01
  1.2251819e-03
  1.7503154e-01
  1.8857041e-04
  4.0126154e-01
  7.8817403e-01
  1.3667780e-01
 -4.9770549e-01
  1.5479754e-01
  3.8830441e-01
 -7.9962462e-02
  1.1147785e-02
 -2.5231365e-02
  3.7732976e-04
  1.3735230e-02
 -2.3582648e-01
  2.7199858e-01
  2.6550555e-01
  1.7472513e-03
 -5.7833278e-01
  1.9809920e-02
 -2.9604426e-01
 -2.7718151e-02
  1.4838443e-02
  2.3697149e-02
 -9.4908357e-02
  8.1124380e-03
  4.4837587e-02
  1.2187745e-02
 -8.2332792e-04
 -4.4116983e-04
  1.3531636e-02
 -4.8596319e-03
  1.9203013e-02
 -1.2273364e-02
  2.6968906e-03
 -1.3754470e-03
  2.1360179e-02
  4.4712983e-03
  6.3184244e-03
  1.7157914e-02
 -7.7112066e-03
 -1.7339415e-03
 -1.6054343e-03
 -2.0947808e-03
 -2.6063707e-03
  8.3743886e-04
 -5.8697577e-04
  5.7648220e-03
 -1.0707237e-02
 -8.0862939e-03
  7.7353991e-03
  1.9869308e-03
 -3.3155782e-04
  3.4800586e-03
 -8.8674092e-04
 -5.8101751e-03
 -1.3987829e-03
  1.1456652e-03
  1.4318683e-02
  1.9497201e-03
 -4.7751341e-04
 -1.8469676e-02
  1.9548940e-03
 -1.2892983e-03
  3.2353876e-03
  2.7492293e-05
 -6.4716358e-03
 -4.4406322e-04
  7.3263247e-04
  1.5537252e-03
 -6.0327514e-03
 -1.8689330e-03
  4.9889078e-03
 -2.1697478e-03
  7.1014860e-05
  2.6484572e-03
 -5.7410290e-03
  3.1260219e-03
  1.4493900e-02
 -5.5574761e-03
 -5.9655751e-04
  3.9288546e-03
  1.2731509e-03
  1.0156260e-03
 -5.1622933e-01
 -8.4614314e-02
  5.3088990e-04
  1.0241251e-03
 -2.0434440e-03
 -1.2433018e-02
 -4.5465557e-03
  3.9198296e-04
 -1.0457725e-02
 -1.0861619e-02
  4.2335694e-03
  1.0310170e-02
  3.8208994e-03
 -1.5464206e-02
  3.4762258e-03
 -7.9426821e-03
  6.1556855e-03
 -3.6343194e-03
 -2.8007105e-02
 -5.3815371e-03
  6.7401584e-04
 -1.5908583e-03
  5.2983752e-03
  2.3719224e-03
  1.0385254e-02
 -5.4704947e-03
 -2.7802961e-03
  2.7473401e-03
 -1.7828543e-02
  1.1967879e-04
 -2.0455725e-03
  1.4065180e-03
 -1.5735434e-02
 -1.5372713e-04
 -7.2336581e-04
  2.0841762e-02
 -1.7320639e-03
 -1.1447391e-03
 -7.3055956e-03
  1.2669461e-02
 -7.8494046e-03
  9.3631621e-04
 -2.7585269e-03
  8.6278766e-03
  4.1834190e-03
  1.0432969e-02
 -4.0118843e-03
  6.4272601e-03
 -1.0050896e-03
 -5.7493034e-04
 -7.5530387e-03
  1.2445144e-02
 -8.9750439e-03
 -4.2877886e-03
 -3.0753759e-03
  9.4825039e-03
  4.5910161e-03
 -4.1026734e-03
  8.4507741e-02
  5.9214681e-03
  1.0234830e-03
  8.4592663e-03
 -2.9047048e-02
 -2.2331038e-03
  1.1650671e-03
  8.8607743e-03
 -2.5938427e-02
 -9.3574692e-03
 -4.1681770e-03
  9.4946595e-03
  1.9370278e-03
 -1.1035202e-03
 -2.2562547e-04
 -1.2380458e-02
  1.7812260e-03
  2.5557986e-04
 -1.0994911e-01
  5.2797119e-04
  3.0461981e-04
  1.6253942e-03
  1.0894146e-03
  5.5131163e-02
 -8.6967777e-03
 -4.9361195e-03
 -4.1455784e-01
  1.2375715e-01
 -3.4567648e-01
  1.5484501e-01
 -4.4999161e-01
  2.4946673e-01
  1.3494218e-02
  3.2951403e-01
 -3.2905743e-01
  1.7374532e-02
  3.2462885e-03
  2.7254757e-01
 -9.4744563e-02
  1.3175522e-01
 -1.3540614e-01
  5.0531370e-03
  5.8715008e-02
 -1.6894836e-02
  2.6250104e-03
 -1.0307308e-04
  4.2861993e-03
  7.9374731e-01
 -1.4550890e-01
  4.4145174e-02
  3.6922183e-02
  1.4340298e-02
 -1.8104279e-01
 -2.3726790e-04
  8.1526320e-03
 -4.3348335e-03
  3.1770277e-03
  1.8392438e-02
  7.1308431e-03
  1.8696139e-02
  9.6742576e-03
 -3.1975175e-03
 -1.5569483e-03
 -6.8542189e-03
 -3.0734069e-03
  2.1576369e-03
  6.7108292e-03
  5.9745898e-03
  8.0353897e-03
 -2.0038467e-03
  8.8529494e-03
 -2.6620151e-03
 -1.2934880e-03
  1.5661484e-02
  1.5206593e-01
 -9.2494180e-03
  4.0485756e-03
 -1.6162377e-03
  3.0067060e-03
 -2.0419157e-03
 -3.2925757e-03
 -9.0331789e-03
  5.5739377e-03
 -2.5135851e-03
 -6.1735883e-03
 -1.1030980e-03
 -2.2745142e-03
  9.1779912e-03
  6.6977227e-03
 -9.6265860e-03
  2.2420962e-03
 -1.4334472e-03
  9.4380714e-03
 -1.5432821e-03
  2.2924156e-04
 -2.0481506e-03
 -1.4426865e-02
 -3.9448482e-03
  6.0282173e-03
  5.5246311e-03
 -1.4117132e-03
 -8.4846532e-03
 -1.3900591e-03
  4.0806620e-03
  1.7074816e-02
 -5.1846099e-04
 -1.0786101e-02
 -1.7256851e+00
  1.2552746e-03
  7.2142505e-03
  2.5373907e-03
  3.2659846e-03
 -6.9499987e-01
 -1.3116686e+00
  1.7535295e-01
 -4.8633870e-02
 -8.3013326e-01
  5.5291551e-01
 -2.6508304e-01
 -7.3836140e-02
 -2.1537316e-03
  4.7745839e-01
  3.9334726e-03
 -1.4443812e-03
  5.4344051e-03
  6.5760380e-03
  2.5300300e-03
 -1.4262547e-03
 -1.6246970e-03
  4.8547104e-04
 -6.6366401e-03
 -2.9817817e-03
 -7.6142424e-03
  4.4223084e-03
 -3.9333063e-03
  3.9898520e-03
 -1.9140346e-02
 -2.4897195e-02
  7.7895778e-03
  1.4405556e-03
  1.2126173e-02
 -2.8846979e-01
 -6.2979909e-04
 -1.7440867e-01
  1.8744392e-02
 -3.5300327e-04
  2.9014808e-04
 -4.0702629e-03
 -2.6746716e-03
 -7.0788679e-03
  3.5394386e-03
 -2.0326613e-03
 -8.9620223e-04
 -8.9470466e-04
  1.8152616e-03
  5.6354655e-04
 -4.4267187e-01
  1.3024595e-01
  4.2694607e-01
 -1.4059281e+00
 -1.2735173e-02
  4.5310813e-01
  4.7523502e-01
  4.7584969e-01
  1.0345351e+00
 -7.7159083e-01
 -1.7177294e-01
 -2.4514562e-01
 -2.1029189e-02
 -4.8787557e-02
 -1.3815960e-03
 -1.0047428e-01
  4.3567401e-01
 -6.8127578e-01
 -1.8797331e-01
 -2.1683663e-01
  1.6717102e-01
 -3.0083278e-01
 -1.6691028e-01
  7.4116893e-02
 -8.3648401e-01
 -9.4901621e-02
 -4.3362829e-01
 -8.0420142e-01
  6.7137037e-03
 -3.6023874e-02
  8.7170440e-01
 -5.6764203e-01
 -2.1022823e-02
 -5.5889044e-02
 -8.5235370e-04
 -5.1166460e-02
 -1.1341509e-03
 -6.8776548e-02
  2.2998493e-02
  1.8710409e-01
 -1.0604903e-03
 -2.3471676e-02
 -5.7526552e-03
  1.1106475e-03
  1.3083492e-03
 -9.8702889e-03
 -2.7722520e-01
 -3.6737952e-02
 -1.1857214e-01
  1.6698761e-01
  1.6167898e-01
  3.4162470e-03
 -9.0124831e-03
  9.6362792e-03
 -1.1918218e-03
 -1.3911381e-03
  2.9935082e-03
 -5.6611327e-03
  8.3467979e-03
 -2.6449081e-02
 -2.8908872e-03
 -2.9090134e-02
 -1.4300060e-02
  1.1901651e-03
 -1.0857856e-02
 -3.3388522e-03
 -6.6302549e-03
 -1.0297650e-02
  4.2089941e-03
  2.6821890e-03
  3.8687239e-04
 -3.5237062e-03
  5.3911125e-03
 -1.2879384e-02
 -3.1445477e-02
 -4.6080346e-03
  8.0534519e-04
 -4.7544744e-03
  7.6703049e-02
 -2.9414281e-02
 -3.6392829e-03
 -2.5995206e-03
 -4.4473913e-05
  7.0328015e-04
  6.9000390e-03
  1.2297788e-02
 -2.6432034e-03
  1.3692602e-02
 -1.5978928e-01
 -7.6677561e-01
  5.0421518e-01
 -6.9759727e-02
 -2.8304064e-01
 -7.6444098e-03
  2.1933980e-01
  2.4448005e-02
  2.8138211e-01
  1.6135255e-01
  1.9342564e-01
 -5.5493577e-03
  1.4451356e-03
  1.3441287e-02
  2.3778537e-01
 -1.8419169e-02
 -3.2617179e-01
 -1.4916102e-03
 -2.0942074e-01
  1.4236341e-02
  1.1319689e-02
 -1.1903322e-03
 -1.8897939e-01
  4.7052256e-03
 -1.3458397e-02
 -1.3331254e-02
 -4.7783125e-02
  1.3360257e-02
  4.6159681e-02
 -7.2620146e-04
 -2.3373442e-02
 -1.1857006e-01
 -7.4744690e-04
 -1.7330851e-03
  2.1559999e-03
 -7.7222668e-02
 -1.4340419e-02
 -2.0234455e-01
  5.4330215e-02
 -7.1185147e-03
 -5.3669386e-02
 -8.2326832e-04
 -4.4490928e-03
  3.4310207e-02
  2.1984903e-03
  1.0895450e-01
 -3.3337499e-03
 -4.4518515e-02
  2.0565474e-03
 -1.5548501e-02
 -3.0355314e-03
 -8.5935195e-04
  1.3747800e-04
  1.5879231e-02
 -2.5171795e-04
  9.5822779e-04
 -3.5469281e-04
  2.9706876e-03
 -1.2862491e-02
  6.4872373e-03
  5.7458533e-03
  1.0713440e-03
 -1.9087091e-03
  1.6086223e-04
 -3.9713294e-03
  1.1449457e-02
 -1.6726771e-02
  1.2891358e-02
 -4.9288600e-04
 -9.8514417e-04
  8.4164774e-04
  7.0732171e-03
 -2.9622454e-03
 -1.9059039e-04
 -3.5032770e-03
 -4.5494996e-03
  1.6052290e-03
 -9.6078627e-03
  2.9999480e-04
 -7.4396463e-05
  7.3284176e-03
  2.2118574e-03
  5.7662055e-03
 -5.3035084e-04
 -1.0017857e-02
  1.2071365e-03
  3.8515485e-03
 -2.8046118e-03
 -1.3976394e-02
  3.6721798e-03
  5.9331846e-03
 -5.4153558e-03
  9.4110740e-04
  6.6013746e-03
 -1.3158332e-01
  1.8676317e-03
 -4.2616879e-03
  5.7311048e-04
  6.5067885e-03
  1.1942641e-02
 -7.7120308e-03
  3.0725959e-03
  4.9537234e-03
 -6.0378411e-04
  2.5129243e-04
  5.2224025e-03
  1.7451452e-03
 -1.1864458e-02
  1.0558733e-03
  5.5767903e-03
  2.5584514e-04
 -5.7250238e-03
  5.9009735e-03
 -5.2140076e-03
 -5.3447625e-03
 -4.3881005e-03
  5.3386507e-03
  6.6489312e-03
 -4.7075399e-03
  3.2854918e-03
 -8.5103251e-03
 -2.0331531e-03
 -5.2096583e-03
  1.5515662e-02
 -1.9674024e-03
  7.2460277e-03
 -5.8544572e-03
  5.4870737e-03
 -1.1137357e-02
 -2.4074665e-03
 -2.1589405e-03
  4.9024313e-03
 -6.1461125e-03
 -2.8995834e-02
  7.7005371e-04
  1.3720663e-02
 -1.2410094e-03
  7.9690682e-04
  1.9897909e-03
  8.3276564e-03
 -2.5072149e-03
 -2.3587231e-01
  6.4183478e-03
  3.5846148e-02
  1.9322848e-03
  3.4607546e-03
 -3.7876368e-03
  7.1263465e-05
  1.1964328e-02
  1.3633217e-02
 -2.9505200e-03
  4.5767453e-04
 -4.3458375e-03
 -2.6320876e-03
  1.5379773e-03
  1.8794111e-04
  4.1837461e-04
  2.8102435e-03
  1.2279748e-01
 -1.5215371e-03
  1.9907709e-03
  4.2398437e-03
  2.7664339e-03
 -1.1905176e-02
  6.5241440e-04
  1.2541704e-02
  6.0984488e-03
 -4.4650794e-03
 -9.8293368e-04
  4.9658054e-03
  1.1861642e-03
 -7.1638450e-03
 -3.0604834e-03
 -9.6213585e-03
 -3.7318564e-03
  1.4633506e-03
 -7.6300524e-02
  2.6334299e-02
 -3.9804991e-02
 -2.7576172e-01
  2.3640451e-01
 -5.4745620e-01
  4.3961182e-02
 -5.2192099e-02
 -1.8933354e-01
 -2.2843443e-01
 -2.4726269e-01
 -6.3404553e-02
  1.0006310e-02
 -6.1406934e-01
  9.1833882e-02
 -5.6653666e-01
 -5.9274569e-02
  1.6842106e-01
 -7.6724327e-01
  3.9267991e-02
  4.0225651e-02
 -3.3340164e-02
 -6.3027918e-01
  7.3553082e-03
  1.7408637e-03
 -1.8619864e-01
 -1.8315345e-01
 -2.5528416e-01
  3.7718797e-01
 -1.0654340e-01
 -1.0471590e-01
 -1.4076550e-01
 -2.6980579e-02
  1.6045041e-01
  6.3449051e-03
 -5.9766159e-03
 -3.9234626e-01
 -1.6480431e-02
  1.4298471e-02
  5.8038947e-03
 -1.0499803e-02
 -6.0489727e-03
 -1.9844852e-01
  3.2209381e-02
 -6.8455120e-03
 -7.7317037e-02
 -3.7197292e-02
  5.1635750e-02
  1.3423803e+00
 -9.5499423e-04
  3.1848848e-02
  6.7523934e-02
 -1.4391319e-03
  1.6425072e-03
 -5.3439876e-03
  2.0840587e-03
  5.0235838e-03
  7.2983112e-03
 -8.4420238e-03
  2.4896143e-03
  4.4011194e-03
  8.2178274e-03
  6.0082283e-03
 -4.0322593e-03
  4.2702872e-03
  4.0479577e-03
  5.4025473e-03
  1.0292351e-02
  9.5591517e-03
  1.6002808e-02
 -2.2936170e-03
 -5.2566961e-03
  4.9958928e-03
  1.6926522e-03
  2.6120695e-03
  3.4343530e-03
  2.7101673e-03
  6.6464553e-03
 -3.6533119e-03
  9.2411200e-03
 -2.8366991e-03
 -1.2679204e-02
  2.7336129e-03
 -6.5871961e-03
 -2.5951476e-03
 -7.2727408e-03
 -4.9898471e-03
 -5.4878662e-03
  2.8336711e-02
 -4.5192912e-03
 -5.7884870e-05
  1.3003672e-03
  1.1793185e+00
 -2.7813264e-03
  9.5313035e-02
 -1.8990780e-03
  4.2805925e-04
 -3.2955103e-03
 -3.7187180e-03
  2.3473543e-03
 -9.7198784e-03
  6.9326600e-03
  8.2585374e-03
  7.6526625e-04
 -2.8222410e-03
 -4.9206363e-03
  3.2269892e-03
  8.5186842e-04
 -3.4504835e-03
  1.5707118e-02
 -3.7244800e-04
  9.5343394e-03
 -1.8458502e-02
  3.4973575e-03
 -6.2039173e-03
 -2.2039004e-03
 -1.2367232e-02
 -9.9969776e-03
 -2.6546163e-03
  1.1705843e-02
  1.3645936e-03
  4.3880241e-04
  4.2286054e-03
 -4.4115093e-03
 -1.0793768e-02
  3.7514246e-03
  2.9375294e-04
 -2.6177950e-03
  1.4176638e-02
 -1.4478964e-02
 -2.1865838e-03
  1.3389556e-02
  1.8741059e-01
  2.1233000e-01
 -6.6193491e-02
  8.7117895e-02
 -7.0400161e-01
  2.9555354e-02
  2.7732122e-01
 -2.4330793e-01
 -2.0716645e-01
 -8.1100589e-01
  6.8002246e-02
  3.9868341e-03
 -2.2698523e-01
  1.1253083e-01
  7.8281656e-02
 -4.1700688e-01
  5.9585232e-01
  1.8868373e-01
  2.3562385e-02
  2.3901579e-05
  4.9069336e-01
 -7.8155182e-04
  1.1527559e-02
 -3.3626124e-02
  7.8768156e-02
  4.4257166e-03
  2.7298608e-01
 -9.4613247e-02
 -1.5145744e-03
 -2.7720798e-02
  7.1879119e-02
  1.0168095e-01
  6.6887676e-03
  4.9526924e-03
  1.0856317e-01
  2.7376274e-03
  1.5477776e-03
  1.5302007e-01
  2.0292778e-03
  9.7453427e-03
 -5.7742931e-04
  6.7621842e-04
  1.3704149e-02
  1.6450081e-03
 -4.2772759e-03
  2.8723215e-03
 -1.2258087e-01
 -2.6012049e-03
  3.2972796e-03
  3.8611772e-04
 -5.9431710e-04
  4.6545983e-04
 -3.3203557e-03
 -9.6048713e-03
 -7.9127178e-03
 -1.2339102e-03
  8.5529052e-03
 -9.1690570e-04
  7.2871703e-03
 -7.2408235e-03
 -9.3741557e-03
 -1.8585339e-03
  5.9369118e-03
  2.8238264e-03
 -8.9268584e-04
  1.4553060e-02
  1.4398764e-02
  1.0670458e-02
  5.6652725e-04
  4.3392589e-04
 -1.1016983e-02
 -4.9211904e-03
  5.8743439e-04
  4.7913329e-03
  2.4361319e-03
 -3.6227943e-03
 -3.5167788e-04
 -3.2315268e-03
  5.4224310e-03
  1.6053906e-03
  1.5942357e-03
  2.8534881e-03
 -8.1673432e-03
  7.6989376e-04
 -1.7211273e-02
 -9.3772542e-04
 -3.6470839e-03
 -1.2615906e-02
 -3.3322347e-03
 -2.5259755e-03
 -1.3078025e-03
 -1.0306147e-05
  8.0982536e-01
 -5.4665343e-03
 -7.2597833e-03
  7.8859283e-03
 -1.0064718e-02
 -5.7952655e-03
 -4.8486702e-03
  1.0322061e-03
 -9.9571906e-03
 -2.1461505e-03
  1.3327783e-02
 -8.2373163e-03
 -2.5193391e-03
  6.2222243e-03
  1.5115277e-03
  8.7466324e-05
 -1.5394317e-03
  6.9671012e-03
  2.3530899e-03
 -1.2541395e-03
 -1.2469940e-03
 -2.2219913e-04
 -6.9635268e-04
 -6.3974924e-02
 -3.1375750e-03
 -3.0521436e-02
 -1.7752887e-03
 -2.0869338e-04
  2.6512607e-03
  1.3170641e-02
 -3.3454034e-03
  3.7238441e-04
 -1.0005604e-02
 -6.3331723e-03
 -6.3314419e-03
  5.0928816e-03
 -7.3110801e-04
  1.0992833e-02
  1.7817019e-03
 -1.2897166e-02
  3.8650110e-02
  1.3541634e-02
 -6.1315536e-01
  1.2674189e-01
 -2.6665005e-01
  9.0030000e-02
 -4.8021829e-01
  9.6223690e-02
 -1.6727634e-01
  2.5381297e-01
 -2.9230559e-01
  4.8444174e-02
  4.5241807e-03
  9.9239655e-02
 -8.7294467e-02
  1.8739791e-01
  9.5176551e-04
  1.5583202e-01
  9.0526894e-02
 -2.6223501e-03
 -4.8476537e-03
 -3.0814896e-03
  5.9666373e-03
  4.6346102e-02
 -8.1071705e-02
  7.8277431e-02
  9.9271007e-02
 -3.3560060e-03
 -2.5750944e-02
 -2.3549347e-04
  2.1019138e-03
 -8.4432783e-03
  2.3368062e-03
  1.6072629e-01
 -6.0955651e-02
  2.4843884e-03
  6.4021461e-03
  1.0914868e-04
 -1.8661216e-02
 -3.7946315e-03
  3.7186399e-02
  1.3423797e-03
  5.6984532e-04
  2.8988430e-03
  9.4756077e-05
  2.1646617e-02
  1.0620637e-02
  5.8062911e-02
 -1.0053911e-01
 -6.6451565e-03
 -1.0392215e-01
  2.7600181e-01
  4.0529583e-02
 -6.7070476e-05
 -3.6057630e-03
  5.8196629e-03
  6.8560446e-05
  9.6682496e-03
 -8.4280074e-03
  2.2968691e-02
  6.1938073e-03
 -3.4094155e-03
  1.5225760e-02
  3.2998514e-03
  2.9806027e-03
  1.2897090e-02
  2.8020166e-02
  7.0405374e-03
 -3.6013216e-02
  2.3292471e-02
  8.8381752e-02
  6.4164086e-04
 -3.5377264e-02
  2.3515224e-03
 -9.0625500e-03
  5.6962101e-03
  1.1834762e-02
 -7.8113386e-03
 -3.2088675e-02
  1.8285282e-02
 -3.4504673e-03
  2.1957496e-02
 -4.2122528e-02
  1.0290724e-02
 -1.2306063e-03
  1.0616315e-04
  6.6284994e-03
  7.5448263e-01
  1.3132432e-02
 -1.7126659e-03
 -4.2544762e-03
 -3.8427904e-03
 -2.4749788e-02
 -3.3804169e-03
  5.9203580e-03
  4.8026238e-03
 -8.4146485e-04
 -1.0390886e-02
 -3.0719235e-03
  4.2540464e-03
  2.5658500e-03
  3.4723356e-03
 -5.5756518e-03
  7.6658428e-03
  8.7637398e-03
  2.4846359e-03
  2.0401059e-03
  1.0663034e-02
 -3.5068090e-04
 -9.7441357e-03
 -7.5909272e-03
 -3.0579060e-01
 -7.4599464e-03
 -6.3544791e-03
 -2.5314011e-03
  3.6641210e-03
 -3.1471513e-03
  5.4274020e-03
 -7.4952799e-03
  2.1413907e-03
 -1.9989284e-03
  3.9874064e-03
  2.7541695e-03
 -2.0707045e-03
 -3.2387199e-03
  1.3291433e-02
 -1.6587153e-03
 -2.4961813e-03
 -3.1101190e-02
 -7.9860892e-03
 -4.6677766e-03
  5.1621569e-04
  4.3265335e-03
 -3.8650273e-03
  2.1441048e-03
  2.8583260e-02
 -5.5020070e-04
  2.3612886e-04
 -2.8830993e-03
 -6.8977308e-03
 -3.7691921e-03
 -3.4015931e-05
  9.2896530e-03
 -4.5630257e-03
  4.2149541e-03
 -6.6211680e-04
  2.2641784e-03
  1.2500122e-03
 -3.4197536e-03
 -7.2263805e-03
  1.1842379e-03
 -1.2992701e-02
 -7.8973621e-03
 -3.2192850e-03
  2.3892568e-03
  4.8220716e-04
 -8.4671238e-04
 -1.9152709e-03
 -3.2004138e-04
  6.3567506e-03
  1.9260317e-02
  1.3780349e-02
  2.5319452e-03
  8.0627222e-03
  7.0154958e-05
 -2.9295473e-03
 -1.2802958e-02
  1.6632352e-03
 -3.6793693e-03
 -1.8149296e-02
 -6.4722197e-03
 -7.3700184e-03
 -6.7286543e-05
  3.3278647e-03
  6.5346798e-03
 -8.2064923e-03
 -5.7169178e-04
 -7.6465017e-01
 -2.8025727e-03
  5.8602910e-02
  2.8670573e-01
  5.5428259e-03
  7.5749643e-02
  5.7897987e-03
  8.6626792e-03
 -4.9431357e-03
 -1.6305666e-02
 -2.4384917e-03
  5.9678592e-04
 -3.7448558e-03
 -2.5238698e-02
  1.1960132e-03
  1.0387647e-02
  7.4512544e-03
 -1.4565632e-02
 -1.1926552e-03
  7.6417583e-03
  8.3294902e-03
 -2.4353871e-03
 -7.1468588e-04
 -2.3654578e-03
  7.0020198e-03
 -6.7475345e-03
 -2.3638096e-02
 -1.0995347e-02
 -8.1172131e-04
  4.2919302e-03
 -2.6650457e-03
 -1.0096103e-02
 -5.1708855e-03
  1.1999828e-03
  5.5120257e-04
 -2.7581220e-03
  1.5551023e-02
 -4.1420823e-03
  7.7167936e-03
  1.7979089e-02
  8.0172103e-03
  9.9174050e-04
 -3.6150427e-03
  1.0958829e+00
 -1.3627967e+00
  3.9912000e-02
  4.2497581e-01
 -4.6020371e-01
 -1.0727685e-03
 -3.9419535e-01
 -4.9043682e-01
 -2.4296032e-02
  8.3182184e-03
  4.6342880e-02
 -1.0532136e-03
 -1.4278191e-01
  6.2259492e-03
  1.8118077e-03
 -1.0069845e-02
 -3.8110381e-03
 -2.1145415e-02
 -3.0608820e-03
  3.6190965e-03
 -1.3981364e-04
  3.2568052e-03
  6.3605676e-03
  3.1899055e-03
 -1.3765284e-02
  1.5003788e-03
  8.6920438e-03
  2.8037967e-04
  7.2370842e-02
 -6.5132282e-03
 -1.5465161e-03
 -5.2476646e-03
  1.1507100e-02
  3.4072895e-02
 -5.7343056e-04
  5.7104449e-03
  2.8219712e-03
 -2.6131836e-03
  3.3706573e-03
 -7.7078410e-04
  1.7486409e-03
  1.1225783e-02
  8.0712012e-04
 -6.8528764e-03
  4.0384793e-01
 -5.3051203e-01
 -1.4379644e-01
  1.4862441e+00
  7.9526931e-02
  9.1598874e-01
  2.9084992e-01
  7.6403248e-01
 -3.7863982e-01
  3.5386842e-01
 -8.2908338e-01
 -2.5312904e-01
  1.5225343e+00
 -4.1135368e-01
 -2.7263322e-01
  3.2879084e-01
  1.1261717e+00
 -2.3822670e-01
 -9.1633219e-01
  8.5215771e-01
 -1.8015361e-01
 -7.6475054e-01
 -9.6681118e-02
  5.4734971e-02
 -3.4513435e-01
 -3.8334978e-01
  1.2214956e+00
 -4.6034431e-01
 -1.5708072e-02
 -7.9612158e-02
  1.9598249e-01
 -4.1442057e-01
 -1.2508370e-01
  6.9281685e-01
  1.5907631e-03
  6.1127441e-03
 -3.3122879e-01
  3.7167498e-01
 -3.4510458e-01
  6.3716625e-03
  2.2543249e-01
  2.8072849e-02
 -5.7914533e-02
 -3.8223058e-01
  5.1294751e-03
 -4.0176315e-03
  1.1324802e-03
 -3.1981617e-04
 -5.6596688e-04
 -5.1623589e-04
 -6.2430557e-03
  1.7761444e-03
 -1.6803732e-03
  5.4061101e-03
  9.9068526e-03
  3.7561851e-03
 -1.0760023e-02
  8.1678284e-03
  2.4058966e-03
 -1.2005537e-03
 -2.3376374e-03
 -3.1423490e-02
 -8.0298344e-03
 -2.7864589e-03
  1.5134602e-03
 -2.6031374e-03
 -4.7522923e-04
 -7.9992162e-03
 -4.0082145e-03
  3.4291730e-03
 -6.3989358e-03
  1.5257295e-02
 -3.1547894e-04
  2.0460734e-02
 -4.1823904e-04
  7.7185808e-03
  6.3950294e-03
 -1.3327890e-02
  1.8587874e-03
  6.6481549e-03
  2.0747811e-03
  2.2582002e-03
  6.3676592e-03
 -5.0691534e-03
 -2.9167826e-03
  1.9851222e-04
 -8.0018077e-04
 -7.4618869e-04
 -1.1637298e+00
 -4.7575474e-01
  1.4626176e+00
 -3.2538274e-01
 -5.1882285e-01
  9.8118150e-01
  5.7396609e-01
  5.5590165e-01
  1.1445010e+00
  7.1168768e-01
  5.6031489e-01
 -1.9044577e-01
 -5.8714962e-03
 -3.3725744e-01
  9.2467040e-01
 -6.2052578e-01
 -7.7682637e-02
 -1.1982158e-01
 -4.4024259e-01
  6.7219454e-01
  2.7138824e-03
 -2.9951766e-02
 -9.0889595e-03
  1.7714318e+00
  8.9630431e-01
 -8.3115548e-02
 -8.6512409e-02
 -1.4246820e-01
  2.5941080e-01
 -4.5583874e-01
  1.3806688e+00
 -5.3859812e-01
  2.0341969e-03
  2.7824577e-04
  3.6672100e-01
 -2.8312453e-03
 -2.5629008e-01
 -3.0356396e-02
  2.3529306e-02
  1.1298906e-02
 -3.1579509e-02
 -5.3514792e-03
 -7.7359736e-02
 -1.7823937e-04
 -1.4048596e-03
 -4.5715686e-02
  1.7077465e-01
  8.3997054e-03
  8.2639813e-02
 -4.3605124e-03
 -1.8415751e-01
 -2.7711857e-02
 -5.8260724e-02
 -1.1392308e-02
  1.0685264e-01
 -1.2453878e-04
  3.0955540e-03
 -1.9357361e-02
  5.3545181e-02
 -4.7131740e-03
 -3.2220423e-02
 -6.4177826e-02
 -9.6515361e-03
  1.7467659e-03
 -9.8588504e-04
 -7.8118602e-03
 -5.0173919e-03
  4.0130145e-03
  8.5265830e-02
 -1.1379697e-02
 -1.4645944e-02
 -3.3916609e-04
  4.9682897e-02
 -6.2884751e-04
  9.7316882e-04
  2.3967380e-02
 -4.8710016e-04
 -3.7245713e-02
 -3.8151040e-03
 -1.2478005e-02
  5.5523682e-03
  9.1775553e-04
  2.5904180e-02
  1.6103990e-03
 -1.3142825e-02
  4.8690699e-03
 -1.2719871e-02
  6.6784876e-03
 -8.6815357e-03
 -3.6340090e-03
  8.2067084e-03
  9.5995242e-04
 -6.9372682e-03
  3.8286976e-03
  1.0981551e-01
 -2.3343910e-03
  9.7741634e-03
  5.1350071e-04
  1.2440167e-02
 -2.1803516e-03
  1.5855423e-03
  2.2091414e-04
 -3.7031770e-03
  1.3697491e-02
 -7.2511868e-03
 -1.4347338e-02
 -6.4607500e-03
 -2.4964730e-03
 -8.4303422e-03
  6.5435772e-03
  1.9780130e-03
 -3.8328364e-03
  2.3035917e-03
 -2.0676080e-02
  5.1144196e-04
 -1.7226113e-03
  9.9836253e-03
  2.6963269e-03
 -7.2710314e-03
  1.1351538e-02
 -4.8597128e-04
  6.4889705e-03
 -3.7886433e-03
 -3.6163162e-03
 -1.5235425e-03
 -4.7885100e-03
  2.1266288e-03
  1.2597943e-02
  3.4018713e-03
  2.4066304e-03
 -1.0546757e-02
 -1.2847056e-03
 -1.6118973e-03
 -4.7441129e-02
 -5.6683854e-03
  9.1539668e-03
  2.4146232e-04
  4.9799262e-03
 -4.6265218e-03
 -5.4603852e-03
 -5.9090401e-03
 -2.1374189e-04
  1.1467160e-02
 -9.6751982e-03
  2.5180799e-03
  1.5315940e-03
  8.0374628e-03
  6.0505779e-03
 -2.4872965e-03
  7.7740741e-03
 -1.1077467e-02
  1.1427461e-03
 -5.6981919e-03
 -3.8314646e-03
  3.5167618e-03
  9.2501976e-03
 -2.8047299e-03
  2.0799015e-03
  4.9766456e-03
 -4.6854350e-04
  4.3048295e-03
  1.5129742e-03
 -2.3968401e-03
  7.9414452e-04
 -2.0869572e-03
  1.0727846e-02
  4.8559699e-03
  3.1154361e-03
  2.2791193e-03
 -1.1368945e-02
 -5.0602900e-03
 -1.4428296e-03
 -1.7277435e-03
 -6.0575176e-03
 -6.3897539e-03
  9.2494884e-04
 -5.7109106e-01
 -7.9877937e-01
  2.8451082e-01
  1.6679326e-01
 -6.9855237e-01
  5.3211558e-01
  2.2964711e-01
  2.1592505e-01
  4.5486861e-01
 -3.5084346e-01
  1.7827934e-01
 -5.6223631e-02
 -8.0040824e-03
 -1.4965776e-01
  2.7811292e-01
 -4.0299228e-01
  7.4941412e-02
 -3.3917251e-01
 -3.8025063e-01
  2.2196482e-01
  4.3284735e-03
 -1.4946204e-02
 -1.7435296e-01
  2.4177467e-02
  5.3316467e-02
 -2.2245046e-01
 -4.7760925e-01
 -6.8461332e-03
  3.9540195e-01
 -8.3273441e-02
  9.1971211e-02
  1.8802437e-01
 -1.8131495e-01
  3.5561267e-03
  7.2614044e-02
 -2.6816277e-02
 -2.1516643e-01
 -6.0270932e-02
  7.9916231e-02
 -1.2386171e-03
 -6.0972657e-02
 -7.7434266e-03
 -1.3944854e-01
  1.3853587e-02
  1.1912749e+00
 -1.9928243e+00
 -4.1983441e-01
  9.1055722e-04
 -8.7156193e-03
 -6.5950882e-03
 -7.3156366e-03
  3.1413860e-03
  3.4057719e-03
  1.0077586e-01
  2.4833910e-03
  5.2496479e-03
 -2.6296380e-03
 -1.4449657e-01
 -2.1309873e-01
 -5.7991821e-02
 -5.1147705e-03
 -2.9887191e-03
  1.6485430e-01
  2.1137097e-03
  8.0794597e-04
  1.8732806e-03
  5.0381858e-02
 -2.4455723e-03
 -2.1693918e-01
  5.2372432e-01
 -8.1409607e-04
  2.4560923e-02
  9.4794305e-03
  3.4628417e-03
 -1.1145200e-03
 -1.0193479e+00
  5.3341263e-03
 -7.2884806e-02
  3.2696046e-02
 -2.6061225e-03
  2.1851130e-03
 -1.8807867e-01
 -1.6603819e-01
  2.2673958e-03
 -2.1483046e-03
  1.7722593e-01
  4.8344042e-03
 -4.0560791e-01
 -1.0809875e-02
  1.4687265e+00
 -5.0982249e-01
 -1.4475220e-03
 -2.9642102e-03
 -2.8906679e-01
  1.9999073e-01
 -3.0884007e-01
 -6.5322709e-01
  1.3456497e-03
 -2.8368286e-03
  8.8386737e-02
 -9.8665215e-02
 -7.6977990e-04
 -5.3708120e-03
  8.7036145e-01
  6.8251520e-02
 -2.7597565e-03
 -9.4455376e-02
  4.2058963e-01
  1.1744751e+00
 -3.9938742e-01
  4.7760945e-02
  9.6258137e-04
  3.8996553e-01
  8.2576839e-04
  6.2545761e-02
  8.5806794e-02
  2.9845554e-01
 -6.1690126e-02
 -1.5653433e-01
 -3.3066270e-01
 -1.1413361e-01
 -7.2145230e-01
  1.0752546e-01
 -1.5991341e-02
  5.8675311e-03
 -5.5762649e-01
  3.6093298e-01
  1.5765290e-01
  7.3984343e-01
  9.6280109e-03
  1.0345501e-01
  2.9217246e-01
  2.3812218e-01
 -1.2357478e-03
  9.0457080e-03
  5.0560051e-01
  7.9150304e-02
  2.7302778e+00
 -8.4088854e-03
 -4.2040202e-01
 -3.8865128e-01
 -1.7071107e-02
 -2.7450243e-02
 -5.4748034e-01
  2.5587139e+00
 -1.0939980e-02
  7.4216515e-01
  2.1263981e-01
  1.0656874e+00
  2.5171623e-01
  7.8043919e-03
  4.3688496e-03
  1.6301160e-01
  5.3806967e-01
  7.3712174e-05
 -8.1501108e-01
 -1.2916044e+00
  2.0435297e-01
 -4.4769023e-02
 -1.7908577e-02
  3.0750090e-01
  4.6998277e-01
  1.8466590e-01
 -9.9638587e-01
 -7.7550739e-02
  4.5179818e-03
 -1.7220350e-01
 -5.6402296e-01
 -8.1848812e-01
 -2.8103751e-01
  4.5286659e-03
  1.6967736e+00
  6.0720529e-02
 -3.8574539e-02
  4.2404908e-01
  7.5683698e-02
  2.1075001e-01
  3.8895380e-02
  3.4522879e-01
  4.1402817e-01
 -1.6152075e-01
  5.4118340e-03
 -7.7996880e-02
  5.3780758e-01
 -1.7091511e-01
  9.6283823e-01
  6.1438940e-02
 -1.5383713e-02
  6.6202360e-01
  1.6622832e-01
 -1.3542907e-01
  1.0235615e+00
  2.7875211e+00
 -2.3023838e-01
  8.5515834e-02
  7.9875253e-03
  1.9458996e+00
  5.1817858e-01
  1.1859568e+00
  1.7396700e+00
 -7.1552879e-01
  1.6667947e-01
  4.2900715e-02
  9.4495070e-01
  3.0091885e-03
  7.7856976e-01
 -9.2573977e-01
  5.1964277e-01
 -4.6875763e-01
  2.2009604e+00
 -1.8843229e-01
  1.0770119e+00
  6.1492667e-02
  3.0097597e+00
 -1.9710592e-03
  2.8201165e+00
  9.7298133e-04
  3.0198741e-01
 -1.3906050e-01
 -1.4629846e+00
 -2.1644066e-01
  1.0272112e+00
  2.6951703e-01
 -4.3339875e-01
 -2.3333305e-01
  1.7588934e+00
  5.6194091e-01
  2.8031104e+00
 -1.8560952e-02
 -9.2500126e-01
  1.2012175e+00
  1.1110628e-01
 -3.2251668e-01
  2.5384676e-01
  1.3538781e-01
 -4.0429730e-02
 -4.0048084e-01
  8.3422095e-01
 -6.6914314e-01
 -1.2126997e-01
  5.8393019e-01
  1.4134409e+00
  2.9379749e-01
  1.5038313e+00
 -1.2376647e+00
  2.9166967e-01
 -7.2590083e-02
  1.3780977e+00
 -1.4371000e-02
 -1.1327405e+00
 -6.2996286e-01
  1.5436522e+00
 -1.7890034e-02
  6.1793115e-02
 -2.0139350e-01
 -2.9194668e-02
 -6.3920826e-02
  6.4675385e-01
  2.6318359e-01
  2.0352183e-01
  1.2730758e+00
 -4.8417749e-04
 -8.8249362e-01
 -1.1675603e+00
 -4.6689498e-01
 -1.7336366e-01
 -6.7412004e-02
  1.8650028e-01
 -1.4125792e-02
 -1.0008217e+00
  2.5190404e-01
  2.9231074e-01
 -1.0997234e-01
  4.1338715e-01
 -3.1496182e-01
  1.1730890e-01
 -9.6906358e-01
  1.3599330e+00
 -1.2248261e-01
 -3.7385032e-01
 -9.1715813e-01
  1.2329689e-01
  7.7157025e-03
 -2.3831941e-01
  1.9865409e+00
  2.1022169e-01
  4.6281517e-02
  2.7127829e+00
  1.0828458e+00
 -8.1642741e-01
  1.2051214e+00
  2.5357969e+00
  2.5778059e-03
 -5.5949217e-01
 -2.8238920e-02
 -2.6747265e-01
 -3.2748312e-01
 -1.0270609e+00
  5.8781087e-02
  1.0862514e+00
  4.3447652e-01
  1.2471647e+00
 -7.3499620e-01
 -1.7615777e-01
  2.5833144e+00
  7.2216386e-01
 -2.8066549e-01
 -4.8876965e-01
  5.8846921e-02
  1.4990433e+00
 -4.9287939e-01
  1.0188212e+00
 -1.4157119e+00
  1.8048533e+00
 -1.1486853e+00
 -2.3247387e+00
  8.9889288e-01
 -9.1257983e-01
 -1.7598245e+00
 -2.0265343e+00
  1.8998906e-01
 -2.6184554e+00
 -5.1435101e-01
  7.1154374e-01
 -2.4841347e+00
 -1.9144341e+00
 -1.7545536e+00
  2.1457782e+00
  1.3157657e-01
  2.4408839e+00
 -1.1656946e+00
  3.5054004e-01
  6.1062831e-01
  1.4241748e+00
  5.6201780e-01
 -6.8703908e-01
  4.9040830e-01
 -4.7615898e-01
 -1.0556964e+00
  5.9029877e-01
 -2.7522551e-02
 -3.4071663e-01
 -8.1939852e-01
  4.5210294e-02
  5.1736385e-01
  5.9816444e-01
  2.6597672e+00
 -5.1442653e-01
 -1.8159854e+00
  5.2749401e-01
  1.2112318e+00
 -3.7329754e-01
 -3.4652990e-01
  5.4887420e-01
 -3.4427804e-01
 -1.0368847e+00
 -1.9059947e-01
 -2.4024155e-02
 -5.7719231e-02
 -4.2455457e-02
  2.7802661e-03
  3.9354312e-01
 -4.1389269e-01
 -3.6917473e-03
 -1.9240173e-02
 -5.5995982e-02
 -4.3200403e-02
  2.2385238e-02
  8.3300350e-03
  2.0954239e-01
 -2.2449091e-01
 -4.1158691e-01
 -5.9592538e-02
 -6.2432680e-03
 -3.3124688e-01
 -3.8944989e-01
 -2.4101958e-01
  3.9388701e-01
  1.0222997e-02
 -6.2422372e-02
  9.5942147e-02
  7.7686292e-01
 -3.4089658e-01
 -3.6759055e-01
 -6.7705803e-02
  1.0023156e+00
 -3.8794316e-03
 -1.5428315e+00
 -9.7935302e-03
  2.8347304e-02
  4.9518234e-01
 -7.1656573e-01
  1.0853523e-01
 -5.4918808e-01
 -9.2157945e-02
 -1.5249361e+00
 -3.7511835e-01
  1.3542612e-01
 -5.7429290e-01
 -2.0071601e-02
 -5.3553665e-01
 -4.8066273e-01
 -1.0451710e-01
 -4.5208612e-01
 -5.3072321e-01
  2.2347145e+00
 -8.6572066e-02
  2.4623045e-01
  8.2343733e-03
  9.0486753e-01
 -2.0378816e-03
 -7.4274606e-01
 -3.1208259e-03
 -3.3611220e-01
  1.8518337e+00
  5.9892064e-01
  3.1342575e-01
 -2.0523989e+00
 -1.2311130e+00
  2.1547408e+00
  1.0222698e-01
  1.4761935e-01
  1.6361446e+00
 -2.2238998e+00
 -8.0656493e-04
 -2.4729767e+00
 -3.7315197e-04
  1.8850186e+00
 -7.8368402e-01
  4.9651518e-01
 -2.4814753e-02
 -1.4923342e-01
  7.5138563e-01
  3.4087309e-01
  5.4063934e-01
  7.7203393e-01
  1.4460545e-03
  6.3122684e-01
  9.0208374e-02
 -3.0604595e-02
  7.3780394e-01
 -1.8851066e+00
 -1.8137985e+00
 -1.4461894e+00
 -4.5798752e-02
 -1.5293397e-01
 -4.4374764e-01
  4.1320309e-01
 -9.3314224e-01
 -8.0104925e-02
 -2.3216049e-01
  2.9533067e-01
  2.3966222e-01
  7.7860045e-01
  1.6123053e+00
  8.7780374e-01
 -2.4895161e-01
 -3.0291438e-01
 -1.3346664e+00
 -9.1293234e-01
 -1.8157673e+00
  1.2527582e-02
  4.8267627e-03
 -1.8238993e+00
 -2.9671447e-02
  4.3466128e-03
 -5.1456378e-03
  7.1935725e-01
  2.5957751e-01
  8.9982122e-01
 -7.6843154e-01
  3.3040699e-02
 -1.4017764e+00
 -1.1518254e-01
 -4.1161779e-01
 -4.5799431e-01
  5.6869913e-02
 -1.4447452e+00
 -4.1581487e-04
 -1.5200295e+00
 -2.8160899e-03
 -1.1288637e+00
 -2.1787618e-01
 -6.0590577e-01
 -1.5913025e+00
 -1.6481444e+00
 -1.1456606e+00
  1.4371711e+00
 -7.1054487e-03
 -8.8354844e-01
 -6.3505054e-02
 -1.6158262e+00
  5.6026709e-01
 -4.1717720e-01
 -8.5651755e-01
  2.4893269e-01
  1.5095279e+00
 -9.4915050e-01
 -4.5098084e-01
 -2.3128246e-01
 -1.3257602e+00
 -3.1515844e-02
 -3.2830644e-01
  2.3876209e+00
 -1.3529910e+00
  1.1207607e-01
 -4.9971038e-01
 -1.8861808e+00
  1.4495093e-01
  4.3117520e-01
  1.6105192e+00
  2.1289647e+00
 -1.7984653e-01
 -1.3038765e+00
 -9.9783748e-01
 -5.3915381e-01
 -3.6403459e-02
  1.3126004e+00
  6.8870711e-01
  1.1457015e+00
  1.5561517e-01
 -8.6674029e-01
 -2.5221717e+00
  3.6187178e-01
 -5.9461606e-01
 -1.6729262e-01
 -2.6628125e+00
 -2.5024025e+00
 -2.8942316e-04
  5.2227445e-02
  4.9675357e-01
 -5.0077653e-01
  3.3632761e-01
  2.1138563e+00
  1.3944318e+00
 -2.6816982e-01
 -6.3351107e-01
 -7.0634180e-01
 -2.0733752e+00
 -2.1674016e+00
  2.5779577e-03
 -2.2506373e+00
 -1.0189518e+00
 -3.0466394e+00
  5.2241480e-01
 -1.7007942e+00
  4.5378032e-01
  4.6007991e-01
 -1.6998158e+00
  7.3990881e-02
  1.7633036e+00
 -2.1954741e-02
 -1.3581650e-01
  9.3453234e-01
 -1.0873690e+00
  5.0255686e-01
 -1.2492010e-01
  8.0015212e-02
 -1.0213989e-02
  6.6273737e-01
 -2.1004556e-02
 -3.8416690e-01
 -5.5283809e-01
  2.4020731e-01
  1.0323536e-01
  4.3314910e-01
 -5.7890528e-01
  1.3752720e-01
 -6.9903895e-02
  1.7672890e+00
  7.3006883e-02
 -5.8277094e-01
  6.1891371e-01
 -1.0556101e+00
 -5.6690711e-01
  4.4661675e-02
 -3.5730851e-01
  2.9832864e-01
 -1.8855511e-01
  2.0827889e-01
  4.8513327e-02
  2.3235979e+00
  1.2174935e+00
 -1.9778639e+00
  8.0190319e-01
  9.2470497e-01
  7.9343662e-02
 -4.3417236e-01
 -2.0129575e-01
  3.2103857e-01
 -2.4614758e+00
 -3.4846285e-01
  3.1378511e-03
  7.1748763e-02
 -3.2774797e-01
  5.1481879e-01
  3.6617655e-01
  8.6507261e-01
  8.4196156e-01
  7.3860371e-01
 -3.0670533e-01
 -3.8671735e-01
 -5.9410530e-01
  8.7475073e-01
  7.5811917e-01
 -5.5878353e-01
  2.2160110e-01
  2.5666277e+00
 -1.4708126e+00
 -1.0341808e+00
 -3.3580375e-01
  8.3277695e-02
 -2.7182233e-01
  7.9290092e-01
 -9.5065439e-01
  1.6501019e+00
  2.2066328e-01
 -6.4948186e-02
 -2.5771425e+00
  1.4751114e+00
  3.5781506e-02
  1.0766159e+00
  2.5345542e+00
 -3.4303210e+00
 -5.2747250e-01
  4.0424660e-01
 -7.7605271e-01
  6.3289803e-01
  1.1114526e+00
 -5.5985600e-01
 -1.0319972e+00
  2.7138071e+00
 -5.8862174e-01
 -5.3913373e-01
  1.5676415e-01
  1.0803784e+00
 -7.4062681e-01
 -8.8292092e-01
 -2.0568092e+00
 -9.2495300e-02
  6.2030107e-01
  2.3327121e-01
 -7.7616876e-01
 -1.8807102e+00
 -4.5514426e-01
 -2.7769854e-02
  7.2222665e-02
  6.3400531e-01
  7.2020823e-01
 -1.0813879e+00
  4.0838966e-01
  1.4947999e+00
 -8.0278367e-02
 -1.2216228e+00
  2.2957301e-01
  6.1334306e-01
 -3.3267641e-01
 -5.7063788e-01
  3.5801491e-01
 -5.7883334e-01
  1.8612534e-01
  2.9162049e-02
 -2.0460458e-02
 -2.4488072e-01
  5.5917168e-01
  2.8441494e-02
 -2.5824337e+00
 -1.2931575e+00
 -2.5522387e+00
 -5.3434573e-02
 -9.3229783e-01
  4.7519600e-01
  1.3149521e-02
  1.9811383e-01
  7.9463530e-01
 -1.4268657e+00
 -1.3326864e+00
 -3.3672729e-01
  8.4535950e-01
  8.9462525e-01
  1.8827425e-02
  2.1460219e-03
 -3.2022622e-01
  2.4419491e+00
 -3.3494864e-02
 -2.8610805e-03
  1.7914310e-01
  2.8223863e-01
 -1.9530642e+00
 -7.0922261e-01
 -4.2631692e-01
  1.3705043e+00
 -2.9431197e-01
  2.0980559e-01
  7.9617649e-02
 -4.2232537e-01
 -7.0252919e-01
 -3.0085546e-01
 -1.4621890e+00
 -1.1753809e-01
 -1.2039340e+00
 -8.8903284e-01
 -2.8159842e-01
 -2.9357189e-02
 -9.0356994e-01
 -4.0858462e-01
  4.9191592e-03
  6.7228311e-01
 -7.0795700e-02
  2.6409239e-01
  6.4146638e-02
  2.8050861e-01
 -9.5806170e-01
  4.9792862e-01
 -7.6536572e-01
  2.1011543e-01
 -1.5322806e-01
  2.3990391e-01
 -2.5555789e-02
  1.0423565e-02
  9.4734663e-01
  2.9775491e-01
 -9.5699497e-02
 -2.2880035e-05
  3.3891504e-04
 -6.2692970e-01
  3.2625428e-01
 -8.8740941e-03
  2.9793435e-03
  6.7493588e-01
 -5.5383141e-03
  4.9995074e-01
  1.5080194e+00
  4.2028168e-01
 -8.2904436e-03
  2.3557413e-01
 -1.5233408e-03
 -1.2298150e+00
  6.1168909e-01
 -3.9986330e-01
 -1.5264346e-02
  4.6632969e-01
 -3.9980814e-01
  2.3816524e-01
  1.5825212e+00
  5.8382487e-01
  1.1698975e-01
  1.0624052e-01
 -5.5689633e-01
 -4.4655752e-01
  1.1539437e-02
 -4.6525827e-01
  2.1514480e+00
  2.1597989e-01
 -3.7830031e-01
 -1.3930210e-01
  4.2508748e-01
  9.5746183e-01
 -8.4047198e-02
 -3.8693208e-02
 -1.0648575e-01
 -1.0886011e-01
  1.9812305e-01
  4.0478795e-04
  5.5422026e-01
 -1.6114760e-02
 -1.7222114e-01
 -1.8004744e-01
  6.2287271e-01
 -6.8517327e-01
 -1.4608026e-03
 -1.1171933e+00
  9.2452538e-01
  5.8414917e-02
  6.0901266e-01
 -4.8887447e-01
  5.9485263e-01
 -4.8472038e-03
 -8.0150336e-02
  1.2312596e+00
 -1.6509533e+00
  5.0961018e-01
  1.0246031e+00
  1.7845714e+00
  4.8276000e+00
 -1.3981828e-01
  2.0424247e+00
 -5.7709599e-01
  5.5718333e-02
  1.8147898e-01
 -2.1918952e+00
  1.0534115e+00
 -2.4662381e-01
  1.3355504e-01
 -8.6882383e-01
  1.7802657e-01
  3.8699189e-01
  2.4742229e-01
  2.1731753e+00
 -4.0480986e-01
  1.1746151e+00
  6.5102577e-02
 -5.8284923e-02
  2.8353756e-02
 -1.8359256e-01
  6.7219752e-01
 -5.5547696e-01
 -2.0773726e-02
  2.4173559e-01
 -1.3182984e-01
 -7.9802465e-01
  1.4992456e-01
  1.3346890e+00
 -1.4791469e-01
 -2.3898324e-01
  2.7127284e-01
  5.2235913e-01
  9.1003400e-05
  3.5422179e-03
  3.8505712e-01
 -2.0471907e-01
  1.7898461e+00
 -1.3475935e+00
 -1.0784301e+00
  7.1752292e-01
 -4.1781622e-01
  3.9820391e-01
 -2.1783100e-01
 -3.1046111e-03
 -9.0129506e-03
 -1.3389429e+00
  7.9975329e-02
  8.7807375e-01
 -1.5588404e+00
  2.2239146e+00
 -1.0370549e+00
 -7.7699050e-03
 -3.1873563e-01
  9.2509305e-01
  3.4147867e-03
  5.1010359e-02
  1.1080801e+00
 -1.4231431e+00
 -5.6781667e-01
  6.1043847e-01
 -1.2621893e+00
 -1.3408837e-01
 -3.8103786e-01
  4.4645322e-03
 -2.1412470e+00
  4.6029428e-01
  1.4175639e-01
  8.4313667e-01
 -6.4984625e-03
  8.2667392e-01
 -7.7634609e-01
  5.0161998e-03
  1.5812049e+00
 -6.0331893e-01
 -5.7799909e-02
  4.9169022e-01
 -2.1431053e-01
  2.1194961e+00
 -2.3983648e-02
  1.6699111e-01
 -1.5961090e+00
  2.7737863e+00
 -1.1961570e-03
  2.0309322e-02
 -9.1396695e-01
  1.5036328e+00
  2.3213854e-01
  2.2519320e-01
 -1.0744685e+00
 -5.9808517e-01
 -5.2933872e-01
 -1.4174817e+00
 -4.1356274e-01
 -2.0423002e+00
  8.2911950e-01
  7.9796754e-04
  2.4136870e+00
  1.6742579e+00
 -1.0791306e+00
 -5.7220042e-01
 -1.5872737e-02
 -8.1757712e-01
  2.3186731e+00
 -6.1534202e-01
 -1.2362612e+00
 -9.2501736e-01
  3.1327948e-01
 -3.2721581e-03
  8.2594877e-01
  2.2331941e+00
 -1.7604526e+00
 -9.8004436e-01
  5.4800081e-01
  6.0406792e-01
 -1.8132959e-01
  1.1643553e-02
 -4.9542418e-01
 -2.6916530e+00
  4.4289097e-01
 -1.5229274e-01
 -6.1658454e-01
 -3.1950669e+00
 -1.2719679e-01
 -6.2385768e-01
 -1.7556973e-01
 -6.0865533e-01
 -3.1082669e-01
 -8.4669977e-02
 -1.1827446e+00
  2.8401133e-01
 -1.3856541e-01
 -2.2655897e-01
 -1.3823328e+00
 -3.6309755e-01
  2.0530236e-01
 -8.7659284e-02
 -6.6474473e-01
 -5.7155180e-01
  7.1499930e-03
 -2.0098358e-01
 -2.7317643e-01
  7.8795296e-01
 -2.5831053e+00
 -9.8482364e-01
 -2.6053615e-04
 -1.4658628e-01
 -8.9852440e-01
 -6.4888410e-02
 -3.5672750e-02
  3.1767771e-01
  2.7143903e+00
 -2.3329412e-03
  8.1291372e-01
  2.3423126e+00
  1.8428864e-01
 -1.2079054e+00
 -3.4045354e-01
 -1.8441124e+00
 -1.3620241e+00
  2.9423055e-03
 -3.7034808e-03
  1.4788191e+00
  9.0604496e-01
 -5.0691891e-01
 -4.3388116e-01
 -3.4560869e+00
  6.1050004e-01
 -5.4997164e-01
 -1.5144461e-01
 -1.2006726e+00
 -1.9383299e+00
 -2.8874123e-01
  1.5725915e-01
  4.4876665e-02
 -1.5057855e+00
 -5.0462300e-01
 -4.6854174e-01
  5.8193374e-01
  7.3900849e-01
 -2.8006414e-01
 -1.6379796e-03
 -2.1277843e+00
  1.3168644e+00
 -4.0025534e-03
  2.9691651e-01
 -2.3347206e+00
  5.3162408e-01
 -3.5329303e-01
  3.9413920e-01
 -1.6898466e+00
 -3.1274285e-02
 -3.1634739e-01
  2.3359172e-02
  2.3359172e-02
  2.3359172e-02
  2.3359172e-02
  2.3359172e-02
  2.3359172e-02
  2.3359172e-02
  2.3359172e-02
  2.3359172e-02
  3.7800722e-02
  3.7800722e-02
  3.7800722e-02
  3.7800722e-02
  3.7800722e-02
  3.7800722e-02
  3.7800722e-02
  2.9012233e-02
  2.9012233e-02
  2.9012233e-02
  2.9012233e-02
  2.9012233e-02
  2.9012233e-02
  2.9012233e-02
  1.3611100e-02
  1.3611100e-02
  1.3611100e-02
  1.3611100e-02
  1.3611100e-02
  1.3611100e-02
  1.3611100e-02
  5.7095019e-03
  5.7095019e-03
  5.7095019e-03
  5.7095019e-03
  5.7095019e-03
  5.7095019e-03
  5.7095019e-03
  1.2227762e-02
  1.2227762e-02
  1.2227762e-02
  1.2227762e-02
  1.2227762e-02
  1.2227762e-02
  1.2227762e-02
