nep4 2 Cu Se 
cutoff 7 5 100 44
n_max 8 6
basis_size 12 12
l_max 4 2 0
ANN 50 0
 -2.1586059e-02
  2.7426207e-02
  1.1246139e-03
 -2.3538375e-01
  8.0219265e-03
 -1.7433412e-02
  2.0498596e-03
  1.5042363e-02
 -2.4140131e-02
  4.4871151e-02
  4.2644277e-02
 -2.6894375e-03
  1.8312518e-02
 -3.5291657e-02
 -1.7538153e-02
  2.4849463e-02
  5.0867891e-01
 -3.2685671e-02
  6.3719051e-03
  2.1723453e-02
  1.5566752e-03
  1.4057241e-01
 -1.6330292e-02
  1.2044895e-02
 -2.0188875e-03
  6.9081075e-03
  9.5289171e-02
 -3.7908293e-02
  5.0657086e-02
  5.3089250e-02
 -1.1045920e-01
  1.1758525e-02
 -1.9243315e-02
  5.6445546e-02
  1.3825082e-02
 -6.8014706e-03
  7.1487606e-02
  5.1607162e-02
  4.9012527e-02
 -5.4934748e-02
 -1.2982135e-01
  4.3635551e-02
 -5.8438275e-03
 -5.1206063e-02
 -2.4575990e-02
  1.9362554e-02
 -5.3580236e-02
 -9.9108562e-02
  1.4396705e-01
  1.5539317e-01
  3.9098638e-01
 -6.1452826e-03
  4.0124614e-02
 -6.7802090e-03
 -5.4960623e-02
  1.4380520e-02
  1.0012360e-01
  1.9310640e-02
  2.8739893e-01
 -7.3916361e-02
  6.2102851e-02
  1.5223922e-02
  1.0185187e-02
  7.7154547e-02
  2.0134777e-01
  1.7575033e-01
 -7.4305698e-02
 -7.0088319e-02
 -1.6671598e-03
  5.6908261e-02
 -1.2399833e-02
  3.9610211e-02
 -4.2140432e-02
 -8.9787617e-03
  1.3657009e-02
 -3.5247914e-03
  2.9563981e-03
 -1.2729036e-03
 -5.5839732e-02
 -7.4401097e-03
 -2.3245600e-01
 -1.5197742e-02
  1.0172988e-01
  1.1944730e-02
 -2.9769134e-02
  8.5570276e-01
  2.3653140e-02
  1.7122654e-02
 -1.2913316e-02
 -1.0852782e-01
 -2.2572843e-02
 -1.5627787e-01
 -1.2807010e-02
  2.8007997e-02
  1.2404243e-01
  1.5877890e-03
 -1.8394338e-02
  1.6157527e-02
  2.5098056e-02
  1.1853591e-02
 -2.8662447e-02
  9.9118408e-03
  2.4115313e-02
  3.0878710e-02
  2.5188435e-02
  6.1235474e-03
  4.9670771e-02
 -2.0967331e-02
 -2.1244001e-01
  6.5264488e-03
 -8.7063722e-03
  6.7632091e-03
  1.3032071e-02
  2.7709887e-03
 -2.9749315e-02
  6.5286502e-02
  1.3869727e-01
  3.1809963e-04
  2.4066489e-02
  6.9978736e-02
  7.8528468e-03
 -4.1204728e-03
  9.6636880e-03
 -6.2821366e-02
  3.0618135e-02
  6.2223267e-02
  1.7663505e-03
  2.9771611e-02
 -2.2294866e-03
 -5.9324864e-02
 -7.8229625e-03
  2.6456557e-02
 -8.0041341e-02
  9.0149069e-01
 -1.0397539e-02
  4.2905620e-01
  3.0037722e-02
  1.5491181e-02
 -1.6265315e-01
  2.7293060e-02
 -1.3027750e-01
 -6.5835215e-02
 -6.3048840e-02
  1.7311079e-02
  8.8840146e-03
  1.1476810e-02
 -3.5281733e-02
  1.7880406e-03
  7.9664916e-02
  1.6649278e-02
 -1.1694127e-01
 -1.9325148e-02
 -2.0215744e-03
 -9.3320318e-02
 -6.7300000e-03
  1.5533963e-02
  6.8562374e-02
 -8.5460171e-02
 -7.4931994e-02
  4.8122266e-03
  3.3334389e-03
 -1.3381321e-02
 -1.3202595e-02
 -3.3421129e-02
 -2.6181275e-03
 -4.7679905e-02
  9.3530212e-04
 -3.3510365e-02
 -5.6968052e-02
 -7.9631396e-03
 -3.5972483e-02
 -1.1010461e-02
  5.1648910e-03
  8.6872049e-02
  9.0045668e-04
 -6.9056317e-02
  5.7097239e-04
 -1.5449928e+00
 -2.0244479e-02
 -3.3942137e-02
  2.2927705e-02
  2.7767183e-02
 -7.8845173e-01
  1.6665536e-01
 -1.0453029e-02
 -1.4926889e-02
 -4.1192761e-03
  4.2489339e-02
  6.2752869e-03
  1.4810335e-02
  1.0372902e-02
  8.7213218e-03
 -3.6817826e-02
 -5.2834437e-03
  1.8568939e-02
  2.9557422e-02
 -5.0388016e-03
  1.3895325e-02
  3.9417241e-02
 -1.8493606e-02
  9.6394330e-02
 -4.6462333e-03
 -3.5915527e-02
  4.8468590e-02
  4.8889201e-03
  7.2529733e-02
 -3.3187311e-02
  6.3867266e-03
  2.7607180e-02
 -3.7977062e-02
 -2.0000823e-03
 -3.7031028e-02
  2.5432508e-02
 -1.9465685e-02
  2.4963650e-03
  1.7317470e-02
 -6.4327650e-02
 -3.7908401e-02
  1.4872119e-02
  7.1741186e-02
 -8.6905561e-02
  1.1116058e-01
 -1.8311102e-02
 -2.7354637e-01
 -3.6131226e-02
 -1.8800738e-01
  1.8538507e-02
  1.2948994e-01
 -6.0364586e-01
 -1.2912516e-02
 -8.7904790e-03
  3.6999952e-02
  3.6503917e-03
 -9.9299233e-03
  7.1879126e-02
 -8.0123961e-02
  6.3573621e-02
  6.0008192e-03
  4.9215510e-02
  8.9998022e-03
  1.5404777e-02
  2.3403671e-02
  6.4804517e-03
  2.4760142e-02
 -4.5070440e-02
  4.9924552e-02
  1.1582696e-02
  3.0854383e-02
 -2.5448104e-02
  3.5394737e-01
  2.9251825e-02
  6.7176539e-03
  2.4983305e-02
  1.3606988e-01
  5.0744475e-03
  1.2423615e-01
 -4.3577101e-02
 -4.5527112e-02
 -1.4563389e-02
  1.7137922e-02
 -2.9024325e-02
 -1.0289753e-02
  5.1527970e-02
 -1.2701130e-02
 -7.1984907e-03
  1.1387497e+00
  9.1657182e-03
  2.4983454e-02
  4.8166726e-02
 -2.5630854e-02
 -5.8459204e-02
 -2.4609426e-01
  2.2762355e-03
  1.1575373e-02
 -2.2667244e-02
  3.5917936e-03
  2.9986577e-02
  3.0328430e-02
 -2.8944815e-02
  7.3276430e-02
  1.7836697e-01
 -3.3083566e-02
 -1.0130324e-02
 -5.3310335e-02
 -8.4766358e-02
 -1.0835105e-02
 -3.6339652e-02
  2.1575459e-03
 -4.7138881e-02
 -6.1362907e-02
  2.2722942e-01
  1.4883370e-02
  1.5490724e-01
 -6.8975436e-03
  3.5672956e-03
  2.9213304e-02
  1.3040196e-02
  1.5593496e-02
  1.7047185e-02
 -3.3250274e-03
  6.0381651e-02
  4.8990525e-02
  4.1624729e-02
  4.4758994e-02
 -6.0723573e-02
  1.3680511e-02
  8.8290349e-03
 -1.7979585e-02
 -1.1397135e-02
  1.8388544e-01
 -1.9612791e-02
 -1.5425737e-01
  4.2489007e-02
 -3.6289236e-01
 -5.4628700e-01
  2.4421794e-02
 -4.6104994e-02
  3.7374884e-02
  1.2323225e-02
  2.2877348e-04
  6.9168815e-03
 -4.7057487e-02
  1.1590012e-02
  2.6314445e-03
  1.6747808e+00
 -1.7875946e-01
  5.2538509e-03
 -1.7034031e-02
 -6.7474253e-02
 -6.4980008e-02
 -2.8606704e-02
  7.5117752e-02
  1.5176737e-01
  2.2782229e-02
  3.3433188e-02
  5.4660467e-03
 -6.7657419e-02
  5.6097962e-02
 -1.0406887e-03
  4.2443800e-01
  1.5627299e-02
 -8.7918609e-02
  2.7960014e-02
  8.7740064e-02
  4.5565702e-02
  4.0814470e-02
  2.2064174e-02
  6.3765675e-02
  6.0861520e-03
 -2.9438283e-02
 -4.8758507e-02
 -1.5633633e-02
  2.7157459e-03
  1.0269393e+00
 -1.0859361e-01
  4.3985318e-02
  1.1152245e-01
  2.2417363e-02
 -1.0993484e-01
  4.5173351e-02
  3.0452117e-02
 -4.8032559e-02
 -2.3515260e-02
 -7.6570354e-02
  2.5991997e-02
  2.3065195e-03
 -2.0236596e-03
 -1.3305743e-01
  8.1026172e-03
 -4.2407274e-02
 -5.7760689e-02
 -2.6600370e+00
 -1.8218515e-02
 -1.4360335e-02
  2.6327982e-03
 -3.0204739e-02
 -2.7326206e-02
 -2.6895553e-02
 -5.1769488e-02
  1.2798041e-02
 -9.8790452e-03
 -1.3979103e-01
 -2.7275136e-02
  2.0150378e-02
 -3.8694222e-02
 -1.4638444e-03
  5.1393073e-02
  3.5880372e-02
  1.9330140e-02
 -9.5963990e-04
  2.3834862e-02
  2.4250308e-02
 -4.8232717e-03
 -2.2595648e-01
  2.3868170e-02
  1.4891846e-02
 -6.7522693e-01
  5.6364375e-01
  2.9011320e-02
 -4.4574177e-01
 -1.3370354e-01
  2.7928510e-01
 -6.8454611e-01
  5.2736849e-01
 -5.4724836e-01
  1.9726788e-03
 -1.8706705e-01
  5.8651096e-01
  1.7480570e-01
 -1.2037048e-01
  8.5762626e-01
 -9.1532487e-01
  3.0630109e-01
  6.1893767e-01
  1.4249036e-01
  9.4153263e-02
  8.7851569e-02
  2.3744160e-01
  2.2229832e-02
 -8.9362371e-01
  2.4712192e-01
  4.0745482e-01
 -5.6156021e-02
  1.9452134e-03
 -7.3078901e-02
 -2.9218593e-01
 -4.8160779e-01
 -2.8983885e-01
  4.3088669e-01
 -2.1300171e-02
 -4.6757456e-02
  5.3442512e-02
 -2.9442635e-01
 -1.7919630e-01
  2.9034942e-01
 -1.4792348e-01
  5.8918232e-03
  6.7251329e-03
 -4.7928497e-02
  1.1640815e-01
 -4.8047733e-02
  3.4165800e-01
  1.6191073e-02
  5.0392300e-02
  3.8242530e-02
 -9.0756379e-03
 -1.7361842e-01
  2.3232274e-02
 -3.6156394e-02
 -2.1757133e-02
  5.3223777e-03
 -1.4152719e-02
  4.6644378e-03
  7.3957276e-03
 -2.1481898e-02
  5.0961137e-02
 -8.8384058e-03
  3.6680859e-02
  5.8722761e-02
  8.5251871e-03
 -1.5644657e-03
  1.4281537e-01
 -2.2703556e-02
 -2.8614566e-02
  2.9068971e-02
  6.7854337e-02
  2.3490835e-02
  1.7809557e-02
  1.5555106e-02
  2.9943170e-02
  7.6522501e-03
 -1.7942980e-02
 -4.1977558e-03
  7.8419216e-02
  1.0476725e-01
 -2.8075835e-02
  5.7139918e-03
 -3.7352029e-02
  1.1480905e-02
  2.5013546e-02
  1.6839147e-02
 -7.8325439e-03
  4.1900468e-03
  9.1971438e-03
  1.1323369e-01
 -1.4238086e+00
  6.2488839e-02
 -1.1664323e-02
 -2.8617781e-02
 -4.0109310e-02
 -6.3499413e-02
  2.6994210e-02
  3.9417218e-02
  1.8868176e-02
 -2.9740194e-02
  2.5570551e-03
 -3.5923772e-02
 -2.0319052e-02
  3.6869615e-02
  6.8994425e-04
  1.0792008e-03
 -7.1677030e-03
  1.7946832e-02
 -2.5444143e-02
  1.2497922e-02
 -1.4758982e-02
  1.3636700e-03
 -1.5830807e-03
 -7.2691321e-02
  1.8512541e-02
 -6.9834068e-02
  5.0366003e-02
 -4.2448293e-02
 -4.5677260e-03
  3.4045021e-04
  8.4760152e-03
 -2.3772210e-02
  6.3466214e-02
 -2.0517297e-02
  3.5322800e-01
  8.9146063e-02
 -1.5100650e-02
  5.8174863e-02
 -2.8644814e-03
 -6.4165801e-02
  7.0840949e-03
  2.3934921e-02
 -1.2909347e-02
 -3.3740245e-02
  9.6590626e-01
  7.4988706e-03
 -2.3111710e-01
 -2.4759009e-01
  1.3149325e+00
 -6.0351830e-02
 -4.8473802e-01
 -3.0856091e-01
  4.3077372e-02
 -4.4576678e-01
  4.8481506e-01
  7.2226697e-01
  1.3810272e+00
  1.8793895e+00
 -1.1946501e+00
 -1.3744147e-01
  1.0939888e+00
  9.9272013e-02
  9.3272567e-02
  8.4288454e-01
  1.4194231e+00
  6.8172887e-02
  1.6062291e+00
 -1.7632829e+00
 -1.1636295e-02
  9.6613541e-04
  2.1881342e+00
  8.1362408e-01
  7.0695683e-02
  2.0570311e-01
 -6.4798698e-02
  2.6059994e-01
  1.2557840e-01
  6.4417952e-01
  8.7334323e-01
  6.0330874e-01
 -4.0671295e-01
 -5.3631980e-03
 -8.5947886e-02
 -2.2669293e-02
 -4.8550668e-01
  2.0074686e-03
  4.8132095e-01
 -2.0582992e-01
 -1.4630596e-01
  4.3147486e-01
 -3.8815379e-02
 -9.3821667e-02
  4.9925283e-02
 -1.2960008e+00
 -2.8743485e-01
 -6.1022746e-03
 -2.6758516e-01
  4.4057578e-02
 -3.4511492e-02
 -1.7588813e-02
  2.2268558e-02
 -8.7762788e-02
  5.0284293e-02
  5.1669907e-02
  2.4072345e-02
  3.8197700e-02
 -1.9761013e-02
  7.0647493e-02
 -8.6944520e-02
  2.2968762e-01
 -3.1612092e-01
 -3.4842739e-01
 -2.4974611e-02
 -1.3553774e-02
 -8.5342057e-02
 -2.0036040e-01
  2.6088485e-01
 -6.4463466e-02
  8.6663574e-02
 -9.1489377e-03
 -9.2154473e-02
 -6.1398149e-02
 -1.3771978e-01
 -2.0370068e-02
 -5.7151578e-02
 -2.4972075e-01
 -1.8834079e-02
  7.5766318e-03
 -2.4108455e-02
 -1.6560335e-02
 -7.6872215e-02
  2.4033953e-03
  2.6285845e-01
  1.6654562e-04
  3.3558026e-02
  4.2599268e-02
  1.3018641e-02
 -6.0681649e-03
  1.4090132e-02
  1.3580100e-02
 -1.4143898e-02
  9.9389344e-02
 -2.4951282e-03
  3.1141346e-02
 -3.7877972e-03
  1.7968504e-02
 -1.2643424e-02
 -7.5467909e-03
  7.8366473e-02
 -8.7529812e-03
  1.1986229e-02
 -1.0519292e-01
 -1.9243523e-02
  7.2861714e-03
 -4.9514971e-03
 -1.5311437e-02
 -2.5903158e-02
 -5.3605463e-02
 -7.8135729e-03
 -5.3496405e-02
 -6.1744418e-02
  7.9496868e-02
  1.1948752e-01
  2.7122376e-02
 -6.6919904e-03
 -1.2374548e-02
 -1.2949884e-02
 -2.5035229e-02
 -3.8156617e-03
  2.5569577e-02
 -7.4523808e-03
  3.2459952e-02
  1.2175185e-01
 -2.2937635e-02
 -4.4539683e-02
  1.5769196e-01
 -7.9486907e-02
 -3.5391918e-03
  5.7185475e-02
  4.3859050e-02
  2.3209069e-02
 -6.4599991e-01
  3.1419825e-02
 -2.2254414e-03
 -4.4058803e-02
 -5.1453941e-02
  4.9947474e-02
 -4.4904826e-03
  2.3843534e-02
 -3.3198576e-02
 -1.3498311e-02
  1.8524347e-02
 -3.1139022e-02
  5.8224625e-03
  1.4360315e-01
 -2.7981279e-02
  1.8232835e-02
  1.2223884e-02
  5.9819315e-03
  1.1060115e-02
 -7.6224275e-02
  3.1268454e-01
  2.3469180e-03
 -1.2328949e-01
 -1.3945752e-02
  2.2013223e+00
  1.3356203e-02
  1.1769839e-02
  8.7031629e-03
 -4.3037683e-02
  7.1375174e-03
  7.7544034e-02
  6.8554871e-02
  2.0237972e-03
 -4.0684505e-03
 -4.4466305e-01
 -3.2099718e-03
 -7.3381871e-02
  2.0780291e-02
 -4.4968992e-02
  1.0880731e-01
  1.2312540e-01
 -2.9074165e-01
 -3.2247862e-01
  1.0052091e-01
 -1.0988357e-01
 -9.6170522e-02
  2.2877559e-02
 -5.7466930e-01
  1.8194474e-01
 -1.4127282e-02
 -6.1309993e-02
 -3.6739454e-01
 -5.7620311e-01
 -4.8944051e-03
  1.1056554e-01
  8.0865091e-03
 -1.5900573e-01
 -1.5059333e-01
 -3.2290515e-01
 -3.2609963e-01
  1.2437388e-02
 -3.0897975e-02
 -3.6662579e-02
 -2.1512927e-01
 -4.5790792e-01
 -7.9281196e-02
 -8.8406347e-02
 -1.2320358e-01
  3.0753898e-02
  4.9190406e-02
 -5.2567650e-02
 -3.5996068e-01
 -2.0592704e-02
 -5.4334795e-01
  7.6586872e-02
  1.1830240e-02
 -3.5606533e-01
  1.3408204e-02
  2.5152087e-01
  1.7363412e-02
 -8.2662612e-02
 -9.4954148e-02
  1.2651514e-02
  1.3995239e-01
  3.3358566e-04
 -3.3874486e-03
 -1.2071563e-01
  1.9280282e-01
  1.0597298e-01
 -1.0693851e-02
 -1.2463162e-02
  7.1452744e-02
 -9.3942396e-03
 -5.0801985e-02
 -1.0616106e-02
 -4.2185500e-02
 -3.5746488e-01
  4.6025258e-03
 -1.3111019e-02
 -9.7881351e-03
  8.5742690e-02
 -5.7155513e-03
 -1.7677393e-02
  2.4896834e-02
  9.0756677e-03
  2.0739804e-01
 -2.3247858e-03
  2.4494749e-02
  3.6973663e-02
  2.4397146e-02
  4.4453198e-01
  5.8225002e-02
  1.9570753e-02
 -2.9884072e-02
 -7.6226622e-02
  1.5616117e-02
  5.5833682e-02
  3.4273021e-02
  2.7015448e-02
 -4.4831812e-02
  2.3011774e-02
  9.5236108e-02
  2.6052324e-02
  6.4051054e-02
 -7.1140669e-02
 -1.8398121e-02
 -1.8506102e-01
 -8.9847252e-02
  3.5865855e-01
 -3.2773411e-01
 -1.0793430e-01
 -1.4192918e-01
  1.0497253e-02
 -7.8393817e-02
 -2.0560563e-01
  7.3722792e-01
 -1.3112418e-01
 -6.5304661e-01
  3.1199187e-01
  2.7528840e-01
  5.4376118e-02
 -5.5702947e-02
  3.7807697e-01
  1.9423150e-02
  5.0919540e-02
  3.0293369e-01
  8.1115001e-01
  2.2901157e-01
  3.7839663e-01
  5.1855052e-01
  2.8270826e-01
  1.4313716e-01
  3.7725136e-01
 -3.4505455e-04
 -4.5095798e-02
  2.6351664e-02
 -5.3772066e-02
 -3.6973003e-02
  4.0575366e-02
  2.1775642e-01
 -4.3522593e-01
  1.1353667e-01
  2.5780153e+00
 -3.3291802e-02
  3.0051596e-02
 -2.4162468e-02
  1.2765514e-02
  4.1934651e-01
  4.3386430e-01
  9.7194955e-02
  3.2283176e-02
  1.4125438e+00
 -2.8964411e-02
 -1.5832027e-02
  1.8659681e-02
 -2.0830782e-02
 -1.0399392e-01
  2.9351817e-02
  1.9559834e-02
  4.8147582e-02
  4.2566679e-02
  6.2072493e-02
 -5.9759757e-03
  3.1765066e-03
  5.0849877e-03
 -4.5951575e-02
 -1.0841784e-02
  2.6939241e-03
  2.3705084e-02
  6.2733665e-03
  3.4972320e-03
  1.1167672e-01
  4.5207798e-01
  5.7074051e-02
  4.2871382e-02
  1.7148195e-01
  6.7111929e-03
 -7.3525265e-02
  4.5041412e-02
  2.3310743e-02
 -5.4737609e-02
 -1.6856337e-02
  8.3415043e-03
 -4.7516193e-02
  3.3677511e-02
  3.3097744e-02
 -7.7685736e-02
  2.5116708e-03
  4.2525671e-02
 -1.8700998e-02
  1.3302825e-02
  2.9792614e-02
  2.9314445e-02
  1.3226045e-03
  1.8525453e-01
  1.6350514e-01
 -2.5173530e-01
 -9.9966401e-01
  7.2863281e-02
 -1.2958816e+00
  1.7423964e-01
 -1.2781953e+00
 -2.1366660e-01
  1.9127918e+00
 -3.1346962e-02
  4.5372669e-02
 -2.7394176e-01
 -1.9352308e-01
  1.9331450e+00
 -9.2634171e-02
 -3.0435610e-01
  7.7547580e-01
  5.1397085e-01
  7.2478116e-02
  2.0037220e-01
  1.6557204e+00
 -1.0992450e-01
 -4.3532217e-01
 -1.2608411e+00
  8.9824237e-02
  2.0141877e-01
  2.5982895e-01
  1.6204277e+00
  8.7579590e-01
 -6.1093450e-01
 -6.2152073e-03
  3.3030739e-01
  3.2916433e-01
  8.8474500e-01
  1.2882143e-02
 -4.7430354e-01
  9.2308596e-02
  5.4994774e-01
 -3.7415795e-02
 -6.5109357e-02
  5.2142773e-02
  3.7048233e-01
  9.2905343e-02
  3.9653681e-02
 -5.9589799e-02
 -1.1715603e-01
 -1.1419671e-01
 -7.8315707e-04
  1.9078512e-02
  8.8988291e-03
  6.8064034e-02
  6.1780304e-02
 -1.9343814e-02
  5.0057441e-02
  8.5118219e-02
  6.6426300e-02
 -5.9998635e-02
 -1.3910580e-01
 -3.3697272e-03
 -1.5718430e-02
  8.2216868e-03
  4.7775365e-02
 -4.3268267e-02
  3.6198795e-02
  2.4000829e-01
 -3.5744481e-02
 -1.3608842e-02
  7.1586128e-03
  3.1641379e-02
  6.7852363e-02
  8.1735156e-02
 -1.0898640e-01
  8.8939816e-03
 -1.0171880e-01
  2.0249826e-03
 -1.1251933e-02
  4.7404010e-02
  7.0373319e-02
 -4.5230994e-03
  6.2940503e-03
  1.9373624e-02
  3.8758722e-01
  2.0808764e-02
  1.0361507e-02
  2.5451723e-02
 -8.1415512e-03
  1.2217188e-02
 -4.5363852e-01
  8.2695827e-02
 -1.7890963e-01
 -3.7891459e-01
 -9.7317360e-02
 -2.4225137e-01
 -8.7025923e-01
 -3.0554807e-01
  4.3331945e-01
  3.1601968e-01
  1.6061978e-01
  7.7780839e-03
  6.0968488e-02
  1.3524356e-01
  4.2386317e-01
 -2.3946404e-02
 -3.0024478e-02
  3.6198102e-02
 -3.0278459e-01
 -2.0492240e-04
 -1.9437319e-01
 -3.6459905e-01
 -2.2214071e-01
  3.9320952e-01
  1.1508632e-02
  1.1878613e-01
  3.8730955e-01
  6.4060390e-02
  1.7716369e-01
  4.0053066e-02
  7.8742392e-02
 -9.7667100e-04
  2.3734769e-01
  6.5355796e-01
  4.7945511e-01
  4.7729827e-02
 -6.7442954e-02
 -1.5289840e-02
  2.3661214e-01
 -4.6431124e-02
  7.1467385e-02
  1.8358661e-03
  2.1454316e-02
  1.1954052e-01
 -1.0713418e-01
  1.2015296e-01
 -1.0139982e-01
  1.4502852e-01
  8.0907196e-02
 -3.9542736e-03
 -1.7218908e-02
  6.3824102e-02
  1.7774502e-02
 -9.9073574e-03
  4.0779371e-02
 -1.2516922e-02
  6.4206608e-03
  5.8497973e-03
 -1.6871449e-02
  6.0732597e-01
  8.2078194e-03
 -5.4177281e-02
 -8.1848457e-02
 -3.2631189e-02
 -4.2936422e-02
 -1.3059302e-01
 -6.9353782e-02
 -7.6265201e-02
 -4.9915016e-03
 -3.5818908e-02
  2.0012435e-02
 -2.5712868e-02
 -9.6318396e-03
  9.0185199e-03
 -3.9056335e-03
 -7.9714686e-02
  6.5748975e-02
 -2.5504809e-02
 -3.5407036e-03
  4.3803905e-03
 -1.9961223e-02
  3.3988651e-02
  1.0112065e-02
 -1.1518549e-03
  2.4059640e-02
 -9.4990199e-03
 -1.6651060e-02
  8.2017459e-02
 -8.8471240e-01
  3.3347551e-02
 -4.8590090e-02
  2.1679251e-01
 -1.7435506e-01
 -1.7922504e-01
  2.4222244e-01
 -2.1164592e-02
 -1.6405560e-02
 -3.2519284e-01
 -1.0479245e-02
 -8.4220082e-02
 -2.7693059e-02
 -2.9815573e-01
 -2.1293586e-01
 -4.7547664e-03
  1.0614352e-01
  6.8156235e-02
 -9.1101617e-02
  5.7487083e-03
  4.0954572e-01
 -3.4364197e-02
  5.6910038e-01
 -4.9312893e-01
 -5.8623505e-01
 -5.3612787e-02
  4.9536437e-02
  1.2770711e-01
 -5.0968188e-01
 -2.9988721e-02
  3.2636240e-01
  4.4246059e-02
 -8.1650041e-02
 -4.2257432e-02
 -1.9214675e-02
 -9.9610560e-02
  5.9470899e-02
 -4.4402093e-02
  2.0789597e-02
 -1.3027158e-02
 -3.9402548e-02
 -9.9752918e-02
 -2.1371977e-02
 -4.3240950e-02
  1.2530676e-01
 -7.8608602e-01
  2.2307082e-01
  1.5589862e-01
 -8.8120288e-01
 -3.3117086e-01
 -2.3161963e-01
  1.0117157e+00
  3.7422237e-01
  6.6283695e-02
  2.6376650e-01
 -7.3651344e-01
 -6.0392606e-01
 -7.9243308e-01
  1.7504470e-01
 -5.7186610e-01
 -5.8078790e-01
  1.4599761e-02
 -3.8076782e-01
  1.1630416e-01
 -1.1955575e+00
  4.2644274e-01
 -2.6952261e-01
 -1.8887166e-02
  4.3288249e-01
  4.7129393e-02
 -1.4505576e-01
 -5.3341696e-03
 -1.6639043e-02
  3.0451146e-01
  4.7226143e-03
 -4.7052544e-02
  8.8365488e-03
 -1.2809806e-01
 -2.0981699e-01
  9.9245422e-02
 -2.2377683e-01
 -5.1180065e-02
  1.8240029e-01
 -1.0195906e-01
 -1.8235262e-02
  4.0690422e-02
 -8.5045034e-03
  7.4195594e-02
 -1.2097688e-02
 -9.4291167e-03
 -2.3214007e-03
 -5.1240182e-01
 -4.5533348e-03
  6.1535747e-03
 -1.2663231e+00
  8.2225129e-02
 -5.7318784e-02
 -7.0529841e-02
  7.8379400e-02
  2.3976215e-03
  1.1580863e-02
  6.2694892e-02
 -3.9461870e-03
  6.3925803e-02
 -5.2292361e-03
 -2.9669004e-02
 -1.0999073e-02
  1.9872455e-02
  1.8749930e-02
 -5.1613167e-02
  5.5707726e-03
  3.9373942e-02
 -1.7992971e-02
 -7.7376049e-04
 -2.4708467e-02
 -2.0425413e-02
 -4.0470604e-03
 -3.6448441e-02
 -2.6091118e-03
 -2.5704127e-02
 -8.0255441e-02
 -3.6534656e-02
  1.2946461e-01
 -2.3916371e-02
  2.6230868e-02
 -1.1809346e-02
  1.9416694e-02
 -4.3576166e-02
 -4.8069842e-02
  9.2414161e-03
  1.1225028e-02
  5.1156748e-02
  1.4358951e-01
 -6.8126446e-01
  2.2568543e-02
  1.0631569e-01
 -7.3072039e-02
 -4.4617608e-02
  2.2212226e-02
 -2.5509356e-02
  1.8459506e-02
  7.5257085e-02
 -3.0645328e-02
 -5.9240274e-02
  1.0003759e-02
  1.3306119e-02
  7.1340069e-02
 -5.9480094e-03
  2.0997291e-02
 -1.1698352e-02
 -4.2590676e-03
 -3.7595134e-02
 -1.2901131e-02
 -3.5048649e-03
 -1.7700599e-01
  1.7386100e-01
 -2.5002076e-03
  5.1130438e-03
  1.2346354e-02
  8.3536126e-02
  1.0297451e-01
 -1.1656356e-02
  3.8991719e-02
 -6.3961856e-02
  4.3906979e-03
  3.1900510e-02
  5.5376673e-03
 -3.9034151e-02
 -1.6152506e-01
  1.1651570e-02
 -6.9991811e-03
 -1.1397975e-01
 -4.0881060e-02
 -7.6744661e-02
  2.0232413e-02
 -3.6552195e-03
  9.7559132e-03
  7.9940620e-04
  5.7152800e-02
  3.6306240e-02
  1.3682700e-02
  7.2651920e-03
  1.0850523e+00
 -3.7985002e-03
 -8.0647861e-04
 -6.1074947e-03
 -6.2485225e-03
 -8.2816757e-02
  1.1270247e-02
  4.2784452e-03
 -1.2492027e-02
  1.0415608e-02
 -2.5358476e-02
 -7.3421367e-02
 -2.7521502e-02
  1.0921626e-02
 -2.7774442e-02
  5.5588484e-02
  2.9428112e-03
  1.9271392e-04
  5.6024890e-02
  2.2732602e-03
  5.9475765e-02
  9.7769983e-02
  4.4764698e-02
 -3.2103388e-03
 -5.3222291e-02
  1.0027160e-01
 -4.6389975e-02
 -1.4274514e-01
  5.6053707e-03
 -4.1328117e-02
  4.0577006e-02
 -3.2419726e-02
 -1.9739227e-02
 -5.2431721e-02
 -1.8924192e-02
 -6.1942760e-02
  3.0676356e-02
 -2.1558766e-01
 -3.2773249e-02
  1.8294077e-02
  2.4778835e-02
 -5.0626900e-02
 -2.7442783e-02
 -1.6338789e-01
  2.0704404e-02
 -1.0660015e-03
 -5.5152345e-02
  5.4887600e-02
 -4.2512648e-02
 -6.0933121e-02
  6.6944612e-03
  7.1879923e-02
  2.4668518e-02
  2.4434544e-02
 -1.2567744e-02
  2.3444094e-02
  3.3118147e-02
  2.4554437e-02
 -1.8850373e-01
  4.9026489e-01
 -1.0730464e-01
  3.0653451e-02
 -2.2855063e-01
  3.2079110e-01
  1.0377568e-01
  2.0057967e-01
  1.1023597e-01
 -2.4707858e-01
 -5.7955254e-03
  4.9348444e-02
  1.4291123e-02
  1.2411043e-02
  3.5334658e-02
  2.8889599e-01
  3.9872443e-03
  3.6797386e-02
 -3.4844480e-02
  3.2515274e-03
  2.2541089e-02
  1.5033602e-03
  7.6803528e-02
  6.8313451e-03
  3.9754465e-02
 -8.0090392e-01
 -3.5046728e-04
 -8.7113362e-03
 -1.7206371e-02
  9.7478248e-02
 -9.7573306e-03
  3.7697051e-02
  3.3563364e-02
 -3.2150645e-02
 -5.3620352e-03
 -5.9848819e-02
 -2.7210515e-02
  1.8940420e-01
  2.7109822e-04
 -5.3081125e-02
 -1.1835092e-01
 -1.5899210e-01
  2.0457163e-02
 -7.9371616e-02
  2.0167997e-02
  2.6825873e-02
  1.3045023e-02
  1.4625560e-01
 -2.6249573e-02
 -3.0275408e-02
 -6.8070501e-02
 -9.6190637e-03
 -4.0761676e-02
 -2.2844389e-02
 -1.4126352e-03
  1.4465393e-01
 -1.3349487e-02
  4.6742782e-02
 -1.5512256e-02
  2.8276872e-02
 -1.5546047e-02
  6.4863055e-03
  1.3104530e-02
 -8.5396576e-04
  3.0811438e-02
 -1.2836069e-01
 -3.3289231e-02
 -4.2344715e-02
 -1.7467510e-02
 -9.6796043e-02
 -6.5553457e-02
  1.3189621e-01
 -9.8816659e-03
  1.0272082e+00
  1.0173009e-02
  5.6405822e-03
 -3.7447095e-02
  2.3935657e-02
 -2.2557308e-04
 -2.8902108e-02
  1.5008606e-02
  1.1543873e-01
  5.3279856e-03
 -9.2112973e-02
  1.1108756e-02
 -1.9979959e-02
 -6.0854666e-03
 -6.8364274e-03
  5.1350567e-02
 -6.2336899e-02
 -2.7853552e-02
  4.5489606e-02
  4.0713316e-03
  1.1480102e-02
  4.6920874e-03
  1.1102357e-03
  7.8243487e-02
  4.0939242e-02
 -7.7695087e-02
  2.3935765e-02
 -1.2098392e-02
 -6.6883222e-05
  1.5539502e-02
  2.4092042e-01
 -6.1900895e-02
 -5.0251521e-02
  1.3748552e-02
 -1.1192988e-01
 -2.7908064e-02
  1.3951884e-01
 -2.9979865e-03
  5.2849617e-02
 -9.0700105e-02
  4.5271996e-02
  9.3411589e-03
 -1.7474596e-01
  4.5700770e-02
  9.7739277e-03
 -5.6852582e-03
  2.1996763e-02
  1.3332752e-02
  8.6599037e-02
 -1.6291193e-03
  1.1801394e-02
  2.9139636e-02
  2.0174846e-02
  1.9368844e-02
 -3.0868711e-02
  1.3401157e-01
  7.7579387e-02
  3.4746669e-02
  4.5724660e-02
  5.2456569e-02
  4.9366239e-02
 -7.2802313e-02
 -3.3920859e-03
 -1.0408340e-01
  5.3407112e-03
  3.4338202e-02
  2.0971127e-02
  1.7122420e-02
  5.9645697e-02
 -1.9567907e-02
  5.5480581e-02
 -6.2970385e-02
  6.5485902e-02
  6.1667636e-02
 -3.2804678e-03
  5.2326236e-02
 -7.4314341e-02
  6.0683884e-02
 -4.4058003e-03
  1.2532465e-02
 -1.6645226e-01
  1.1235565e-02
 -1.0617259e-03
 -6.2969685e-02
 -8.8733966e-03
  1.6265839e-02
 -5.6587994e-02
 -2.8920673e-02
  2.3678167e-02
 -9.0188142e-03
  1.3960073e-02
  1.8407075e-02
  8.9533232e-02
  1.1121945e-02
  2.2862535e-02
 -1.6007226e-02
 -1.8343437e-02
 -3.4396548e-02
 -2.8254795e-03
 -1.2576688e-02
 -1.3079211e-01
  4.4342753e-02
  5.4767155e-03
 -3.9665126e-03
 -3.8474288e-02
  3.8734227e-02
 -3.1340769e-03
  9.7033352e-02
 -2.6161540e-03
 -1.2979898e-02
 -6.8489768e-02
  6.3075917e-03
  1.4848989e-03
 -5.4230284e-02
 -1.4424849e-02
 -8.6677785e-04
 -3.8522866e-02
  2.3776108e-02
 -7.8019515e-02
  1.6257895e-02
  9.9386964e-03
 -2.8756522e-03
 -3.2088962e-01
  7.7840043e-03
  1.7589295e-02
 -2.8816227e-02
 -1.0772154e-01
  1.2060738e-01
 -2.2756663e-01
  2.6524168e-01
 -8.3950236e-02
  4.0438786e-02
  2.0469813e-02
  1.0701619e+00
 -1.2783380e-01
  5.5706590e-01
  1.4955899e-02
  1.3953422e-02
 -6.6588396e-01
  4.6980865e-02
  4.9455207e-02
  8.2179584e-02
  2.2717465e-02
  1.6224496e-02
  1.2825457e-02
  1.2403881e-03
 -1.4386419e-04
  2.6442779e-02
  3.8286209e-02
 -8.2092881e-02
 -1.0241190e-02
 -9.0751931e-02
  5.5253491e-02
  5.3641863e-02
  1.4054143e-02
 -1.0228212e-03
 -2.6993923e-02
 -5.5034645e-03
  3.6756646e-02
  1.2614587e-02
  8.3654940e-02
  5.7304710e-02
 -1.1062849e-01
  4.5371253e-02
  1.1372179e-01
 -1.9870918e-02
  5.9316572e-02
  4.7756921e-02
 -1.0276572e-03
 -1.0821389e-01
 -1.6606215e-02
 -4.1305088e-02
 -4.6238559e-01
 -1.3403538e-01
  7.9562608e-03
  8.4132804e-03
  8.6332131e-03
  2.8685537e-01
  4.3726597e-02
  7.4728817e-02
  1.3812287e-01
  8.8664629e-03
  4.9394708e-02
  3.7775006e-02
 -2.8720096e-01
  3.7474371e-03
 -2.8379457e-03
 -1.5907476e-02
  4.4456366e-02
  1.5759342e-03
 -5.7807952e-02
 -8.0170389e-04
  1.1996735e-01
 -3.3660010e-02
  1.5747447e-02
  1.3018459e-01
 -2.9179707e-02
 -1.0155138e-02
  1.3808389e-01
 -2.9725377e-02
  4.3044981e-02
 -1.1920223e-01
 -3.6055461e-02
 -5.6694865e-02
  1.6807942e-03
  7.1918094e-03
  1.1750055e-01
  2.9921211e-02
 -6.0112711e-02
 -2.4595060e-03
 -2.5918873e-02
 -4.0296547e-02
  2.3040423e-02
 -8.9803571e-03
  2.3129601e-03
 -1.6991952e-02
  2.7471375e-01
  2.1611340e-05
 -3.4697890e-02
  3.3000357e-02
 -3.2782648e-02
 -2.3130722e-02
 -3.5981733e-02
 -2.2940407e-02
  1.2033795e-02
 -1.9352894e-02
 -1.7671637e-02
 -8.6227898e-03
 -1.1833272e-02
  9.9989651e-03
 -5.2776718e-01
 -1.1826824e-02
 -1.3090416e-02
 -1.8789371e-02
 -8.4991492e-03
 -1.3796320e-02
  1.3986948e-02
  2.4771938e-02
 -1.0089977e-02
 -3.1596728e-02
  1.6191600e-02
  4.4119492e-02
  4.2066045e-02
 -3.6757959e-03
 -6.7599878e-02
  1.0308833e-01
 -5.5209931e-02
 -3.0942557e-03
 -9.0347752e-03
 -1.8061696e-02
  1.7999128e-02
 -1.4447907e-02
  1.9648486e-01
 -3.3049323e-02
  6.8872146e-02
  1.9638412e-02
 -2.4437040e-02
 -1.2756535e-03
 -1.0165330e-03
  9.2983218e-03
 -9.1967136e-01
 -2.1767227e-02
 -2.5943922e-02
  5.2640721e-02
 -1.2180374e-01
  1.1892208e-01
 -3.7584595e-02
  8.9406166e-03
 -1.0857280e-02
 -1.6136112e-02
  3.1345546e-02
  2.4986587e-02
  2.8044982e-02
  3.3269189e-02
 -5.4978289e-02
 -5.2816025e-03
  1.8051745e-02
 -3.2517910e-02
  9.6913800e-02
  2.6238274e-02
  2.8956974e-02
 -4.6494011e-02
 -1.2042642e-01
 -3.2540332e-03
  5.5200690e-03
 -1.8125355e-02
  4.3593243e-02
 -4.6553135e-02
 -1.3689398e-02
  5.4548465e-02
  4.5852233e-02
  2.4488004e-02
  1.7774070e-02
 -1.5929095e-01
 -1.4218448e-02
  4.2281836e-02
  2.1379334e-03
 -6.7717656e-02
  7.0125889e-04
  1.7335612e-02
  1.3794695e-02
 -2.1872405e-02
 -1.6751615e-02
  6.9492119e-03
 -9.8004207e-02
  1.9533994e-02
 -2.6045680e-02
  7.5743129e-03
 -1.0910463e-01
 -2.8679874e-03
 -4.0449932e-02
 -3.6756955e-02
 -2.5827477e-02
  5.3932583e-03
 -1.7263906e-02
 -1.1774180e-02
 -3.3311382e-02
 -6.3184202e-02
  2.3902427e-02
  2.6304528e-02
 -6.3147604e-02
 -5.3967200e-03
 -2.3519054e-02
 -2.1188011e-02
  7.1259208e-02
 -2.8028028e-02
  5.1098175e-02
  9.1057226e-02
  9.2606992e-03
  1.3237702e+00
 -1.1368564e-02
  4.1907914e-02
  5.2837279e-02
  2.1621756e-02
  5.1483735e-02
 -6.5630535e-03
 -1.3178658e-02
 -2.5290442e-03
  1.0441434e-02
  5.9170678e-02
  4.2110484e-02
 -8.4726640e-04
  3.9283987e-02
  2.8266924e-02
 -1.3705183e-02
 -6.5291308e-02
  3.9987545e-03
 -3.1164311e-02
  6.7369437e-01
  9.3553029e-03
  4.6143010e-03
 -3.7364099e-02
  2.9895604e-02
 -1.7952784e-03
 -7.2704487e-02
 -2.2126075e-03
  2.2078599e-03
 -4.2658821e-02
 -4.2576147e-03
  6.7518592e-02
  1.0857658e-01
 -9.0944432e-03
  7.5617721e-03
  1.2417592e+00
  5.1938713e-02
 -3.5711382e-02
 -8.3928697e-02
 -2.0030793e-02
 -5.0301354e-02
 -1.8956451e-02
  4.5306433e-02
 -1.7686924e-02
 -7.3100902e-02
  4.3626193e-02
 -1.1820666e-01
 -6.9690556e-03
  2.6956968e-02
  1.3555232e-02
 -8.2335785e-02
 -6.5748543e-02
  3.0566677e-02
  3.8210340e-02
 -1.4194965e-02
 -5.2260878e-03
  1.1442264e-02
 -4.1277539e-02
 -1.7340090e-02
 -1.8694578e-01
  1.3888058e-01
 -4.5172162e-02
 -1.1012376e-02
 -2.7013572e-02
 -1.9419290e-02
  2.6965103e-01
  9.9747637e-03
 -7.2200060e-02
 -1.4978026e-01
 -7.1943216e-02
 -1.8991955e-02
 -1.9437437e-01
  2.0545665e-02
  2.6715703e-02
  6.0260322e-02
  2.2817370e-02
  1.7147550e-01
  2.4664876e-01
 -2.5437903e-01
 -7.1242444e-02
 -1.1406209e-02
 -1.9881113e-02
  1.5515365e-01
  5.1682228e-01
  2.9938061e-02
 -2.9908158e-02
 -6.8004623e-02
 -2.6108164e-01
 -1.2635590e-02
  1.8629134e-02
 -1.0609058e-01
  3.3329570e-01
  5.3595477e-01
 -7.1542412e-02
  8.7058889e-03
 -3.1044193e-02
  3.2887030e-03
 -9.1079645e-02
  1.3643932e-01
  6.0214223e-03
  3.5836220e-02
  2.9128611e-02
  1.9960664e-04
  1.6643608e-01
 -2.2947641e-02
 -4.5739070e-02
  2.0405135e-01
  2.4586745e-02
  5.4090777e-03
  5.4819793e-03
  1.3596328e-02
  2.2558182e-02
  5.8701988e-03
 -9.4333693e-02
 -1.4225298e-03
  2.6402835e-02
 -3.2047752e-02
  1.7844802e-02
 -1.2140010e-02
 -6.7002415e-03
 -2.5619565e-02
 -1.7980890e-02
  7.5587817e-02
  1.6459776e-01
 -2.0284392e-02
  1.0500170e-01
  2.6314653e-02
 -7.6829135e-02
  6.3400518e-04
  5.7140063e-02
  1.3417541e-02
  3.5087664e-02
  4.6954151e-02
  1.2902906e-03
 -8.9758277e-02
 -1.1551620e-02
 -7.0543654e-02
 -4.7998339e-02
  5.3269964e-02
 -2.8288797e-02
  7.7891752e-02
 -5.5165598e-03
  1.2232343e+00
  3.9256729e-02
 -5.2898787e-02
 -6.5585278e-02
  3.3340614e-02
 -1.2695156e-01
  2.6313450e-02
 -6.9193095e-03
  2.9915050e-02
 -7.6610214e-01
  9.1843404e-02
  1.8623972e-01
 -5.2095830e-01
 -9.4751202e-02
  2.2203572e-01
 -3.1789151e-01
  1.0658872e+00
  1.5625535e+00
  5.2229625e-01
 -4.3703143e-02
 -1.8648721e-01
  1.1551474e+00
  1.3342398e-01
  9.3543160e-01
 -7.7476293e-02
 -2.5637114e+00
 -9.8059110e-02
 -4.5902848e-02
  1.1002351e+00
  3.3415535e-01
  6.3041174e-01
 -3.3124927e-01
 -3.9370972e-01
  1.3364723e-01
  9.7876951e-02
  4.7739086e-01
  3.1103438e-02
  1.1110364e+00
 -2.1386278e-01
 -2.5695464e-01
 -3.9121732e-01
 -1.5599488e-02
  6.8821080e-02
  1.3739978e-01
  3.6870027e-01
 -1.8312834e-01
 -9.8383009e-02
  7.4449629e-03
  1.3746530e-02
 -2.6986029e-02
 -2.7230076e-02
  2.1820007e-01
  4.0820442e-02
  1.2654969e-02
  1.0222931e+00
 -1.6142678e-02
  6.4166099e-02
 -4.3481357e-02
 -8.3554564e-03
  9.7439337e-01
 -1.7406347e-01
  1.9118428e-02
 -6.0354993e-02
  2.0664467e-02
 -1.0537311e-02
 -1.3380338e-02
  4.8676832e-03
 -1.0406314e-02
 -3.2985725e-02
 -6.1959618e-01
  9.7153999e-02
 -4.2519629e-02
 -8.3804525e-02
 -2.6772502e-03
  4.3686375e-02
  4.9643107e-02
 -6.5910933e-04
  5.3788971e-02
  1.7378980e-02
 -4.6234645e-02
  2.7636521e-02
  3.2203609e-01
  8.3515476e-03
  6.2547028e-02
  1.1109957e-02
 -1.6697390e-01
 -1.1044601e-02
  5.6780977e-03
  7.6773308e-02
  8.7309107e-03
 -1.1297916e-01
  5.6210075e-02
 -1.1476492e-02
 -1.2009921e-02
 -2.5585998e-02
  5.6444616e-03
  8.7359203e-03
 -4.9415482e-03
  5.1200148e-02
 -1.6422634e-01
  1.5805990e-01
 -4.2024830e-01
  1.0970340e-01
  1.8920815e-02
 -7.8765951e-02
 -1.1643574e-01
 -1.9559745e-02
 -6.3167669e-02
  3.6568854e-03
 -1.7366208e-02
 -6.7251450e-03
 -4.2228431e-01
  9.1130938e-03
 -2.4925454e-01
 -1.3330010e-01
 -2.7125489e-02
 -1.5191092e-02
 -5.1312000e-01
 -3.7862620e-01
 -5.7696238e-02
  1.2725012e-02
  2.2682549e-01
 -4.5664527e-02
 -3.5061996e-02
 -1.5920509e-02
  1.2636169e-02
 -7.8518093e-02
 -2.6869120e-03
 -1.1924829e-03
  7.5624892e-03
  1.4182424e-02
 -1.6286969e-01
 -8.1532702e-02
  7.1232334e-02
  1.5218315e-01
  1.3416180e-01
  3.9303795e-02
 -1.4182996e-02
  1.7437013e-02
 -8.6214095e-02
  4.5615237e-02
  3.3898291e-01
 -2.9643744e-01
 -3.2940146e-01
 -2.2513440e+00
  4.8070329e-01
 -5.7844270e-02
 -1.6499011e-01
 -1.0363029e+00
 -1.2320887e-01
  8.9970477e-02
 -3.6934197e-02
  3.6770198e-03
 -7.9004772e-02
  5.9340656e-02
  1.2019566e-01
  5.1779412e-03
  2.8894502e-01
  4.9053431e-02
 -1.3354438e-02
  1.1975815e-01
  7.4406609e-02
  1.3942781e-01
 -1.6516173e-02
 -5.6726295e-01
  5.2813701e-03
  2.6913134e-02
  4.7318269e-02
  1.6688059e-01
 -8.9010194e-02
  3.4104839e-03
  3.4459993e-02
 -9.0088800e-02
 -2.3322837e-02
  6.3793994e-02
  4.9764354e-02
 -6.3644245e-02
  9.8633431e-03
 -6.4330418e-03
  7.3877620e-03
 -1.1413402e-02
  7.9903439e-02
 -1.8727385e-02
  4.0909458e-02
  2.8342155e-01
  5.9366528e-02
  1.6130161e-02
  1.9579057e-02
  8.7756112e-02
  1.8826354e-01
 -1.1169299e-01
 -1.2934151e-02
 -6.7760460e-03
  5.1905006e-02
 -4.4694353e-02
  5.2155934e-02
 -4.8417587e-02
  5.6176461e-02
 -1.3489068e-02
 -6.2659569e-04
 -3.5753559e-02
 -6.4653372e-03
 -4.4107463e-02
 -2.2167692e-02
  4.9824797e-02
 -8.9855772e-03
  6.6810489e-02
  1.0625254e-03
  3.1389374e-02
 -1.4920291e-02
 -1.1539971e-02
 -9.5917052e-03
  2.7274750e-02
 -2.9301533e-02
  1.6357727e-02
 -8.1167057e-02
 -2.8449455e-01
 -2.7705312e-02
 -3.7003444e-03
  3.0468557e-02
 -4.7984058e-03
  2.3433559e-02
  2.3825403e-02
 -1.5730567e-02
 -3.4612049e-03
  2.0256951e-02
  7.9906806e-03
 -2.6790800e-02
  3.2744460e-02
  2.1797559e-01
 -3.9214608e-01
 -1.2674420e+00
 -1.7149267e+00
 -6.9832757e-02
 -1.0127931e+00
 -1.1279281e+00
 -5.1036626e-01
 -1.4699563e+00
 -1.8899101e-03
 -7.7119045e-02
 -1.6068697e-01
  7.1684164e-01
  8.8704802e-02
  9.8579043e-01
  5.1134717e-02
  3.6397776e-01
  1.8523756e-01
 -2.1207824e-02
 -6.1420288e-02
  5.5850053e-01
  1.0899165e+00
  3.3389068e-01
 -1.9342012e+00
 -5.5543035e-01
 -4.1557010e-02
  3.2195845e-01
  7.0187014e-01
  1.1389095e+00
  2.2516678e-01
 -1.7877869e-01
  2.7511561e-01
 -5.0457615e-02
  3.8750093e-02
  1.4150182e+00
  2.7958894e-01
  5.6236938e-02
 -1.3265674e-01
  6.0239896e-02
 -1.1082167e-02
  9.8941252e-03
  1.8262680e-01
  1.9610614e-01
 -4.5546111e-02
  4.7294003e-01
 -1.5882591e-02
  1.2343331e-01
 -1.4346977e+00
  2.2910672e-01
  1.5099035e-01
  8.1277478e-01
  8.4874146e-02
 -5.4732943e-03
 -6.5071061e-02
 -8.8664489e-03
  1.8811341e-02
  8.4182046e-02
  5.7956977e-03
 -9.7472787e-02
 -4.9793355e-02
  5.4069064e-03
 -3.3226013e-02
  6.0392812e-02
  7.8628175e-02
  2.9902738e-02
  1.6582642e-02
  2.1239105e-01
  4.5010816e-02
  4.0516548e-02
  1.1373573e-01
 -3.4606919e-02
  1.4610387e-01
  2.6614467e-02
  1.5282969e-01
  7.1531781e-03
 -2.5822660e-02
  4.8240637e-03
 -2.5905214e-02
 -1.7489191e-02
  4.8643388e-02
  8.0001857e-03
  7.6355055e-02
 -3.6431644e-03
  1.4082027e-02
 -2.6277177e-02
 -3.1562988e-03
  1.2412357e-02
 -5.3978086e-02
  5.9568174e-03
  4.0301713e-01
  2.0411749e+00
 -1.1683921e+00
 -4.6756074e-01
  1.0604893e+00
 -6.8021345e-01
 -1.4674799e+00
 -7.4677318e-01
 -1.5405369e-01
 -2.3516208e-02
  8.4581159e-02
  5.6037474e-01
  3.4462765e-02
 -1.6407117e-01
  5.5275969e-03
  2.2092441e-01
  5.6533124e-02
 -4.3598801e-01
  3.5714269e-02
 -1.8786171e-01
 -9.0690153e-03
  2.8873873e-01
 -4.6917778e-02
  1.2944371e-02
 -1.7352579e-02
 -5.3568210e-02
  2.6525298e-01
 -1.2595908e-01
  3.1638362e-02
 -1.0493433e-02
 -3.5395461e-01
 -8.7558061e-02
 -8.0905281e-02
  1.2688176e-01
 -5.7906430e-02
  4.1867558e-02
 -7.5826041e-02
 -4.8302460e-02
  1.7096707e-01
  9.9607091e-03
 -8.3103113e-02
 -7.6770545e-03
 -5.3471774e-02
 -3.5901610e-03
 -7.2154582e-02
  9.0294955e-03
 -4.5978647e-02
  2.8872816e-02
  2.5918199e-02
  3.3286523e-02
 -1.3176185e-02
  1.6532947e-01
 -1.9900373e-01
 -5.4236921e-04
  2.1575617e-02
  3.3838618e+00
 -3.5948861e-01
  3.1466771e-02
 -4.3271221e-03
 -8.8948876e-01
 -3.0792346e-02
 -1.4419262e+00
 -3.6895823e-02
  2.8232378e-01
 -3.3440631e-02
  4.3521997e-01
  1.1740765e-04
  3.3291143e-01
 -5.7845962e-01
 -1.7101939e-01
  7.2041832e-02
  1.8392040e-01
  1.4055173e-02
  3.0669461e-03
  2.8417449e-02
 -2.4702098e-02
 -1.5893387e-02
  3.4737244e-02
  4.9066719e-01
  2.6752487e-02
 -3.4089157e-01
 -3.4661774e-02
 -6.7358203e-02
 -9.4135739e-03
 -4.2897839e-02
 -4.2646411e-03
 -4.0406322e-01
  9.6089486e-03
 -9.2971164e-01
 -1.1366631e-02
  2.1205521e+00
  4.2367533e-01
  2.5353935e-01
  3.9743025e-02
  8.7879807e-02
 -4.5076896e-02
 -2.5797582e-01
 -3.9865885e-02
  1.1192739e-01
  1.1038563e-01
 -1.8911868e-01
 -1.9156769e-01
  1.5707872e+00
  3.4524679e-02
  4.6319526e-02
  3.6727226e-01
 -1.1493393e+00
 -2.7606694e-02
  1.8212255e-03
 -7.8985631e-01
 -7.9756804e-02
  8.3807725e-01
  2.5425437e-01
  4.1994464e-01
 -1.0282052e-02
  4.8374325e-01
 -3.9963603e-02
 -3.6765522e-01
  1.0683851e+00
 -5.9538297e-02
  3.3743969e-01
 -2.1916984e-02
  1.0650037e-01
  1.2650698e-01
  1.0101230e-04
  1.1038589e-01
 -3.2420583e-02
 -7.0283175e-01
  2.2777179e-01
  5.7864008e-03
 -2.3765372e-01
  2.5536651e-02
  1.3474953e-01
  1.7546442e-01
 -5.3490113e-02
  3.8767985e-01
  7.7135585e-02
 -1.1730450e-01
  1.2023064e-01
 -1.3194665e-03
  2.9893425e-01
 -1.0063461e+00
 -1.9355364e-01
  9.4914412e-01
  4.3577310e-01
  6.2597531e-01
 -2.8054801e-01
  2.0717734e-01
  6.5867275e-01
  1.2296665e-01
 -5.6240610e-03
  2.1010565e-03
 -3.7517678e-02
 -4.8913798e-01
 -2.9243780e-02
  9.6073024e-02
 -2.0537160e-01
 -1.6868210e-01
  8.7103834e-03
  3.2537460e-01
 -6.9834456e-02
 -3.4909740e-02
 -1.1016927e-02
  5.5685088e-02
 -6.7143187e-02
  5.3516731e-02
 -1.3206726e-01
  1.1762090e-01
 -3.4570809e-02
  7.3320605e-02
 -6.5954387e-02
  2.4454271e-02
 -8.4655148e-01
  3.2510579e-01
  8.9496672e-02
 -7.4235320e-02
 -8.0597812e-01
  1.5437303e-01
 -5.4841042e-02
  3.7628036e-02
 -2.2748341e-03
  1.8546492e-02
  1.2221698e-02
  5.8252411e-04
  2.6042011e-02
  2.2579608e-02
 -4.0845741e-03
  1.9574416e-01
 -8.2200271e-01
  1.7779846e-01
 -1.5341248e-01
 -6.8639062e-02
  7.3874134e-01
  1.1983932e+00
  5.9867221e-01
 -4.0394339e-01
  9.2257982e-01
  7.2308362e-01
 -2.4471809e-01
  3.1754306e-01
  4.4793928e-01
  7.9242462e-01
 -1.0678655e+00
  1.1439189e+00
 -9.3967485e-01
 -8.4877163e-01
  5.3726804e-01
  2.5547206e-02
  1.2889545e-01
 -1.6336085e-02
  8.5528511e-01
  8.1162351e-01
 -6.8039513e-01
 -1.9665697e-01
 -2.7971897e-01
  6.6950655e-01
 -6.1717969e-01
 -3.7270403e-01
 -1.4855625e-02
 -5.5739623e-01
 -5.3568447e-01
  4.9176622e-02
 -2.2531936e-01
 -4.0766171e-01
  3.9417773e-02
  8.5753296e-03
 -5.3520070e-04
  4.1163310e-02
  2.3591310e-02
 -1.1137091e-01
  6.6536278e-02
 -3.2130048e-02
 -2.7957374e-02
 -2.7482435e-02
  4.0708356e-02
 -6.8531670e-02
  1.4466202e-01
  1.0905138e-01
  2.2307567e-01
 -1.2769346e-01
 -4.8687556e-01
 -8.5232109e-02
 -1.8171990e-02
  1.4117505e-01
 -5.6957209e-01
  3.0503684e-01
 -7.2003907e-01
 -9.7044699e-02
  4.1906196e-01
 -3.8808289e-01
  3.2983524e-01
  3.3167046e-02
 -3.4773037e-02
 -3.3883640e-01
  1.5573235e-01
  4.5862667e-02
  2.1112360e-02
 -5.8426812e-02
  8.9992933e-02
  2.5321114e-01
 -1.8177707e-01
 -1.6687782e-02
  1.7591892e-04
 -2.6712228e-02
 -4.3734502e-02
  1.7343156e-01
 -6.3743040e-02
 -2.9323709e-01
 -1.5303035e-01
  2.4157804e-01
 -4.4864889e-02
 -6.3779734e-02
 -5.2368399e-03
 -1.9684081e-01
  1.0127013e-01
  1.3066013e-01
 -1.6973222e-02
  8.1067318e-03
  3.6120411e-02
 -1.3505724e-01
  3.4210742e-02
  1.2222981e-02
  1.1067010e-01
 -1.7574826e-02
 -5.5629294e-02
  1.1564389e-02
 -6.5096214e-02
  5.4315172e-02
  1.3726819e-02
  2.9494479e-02
  4.9011946e-02
 -2.0800263e-02
  3.9409459e-02
  3.8773462e-02
  5.9719272e-02
 -2.5048880e-02
 -1.2229940e-02
  8.2727775e-02
 -7.5173085e-03
 -1.9633178e-02
 -6.4345628e-02
  4.3260567e-02
 -2.9647358e-02
  2.0153698e-02
  2.5493648e-02
 -2.8315494e-03
 -8.6730355e-03
  2.5495775e-02
  5.9931586e-04
 -5.5671418e-03
 -1.0378836e-03
 -5.9225488e-02
 -4.4649118e-03
 -4.0864237e-02
 -4.7885682e-02
  2.1718139e-02
 -1.9579054e+00
  1.5389186e-02
 -1.1587562e-01
 -3.0780906e-02
  6.2797224e-04
  3.1267084e-02
 -3.0465508e-01
  4.5492180e-02
  1.0948847e-02
  1.7933528e-01
  1.8660726e-02
 -7.3040485e-02
  3.2931253e-02
 -1.0995237e-02
  5.9001436e-03
 -2.1437104e-03
 -2.3686869e-02
 -3.2642569e-02
 -1.5631016e-02
 -4.1017100e-01
 -2.0941544e-02
  1.1555646e-02
 -7.9238527e-03
 -4.1839071e-02
 -2.3981392e-02
  1.6768682e-03
 -1.1233841e-02
 -2.8715907e-02
  2.6464041e-02
  1.7413516e-02
 -7.6463096e-02
 -4.7812745e-02
 -4.0926874e-02
 -2.8884228e-02
  3.2718247e-03
  6.9892004e-02
  3.3973265e-02
  2.7298804e-02
  1.2438139e-02
  6.2715873e-02
 -4.2735543e-02
 -4.2167804e-03
 -1.8029414e-02
 -1.7200697e-02
  4.3269083e-02
  9.6477121e-02
 -1.1169974e-02
  1.1941668e-02
 -1.2408622e-01
 -5.7506341e-02
 -1.5407011e-02
 -7.0071077e-01
  7.3553562e-02
  6.5503284e-02
  4.1941267e-02
 -4.7710631e-02
 -1.7628521e-03
  5.9672343e-03
 -2.7743634e-02
 -3.5974763e-02
 -9.6003357e-03
  7.5337989e-04
  2.3608914e-02
 -8.6976569e-03
 -6.5731839e-03
  7.5899166e-01
 -2.3059817e-01
 -7.5432984e-03
 -1.4573902e-02
  1.1774473e-01
  4.0048052e-02
 -1.5527615e-01
  5.3195406e-02
 -1.9016156e-02
  3.1126328e-03
 -1.7965321e-01
  6.4905104e-03
 -7.6378584e-03
  4.9832545e-02
 -1.1860915e-02
 -9.0284664e-03
 -8.2621671e-02
  7.3146425e-02
  2.6479105e-02
 -2.9406638e-03
  3.6667448e-02
 -6.6451319e-02
  2.0110479e-02
 -1.8985026e-02
 -1.8451449e-02
 -1.8730903e-02
 -3.8283817e-02
 -1.8556319e-01
 -9.7575933e-03
  6.1840352e-02
  3.8646844e-03
  6.0254490e-01
 -1.1832755e-01
 -1.0074006e-02
  6.0470939e-02
 -6.6388166e-05
 -3.0524513e-02
 -4.3367807e-02
 -7.1693316e-02
  5.0028507e-03
 -5.1017184e-02
 -1.8212993e-02
 -3.1109761e-02
 -6.1576251e-02
 -4.4255741e-02
  3.7466858e-02
  7.3107854e-02
 -2.1284381e-02
 -5.3183623e-02
  1.3443951e-02
  2.1480199e-02
 -1.0774702e-02
  7.6782033e-03
  3.4313075e-02
  1.5622625e-02
  8.0029164e-03
  6.8005403e-03
 -1.1780046e-02
  2.5329005e-02
 -5.8236338e-02
  1.6635923e-02
 -2.8481087e-02
  6.0324115e-04
 -7.0290349e-02
 -1.0376783e-01
  3.8740396e-02
 -3.6556892e-02
  2.4566319e-02
 -2.4069987e-02
  4.4797864e-02
 -1.1128154e-02
 -6.1371252e-02
  1.2765275e-02
 -5.3222705e-02
 -5.6810630e-04
 -1.0246292e-01
  3.7807439e-02
  1.1560131e-02
 -7.3579356e-02
  2.1833435e-02
 -3.6418281e-02
 -1.8972008e-01
  1.8400297e-02
 -2.5850818e-02
  2.7393419e-03
  5.1242240e-02
 -4.9633872e-02
 -2.6874918e-02
  3.9767120e-03
  1.1336599e-02
  6.3430103e-03
  3.4404434e-02
 -1.6457511e-02
 -1.0177143e-01
 -1.3318345e-02
  1.1284025e-03
  8.9193307e-02
 -6.9801658e-02
 -1.5656525e-02
 -2.7650234e-01
  1.2427238e-03
  2.0685052e-02
 -5.4644234e-02
  7.1982536e-03
  9.5473399e-04
 -1.0497029e-02
 -3.9594740e-02
  1.5261501e-02
  3.8723239e-01
  4.5391470e-02
  8.2329651e-03
 -6.2633865e-02
  2.8756089e-03
  9.1999685e-03
 -5.2575460e-03
 -2.1207966e-03
  4.4661788e-03
 -6.0592238e-03
 -1.4435222e+00
  1.0363394e-02
 -3.5372223e-03
  2.9183542e-02
 -5.1581021e-02
 -3.5392120e-02
  1.5297499e-02
 -1.6693149e-02
  1.5035716e-01
  6.3420579e-02
  3.6817212e-02
  9.8206894e-03
 -8.5429708e-04
  4.5050429e-03
  6.7153852e-04
  6.2579508e-03
 -4.6820503e-02
  6.2454566e-02
 -2.0498836e-02
  6.1544320e-03
  3.6654040e-02
  8.5370941e-03
 -1.8958816e-02
 -8.8797309e-02
 -6.8009710e-01
 -2.9253636e-02
 -3.5841584e-02
  2.0844510e-02
 -6.0042068e-02
 -1.1308067e-02
  9.9648191e-03
 -5.0377306e-03
  2.3204509e-02
 -2.2689432e-02
  4.0311981e-02
  8.9400820e-02
 -4.8131734e-02
 -2.4357660e-02
 -2.1126349e-02
  2.8998521e-03
  4.4509608e-02
 -1.4976296e-01
 -1.3744957e+00
  5.8902204e-01
 -1.0969999e-01
 -1.4326549e-01
 -8.2723778e-01
 -4.3627147e-02
 -5.3193057e-01
 -5.4906387e-02
  7.7854598e-01
  1.3329443e-01
  2.0774542e-01
 -8.5975337e-01
 -7.0205957e-02
  2.0425211e-01
 -1.6557127e-01
 -2.4006951e-01
  1.4955983e-01
  1.7726919e-02
  7.3694028e-02
 -1.7935720e-01
  3.2893416e-02
  1.1372099e-01
  7.1458012e-01
  1.2287476e-01
  2.2035975e-02
  1.1466834e-01
  1.4298914e-01
  4.8878282e-02
 -3.5571355e-02
  3.0157632e-01
  6.8206139e-02
 -1.0555033e-01
  8.4947094e-02
  8.0105975e-02
  5.8498234e-02
 -1.8944237e-02
  8.7351482e-03
  6.5373573e-03
 -3.0329050e-03
 -2.3113031e-02
  4.1681856e-02
 -1.7343469e-02
  2.8079463e-02
  1.6607998e-02
 -2.0930644e-02
  5.9804562e-03
 -1.3784890e-02
  1.8385213e-02
  9.5259398e-02
 -7.0632994e-02
  4.8488289e-02
 -3.3171445e-02
 -3.6556955e-02
 -3.7125535e-02
 -4.1024708e-03
  1.7086362e-02
 -9.6778730e-03
  3.2345623e-02
 -3.8350709e-03
 -3.8803648e-04
  1.4548598e-02
 -1.0931636e+00
  4.3233637e-02
  1.8301744e-02
  4.5629419e-02
 -7.6001058e-03
 -2.6306342e-02
 -1.2306343e-02
  7.1808755e-02
 -1.2590660e-02
 -5.0752927e-02
 -2.5514469e-02
  1.2369972e-02
  3.0246507e-03
  1.6114218e-02
 -2.4996372e-02
  9.2943236e-03
  1.5897164e-02
  5.7181660e-02
  3.3190627e-02
 -2.4400039e-02
 -3.3742491e-02
  9.7361235e-03
 -6.3243546e-03
 -1.6618986e-03
  5.6312390e-02
  1.4155358e-04
  9.6231528e-02
  8.5381560e-02
 -2.3185782e-02
  4.5612838e-02
  7.0181009e-03
 -1.5752662e-02
 -5.9369234e-03
  2.9441979e-02
 -2.6328685e-03
  6.6124007e-02
 -4.8188552e-02
 -7.8476630e-02
  6.0522425e-01
  2.8994179e-03
  6.2755528e-03
 -3.7520654e-02
  6.6572271e-02
 -1.1662319e-02
 -5.7710535e-03
  6.5002101e-03
 -2.3840070e-02
 -2.4621250e-02
 -1.0500334e-02
  4.3052148e-02
  6.7296550e-02
  1.2792453e-02
  9.1756415e-03
 -8.7046912e-03
 -5.4433839e-03
 -8.1626484e-03
 -2.2584062e-02
  1.5156492e-02
 -2.0267898e-03
 -1.4314043e-02
 -1.9741947e-02
  3.2969128e-02
  3.3136770e-01
 -1.3718227e-01
 -1.4292454e-02
  1.4484352e-02
  1.7684797e-02
 -3.8457014e-02
  1.7981533e-02
  1.2622556e-02
  2.7850515e-01
  4.6412069e-02
  2.8770738e-03
 -2.9027957e-01
  1.0882398e-01
  8.4811784e-03
 -1.1878620e-02
  5.2872691e-03
 -8.7659564e-03
  1.4787351e-02
 -1.8315693e-02
 -3.8114052e-02
  2.0759784e-02
 -1.2349593e-02
  1.9381674e-02
 -3.6477223e-03
  2.6620895e-02
  2.6583893e-02
  3.5969771e-02
 -5.0974619e-02
  1.8208189e-02
  2.1354320e-02
 -8.1704967e-02
 -9.4216829e-03
 -6.9723469e-03
  4.5677936e-03
  6.9902721e-03
  6.0517606e-03
 -1.0844809e-02
 -2.5376536e-02
  2.6207974e-02
  2.1656036e-02
 -3.7583245e-03
  9.3935002e-03
  5.4208368e-02
 -1.6380500e-02
 -1.0311257e-02
 -5.3821597e-03
  3.6875904e-04
  6.3208188e-03
 -2.1120238e-01
  5.5927571e-02
  2.5049154e-02
  2.9364654e-01
  7.0164359e-01
 -3.5185557e-02
  2.3067999e-01
 -2.8856045e-01
 -6.9330102e-01
  6.8237019e-01
 -1.1551260e-02
 -2.2603545e-02
 -2.4531682e-01
  2.6178569e-01
  2.7495679e-02
 -1.0671156e-02
 -1.6061117e-01
  8.5428946e-02
  3.6945206e-01
  3.0673897e-02
 -3.5790633e-02
  2.5223103e-01
  1.2502125e-02
  8.9388303e-02
  2.2187072e-01
  7.5026549e-02
 -2.6222208e-01
 -5.8773831e-02
 -4.8184879e-02
 -2.1329245e-02
 -3.6045632e-01
 -2.2432527e-01
  1.0646052e-01
  2.7765941e-02
 -8.1881275e-03
 -3.3232477e-01
  2.4798453e-02
 -1.9062911e-01
  1.6652125e-01
  2.2696432e-02
  7.7563697e-03
  2.7806301e-02
 -7.8884624e-03
  5.2587006e-02
 -2.8233661e-03
  6.6535436e-03
 -5.4812528e-02
  7.0439684e-01
 -4.5905790e-01
 -2.0801523e-01
 -1.5336570e-01
  1.2781938e+00
 -3.8079556e-02
 -4.9255851e-01
  2.6843449e-01
 -3.7599364e-01
  3.5045108e-01
  5.2978384e-01
 -2.5728056e-01
 -3.7885049e-01
 -1.1653722e-02
  2.4805118e-01
 -3.1510245e-02
  1.3385709e-01
 -1.7087537e-01
 -4.1916452e-02
  5.1764376e-02
  7.7681266e-02
 -2.8166473e-01
  8.3836921e-02
  1.4752744e-01
  1.5504751e-01
 -2.9549733e-01
  1.1755402e-01
  1.1748324e-01
  8.7552719e-02
 -9.2005976e-02
 -6.2085111e-03
  1.3279946e-02
 -2.6679480e-01
 -9.3106359e-02
  6.9199808e-02
  7.0640622e-03
 -3.4274489e-02
 -1.1392880e-02
  4.1175857e-01
  3.9389543e-02
 -1.6646381e-02
  1.5886500e-02
  8.4468741e-03
 -1.0208408e-02
  2.3138158e-01
  3.6297622e-01
  3.7909266e-01
  2.9385629e-01
  1.3808480e-02
 -3.6048210e-01
 -7.1452193e-02
 -6.4273900e-04
 -1.2793814e-01
  7.2854793e-01
  3.5003704e-01
 -5.6100868e-02
 -3.2763854e-02
  4.0817761e-01
  3.3141470e-01
 -1.3239188e-01
  1.3387930e-01
 -1.9508637e-02
 -1.5028541e-01
  6.9443718e-02
 -3.7363544e-01
 -8.8254865e-03
  1.5738471e-03
 -1.7161016e-01
  3.4017873e-01
 -3.9208394e-01
  3.2774907e-02
  5.7559796e-02
  4.6860245e-01
 -1.5135842e-02
 -3.7731373e-01
  1.2312759e-02
 -8.5466184e-02
 -5.8083534e-02
  6.5218642e-02
 -7.3786303e-02
 -1.3159397e-01
  4.6734728e-02
 -3.7800226e-02
 -9.9967998e-03
 -3.1040562e-04
  1.0831903e-02
 -2.0048114e-02
  7.3783055e-02
 -6.1303925e-02
 -2.9887246e-02
  3.9208248e-02
  1.0133855e-02
  1.5317182e-02
 -6.1089441e-02
  2.9994531e-02
  1.2817323e-01
  1.2027176e-01
 -3.0529525e-02
  3.4365110e-02
 -1.6479045e-02
 -1.6423842e-02
  1.3120095e-01
  6.5014593e-02
 -1.1038914e-02
  5.2413112e-04
  2.6159089e-02
  7.9736169e-03
 -1.0898570e-02
  8.0184964e-03
  1.3646876e-02
 -3.3135161e-02
 -1.8688031e-02
 -1.2102073e-02
 -6.5668523e-03
  1.6484996e-02
  4.3243762e-02
  3.3752632e-01
 -8.1790320e-04
  3.3937702e-03
 -9.1942027e-04
  5.9920501e-02
 -3.3787568e-04
  7.1478016e-03
  7.9270909e-03
  1.3388977e-02
 -1.9934298e-02
 -1.2230900e-02
  5.7039754e-03
  2.2286983e-02
 -2.7339388e-02
 -8.7588821e-03
  8.3810603e-03
  6.2910840e-04
 -2.8843665e-04
 -5.3799845e-02
 -7.1944557e-03
  3.5072397e-02
  4.0793892e-02
 -4.1392557e-02
 -2.1295991e-02
 -3.6379763e-01
 -6.7735843e-02
  1.9710368e-02
 -5.0262120e-03
  2.5429400e-03
 -6.5165125e-02
 -4.4573855e-02
 -1.4103096e-02
 -1.7878359e-02
 -4.4730082e-02
 -3.1213235e-02
 -6.7560207e-03
  4.2895947e-02
 -6.5200021e-03
 -1.6464062e-02
 -4.9237985e-02
 -3.3016566e-02
 -6.0955342e-03
  1.1219788e-01
 -9.3442099e-03
  1.7357867e-02
 -1.6179632e-02
  7.8789085e-02
  2.7725857e-02
 -1.2762947e-01
 -3.4932438e-02
 -1.8014085e-02
 -1.0283198e-02
 -3.6529895e-02
  9.6909245e-03
 -2.6361406e-02
 -2.7877964e-02
 -4.0745031e-02
  3.4327362e-02
  9.5262881e-03
  3.7033223e-02
 -1.1539500e-01
 -1.9613360e-01
 -2.5398791e-02
 -1.0393805e-01
 -9.0947032e-01
 -9.8535009e-03
  1.6339259e-01
  8.1925407e-02
 -5.8212681e-03
  4.5716941e-01
  9.9594402e-04
  3.0836171e-01
  1.7353719e-02
  3.9675611e-01
  7.9932630e-01
  9.2269666e-02
 -5.5340767e-01
  2.0099288e-01
  3.8419211e-01
  4.4021226e-02
  1.1855716e-02
 -4.7031250e-02
  5.1972471e-02
 -5.6656361e-02
 -1.2464555e-01
  2.7965769e-02
  3.0462590e-01
  3.0358307e-02
 -6.0368365e-01
  1.1762904e-01
 -3.3771795e-01
 -1.2547104e-01
  1.9619842e-01
  1.4171523e-01
 -5.3143222e-02
  1.7122440e-02
  2.1341580e-01
 -4.3967783e-02
  5.5648368e-03
  2.1640398e-02
  5.7452671e-02
  5.1659588e-02
  1.9638000e-02
 -2.2245245e-02
 -2.0708669e-02
 -1.3456057e-02
  2.4542877e-02
 -4.8546862e-02
 -1.6269656e-01
 -9.5640067e-03
 -1.1653116e-01
 -2.4999224e-02
  4.4878662e-02
  3.0883465e-02
 -3.4512989e-02
  2.8478893e-02
  3.6660679e-02
 -2.5520969e-02
 -8.8726333e-04
  2.1302316e-02
  1.4138592e-02
 -5.2530691e-04
 -1.6991921e-02
  7.2895251e-02
  6.5763988e-02
 -1.7393202e-02
 -2.3379242e-02
  5.1747169e-04
 -2.9575601e-02
  1.9619392e-02
  2.1356966e-02
 -2.4012644e-03
 -4.7698665e-02
 -1.2933655e-02
 -3.0594910e-02
 -3.8811027e-03
  6.0947335e-01
 -1.2038859e-02
 -1.5549645e-01
 -1.4193835e-02
  1.1365671e-02
 -5.6263385e-03
 -4.1509423e-02
  9.7611761e-03
 -1.1599503e-02
  6.5094993e-02
 -1.1502299e-02
 -1.3621917e-01
  1.0699070e-01
  3.2912549e-02
 -7.3310137e-02
  2.6148688e-02
  5.8917952e-01
 -5.8213219e-02
 -5.4151368e-01
 -3.5060547e-02
  2.1381819e-01
  1.7216344e-01
 -6.8014963e-03
  2.3552414e-02
  4.1698407e-02
 -1.8184103e-02
 -1.1263750e-02
  6.2489185e-02
  1.1093048e-02
  1.1484941e-02
  3.6474124e-02
 -1.3583353e-02
  7.1158865e-03
 -1.0145222e-01
 -3.1851909e-01
  2.6384406e-02
 -3.6262680e-02
 -4.6667624e-03
 -7.1059149e-03
 -6.7311274e-03
 -3.4047518e-02
  2.8775143e-03
 -2.4687493e-02
 -7.2403587e-03
  7.3018536e-02
  1.2398878e-02
 -5.0412837e-02
  1.5049752e-02
 -6.5291241e-02
  1.4131559e-01
 -7.1867362e-02
 -1.4664153e-02
  2.5764704e-02
  1.2458505e-02
 -1.6398542e-02
  3.7069101e-02
  6.3959099e-02
 -1.7752290e-02
  1.6577084e-02
  2.3618171e-01
 -1.2673241e-02
  3.2435331e-02
  5.9835995e-03
 -8.9333048e-03
  9.6578803e-03
  3.5208701e-03
  7.3170252e-02
 -4.4372227e-02
 -2.7329672e-02
 -4.5547679e-02
 -1.3564891e-01
  1.2176067e-01
  2.2923643e-02
 -3.6544144e-02
  4.3841079e-02
 -3.5107873e-02
  1.2327294e-01
 -6.1217539e-02
 -9.9766888e-03
 -2.4849596e-03
 -2.8424598e-02
  2.4284881e-02
  2.0951077e-02
 -9.6095186e-03
 -7.4638152e-01
  9.7584743e-03
  2.3864512e-04
  4.7726341e-02
 -6.7065313e-02
 -5.5997927e-02
  7.8759314e-03
  2.7346411e-03
 -3.5058651e-03
 -1.2401849e-02
 -1.1080489e-01
 -2.1749130e-02
 -5.1984403e-02
 -4.5724958e-04
  3.0832051e-03
  1.8229572e-01
 -5.3557921e-02
 -1.9594636e-02
 -4.3667480e-01
  1.8308295e-01
 -4.6269816e-01
  1.6218846e-01
 -4.5263764e-01
  2.9162687e-01
  2.0560712e-02
  3.4945589e-01
 -3.2863003e-01
  3.5410296e-02
 -1.8991044e-02
  2.8298351e-01
 -1.9919118e-02
 -4.0388452e-03
 -1.6229607e-01
  6.4786643e-02
  8.0751985e-02
 -1.7606695e-01
 -6.5037802e-02
  3.1343617e-02
  9.3895577e-02
  8.9786834e-01
  1.6230317e-02
  4.3473914e-02
  2.2346798e-01
 -4.5860212e-04
 -2.1589802e-01
 -9.1581587e-03
  4.9674589e-02
  7.9212524e-03
  3.5117008e-02
  4.0663030e-02
 -3.8078427e-02
  1.6349401e-02
  4.9159452e-02
 -2.1336541e-02
  2.9148560e-02
 -4.5666348e-02
 -2.9065670e-03
  5.5148676e-03
  2.1694495e-01
  1.8541098e-03
 -1.6424173e-02
 -2.5229122e-02
 -2.7453680e-02
 -1.7318869e-01
  2.0706630e-03
  3.6854543e-02
  2.1064691e-01
  9.0053335e-02
  1.9062052e-02
  4.0436881e-03
 -4.0003523e-02
 -4.6498002e-03
 -6.7973770e-02
  1.6201884e-02
  1.4053494e-01
 -1.0228568e-02
  3.7194069e-02
  2.4638798e-02
 -1.6547425e-02
 -4.8393339e-02
  1.3186917e-02
  6.1992235e-02
 -1.0931364e-02
 -6.7558852e-03
 -1.5196170e-02
 -6.7271315e-02
 -7.5090555e-03
  5.4387543e-03
 -3.1997256e-02
  6.7615048e-03
 -1.4303701e-02
  3.7261914e-02
 -5.2143134e-02
 -3.1078067e-02
  2.2244155e-02
 -1.5831621e-02
  4.9763512e-02
 -5.1834181e-02
  4.4150181e-02
 -1.7258660e+00
  8.4348479e-03
  5.8222733e-02
  1.8853122e-02
  1.7137243e-03
 -7.2371662e-01
 -1.3332515e+00
  2.0351249e-01
 -7.5871825e-02
 -8.4575135e-01
  5.8119589e-01
 -2.6243350e-01
 -1.0457673e-01
  4.0888730e-02
  4.7968960e-01
 -8.7163076e-03
  1.7374128e-02
 -1.0893513e-03
  1.3512105e-01
 -1.1458006e-03
 -2.7106193e-01
 -2.2656923e-02
  7.4410625e-02
 -5.5552263e-02
  2.5642287e-02
 -6.8614386e-02
 -4.6994546e-03
 -5.1348902e-02
 -2.6586182e-02
 -1.8476453e-02
 -4.2451803e-02
  1.1376720e-02
  2.0395398e-02
  4.5639217e-02
 -5.5042142e-01
  4.4396829e-02
 -5.9482944e-01
  5.3683403e-03
  3.3845223e-02
  7.1721743e-03
 -1.4413680e-02
  2.9940607e-03
  2.7068378e-02
  4.5233172e-01
 -7.2141280e-03
  2.9458711e-02
  7.5197302e-02
 -5.9823211e-02
  2.0951519e-02
 -3.8836417e-01
  1.3099764e-01
  4.2843524e-01
 -1.3902538e+00
  2.9457305e-03
  4.9324813e-01
  4.8049787e-01
  4.7441590e-01
  1.0420482e+00
 -8.2507330e-01
 -8.0148317e-02
 -4.9553987e-01
 -1.5523082e-01
 -8.3799772e-02
 -4.3094963e-01
 -3.9368726e-02
  6.6746426e-01
 -6.7669183e-01
 -1.9162285e-01
 -1.0501618e+00
  1.1367974e-01
 -4.6502036e-01
 -2.8824043e-01
  3.6769173e-01
 -8.5153425e-01
  1.2399791e-02
 -4.2667961e-01
 -8.0249733e-01
  4.2291883e-02
 -1.6564773e-02
  9.3761671e-01
 -5.6734681e-01
 -1.7174847e-02
 -6.4235419e-02
  1.2308422e-03
 -7.6030940e-02
 -1.2990221e-01
 -1.5833447e-02
  1.1645686e-02
  1.8981983e-01
  2.3339218e-02
  1.5156347e-02
 -8.7194741e-02
 -1.5542738e-02
 -5.2750339e-03
 -9.6915169e-03
 -2.7872148e-01
 -3.8790103e-02
 -2.0612094e-01
  2.3522861e-01
  2.0581973e-01
  2.1531144e-03
 -1.1328550e-01
 -3.8454011e-02
 -5.8733998e-03
 -6.6087790e-02
 -2.8497744e-02
 -1.4727529e-02
  1.7843792e-01
  4.0087022e-02
  2.4537732e-01
 -4.4796807e-03
  5.6983605e-02
 -7.7279392e-03
  6.5488741e-03
  2.1265590e-01
  7.3242687e-02
 -8.0371864e-02
  1.0358860e-01
 -2.6520081e-03
 -3.3538290e-03
 -1.2786840e-01
 -3.6623903e-02
 -1.1571261e-02
 -3.8881365e-02
 -4.7319390e-02
  6.3799903e-02
 -7.7119544e-03
  1.5406403e-01
 -9.0508126e-03
 -6.8584122e-03
 -2.9427167e-02
 -6.6675725e-03
 -4.5370407e-02
 -5.2635640e-02
 -9.6552689e-03
 -1.2145802e-01
  1.0495272e-02
 -1.8090361e-01
 -7.9646313e-01
  5.0350857e-01
 -7.9579026e-02
 -2.4035069e-01
 -8.0398507e-02
  2.3347859e-01
  5.6429386e-02
  3.1486562e-01
  1.9230756e-01
  1.4892052e-01
 -3.2200985e-02
  7.1317427e-02
  3.1420097e-02
  1.4153568e-01
  3.6849822e-03
 -2.5836897e-01
 -2.7260216e-02
 -9.3560643e-02
  1.4573441e-01
 -8.7144515e-03
  1.2297437e-01
 -2.2620499e-02
  6.9330260e-03
 -8.2077548e-02
  2.0398635e-03
  2.0869993e-02
  6.5254346e-02
  1.6120520e-01
 -4.6952711e-03
  7.1765199e-02
 -6.5233856e-02
 -3.7424196e-02
  2.7363985e-03
 -2.4735499e-02
 -1.1094141e-01
 -7.5195000e-02
 -7.9464234e-02
  7.1867421e-02
 -1.8963614e-02
 -1.2776179e-03
  4.1962083e-02
  7.7519118e-04
  1.0619526e-01
  6.2575698e-02
  8.8093519e-02
 -2.3384079e-02
 -4.1102275e-01
  3.2155856e-04
 -1.3650225e-03
  6.7734392e-03
 -2.2880234e-02
  1.5914290e-01
  9.8866142e-02
 -2.1256179e-02
  3.2594226e-02
 -1.4241150e-03
 -3.0440301e-01
 -3.2460452e-03
 -3.8232990e-02
  1.9097459e-02
  2.0634785e-02
  4.7640070e-02
  3.5249818e-02
  4.5161456e-02
  3.4736644e-02
  1.1407155e-02
  5.2596267e-02
 -1.5201585e-01
 -6.5594353e-02
  2.2254217e-01
 -2.9003160e-02
  4.9142346e-02
 -3.5859416e-03
  1.1873795e-02
  1.3025275e-01
 -1.6427759e-02
 -3.8073747e-03
 -2.4519470e-03
 -5.4629054e-05
  5.5998228e-02
  4.1303702e-02
 -2.0586313e-03
  2.4858613e-02
  1.3246702e-01
  7.3332012e-02
  2.3451341e-02
  1.0995969e-02
 -3.4104582e-02
 -5.1004767e-02
 -5.2991502e-02
 -5.1490035e-02
  1.9782986e-02
 -1.8164666e-02
 -1.8918937e-01
  2.9887819e-01
  2.3393914e-02
 -8.7993093e-02
  3.5941459e-02
 -1.8818472e-02
  2.4928136e-02
  5.0431015e-03
  3.1783981e-03
 -3.6908541e-02
 -2.3303693e-03
  1.6682442e-02
 -6.4700387e-02
 -7.1236053e-03
 -2.8151067e-02
  4.7362555e-02
  7.2030649e-02
  1.1493541e-01
  4.6396539e-02
 -1.3115630e-02
 -1.3933309e-02
 -1.2236685e-02
 -3.8413014e-02
  1.1391139e-01
 -3.4048096e-03
 -2.9543675e-02
 -1.1887357e-02
  1.3572800e-02
 -4.9980592e-02
  1.2474754e-02
 -7.1755424e-03
 -6.0232155e-02
 -2.0495804e-02
  6.5572791e-02
  3.1046409e-02
  3.1641800e-02
 -7.5243905e-02
  2.3102630e-02
  1.9291759e-02
  8.8759743e-02
  1.9462276e-02
 -4.2566001e-02
  1.2853770e-02
 -5.1739715e-02
  2.2250584e-03
  5.0835941e-02
 -4.4643611e-02
 -2.8122532e-01
 -7.6598123e-02
  1.0790375e-01
 -6.3742208e-03
 -1.1546186e-01
 -1.9366894e-02
 -6.5599486e-02
 -8.4060811e-02
  7.6191225e-03
  1.3783319e-02
 -1.1161469e-02
  1.0698581e-01
 -1.0105267e-02
  1.2599651e-02
 -3.3529349e-02
 -1.9510701e-02
  2.6474137e-02
  1.7739247e-01
 -4.9820025e-03
 -4.5485370e-02
  3.2604206e-02
  1.5507927e-02
  4.6770021e-02
  2.2292525e-02
  5.3132653e-02
  5.4196245e-03
 -1.2826920e-03
  7.6157367e-03
  3.9680988e-02
 -6.0776910e-03
 -1.7575521e-02
 -3.4311466e-02
 -3.8463138e-02
 -1.1897322e-01
  3.7556421e-02
 -5.7383057e-02
  3.8853940e-02
 -3.1948555e-02
 -2.8685257e-01
  2.2178118e-01
 -5.5745667e-01
  3.3033490e-02
 -5.3199690e-02
 -1.9752067e-01
 -1.9068100e-01
 -2.3810555e-01
 -1.5943935e-02
 -2.9287029e-02
 -5.4154754e-01
  5.7106689e-02
 -4.7798780e-01
 -8.6074919e-02
  1.6812012e-01
 -7.9218411e-01
  1.6433117e-01
  1.2383727e-02
 -1.4388174e-02
 -6.5286243e-01
  8.3280420e-03
 -1.0303923e-01
 -1.0421844e-01
 -1.4591053e-01
 -1.9980401e-01
  4.2636192e-01
 -3.6659978e-02
 -1.2303843e-01
 -1.1050326e-01
  9.3230950e-03
  2.5217119e-01
  1.4467974e-03
 -1.8408836e-01
 -5.0436550e-01
  9.8668272e-03
  6.2594615e-02
  9.0073742e-02
 -1.0717997e-01
 -3.0256260e-02
 -1.1636381e-01
  3.2915361e-02
  5.6050066e-02
 -9.8808572e-02
 -4.3442361e-02
  4.1141052e-02
  1.3527641e+00
  3.0768991e-01
 -7.2384164e-02
  3.0104664e-01
  1.3318360e-02
 -4.2642988e-02
 -2.1029282e-03
 -7.6532446e-02
 -6.2852382e-04
 -1.2252044e-01
 -1.0380793e-01
 -1.9801338e-03
 -4.1339062e-02
  6.7126989e-02
  6.9023371e-02
  1.9186664e-02
  6.3207857e-02
 -3.9928921e-02
 -7.1092866e-02
  6.5378539e-02
  6.9147289e-02
 -4.2452179e-02
 -4.6912273e-03
  9.7770698e-02
  2.4566408e-02
 -4.0143862e-02
 -8.7740291e-03
 -1.8969528e-02
 -1.3920511e-01
 -1.6625870e-02
  5.0303161e-02
 -1.5627395e-02
  2.6080053e-02
  6.1510812e-02
 -1.0923997e-01
 -6.1367210e-03
 -1.6451890e-02
 -1.7702453e-02
  1.0699449e-01
  3.7757479e-02
  7.0747033e-02
  1.8671339e-02
  5.5942152e-02
 -8.2178600e-03
  1.1847991e+00
  8.6096719e-02
  2.1211171e-01
 -9.4396044e-03
  1.1642858e-01
 -7.1793050e-02
  4.3862779e-04
 -3.8830563e-02
  3.0593565e-03
 -3.6882810e-02
 -1.9346332e-02
 -4.2503901e-02
  5.8497235e-02
  1.5179182e-02
  4.3794446e-02
 -1.8976767e-02
 -7.7216728e-03
 -1.6368437e-03
  7.1422183e-03
  1.1583003e-03
 -1.1967697e-01
  1.5169844e-03
  1.0471578e-01
 -4.3773919e-02
 -2.7906918e-03
 -2.0157978e-02
  4.0965967e-02
 -1.0171302e-01
  3.8874093e-03
  1.1570519e-01
 -4.3671723e-02
  2.9091626e-02
 -1.5456507e-02
 -3.7654907e-02
 -1.9296116e-01
  3.2912288e-02
  2.2799734e-02
 -2.9756976e-02
  1.2033186e-03
  1.8374249e-02
  1.8466534e-01
  2.1954091e-01
 -6.7686960e-02
  8.7712720e-02
 -7.2962767e-01
  2.9552735e-02
  2.7799833e-01
 -2.3456392e-01
 -2.7324808e-01
 -7.4463344e-01
  9.8107055e-02
  1.4351862e-02
 -3.1762445e-01
  1.1935540e-01
  7.9460301e-02
 -4.2440864e-01
  6.0345197e-01
  2.4592796e-01
  1.5177670e-01
  3.9155596e-01
  3.3128428e-01
 -2.2748390e-03
  6.2782019e-02
 -1.0624769e-01
  6.9340713e-02
 -3.6126599e-02
  2.7639207e-01
 -1.2983909e-01
  8.9093205e-03
 -3.1371720e-02
  6.8923987e-02
 -1.1692889e-02
  1.4975750e-02
 -6.1106365e-02
  8.5386187e-02
  3.6965396e-02
 -1.0116306e-02
  1.0145738e-01
  2.9157128e-02
 -2.1638086e-02
  6.9346656e-03
  4.2165536e-02
  1.0018142e-01
 -5.9925381e-02
  6.8679750e-03
  3.3925608e-02
 -1.4726268e-01
 -1.0337349e-02
 -2.9646629e-04
 -1.7202573e-02
 -5.3156432e-02
 -1.2610285e-03
 -1.8001334e-03
 -7.0048741e-04
  2.9744215e-02
 -1.8651085e-02
  5.5106837e-02
 -4.6568289e-02
  6.1131530e-03
 -5.1731192e-02
 -2.2620533e-02
  2.8846294e-02
  5.5385705e-02
 -8.3025889e-03
 -1.1131717e-02
  6.6907704e-03
  1.2330826e-02
  1.2951851e-02
  3.0511966e-02
  1.4002156e-02
 -2.1486839e-02
  3.9226580e-02
  6.6663519e-02
  8.1485240e-03
 -2.0155713e-02
 -5.4930348e-02
 -5.2187484e-02
  7.5740381e-03
  4.2696733e-02
  1.8673399e-02
  6.5802392e-03
 -6.3838512e-03
 -3.9744452e-03
  6.2929641e-04
  2.2010062e-02
 -6.8962969e-02
  5.6920208e-02
 -5.1394992e-02
  3.5341691e-02
 -3.7354611e-02
 -1.0513692e-01
  1.1205716e-01
  9.1732550e-01
 -1.0998539e-01
 -3.4717908e-03
 -2.1828279e-02
 -1.0308707e-02
  1.4488815e-02
  6.8799625e-03
 -6.6959830e-03
 -8.9463033e-03
 -1.8191466e-02
 -1.6991310e-01
  4.0049046e-02
  3.3783194e-02
 -3.5710532e-02
 -2.4685278e-03
  2.5058254e-03
  6.6183833e-03
 -2.2256624e-02
  3.0439103e-02
  2.8068297e-02
  1.8241242e-02
  7.9545658e-04
 -7.3095880e-02
 -6.4288586e-02
  3.7256382e-02
 -7.5652726e-02
 -1.2752478e-01
  6.0809843e-02
  5.2039396e-02
  9.5799379e-03
  7.1949571e-02
  3.5103455e-02
 -2.6539603e-02
  1.8302321e-02
 -4.9377963e-02
  4.4057900e-03
  1.2372120e-03
 -3.5572622e-02
 -3.4861941e-02
 -6.6919670e-02
  3.7345875e-02
  2.1137478e-02
 -6.1576116e-01
  1.4933184e-01
 -2.9093963e-01
  1.0738865e-01
 -4.7299784e-01
  1.1180310e-01
 -2.3371260e-01
  3.7902853e-01
 -4.0129283e-01
  1.0475660e-01
  2.3321824e-02
  1.1836831e-01
 -3.3414748e-02
  1.1699975e-01
 -2.5989980e-02
  4.1561818e-01
  1.2068745e-01
 -8.8953666e-02
 -7.8231871e-02
  1.3993430e-03
  2.3989041e-01
  7.4766792e-02
 -2.4791406e-01
  5.2471590e-01
  4.7610566e-02
  1.5392465e-03
 -2.2959982e-03
 -2.4043769e-04
 -3.5705958e-02
  8.3449524e-04
 -3.5222564e-02
  2.2905184e-01
 -1.7418103e-01
  2.4682862e-01
  7.1223266e-02
  2.8576083e-02
 -1.6296369e-01
  2.0038627e-02
  2.2160262e-02
  1.3244105e-02
  6.7914329e-02
  2.7909914e-03
 -2.4315132e-02
  4.7418787e-03
  3.6443982e-02
  5.0277371e-02
 -8.8560700e-02
 -2.2499904e-03
 -1.3424769e-01
  2.8535774e-01
 -2.3298513e-03
  1.1323158e-01
 -1.4395842e-02
  6.0700014e-02
  3.0189395e-02
  3.5884287e-02
 -5.6662806e-03
  1.8977696e-01
 -7.0390843e-02
 -1.5123065e-02
  1.1811597e-01
  5.0178669e-02
  2.0358831e-02
 -1.4096662e-01
  4.4291541e-02
 -8.1979021e-02
 -2.1731272e-02
  1.3681723e-01
  1.2957130e-01
  3.4033369e-02
 -2.1192703e-01
 -2.7318450e-02
 -1.0229833e-01
 -1.3437858e-02
  4.2051930e-02
  1.4173815e-01
  3.2899730e-02
  6.6514067e-02
 -6.8969908e-03
 -5.1270902e-02
 -8.5264295e-03
  1.3698819e-02
 -2.9686054e-02
 -3.7873676e-04
  9.2027828e-02
  7.7480102e-01
 -2.9663930e-02
  1.6441245e-02
  1.9201057e-01
  4.6612892e-02
 -8.2179554e-02
 -9.4721382e-03
  7.9883717e-02
 -4.3238983e-02
 -3.4616284e-02
 -2.3794142e-03
  7.9706218e-03
 -4.2881399e-02
 -9.7190719e-03
 -5.7014222e-03
 -1.6482797e-02
  1.0803372e-02
  8.9263961e-02
  2.0783687e-02
  6.1072279e-02
  2.2705315e-02
  2.7682565e-02
  3.9512562e-03
 -1.1127555e-01
 -3.2643080e-01
 -2.5454251e-02
 -2.3499653e-02
 -1.4012806e-02
 -3.7888054e-02
  1.0982486e-03
  9.2304811e-02
  5.3269994e-02
 -4.2025857e-03
 -5.4355273e-03
  1.6326563e-02
 -4.7524653e-02
  4.2422768e-03
 -3.1342320e-02
  3.3517990e-02
  1.2446930e-01
  3.5076268e-02
  5.9688836e-04
 -1.0720261e-02
  2.6158397e-03
  1.4755035e-02
  4.8996694e-02
  5.2790865e-03
 -3.4259118e-02
  2.6810560e-02
  6.1750864e-03
  9.4032325e-02
  6.9689574e-03
 -3.1957358e-02
  1.2673726e-02
 -3.4117430e-02
 -7.0816971e-02
  5.2972876e-02
  2.2424979e-03
 -1.1998931e-02
 -8.4552163e-04
  4.1850939e-02
 -5.0291788e-02
  1.9275811e-02
 -1.3565119e-02
  7.5459912e-02
  9.8327370e-03
  2.2687562e-02
 -3.3183880e-02
  4.9654958e-03
  1.1276871e-03
  5.2687470e-03
  2.0403706e-02
  1.5831450e-02
  5.0414074e-02
  6.1667349e-02
 -6.0151689e-02
 -5.7505555e-02
 -1.9056639e-02
 -5.1448729e-02
 -1.4909000e-02
  5.0274946e-02
 -2.2140637e-02
 -2.9864011e-02
  2.5089413e-02
 -3.1748861e-02
  1.6066941e-02
  3.1412341e-02
  1.0035047e-02
 -1.4064036e-02
 -1.8823074e-02
 -7.6360726e-01
  6.4407535e-02
  3.6169649e-03
  3.2009402e-01
  9.7083107e-02
  5.2375384e-02
 -1.5399266e-02
  1.1508116e-03
 -1.1243196e-01
  1.1758249e-02
 -8.5364521e-02
  9.8796412e-03
 -5.7246583e-04
  1.4914328e-02
  1.5766811e-02
 -5.1132413e-03
 -2.6500579e-03
 -6.2129754e-03
 -2.5463453e-02
  9.1155320e-03
  1.9956950e-02
  1.6668520e-04
  7.5635150e-02
  4.5269173e-02
  1.0769432e-02
 -1.2742603e-03
 -5.0265823e-02
  1.7195715e-02
  5.5224742e-03
 -9.1523845e-03
 -2.3474690e-02
  5.0868411e-03
  7.9741506e-03
 -6.9113486e-02
 -2.3226868e-03
  4.9405731e-04
  1.5185446e-03
 -1.7312700e-02
 -1.0811069e-02
  1.6039740e-02
  2.0520394e-01
  3.4412339e-02
 -5.1497132e-02
  1.3336143e+00
 -1.4419839e+00
  4.6726525e-02
  4.6787113e-01
 -4.6014997e-01
  3.0312497e-02
 -5.9638351e-01
 -7.4951017e-01
 -4.1665468e-02
  6.6733025e-02
 -2.0932857e-02
  1.7388560e-02
 -2.4999423e-01
 -1.2490166e-01
  6.2917941e-03
  1.1727696e-01
 -6.5477770e-03
  1.1254059e-02
 -3.2874182e-02
  2.5734942e-02
  6.4450996e-03
  9.1769829e-02
 -1.1602962e-02
  1.6673911e-02
  1.3409071e-02
  2.2028541e-02
 -5.0995961e-02
  2.3210196e-02
  9.2270300e-02
 -6.1305232e-02
 -1.6254878e-02
  4.5906384e-02
  9.3822032e-03
  1.0957896e-02
 -7.1762674e-02
  1.1740378e-01
  4.9978029e-02
 -1.7229000e-02
 -5.1486194e-02
  3.3419810e-02
  1.3549758e-01
 -4.0459596e-02
  3.5444248e-02
  1.7391402e-02
  4.0650114e-01
 -5.3133535e-01
 -1.4528958e-01
  1.4737688e+00
  7.9499222e-02
  8.8442254e-01
  2.7690974e-01
  7.4560881e-01
 -3.7058458e-01
  3.3700666e-01
 -8.8267058e-01
 -1.3125090e-01
  1.5296272e+00
 -4.4185397e-01
 -2.6864305e-01
  3.2911843e-01
  1.2172828e+00
 -3.5836381e-01
 -9.6343499e-01
  8.7746090e-01
 -2.1877041e-01
 -7.7169085e-01
  8.3668120e-02
  4.4878170e-02
 -4.7132733e-01
 -5.9127420e-01
  1.1417867e+00
 -5.0112271e-01
  1.8486634e-01
 -8.0252685e-02
  2.4800402e-01
 -4.2620650e-01
 -7.0585114e-01
  7.4596453e-01
  4.8327193e-02
  2.7628729e-02
 -2.6601633e-01
  2.7621937e-01
 -2.5124618e-01
  1.6871543e-01
  2.2372104e-01
  4.8912965e-02
 -7.0106469e-02
 -4.2579067e-01
 -6.6902332e-02
 -7.5044958e-03
  1.9873640e-02
 -1.1322940e-02
 -2.5906192e-02
  4.4916406e-02
  2.3283694e-02
 -1.1618226e-02
  2.1176439e-02
 -3.6254209e-02
 -6.4976133e-02
 -6.9929049e-03
 -1.4973819e-02
 -3.4845073e-02
  5.9184406e-02
  1.6657573e-01
  2.1978611e-02
  9.8271482e-02
  8.1463736e-03
  8.3963294e-03
 -1.9935511e-02
  1.0648440e-02
  3.0952939e-03
 -2.8674351e-02
 -2.4974447e-02
 -1.0960502e-02
  8.5826695e-04
 -8.4487945e-03
  8.2827536e-03
  3.6342986e-02
  6.8287365e-05
 -4.3378122e-02
 -2.0644413e-03
  1.0050174e-02
 -9.1112778e-03
  6.6120408e-02
 -8.4394123e-04
 -1.8096745e-03
 -2.2652451e-02
  9.0793129e-03
 -1.0222410e-01
 -8.4650509e-02
  1.3058532e-02
 -1.8624544e-02
 -1.1539893e+00
 -4.8095831e-01
  1.4585273e+00
 -3.2186547e-01
 -5.1040846e-01
  9.8232597e-01
  5.7954091e-01
  5.7503515e-01
  1.1340421e+00
  7.0773494e-01
  5.6741208e-01
 -6.3644803e-01
  1.9306915e-01
 -3.6502600e-01
  1.1412945e+00
 -5.0727499e-01
 -6.5423883e-02
 -2.0096800e-01
 -4.2192158e-01
  1.3058772e+00
 -3.6501369e-01
  9.0857437e-03
  1.5832348e-02
  1.9653354e+00
  1.0282112e+00
 -9.2102580e-02
 -1.8297917e-01
 -2.0161524e-01
  1.1560085e-02
 -6.2150335e-01
  1.5090332e+00
 -5.5204850e-01
 -1.3486578e-01
  8.5594356e-02
  4.7138926e-01
 -2.9109091e-02
 -2.6989618e-01
 -1.0921868e-02
 -2.4747776e-02
  1.0153130e-02
 -2.2761141e-01
 -1.5811840e-01
 -1.0400005e-01
 -3.5963245e-03
 -1.8976331e-02
  3.8649195e-01
  2.2693379e-01
 -8.2659144e-03
  1.2892815e-01
  4.9130827e-02
 -1.5156828e-01
 -1.0516680e-01
 -5.8830716e-04
  1.6026412e-01
  3.9304560e-03
 -1.9162077e-02
  7.4312724e-02
  2.6983656e-02
 -1.6887203e-02
 -3.6497619e-02
 -1.4430435e-01
  4.4714484e-02
 -1.6341997e-02
 -3.1458407e-03
 -5.1636092e-02
  2.3449814e-02
  1.6241129e-03
  5.8623934e-03
 -1.8299441e-03
 -3.3266556e-02
 -9.2920894e-04
  1.7971741e-02
  1.0893062e-02
  1.5342404e-03
 -2.4261437e-03
  5.9896633e-02
  5.1457036e-02
  4.7498360e-02
  7.4301013e-03
  1.5086023e-02
 -6.9125863e-03
  4.8973199e-02
  2.4890114e-02
 -4.0741697e-02
  1.9262174e-01
 -2.6479259e-02
  7.9467651e-03
 -1.4981473e-02
 -3.2996660e-01
 -4.7482131e-04
 -1.0755394e-02
  5.1030703e-02
 -6.0231597e-03
 -3.8749270e-02
  1.3054761e-01
  5.6698229e-02
 -9.3333982e-03
 -2.5267834e-02
 -1.2186345e-02
  2.2328699e-02
 -1.5062605e-02
  8.5888013e-02
  6.8564638e-03
  5.0831906e-02
 -2.3318399e-02
  1.3862340e-01
 -2.8646933e-02
  5.8344021e-02
 -1.4368069e-02
  3.4426242e-02
  3.6817532e-02
  1.9180659e-02
 -3.8660232e-02
  5.7747021e-02
 -2.6175512e-02
  7.6705948e-02
 -6.5532401e-03
  7.5215851e-03
  1.6251044e-02
  5.0688930e-02
  2.9946142e-04
 -1.9975673e-02
 -1.2273976e-02
  2.3650654e-02
  3.3906884e-02
  1.3513356e-02
 -5.2906346e-02
 -8.4502520e-03
  9.6392147e-03
 -5.6705691e-02
  1.5519656e-02
  6.3906252e-02
  4.5963533e-02
 -4.5412276e-02
 -4.3827826e-03
  1.2955111e-02
  1.1873221e-02
 -1.0564904e-01
 -5.8410787e-03
  2.5141329e-02
  2.3239382e-02
 -1.3353512e-02
  2.0349186e-02
 -2.7462654e-03
  4.6387929e-02
  5.3358246e-03
 -1.1740299e-02
  8.1084304e-02
  5.2978878e-04
 -2.0781965e-03
 -1.3348670e-04
  6.9019146e-02
  6.0632890e-03
  8.8248186e-02
  2.0696579e-02
 -2.2226695e-02
  4.7110774e-02
 -1.1633455e-01
  2.5043903e-02
 -6.7007512e-02
 -1.3311989e-02
 -2.7830845e-02
  2.3859598e-02
 -5.9768716e-03
 -4.7750287e-03
  3.5147872e-03
 -1.2939938e-02
 -3.3315144e-02
  1.0315756e-01
 -7.9294480e-04
  1.9345785e-02
  3.7785493e-02
 -1.3304694e-01
  7.7228345e-02
 -6.9615826e-02
  1.4285327e-02
 -5.5969834e-01
 -7.8897256e-01
  2.9841235e-01
  1.4969459e-01
 -7.1141279e-01
  5.3890198e-01
  2.2995067e-01
  1.8849313e-01
  4.6869412e-01
 -3.4979638e-01
  1.5545329e-01
 -1.5531309e-03
 -1.5571701e-02
 -1.5506269e-01
  3.8788247e-01
 -3.7432316e-01
  5.3639561e-02
 -2.9618248e-01
 -3.3000344e-01
  2.2805026e-01
  1.6619116e-01
  3.5963032e-02
 -1.2190570e-01
  5.5357844e-02
 -3.9545160e-02
 -2.4602292e-01
 -4.4813102e-01
 -1.2328811e-02
  2.8535098e-01
 -1.5605444e-01
  2.1578339e-01
  2.7094913e-01
 -2.6661760e-01
  2.4484277e-02
  4.5974113e-02
 -4.2581707e-02
 -3.2525876e-01
 -8.9620709e-02
  2.8754730e-02
  5.2103892e-02
 -4.3845619e-05
  8.8856399e-02
 -7.5656042e-02
 -1.7792145e-02
  1.3252541e+00
 -2.0368323e+00
 -5.1176679e-01
  8.3504274e-02
 -4.0338293e-02
  3.2688994e-02
 -3.3427212e-02
 -1.3723995e-01
  2.5246062e-03
  1.0324690e-01
 -4.7960142e-03
  2.7286666e-03
 -5.0836112e-02
 -1.4462410e-01
 -2.1115303e-01
 -4.5634352e-02
 -2.2041120e-02
 -1.9464849e-02
  2.1061012e-01
  7.6890342e-02
  2.4403941e-02
  3.0981446e-02
  3.5835873e-02
  1.8237326e-02
 -9.7566776e-02
  5.3384197e-01
  6.4206896e-03
  1.0222831e-01
 -4.1583423e-02
  2.0446805e-02
 -1.9258494e-02
 -1.0833043e+00
 -3.6880877e-02
 -8.6160973e-02
  2.1772122e-02
 -4.8345752e-02
 -8.6155154e-02
 -1.9609018e-01
 -4.1023490e-01
 -9.9594127e-03
 -5.7099700e-02
  2.0843835e-01
  2.2181538e-01
 -4.0502796e-01
 -3.5785068e-02
  1.4820249e+00
 -5.8181316e-01
 -2.5428902e-02
  5.3747751e-02
 -1.8702829e-01
  1.8645602e-01
 -3.0630985e-01
 -5.4503644e-01
  4.0032800e-02
 -6.8750968e-03
  7.0298277e-02
 -7.9742908e-02
  5.2349125e-03
  2.1648698e-02
  8.6467546e-01
  5.2505422e-02
  2.5969092e-02
 -9.6500225e-02
  4.1171557e-01
  1.1769260e+00
 -3.7403840e-01
  4.8868876e-02
 -1.1134289e-03
  3.6167988e-01
  3.3430019e-03
  6.6055797e-02
  7.7629149e-02
  2.9473236e-01
 -6.0068592e-02
 -1.5249062e-01
 -3.0946752e-01
 -1.0455316e-01
 -7.0252860e-01
  1.1167486e-01
 -4.4948585e-02
  1.6409380e-02
 -5.2294111e-01
  3.5867977e-01
  1.4675507e-01
  7.4159956e-01
  4.1006047e-02
  8.9307927e-02
  2.8007400e-01
  2.4070917e-01
 -8.9834714e-03
  5.1740808e-03
  5.5487520e-01
  7.2653189e-02
  2.7141829e+00
  2.4292022e-02
 -4.0444756e-01
 -3.9309585e-01
 -9.5428117e-03
  4.6136845e-02
 -4.7549713e-01
  2.4223428e+00
 -4.8004624e-02
  1.0307934e+00
  4.0296081e-01
  1.0814533e+00
  2.3199925e-01
  2.0343797e-01
  2.3596257e-02
  8.2190983e-02
  6.0631949e-01
 -3.1681940e-02
 -8.1801611e-01
 -1.6147920e+00
  1.8400054e-01
 -5.5658396e-02
 -1.3346706e-02
  2.7843168e-01
  5.0851142e-01
  1.7629795e-01
 -1.0152838e+00
  3.6259852e-02
 -3.2623220e-02
 -2.0689557e-01
 -6.0028368e-01
 -9.0476745e-01
 -7.3002899e-01
 -1.5543884e-01
  1.7145184e+00
  7.0722729e-02
 -2.3173767e-01
  4.9359140e-01
  7.6949827e-02
  4.5949879e-01
  5.9569221e-02
  4.1196099e-01
  4.1713744e-01
 -1.9404814e-01
 -3.9692685e-02
 -8.8600002e-02
  5.5139840e-01
 -1.7289160e-01
  9.4739527e-01
  6.3623078e-02
 -3.6918234e-02
  7.3231375e-01
  2.1396565e-01
 -1.9749147e-01
  1.0531578e+00
  2.7938128e+00
 -1.0091766e-01
  2.2450957e-01
  6.8245488e-03
  1.9880009e+00
  5.2374583e-01
  1.1867200e+00
  1.7773628e+00
 -7.2381926e-01
  2.2007009e-01
  1.4421116e-01
  9.5875949e-01
 -2.7732041e-01
  7.7705634e-01
 -9.1368783e-01
  7.7622640e-01
 -4.9001908e-01
  2.2527983e+00
 -2.7900007e-01
  1.0924237e+00
  5.2284479e-02
  3.1561763e+00
  2.1484969e-02
  2.8420317e+00
 -4.1086882e-02
  3.2023621e-01
 -2.4336028e-01
 -1.4741111e+00
 -2.4531351e-01
  1.1370158e+00
  2.9829666e-01
 -6.3900983e-01
 -2.5173771e-01
  1.8460827e+00
  6.0218143e-01
  2.8439875e+00
 -9.8300859e-02
 -9.3137288e-01
  1.2383837e+00
  1.1054011e-01
 -3.3567566e-01
  2.5260708e-01
  3.9057159e-01
 -1.3613316e-03
 -4.4444051e-01
  8.4776545e-01
 -7.9144669e-01
 -1.5038300e-01
  8.1567401e-01
  1.4133252e+00
  2.9597953e-01
  1.5248986e+00
 -1.3989730e+00
  2.8795785e-01
 -2.7658150e-01
  1.3909520e+00
 -4.0238187e-02
 -1.1715844e+00
 -7.1421814e-01
  1.6341319e+00
 -3.0311994e-02
  1.3616104e-01
 -2.9568100e-01
 -1.3692463e-03
 -3.2491863e-02
  7.4560249e-01
  2.9517695e-01
  2.2561876e-01
  1.4300517e+00
  8.9210711e-02
 -8.2115024e-01
 -1.1953520e+00
 -4.7189799e-01
 -7.6573983e-02
 -3.1249425e-01
  1.9213814e-01
 -1.6827704e-02
 -1.0381503e+00
  3.7268379e-01
  3.1859961e-01
 -1.0371706e-01
  4.3009010e-01
 -3.2396078e-01
  1.2041684e-01
 -1.0310935e+00
  1.7372026e+00
 -3.5453200e-01
 -3.8206562e-01
 -1.1208352e+00
  2.1729583e-01
 -2.4379557e-02
 -2.3897177e-01
  2.1059754e+00
  2.1014827e-01
  1.2306222e-01
  2.7946255e+00
  1.0975195e+00
 -8.1734771e-01
  1.2840323e+00
  2.6366837e+00
  5.8031436e-03
 -5.6120086e-01
 -4.0082909e-02
 -2.7418345e-01
 -3.3180055e-01
 -1.1864352e+00
  7.2597131e-02
  1.0834702e+00
  4.6342409e-01
  1.2673941e+00
 -7.4978888e-01
 -1.7604183e-01
  2.5937614e+00
  7.8581870e-01
 -2.6443106e-01
 -4.9988782e-01
 -4.4627548e-03
  1.5424315e+00
 -5.1475757e-01
  1.0185694e+00
 -1.5381746e+00
  1.8208807e+00
 -1.1977549e+00
 -2.3738613e+00
  9.1867954e-01
 -9.0040976e-01
 -1.8239487e+00
 -1.9965167e+00
  2.2984560e-01
 -2.6288798e+00
 -5.2148581e-01
  7.2821271e-01
 -2.5167212e+00
 -1.9374909e+00
 -1.7547483e+00
  2.1912923e+00
  2.1840701e-01
  2.4658885e+00
 -1.1778789e+00
  3.5008371e-01
  6.5605712e-01
  1.4257072e+00
  5.6580251e-01
 -6.9002175e-01
  4.9436414e-01
 -4.7226980e-01
 -1.1003859e+00
  5.8804053e-01
 -3.6882635e-02
 -3.0947000e-01
 -8.3031440e-01
  3.9423726e-02
  5.8775932e-01
  6.1059421e-01
  2.6862488e+00
 -5.1760852e-01
 -1.8474029e+00
  5.2904445e-01
  1.2807825e+00
 -3.9479730e-01
 -3.4606659e-01
  5.7472032e-01
 -3.5567322e-01
 -1.0335714e+00
 -2.1004261e-01
 -1.1245688e-02
  3.8370234e-04
  1.5299675e-02
 -8.6859539e-03
  5.2702326e-01
 -5.1928037e-01
 -3.6016462e-04
 -9.5899872e-02
 -4.7049902e-02
 -6.9071651e-02
  7.2134666e-02
 -1.2330143e-02
  2.1967852e-01
 -4.0043488e-01
 -3.0827549e-01
 -5.9539191e-03
  2.7171804e-02
 -3.5864022e-01
 -4.4539213e-01
 -2.7172810e-01
  5.0011539e-01
  1.9446170e-02
 -2.5186491e-01
  1.8017970e-02
  8.7370098e-01
 -2.6480815e-01
 -3.4544563e-01
 -1.4839938e-01
  1.1761674e+00
  2.2923371e-02
 -1.7227823e+00
 -1.1346287e-01
  2.9313747e-02
  7.9844689e-01
 -8.0513012e-01
  8.9731194e-02
 -4.9992540e-01
 -1.3784881e-01
 -1.5723495e+00
 -4.4156307e-01
  1.5265249e-01
 -4.5524368e-01
 -1.2804539e-02
 -7.2745079e-01
 -4.4092768e-01
 -2.4401277e-01
 -4.6431661e-01
 -6.0231042e-01
  2.2326739e+00
 -1.6427906e-01
  2.4744989e-01
 -5.8482890e-04
  1.1904855e+00
  1.3904470e-01
 -7.4677259e-01
 -5.6595672e-03
 -3.1754765e-01
  1.8513581e+00
  5.7955253e-01
  4.4985607e-01
 -2.0615568e+00
 -1.2444073e+00
  2.1485784e+00
  1.0173882e-01
  1.4896925e-01
  1.7425413e+00
 -2.3170435e+00
  7.6728752e-03
 -2.5282292e+00
 -5.7447390e-03
  1.8960965e+00
 -8.9885032e-01
  5.0009972e-01
 -2.3625979e-01
 -1.7075898e-01
  8.8177931e-01
  3.3635718e-01
  5.4312688e-01
  7.7963781e-01
 -3.7443329e-02
  6.6802007e-01
  8.7936811e-02
 -5.6905944e-02
  7.4858940e-01
 -1.9096290e+00
 -1.8708907e+00
 -1.4466748e+00
 -5.0574098e-02
 -1.6694869e-01
 -4.7626716e-01
  4.6547771e-01
 -9.7494978e-01
  1.3209327e-02
 -2.3321673e-01
  2.9420775e-01
  2.9161039e-01
  7.7907991e-01
  1.6160680e+00
  8.7315249e-01
 -4.6367559e-01
 -3.1384638e-01
 -1.4072819e+00
 -9.1842717e-01
 -1.9505613e+00
 -1.4454497e-01
 -5.5118632e-02
 -2.6170576e+00
 -5.8875121e-02
 -1.7524004e-02
  2.7917281e-02
  8.2480657e-01
  2.6043317e-01
  9.3031359e-01
 -9.6472770e-01
  4.7354694e-02
 -1.4624196e+00
 -2.5905880e-01
 -3.5905123e-01
 -4.4931510e-01
  1.5149185e-01
 -1.4479524e+00
 -7.0379838e-02
 -1.5370607e+00
  9.7047135e-02
 -1.2714177e+00
 -1.8930528e-01
 -6.5144652e-01
 -1.8290890e+00
 -1.6507798e+00
 -1.1094960e+00
  1.5230728e+00
  9.5246896e-02
 -1.0982869e+00
 -1.5891699e-01
 -1.6290845e+00
  6.3076794e-01
 -4.3907112e-01
 -9.4451791e-01
  2.6851010e-01
  1.5883296e+00
 -9.4994938e-01
 -4.6621051e-01
 -2.2445555e-01
 -1.3465468e+00
 -3.5766650e-02
 -2.3584504e-01
  2.5129728e+00
 -1.4607193e+00
  1.1092295e-01
 -4.9528235e-01
 -2.0163898e+00
  1.5016726e-01
  4.2689794e-01
  1.6513867e+00
  2.1881721e+00
 -1.9947447e-01
 -1.3462763e+00
 -1.3862698e+00
 -5.4725808e-01
 -3.0226018e-02
  1.3524096e+00
  7.1208966e-01
  1.1416708e+00
  2.2189003e-01
 -8.8584131e-01
 -2.5350883e+00
  3.6264563e-01
 -5.9467453e-01
 -1.5920605e-01
 -2.6687531e+00
 -2.5483947e+00
 -8.8565402e-02
  4.9231630e-02
  5.1654387e-01
 -6.3834888e-01
  3.3473811e-01
  2.1433890e+00
  1.4890423e+00
 -2.8119850e-01
 -6.4757603e-01
 -7.0531929e-01
 -2.1062157e+00
 -2.2159274e+00
  8.6433263e-03
 -2.2847664e+00
 -1.0752395e+00
 -3.1372635e+00
  6.4965755e-01
 -1.7613356e+00
  4.6507332e-01
  5.5959141e-01
 -1.6992923e+00
  8.1645608e-02
  1.7636172e+00
 -3.8928006e-02
 -1.3577954e-01
  9.4164467e-01
 -1.0904193e+00
  5.4753059e-01
 -1.4114544e-01
  7.5232036e-02
 -3.7487086e-02
  6.7184967e-01
 -2.2912953e-02
 -3.8379395e-01
 -6.1098838e-01
  2.2495313e-01
  1.2915988e-01
  4.3149272e-01
 -1.0010667e+00
  1.2938051e-01
 -6.6194966e-02
  1.7671009e+00
  6.0909167e-02
 -6.4419615e-01
  5.7295132e-01
 -1.0700923e+00
 -5.8773059e-01
  1.6364332e-02
 -3.2226804e-01
  2.9785019e-01
  2.3554973e-02
  1.9388545e-01
  7.5963281e-02
  2.5134208e+00
  1.2709687e+00
 -2.0293887e+00
  9.5748544e-01
  9.3199289e-01
  1.1600342e-01
 -5.2215886e-01
 -3.1829679e-01
  4.0575287e-01
 -2.8588767e+00
 -3.9600769e-01
  4.1827466e-02
  7.6264687e-02
 -3.2034934e-01
  5.0192320e-01
  3.9901412e-01
  9.4223726e-01
  8.3265823e-01
  7.3365682e-01
 -3.0522150e-01
 -3.8325131e-01
 -5.9355032e-01
  8.9666027e-01
  7.2920269e-01
 -6.1258858e-01
  2.6643378e-01
  2.7387402e+00
 -1.5977050e+00
 -1.0459464e+00
 -3.4849882e-01
  1.0228799e-01
 -2.9011792e-01
  7.9342395e-01
 -9.4348091e-01
  1.6637108e+00
  1.7433110e-01
 -1.2749143e-02
 -2.5811095e+00
  1.6612414e+00
  5.2337963e-02
  1.1584949e+00
  2.4405169e+00
 -3.5713477e+00
 -7.6771301e-01
  4.9136648e-01
 -5.7193792e-01
  6.2920684e-01
  9.8713881e-01
 -2.7391478e-01
 -1.0877751e+00
  2.7468848e+00
 -8.7193573e-01
 -6.0847163e-01
  1.3911097e-01
  1.0439253e+00
 -7.5948536e-01
 -8.8192475e-01
 -2.0580635e+00
 -1.0858244e-01
  7.2420889e-01
  2.4790995e-01
 -7.7312279e-01
 -1.9893028e+00
 -3.4751552e-01
 -2.1267377e-03
  4.9076229e-02
  5.5792809e-01
  4.5441589e-01
 -1.2576052e+00
  4.9458617e-01
  1.4940467e+00
 -2.0538902e-01
 -1.2976323e+00
  2.6528072e-01
  6.0469526e-01
 -4.6037486e-01
 -5.6068784e-01
  4.0564302e-01
 -5.9936666e-01
  1.6864328e-01
  1.0367353e-01
 -1.7421092e-03
 -2.8631678e-01
  4.8894051e-01
  2.4447460e-01
 -2.5044439e+00
 -1.3367511e+00
 -2.5977960e+00
 -1.2861630e-02
 -9.2197597e-01
  4.7301975e-01
 -4.3948260e-03
  6.0294062e-02
  7.9335880e-01
 -1.4079577e+00
 -1.4040022e+00
 -3.2155669e-01
  9.0583390e-01
  7.1340454e-01
  1.6229631e-01
  4.1413363e-02
 -2.8925708e-01
  2.6752734e+00
  5.8947178e-04
  5.3321563e-02
  1.9479558e-01
  2.8952408e-01
 -1.9717360e+00
 -6.7260021e-01
 -4.2118341e-01
  1.3785032e+00
 -4.3795159e-01
  3.2530305e-01
  1.1852416e-02
 -5.3407353e-01
 -7.2749966e-01
 -4.7815093e-01
 -1.5995405e+00
 -1.7825909e-01
 -1.3064464e+00
 -1.0840417e+00
 -2.1270956e-01
 -1.1616366e-02
 -9.9712211e-01
 -5.8658224e-01
 -5.4569058e-02
  6.8126845e-01
 -1.1370631e-01
  3.0177009e-01
  1.1861277e-01
  2.7827460e-01
 -7.8653985e-01
  5.0826991e-01
 -7.0374441e-01
  1.9110881e-01
 -4.5587337e-03
  2.3470785e-01
 -8.7013304e-02
 -1.0273316e-02
  1.0151461e+00
  3.3336249e-01
  2.2103794e-02
  1.0411105e-01
  1.1673772e-01
 -5.9358400e-01
  2.7413467e-01
 -5.0524575e-01
 -1.0053150e-01
  6.4909595e-01
 -5.4482757e-03
  1.1324719e+00
  1.5013826e+00
  4.2618847e-01
  1.9829784e-01
  1.5438651e-01
  1.2580691e-02
 -1.0856543e+00
  8.7820691e-01
 -3.6425313e-01
 -5.7030901e-02
  3.6641958e-01
 -3.2256609e-01
  2.3840879e-01
  1.9662036e+00
  5.4518175e-01
  1.2959312e-02
  1.8724094e-01
 -1.3255131e+00
 -4.0501213e-01
  1.1572031e-01
  7.8581050e-03
  2.1658998e+00
  2.5250262e-01
 -3.4935457e-01
 -2.0818210e-01
  4.4249284e-01
  9.6365416e-01
  1.6676323e-02
 -9.9037886e-03
 -2.2006907e-02
 -1.0038269e-01
  1.3567770e-01
  1.7939113e-01
  4.3677133e-01
  7.1313041e-03
 -1.1772433e-01
 -1.8376610e-01
  1.1491215e+00
 -7.5170326e-01
 -3.7489058e-03
 -1.1295716e+00
  9.0438104e-01
  1.4147097e-02
  6.8433201e-01
 -3.3404765e-01
  5.9265053e-01
 -2.8921783e-02
  4.1080308e-03
  1.2313479e+00
 -2.0057869e+00
  4.8212951e-01
  1.0295129e+00
  1.8529024e+00
  5.3485985e+00
 -2.8157184e-01
  2.0592356e+00
 -5.7253462e-01
  2.1113954e-02
  1.3156661e-01
 -2.2469158e+00
  9.4372147e-01
 -2.6579121e-01
  1.7554094e-01
 -8.5139978e-01
  2.6196060e-01
  3.0327052e-01
  2.4675111e-01
  2.1627424e+00
 -4.3975949e-01
  8.5346538e-01
  2.0920247e-01
 -6.1398793e-02
  1.4635846e-01
 -9.2451975e-02
  6.9302207e-01
 -5.9063023e-01
 -5.8769498e-02
  4.5690000e-01
 -1.2622705e-01
 -8.2494777e-01
  2.1992435e-01
  1.4512497e+00
 -2.0470303e-01
 -1.3624127e-01
  3.1067860e-01
  6.6516507e-01
  8.3489321e-02
 -2.9204911e-02
  3.8657105e-01
 -1.7674640e-01
  1.7976489e+00
 -1.3622646e+00
 -1.1883065e+00
  6.5825367e-01
 -4.0474674e-01
  3.4223995e-01
 -3.5572696e-01
 -1.5965693e-02
 -1.4632657e-01
 -1.7271065e+00
  1.5523288e-01
  6.3414913e-01
 -1.5639672e+00
  2.2246296e+00
 -1.0195646e+00
  1.9249129e-01
 -3.0399868e-01
  9.2356658e-01
  2.0511776e-01
 -1.3823722e-02
  1.0878800e+00
 -1.4410801e+00
 -6.6439188e-01
  6.4504439e-01
 -1.3200215e+00
 -1.3741224e-01
 -2.2573645e-01
  1.0413697e-02
 -2.1395440e+00
  4.4994396e-01
  2.9162484e-01
  7.6159668e-01
 -1.6731798e-03
  8.4318948e-01
 -7.9611951e-01
 -9.1767851e-03
  1.5905745e+00
 -6.3036674e-01
 -9.6795149e-02
  5.2316380e-01
 -2.2121710e-01
  2.1718049e+00
 -2.3812156e-02
 -2.2604177e-02
 -1.6132418e+00
  2.7508652e+00
  8.9660637e-02
 -3.0104749e-02
 -9.1633111e-01
  1.4916954e+00
  2.7216533e-01
  3.4826964e-01
 -1.0762640e+00
 -5.9440112e-01
 -5.3505301e-01
 -1.4095768e+00
 -3.9737689e-01
 -2.0110240e+00
  1.0226754e+00
 -2.4392894e-02
  2.4125190e+00
  1.5852941e+00
 -1.0055336e+00
 -3.2752812e-01
 -1.2134966e-02
 -8.0872494e-01
  2.3727138e+00
 -6.2564349e-01
 -1.3156346e+00
 -9.2394090e-01
  4.6541297e-01
 -1.2124574e-02
  8.8767433e-01
  2.2714515e+00
 -1.7664318e+00
 -1.0144823e+00
  5.4444772e-01
  6.0391331e-01
 -2.0206288e-01
  4.3491956e-02
 -5.1218528e-01
 -2.6950390e+00
  4.5639154e-01
 -2.7011761e-02
 -6.2063378e-01
 -3.2577007e+00
 -2.1129465e-01
 -7.3256648e-01
 -1.9302447e-01
 -6.1889237e-01
 -2.9600680e-01
 -2.4669947e-01
 -1.1874472e+00
  2.8054222e-01
 -1.6904949e-01
 -2.0560892e-01
 -1.3800265e+00
 -3.3364713e-01
  1.9234148e-01
 -8.5264988e-02
 -6.5660197e-01
 -5.7081640e-01
  2.5218511e-02
 -2.4115184e-01
 -1.9884790e-01
  8.0369842e-01
 -2.6979487e+00
 -9.6479034e-01
 -5.6818794e-02
 -4.9990561e-02
 -8.4666407e-01
 -1.6920917e-02
 -2.4702276e-01
  2.2774996e-01
  2.7420273e+00
 -9.7594773e-03
  8.4498465e-01
  2.5577810e+00
  2.6457897e-01
 -9.3753642e-01
 -2.6454997e-01
 -1.8454263e+00
 -1.3614869e+00
 -4.4439700e-02
 -1.0662564e-02
  1.2910582e+00
  8.6295676e-01
 -4.4569892e-01
 -5.3565556e-01
 -3.4868391e+00
  7.1982485e-01
 -3.4742790e-01
 -2.3440540e-01
 -1.3448670e+00
 -2.1221757e+00
 -3.5526410e-01
  1.4114125e-01
 -7.5475901e-02
 -1.5186282e+00
 -5.3164268e-01
 -4.8402071e-01
  5.8392113e-01
  6.4296979e-01
 -2.5249842e-01
  8.5607190e-03
 -2.1263547e+00
  1.4317989e+00
  3.3692578e-03
  3.4875226e-01
 -2.4721193e+00
  6.0609102e-01
 -3.7760231e-01
  4.2436633e-01
 -1.7408785e+00
 -2.6632184e-02
 -2.8734121e-01
  2.3359172e-02
  2.3359172e-02
  2.3359172e-02
  2.3359172e-02
  2.3359172e-02
  2.3359172e-02
  2.3359172e-02
  2.3359172e-02
  2.3359172e-02
  3.8243182e-02
  3.8243182e-02
  3.8243182e-02
  3.8243182e-02
  3.8243182e-02
  3.8243182e-02
  3.8243182e-02
  2.9012233e-02
  2.9012233e-02
  2.9012233e-02
  2.9012233e-02
  2.9012233e-02
  2.9012233e-02
  2.9012233e-02
  1.3611100e-02
  1.3611100e-02
  1.3611100e-02
  1.3611100e-02
  1.3611100e-02
  1.3611100e-02
  1.3611100e-02
  5.7095019e-03
  5.7095019e-03
  5.7095019e-03
  5.7095019e-03
  5.7095019e-03
  5.7095019e-03
  5.7095019e-03
  1.6747985e-02
  1.6747985e-02
  1.6747985e-02
  1.6747985e-02
  1.6747985e-02
  1.6747985e-02
  1.6747985e-02
