nep4 2 Cu Se 
cutoff 7 5 100 44
n_max 8 6
basis_size 12 12
l_max 4 2 0
ANN 50 0
 -2.7995947e-01
  4.6076232e-01
 -6.7245416e-02
 -1.7341566e-01
  6.2070805e-01
 -1.8765458e-01
 -9.8043913e-01
  8.5239208e-01
  1.0337096e-01
  2.0808972e-01
 -7.6985940e-02
 -2.7246094e-01
 -3.3325911e-01
  1.3677785e-01
  1.9794844e-01
  8.9695595e-02
  6.4866912e-01
  5.6428213e-02
 -1.5108356e-02
 -2.4555597e-01
 -5.3833455e-01
 -1.1994031e-03
 -1.2377748e-01
 -1.0975978e+00
 -8.3299853e-02
  6.3537769e-02
 -2.7012223e-01
  1.5806077e-01
  1.8045213e-02
  2.0965633e-01
  1.1217637e-01
  9.9823289e-02
 -3.5148057e-01
 -3.3406585e-01
  1.6416243e-01
  2.3660436e-01
 -5.5005603e-02
 -3.8836151e-01
  6.3920748e-01
 -2.4199621e-01
 -1.1513773e-01
 -1.3650692e+00
 -1.4759043e-01
 -2.8949684e-02
  1.6117415e-01
 -2.4334727e-02
  4.5237973e-01
 -7.5960107e-02
  2.1100214e-01
  1.6267230e-01
  7.2836941e-01
  8.8437289e-02
  1.3164854e-01
  2.8758401e-01
  7.2323903e-03
 -1.4206687e-01
 -4.5099005e-01
  3.2172275e-01
  1.4445914e-01
 -6.4414755e-02
  1.1597648e-01
 -3.9282903e-02
 -3.6655572e-01
  3.9911923e-01
 -3.1957281e-01
 -1.7623074e-01
 -2.6925027e-01
  2.4053679e-01
 -4.0811136e-01
  1.4549635e-02
  1.3582669e-01
 -2.2692101e-01
 -4.6023914e-01
  1.1719962e+00
 -2.9802269e-01
  9.8620087e-02
  4.0729311e-01
  6.9348043e-01
 -2.4077739e-01
  2.1504828e-01
 -5.1649898e-01
 -7.1358907e-01
 -2.4866266e-02
 -2.2814614e-01
  5.6692475e-01
  1.0691189e+00
  9.4590038e-03
  2.2228244e-01
  6.4300135e-02
 -3.4378907e-01
 -4.9767293e-02
  1.5990485e-01
 -5.5944574e-01
  1.4148913e-01
  6.4404434e-01
  2.9276809e-01
  1.3266627e-01
 -4.7418487e-01
  1.2382069e-01
 -2.8572802e-02
  9.4260678e-02
  1.9222358e-01
  1.4737648e-01
  1.7255184e-01
 -2.3537749e-02
 -1.1226032e-01
 -9.1107346e-02
  2.1483600e-01
 -2.0499282e-01
  9.3121082e-02
  5.3956393e-02
 -3.3894998e-01
 -2.0759617e-01
  1.5855382e-01
  1.4457378e-01
 -2.7514458e-02
  5.7058388e-01
  4.3376476e-01
 -1.3138813e-01
 -1.3433115e-01
  1.3431476e-01
  1.8541092e-01
 -1.7796288e-01
 -1.3696519e-01
 -3.0304360e-01
  3.7289426e-01
  8.6060129e-02
  8.6696155e-02
  3.5542482e-01
 -2.2522226e-02
 -1.7169647e-01
  2.5555262e-01
  5.7893366e-01
  6.6001856e-01
 -3.2357374e-01
  3.2476905e-01
  3.4786648e-01
 -3.5588700e-01
 -1.9948399e-01
  2.7526632e-02
 -2.1992856e-01
  1.3706765e-01
 -1.5539434e-02
  6.0392565e-01
  1.9068146e-01
  7.4320519e-01
  1.6167462e-01
 -3.9215047e-02
 -3.6090291e-01
  3.6042199e-01
 -1.2658225e-01
  3.5303751e-01
  3.5561249e-04
  1.5514418e-01
  2.8686002e-01
  2.5927082e-01
 -7.4745691e-01
 -7.8276467e-01
  4.0893551e-02
 -1.0091288e-01
  3.6014639e-02
 -6.4619176e-02
 -5.9662992e-01
  4.9886301e-01
  2.2413561e-01
  9.6929312e-02
  4.4382492e-01
 -4.9167070e-01
 -6.5728068e-02
 -6.6759366e-01
 -1.4870800e-01
 -1.7831841e-01
  5.2083403e-01
  3.1050956e-02
 -1.5196599e-02
 -4.2562887e-02
  1.9525084e-01
 -2.1650140e+00
  1.3455795e-01
  5.8908451e-01
  1.7758578e-01
  3.5664484e-02
 -1.6532829e+00
  2.1477003e-01
 -2.8206272e-02
 -1.9626592e-01
  9.5109177e-01
  3.3956939e-01
 -1.6080959e-01
  2.2312804e-01
  3.3537894e-01
 -3.7592021e-01
 -3.4102690e-01
 -6.3752639e-01
  7.2025359e-02
  3.4492165e-01
 -4.8413777e-01
 -5.6941692e-02
 -6.2591785e-01
  5.8333069e-01
 -3.8258052e-01
  7.3231094e-02
  4.7990948e-02
  9.7067356e-03
 -3.7543930e-02
  2.4792643e-01
 -6.1079621e-02
 -1.8621862e-01
  5.7311758e-02
  6.1657228e-02
  1.0781443e-01
 -3.8837299e-02
  2.7572572e-01
 -2.2930868e-01
 -6.4187229e-01
  8.6239994e-02
 -7.3428464e-01
 -1.8233351e-02
 -6.0269189e-01
 -2.0713338e-01
  2.9825771e-02
  1.9686408e-01
 -2.2366263e-02
 -1.2751898e-01
  1.8572117e-01
  1.4524457e-01
  2.9336270e-02
  6.5873575e-01
 -5.5578840e-01
  7.9644495e-01
  3.5809782e-01
  1.2154839e-02
  3.6150124e-02
  2.0032138e-01
 -1.2986416e-01
 -4.7548386e-01
 -7.0144862e-01
  4.0950882e-01
  6.4805150e-02
  2.8754967e-01
  9.0918767e-01
  1.2986365e-01
  2.6677516e-01
 -1.2217915e-01
 -1.7172128e-02
 -3.3740309e-01
 -2.6880866e-01
  2.1497646e-02
 -2.7840814e-01
  4.1122210e-01
  9.3058169e-02
  1.5326817e-01
  8.3117723e-02
 -4.3556538e-01
 -4.4714957e-02
  1.5589054e-01
  2.0826778e-01
 -2.3666926e-01
  2.4771634e-01
 -3.9581239e-01
  3.5120070e-02
 -7.8808481e-01
 -5.9186116e-02
  8.0266225e-01
 -6.9824062e-02
  1.2070730e+00
  9.0118194e-01
  2.0581838e-01
 -2.7162457e-01
 -3.2298917e-01
 -3.5987273e-01
  3.1017876e-01
 -3.5002065e-01
 -1.8003795e-01
  4.2737491e-02
 -4.8779750e-01
 -2.3944183e-01
 -5.5203396e-01
 -1.7498386e-01
 -1.8732631e-01
 -1.2722313e-01
 -1.2724185e-02
 -2.4425605e-01
  5.4527426e-01
  6.5972313e-02
 -3.8961953e-01
 -1.5860957e-01
 -2.6111238e-02
  1.4883250e-01
 -1.6328825e-01
 -1.0867044e-01
 -1.1500448e+00
  2.1190383e-04
 -5.8004200e-02
  1.8803909e-02
 -1.1809163e+00
  7.0479661e-02
 -2.5072142e-01
 -3.1861985e-01
 -5.8139503e-01
  2.1743117e-01
  1.4171091e-01
  7.4959107e-02
 -3.0446973e-01
 -9.9896207e-02
  1.3487308e-01
  6.0804993e-01
 -2.3653147e-01
  6.0721141e-01
  2.9208241e-02
  1.3710520e-01
 -1.4265515e-01
  2.8555473e-02
 -1.1046264e+00
 -1.8410783e+00
  1.6163944e-01
  4.1992822e-01
 -8.0061264e-02
 -1.6644526e-01
 -4.1926652e-01
  5.5446148e-01
 -1.1527341e-02
  8.6914733e-02
 -1.5199845e-01
  1.8556063e+00
  3.3819681e-01
 -4.7540098e-01
 -9.8244943e-02
  2.5774634e-01
 -1.0480318e-02
 -2.7858031e-01
 -5.1070440e-01
  1.7446616e-01
  2.0194623e-01
  3.4451675e-02
  8.0562985e-01
 -8.9872658e-01
  1.0765309e-02
  6.5818816e-02
  3.6021307e-01
 -4.1495252e-02
 -3.2388753e-01
 -6.4138614e-02
  7.6934546e-02
  2.3998033e-01
  6.3972408e-01
 -7.8693770e-02
 -4.0676722e-01
  4.9004489e-01
  4.2016917e-01
  3.2709810e-01
 -3.0697221e-01
 -5.7166684e-01
  1.0956924e+00
  5.2913614e-03
  1.2896395e-01
  8.3727054e-03
  2.7448893e-01
 -1.4016728e-01
 -8.1731062e-03
 -1.7244391e-01
 -1.3965653e-01
  3.2503644e-01
  1.3322212e+00
  2.6620561e-01
 -2.0221156e-01
 -2.2845392e-01
 -9.9893190e-02
  6.2801075e-01
 -2.4880876e-01
  1.5716249e-01
 -3.2354183e+00
 -1.8345208e-01
 -7.0214629e-02
  4.5921049e-01
  2.3788168e-01
 -1.0618232e-01
 -1.2265672e-01
 -7.0186242e-02
 -3.5115391e-01
 -1.7092703e-01
  3.9104807e-01
 -5.4924868e-02
  1.7154795e-01
 -2.4701329e-01
  1.2934345e-01
  6.4585148e-03
  9.1828942e-01
  6.6497070e-01
  6.1057437e-02
  6.4964807e-01
  4.0321764e-01
 -1.4278637e-01
 -4.1867670e-01
  4.9218839e-01
  1.1623230e-01
 -1.9326286e-02
  7.0605516e-01
  1.3570611e-01
 -6.1354101e-01
 -2.3539250e-01
  1.5527211e-01
 -7.8198916e-01
  5.5672520e-01
 -7.5894499e-01
  8.9513287e-02
 -3.9684698e-02
  2.8025928e-01
  3.6198357e-01
 -4.6708494e-02
  7.1599042e-01
 -7.9149671e-02
  4.9319926e-01
 -1.7921250e-01
  1.1568706e-01
 -3.8668397e-01
  1.5965176e-01
  5.9328461e-01
  3.3481907e-02
 -1.1240804e+00
 -2.5802299e-01
  6.7124292e-02
 -1.0300460e-01
  3.5638392e-01
  1.7219383e-02
 -1.4984569e-01
 -1.0561218e+00
 -6.9017303e-01
  3.3313027e-01
 -4.2089514e-02
 -1.9889918e-01
  8.8072419e-02
 -2.8076470e-03
 -2.6946783e-02
  1.0065667e-01
  9.6796371e-02
 -3.4033623e-01
 -4.6990067e-02
 -9.4852306e-02
  1.9209337e-01
 -1.4552321e-02
  2.6736233e-01
 -5.0182715e-02
  4.7190708e-01
 -1.9861396e-01
 -4.8153833e-01
 -3.5195249e-01
 -1.9485961e-01
 -9.8295048e-02
 -4.3651968e-01
 -2.1338412e-01
  9.2598802e-01
  5.2619968e-02
  3.8502696e-01
 -1.9982353e-01
  1.9841628e-01
  1.3870895e-01
  3.6789280e-01
  6.0631756e-02
  3.3127612e-01
  4.4815695e-01
  8.1987217e-02
 -1.0436088e-01
  6.7714787e-01
  4.5282185e-01
 -2.6789539e-02
 -9.4398677e-02
  2.7140716e-01
  4.3857688e-01
 -5.9279114e-02
  4.0020645e-02
  2.4521804e-01
 -1.1169793e-01
 -3.9281085e-01
 -3.3925474e-04
 -2.1339351e-01
  3.7552290e-02
 -5.4629616e-02
  2.2102025e-01
 -3.3853948e-02
  9.7096764e-02
  4.1506362e-01
 -7.6870680e-02
 -3.0922017e-01
  7.8848787e-03
 -1.5903133e+00
 -1.1409187e-01
 -3.1786699e-02
  9.1199495e-02
 -5.9467447e-01
 -3.1224038e-02
 -1.2663244e+00
 -5.0094450e-01
  7.7408516e-01
  1.6780105e-01
  3.2068494e-01
 -1.8212207e-01
 -4.9734890e-01
  1.0755973e-01
 -2.4291334e-01
 -3.7928928e-02
 -6.0479981e-01
 -4.0163985e-01
  4.7842860e-01
  5.3549993e-01
  7.0087761e-01
 -2.0826465e-01
  1.3677306e-01
  6.7288198e-02
  3.4094563e-01
 -3.4754401e-01
 -2.6013583e-01
  4.0638313e-01
  1.6588733e-01
 -3.2674563e-01
 -3.2494295e-02
 -2.1089433e-01
 -2.7322918e-01
 -2.1815208e-01
  5.3721297e-01
  3.8523477e-02
 -5.3715068e-01
 -2.6327306e-01
  1.1672159e-01
 -4.0161453e-02
  3.1626397e-01
  2.2708306e-01
 -6.4630061e-02
 -6.2947057e-02
  9.5706582e-01
 -1.1360301e-01
 -1.7962480e-01
 -2.4319078e-01
  1.8009813e+00
 -7.1174100e-02
 -4.7876915e-01
 -2.8247824e-01
  2.9672450e-01
 -1.1042373e+00
  7.1583951e-01
  5.7110614e-01
  1.6990327e+00
  2.2262461e+00
 -1.7805359e+00
 -2.7356783e-01
  1.2193288e+00
  5.1803716e-02
  6.0098771e-02
  9.3310112e-01
  1.8681698e+00
  3.1776696e-01
  1.6328341e+00
 -1.7946439e+00
  3.4613886e-01
 -1.5456182e-01
  2.2385869e+00
  8.3929485e-01
  8.6323634e-02
  4.3406758e-01
 -1.4977512e-01
  1.2679639e-01
  2.7733755e-01
  7.1730858e-01
  5.6314993e-01
  4.7595373e-01
 -1.0242823e+00
  8.6637676e-02
  5.7351846e-02
  5.3775525e-01
 -4.2886949e-01
  8.6027816e-02
  3.2184461e-01
  9.4430521e-03
 -9.5091395e-02
  7.0624983e-01
  1.1897522e-01
  2.4365243e-02
 -2.5898856e-01
 -1.2631456e+00
 -4.1052327e-01
 -3.4234101e-01
 -1.9267853e-02
  8.9757837e-02
 -1.0909039e-01
  6.5881026e-01
 -1.6478024e-02
  1.3649818e-01
  1.7623425e-01
  3.2997853e-01
  2.2891432e-02
 -1.5616289e-01
 -4.5451379e-01
  3.0741191e-01
 -3.3880261e-01
  6.9956578e-02
 -7.7107316e-01
 -5.4315877e-01
  1.7055099e-01
  1.6218996e-01
 -5.2126640e-01
  4.6184918e-01
 -1.4985158e-01
  1.1398382e-01
 -5.7163000e-01
  3.5656396e-01
 -5.1553845e-01
 -1.9497810e-01
 -1.9937430e-01
 -1.5137865e-01
 -3.2041770e-01
  1.3898900e-01
 -3.5691050e-01
  3.9840039e-02
  3.9025137e-01
  7.0979878e-02
 -2.1069452e-02
 -4.9611712e-01
  4.4318727e-01
 -7.7373631e-02
  3.2187048e-02
 -8.7071463e-02
 -4.2216414e-01
  1.2929346e-01
 -3.0806553e-01
 -4.7307846e-01
 -3.5021424e-02
  1.3234697e-01
  6.6861391e-02
  1.0916672e-01
 -1.9849783e-01
  7.1996242e-02
  5.1887937e-02
 -5.9355658e-01
 -5.1568817e-02
 -3.0253690e-01
  2.6704708e-01
 -1.1931926e-02
 -2.5297636e-01
  1.3632882e-02
 -4.7182289e-01
 -4.6522811e-01
 -1.4128807e-01
  5.1253729e-02
 -3.4089869e-01
 -2.7342278e-01
  1.6820851e-01
  3.3758596e-02
  4.7045606e-01
 -3.9632818e-01
  2.2735240e-01
  5.8463555e-02
  2.4754918e-01
  3.5191786e-01
  1.2042692e-01
 -3.6862129e-01
 -1.0877192e-01
  4.0821906e-02
  1.4052816e-01
 -5.5002260e-01
  4.4054705e-01
  1.1499386e-01
  1.1310022e-01
  7.6798862e-01
 -1.0684272e-02
 -9.9561356e-02
  5.1671433e-01
 -7.6580185e-01
  2.5927776e-01
  8.1377995e-01
  3.8788772e-01
 -2.3294997e-01
 -2.2319360e-01
  9.1726065e-01
  3.9599545e-02
  2.6883042e-01
 -2.7889963e-03
 -4.3259856e-01
 -1.0418216e-01
 -5.8140475e-02
  2.3672450e-01
  1.5413252e-01
  3.7125754e-01
 -4.5672694e-01
 -3.9043862e-01
 -1.4130199e-01
 -8.4048234e-02
  2.3251964e-01
  5.3162432e-01
 -8.7640531e-02
 -5.3933922e-02
  2.2600393e+00
  2.8782752e-01
  2.9686239e-01
  5.8457281e-02
 -2.0177366e-01
  5.3773046e-02
 -8.5944420e-01
 -9.9199009e-01
 -1.5859082e-01
  2.3190296e-01
 -9.0623349e-01
 -7.8379661e-01
  5.1098406e-01
 -2.5246276e-02
 -1.3243918e-01
  4.2152110e-01
 -5.8568066e-01
 -3.6259121e-01
  2.5561339e-01
 -4.1603634e-01
 -9.9662617e-02
 -6.0235226e-01
  2.3902059e-01
  1.7918701e-01
 -8.3915627e-01
  4.2894253e-01
 -2.4851553e-01
  1.2008218e-01
  2.7038181e-01
 -3.4341639e-01
  4.6219584e-01
  1.6358185e-01
  5.1875466e-01
  4.3396603e-02
 -3.6482951e-01
  3.3775783e-01
  5.2007389e-01
  1.2145253e-01
 -3.0834043e-01
  5.3840011e-02
 -2.5866368e-01
  5.9100043e-02
  8.4246260e-01
  6.3375220e-02
  7.0546496e-01
 -1.2805314e-01
  2.2202878e-01
  3.9414015e-02
  2.8145656e-01
  8.4926374e-02
 -1.1694036e-01
  2.8797237e-02
  5.0615364e-01
 -4.1427913e-01
 -5.7872826e-01
  6.7627698e-02
  1.1844009e-01
 -2.9941672e-01
 -2.1329695e-01
 -7.5390361e-02
 -8.7336168e-02
  3.6439672e-01
 -5.3780146e-02
  5.6652173e-02
 -1.4474933e-01
  4.4193625e-01
  2.9440859e-02
 -9.0396297e-01
  1.9002970e-02
  6.9163817e-01
 -3.2882172e-01
 -7.4400585e-03
 -4.4151720e-02
  2.1199729e-02
 -1.4177233e-01
  1.5601760e-01
  9.7104572e-02
  6.2323189e-01
 -2.1685430e-01
 -5.7292777e-01
 -5.1861405e-01
 -1.1000602e-01
  4.0148979e-01
 -2.2103578e-01
 -5.2324273e-03
 -3.3677095e-01
  2.7147406e-01
  2.0927393e-01
  3.3304849e-01
 -2.4141246e-01
 -2.3690926e-01
 -1.3458282e-02
 -3.8508199e-02
  1.8989010e-01
  1.3750625e-01
  3.3908173e-01
 -2.7345017e-02
  1.5025789e-01
 -3.1943393e-01
 -1.4940336e-01
 -1.5906796e-01
  3.2500852e-02
 -9.7216696e-02
 -2.7971227e-02
  9.1987446e-02
 -2.4079119e-01
 -1.1030257e-02
 -2.5690189e-01
 -4.7754109e-02
 -6.7962296e-02
 -3.0009428e-01
  7.4136049e-01
  2.0641712e-03
 -3.7919447e-01
  7.7540033e-02
  1.7800690e-01
 -2.6539523e-02
 -2.1830702e-01
 -2.5381241e-03
 -1.2091977e-01
  3.8746250e-01
  4.9944815e-01
  5.8499980e-01
 -1.8667415e-01
 -5.3951275e-01
  4.4725078e-01
  5.8311105e-01
  8.8846684e-02
 -2.0112367e-01
 -2.8305519e-01
 -2.7881160e-01
  1.1074922e-02
 -3.7509120e-01
 -5.3776130e-02
  5.3774995e-01
  3.2303065e-01
 -7.1178958e-02
  4.7449291e-01
  2.6362410e+00
 -1.4714137e-01
 -2.9720375e-01
  1.0904359e-02
  1.6722508e-02
  2.0695367e-01
  2.6299801e-01
  2.9629880e-01
 -7.3244387e-01
  1.5564455e+00
 -4.8100716e-01
  8.0759031e-01
 -3.8416189e-01
 -3.3418605e-01
 -1.4636087e-01
  7.3933795e-02
 -1.2499239e-01
  3.5333806e-01
 -9.8351426e-02
  1.4121699e-01
 -4.1843626e-01
  4.4903180e-01
  6.2892199e-01
  4.6521857e-02
 -5.7630670e-01
  1.3970289e-01
 -3.0074045e-03
 -3.7717974e-01
  4.2428544e-01
  1.5806517e-01
  2.9793510e-01
  2.2129264e-01
 -3.0022183e-01
 -5.6506199e-01
  6.1541848e-02
 -3.0128035e-01
 -7.3721446e-02
  1.0279283e-01
 -4.6650133e-01
  3.7057143e-01
 -2.3523720e-01
  2.2188429e-02
  1.3143188e-01
  3.0481291e-01
  1.0122361e+00
  1.1262584e-01
  6.1672634e-01
 -3.5873786e-01
  1.8352805e-01
 -1.1693345e-01
  2.5869491e+00
 -1.4756451e+00
  1.8416084e-01
  1.5712723e-01
 -2.3072244e-01
 -1.1091442e+00
  5.4227792e-02
 -1.7762405e+00
  1.7225248e-01
 -1.2871341e+00
 -3.7012526e-01
  2.9549448e+00
  8.3974697e-02
 -7.4744374e-03
 -3.0009243e-01
 -8.5880572e-01
  2.1222463e+00
 -2.2459072e-01
 -3.4690720e-01
  7.6599866e-01
  4.8175031e-01
 -3.7744322e-01
  2.0659140e-01
  1.6919185e+00
 -2.1261711e-02
 -4.3061104e-01
 -1.2052740e+00
  2.1155600e-01
  1.0880187e-01
  3.9136320e-01
  1.6853231e+00
  8.8249260e-01
 -8.5681623e-01
  8.7575153e-02
  1.0979121e+00
  4.3401253e-01
  1.7746772e+00
  4.7137266e-01
 -3.0571269e-03
  4.2349386e-01
  2.3940261e-01
 -3.1683871e-01
 -1.3405167e-02
  1.6441834e-01
  6.5244913e-01
  2.2345404e-01
  1.6816605e-02
  6.3320413e-02
  2.5645332e-02
 -9.0032026e-02
  4.3511420e-01
  6.8883675e-01
  3.9866645e-02
 -7.1080595e-02
 -4.4160746e-02
 -3.0427739e-02
  3.1269681e-01
 -8.5695004e-03
 -2.1291909e-01
  5.9115767e-01
  1.3862859e-02
 -3.2815287e-01
  6.7445916e-01
  1.3547841e-01
 -3.1070930e-01
  1.4388174e-01
 -1.0923190e-01
  4.2332867e-01
 -3.6660823e-01
 -1.9476017e-01
  1.0791624e+00
  8.8663197e-01
  4.7905445e-02
 -2.3917310e-01
  2.9996467e-01
 -7.7074696e-03
  3.9475620e-02
 -2.2216690e-01
  1.2668368e-01
 -4.8701167e-01
 -3.9193448e-01
 -1.9361362e-01
  3.6465266e-01
 -1.9400282e-02
 -1.0080403e-01
 -1.9617897e-01
  2.0861265e-01
 -4.0626086e-02
 -4.4016805e-02
  1.3615444e-01
 -5.7652926e-01
  1.2308055e-01
 -4.2916420e-01
 -3.7364399e-01
  1.2699899e-01
 -7.1966714e-01
 -8.7276191e-01
 -2.6754946e-01
  7.9733156e-02
  3.7243801e-01
  2.1682680e-01
  2.7501214e-01
 -5.7691313e-02
  3.0235690e-01
  1.3112217e+00
 -4.5556352e-01
  5.3243116e-02
  2.4571097e-01
 -6.5060401e-01
  4.3385842e-01
 -5.3337908e-01
 -4.3771479e-01
 -2.0097765e-01
  1.2194434e+00
 -2.6236728e-01
  6.1545745e-02
  9.2910045e-01
  1.9345038e-01
  2.1705659e-01
 -1.3720533e-01
 -4.4111100e-01
  5.1083911e-02
  5.7461306e-02
  6.4145178e-02
 -1.2364407e-01
 -3.3157915e-01
  1.1015173e-02
  2.0647085e-01
  7.2648525e-01
 -6.4916098e-01
  6.5566027e-01
  1.2515798e-01
  3.0113284e-02
 -9.3604997e-02
  3.3236721e-01
  1.1949803e+00
  4.1027490e-02
 -3.0608881e-01
  1.2229837e+00
 -2.1461031e-01
 -1.7985280e-01
  1.5414841e-01
  1.4864083e-01
 -2.6335391e-01
 -3.4849474e-01
  2.1539471e-01
  2.1370769e-01
 -1.5780132e-01
  1.1766000e-01
  1.1872334e+00
  2.0695570e-01
 -2.1042062e-03
 -3.2111168e-01
 -5.2654848e-02
 -3.1546631e-01
 -6.4258975e-01
  6.4267290e-01
 -2.3509878e-01
  9.4130561e-02
 -6.1485255e-01
  4.0438533e-01
  8.3964601e-02
  9.3209874e-03
 -6.1117738e-01
  1.8266317e-01
 -2.0811668e-01
  1.8583964e-01
  1.1809223e-01
  1.6820835e-01
  7.6832823e-02
  1.7426649e-01
  2.7500409e-01
  8.9466065e-02
 -2.4747951e-01
  1.4800350e-01
 -2.2948753e-02
  7.8795828e-02
 -1.1719767e+00
 -8.1148922e-01
 -1.6542234e-02
  3.5989410e-01
  1.1247038e-01
  8.6817697e-02
  3.7486695e-02
  3.1290889e-01
  2.7902135e-01
 -3.0825540e-02
 -4.3764958e-01
  3.4454018e-02
  8.9563727e-02
  1.7199990e-01
 -7.8609906e-02
 -3.6353680e-01
 -3.5725657e-02
  3.7318653e-01
  5.0433017e-02
 -6.2822774e-02
 -3.7109134e-01
  9.1671145e-01
  1.6873620e-02
  2.3969653e-01
 -2.3254685e-01
 -9.5556319e-01
 -3.0237293e-01
 -9.7641930e-02
 -5.4318607e-02
 -1.0191269e-01
 -1.9157124e-01
  6.2497997e-01
  1.1728672e-01
 -5.0500631e-02
 -4.1734362e-01
 -3.8503325e-01
 -4.4680846e-01
 -1.7779452e-01
  2.2042298e-01
 -7.9042293e-02
  3.9389953e-03
  5.0102258e-01
  5.7058400e-01
  1.3492872e-01
 -6.4533651e-02
  1.9504350e-01
 -7.8457600e-01
  2.5333142e-01
  2.1038948e-01
 -8.3946300e-01
 -3.2974085e-01
 -2.1903802e-01
  1.0672921e+00
  3.7138292e-01
 -1.7209642e-01
 -1.3946995e-02
 -9.8569882e-01
 -8.6784524e-01
 -1.2076367e-01
  4.6911454e-01
 -5.0850075e-01
 -7.3100680e-01
  3.8638011e-02
 -5.4260719e-01
  1.2017620e-01
 -1.3178238e+00
  4.5747498e-01
 -1.0533276e+00
 -2.7059057e-01
  4.0107772e-01
  3.0993384e-01
  6.0415991e-02
 -1.0079929e-02
 -1.5186661e-01
  1.2970614e-01
 -5.0868112e-01
 -2.8575930e-01
 -3.6572355e-01
 -1.6476937e-01
 -8.7551165e-01
  9.1427132e-02
 -3.6518414e-02
 -1.8078718e-01
  7.2946310e-02
 -5.2876621e-01
  2.2071373e-01
  5.4936957e-01
  8.7102652e-01
 -2.5124708e-01
  6.2718481e-01
  1.2355019e-01
 -5.5974489e-01
 -6.2421417e-01
 -6.8172795e-01
 -2.6972272e-02
 -1.4672323e+00
  3.5751626e-01
  6.2778637e-02
 -2.4516580e-01
  2.1309115e-01
  6.9708723e-01
  9.0214759e-02
 -4.3395981e-03
 -1.3903713e-01
 -8.9894366e-01
 -2.3206481e-01
  1.4336812e-01
 -2.1559808e-01
 -6.5352654e-01
 -4.2551538e-01
  1.3491318e-01
  3.2723933e-01
 -2.1038803e-01
  1.3524906e-01
 -1.1005903e-01
 -9.5092356e-03
 -1.3745840e-01
  1.4511514e-01
  6.8155631e-02
 -1.5391751e-01
 -2.5912178e-01
  4.2633551e-01
 -3.5183117e-02
 -4.7900343e-01
 -3.5269119e-02
 -5.0821368e-02
  1.6865195e-01
 -3.1655905e-01
  9.9655218e-02
 -5.0497785e-02
 -2.0907567e-01
  5.7737631e-01
 -1.3436985e-01
  1.1743001e-01
 -7.7269226e-01
 -7.3892049e-02
 -4.2505421e-02
  4.0829580e-02
 -7.5431448e-01
  1.3686953e-01
  4.0054283e-01
 -8.3680145e-02
 -1.5607532e-03
 -6.1694974e-01
  1.0981190e-01
  2.5311372e-01
  5.3595021e-02
  7.2022865e-04
 -1.8486291e-01
  5.9110813e-02
 -3.3134967e-01
 -4.2059624e-01
  1.1917766e-01
 -4.1015834e-01
  2.4527062e-01
  1.8693604e-01
  1.6357724e-01
 -5.1985078e-02
 -1.1892822e-01
 -3.5743436e-01
  5.8270907e-01
  1.9692759e-01
 -5.7616062e-02
 -5.8607435e-01
  1.3733958e-01
 -7.2614163e-02
  1.1829793e-01
 -4.8945910e-01
 -7.1096629e-02
 -6.4296864e-02
 -3.9339751e-01
  2.3943141e-02
  2.3885690e-01
  1.1557703e-01
  1.0453637e-01
 -3.9288744e-02
  3.3441606e-01
  6.1161685e-01
  3.6086479e-01
 -1.4350519e-01
  1.0971379e+00
  1.6468082e-02
  3.0747849e-01
  1.2865980e+00
  4.4761062e-01
  3.3756441e-01
 -2.0237575e-01
 -1.7876658e-01
 -1.6836357e-01
  1.8056950e-01
  8.8670671e-02
  1.6226280e-01
 -2.2313409e-01
 -5.7890809e-01
 -3.5513055e-01
  4.1380781e-01
  4.7069311e-02
  4.2219341e-02
 -2.3453161e-01
  6.5542556e-02
  5.9208740e-02
  3.9657894e-01
  2.1962956e-02
  1.6392492e-02
 -1.7831799e-02
  7.9187006e-02
 -1.4567731e-01
  2.0431664e-02
 -4.4337519e-02
  4.3561690e-02
 -1.9909294e-01
 -2.1554177e-01
 -5.6931376e-01
  9.1668820e-01
  5.5284657e-02
 -8.9638337e-02
  2.7549696e-01
 -1.6892567e-02
 -7.7502772e-02
 -7.4971139e-02
 -2.1653865e-01
 -1.0202473e-01
  2.0339350e-01
  8.1538945e-01
  1.2450697e-01
  1.3330139e-01
  4.4300206e-02
  3.5692509e-02
 -5.5942301e-02
 -4.5549399e-01
  3.2243761e-01
 -2.3406042e-01
  6.9779441e-02
 -1.5454191e-02
  1.7388828e-01
 -7.0919536e-02
 -1.3056131e-02
  8.1062031e-01
  2.4880150e-02
  4.4321305e-01
  9.4828814e-02
 -2.1761163e-01
 -3.8103348e-01
  5.3334260e-01
 -2.4854992e-01
  4.6991259e-02
  1.8434711e-02
 -1.3717448e-02
 -4.5018807e-02
  6.3084537e-01
 -2.5171089e-01
 -2.1287572e-01
 -6.0628957e-01
 -7.1140665e-01
 -5.3982967e-01
  4.7984934e-01
  1.7507878e-01
 -9.3591094e-02
  7.0436007e-01
  2.8312398e-02
 -1.8184116e-01
  8.3357894e-01
  1.3145478e-01
  1.7916681e-01
 -4.2676261e-01
 -4.2380195e-02
 -1.2443556e+00
  4.1775355e-01
  1.2921135e-01
 -1.5103813e-01
  3.2828686e-01
 -1.4551136e-01
 -2.5358677e-02
 -5.7975733e-01
 -2.6164728e-01
  9.7172543e-02
 -5.5392265e-01
 -4.2125005e-01
 -2.0251249e-01
 -2.4110329e-01
 -1.8515861e-01
 -1.9106668e-01
  3.2195103e-01
 -5.1931572e-01
  5.0841039e-01
  9.3493462e-03
  1.0708533e-01
  1.9526365e-01
 -4.0856145e-02
  7.0660859e-01
  9.2966706e-02
 -4.4016395e-02
 -1.5603635e-01
  7.1358615e-01
 -4.0975395e-01
  4.2761457e-01
  6.5667915e-01
 -2.8195873e-01
  1.8037075e-01
 -1.1858369e-01
 -3.1154633e-01
 -3.2575227e-02
  1.7782532e-01
 -4.6845278e-01
  5.9085712e-02
 -1.3124520e-01
  1.0377987e-01
  5.7988214e-01
 -3.3022009e-02
 -5.6297556e-02
 -6.3820183e-02
  6.2257317e-03
  5.0180973e-03
 -3.8187632e-01
  3.5542562e+00
  2.6155600e-01
  3.3267081e-01
 -1.7768764e-01
  6.6651088e-01
 -3.2111579e-01
  4.0738320e-01
 -6.6440272e-01
  1.9802846e-01
 -6.7558485e-01
  5.2713490e-01
 -1.0368189e-01
 -3.2163221e-02
 -3.3058919e-02
  1.5095856e-02
 -2.4320173e-01
  5.6811911e-01
 -1.6106555e-01
  2.3300274e-01
  2.6474684e-01
 -3.0233556e-02
  4.3487594e-02
  1.2536724e+00
 -4.4188029e-01
  1.9766420e-01
  9.8597601e-02
  2.8487083e-01
  1.5355267e-01
  2.9911137e-01
 -7.1354365e-01
  1.8102121e-01
  3.2654440e-01
 -1.7175137e-01
 -5.5209285e-01
  1.6333295e-01
 -1.4125893e-02
  4.4429404e-01
  1.0512930e-01
 -5.0584698e-01
 -2.4402028e-01
  6.7788279e-01
 -8.1815875e-01
 -3.8992709e-01
  1.0697147e+00
  2.9574805e-03
 -2.9676700e-01
 -6.8301290e-01
  1.7768660e-01
 -5.9095792e-02
 -6.3672140e-02
  3.3093122e-01
  9.7161129e-02
  2.0556624e-01
  4.4430941e-02
 -1.7717887e-01
  4.6228874e-01
 -1.0263965e-01
 -1.9314539e-01
 -2.3656583e-01
  2.2173512e-01
  2.3054662e-01
  3.3956832e-01
 -2.5868334e-02
  1.7308845e-01
  9.4927415e-02
 -4.6131283e-01
 -5.7048440e-01
  8.3160192e-02
 -3.5321280e-01
 -2.2426705e-01
  3.4850931e-01
  2.2205546e-01
 -1.1785728e-01
  1.1594389e-01
 -2.9447603e-01
  2.0614268e-01
 -7.2600216e-02
  6.4459279e-02
  2.1549161e-01
  1.9683203e-02
  3.6100352e-01
  6.7281798e-03
  1.7925818e-01
  1.2130564e-01
  2.4556464e-01
  1.0296983e-01
 -6.9324449e-02
 -3.6570892e-01
  1.4141548e-01
  8.4461488e-02
 -5.9040457e-01
 -1.7947111e-01
  9.0440655e-01
 -3.7842841e+00
  3.2095185e-01
 -8.5791662e-02
  6.2016528e-02
  3.2395333e-01
 -6.2255755e-02
  1.2672610e+00
  2.7360362e-01
  2.7529825e-02
 -6.9865450e-02
  3.7920557e-02
 -2.4559826e-01
 -6.0103469e-02
 -5.8511710e-01
 -2.7952080e+00
 -3.0702129e-01
  1.1787035e-01
 -3.8548940e-01
 -6.9030598e-02
  3.2913499e-02
  5.5139229e-02
  2.7187657e-01
  9.2582822e-02
  2.4976695e-01
 -1.8974006e-01
 -6.1756396e-01
  9.1402012e-01
  4.3791980e-01
  2.5931978e-01
 -4.8562092e-01
  2.6848626e-01
  4.8166198e-01
  4.8775512e-01
 -4.4156748e-01
 -3.7802644e-02
 -2.8195399e-01
  3.5684749e-01
  4.0442449e-01
  3.7258402e-03
  3.6521088e-02
  1.2467881e+00
 -2.6172337e-01
  1.0272503e+00
  4.1286743e-01
  9.5989041e-02
 -9.2786527e-01
  1.8543805e-01
  4.0786613e-02
  6.0592663e-01
  2.8983727e-01
  1.2410947e-01
 -1.7519161e-01
  6.4484380e-02
  4.5178127e-03
 -1.7682131e-01
 -7.0757085e-01
  3.7267226e-01
  1.7242579e+00
  1.8757457e-01
  5.4260170e-01
  1.1183585e-01
 -7.4227758e-02
 -4.1544226e-01
  1.4048094e-01
  2.4245235e-01
 -2.1529089e-01
 -2.6870679e-02
 -1.8581817e-02
  1.4184451e-01
  3.2351920e-01
  1.6894784e-02
 -1.0281228e-01
  5.1399732e-01
  6.8978471e-01
  5.8459055e-01
  3.9014235e-02
  8.4052019e-02
 -2.1835747e-01
 -1.0127866e-02
 -6.8200421e-01
  1.1558426e-01
 -7.7054936e-01
 -2.1332681e-01
 -1.0657378e-01
  4.0894997e-01
  2.2545677e-01
 -2.1256867e-01
 -3.6930314e-01
 -7.5013340e-01
  5.2270409e-02
 -4.5494932e-01
 -2.8361967e-01
  1.7826039e-01
 -2.2650149e-01
 -8.2022874e-03
 -1.8840419e-02
 -6.2941563e-01
 -2.1275601e-01
  8.2961045e-02
  2.7628660e-01
 -5.0435819e-02
 -6.4745054e-02
 -5.1144063e-01
 -1.4464644e-01
 -2.4294842e-02
 -1.5556258e-01
 -2.4659950e-01
 -2.3469307e-01
  9.3837130e-01
  2.6882461e-01
  3.8010591e-01
 -4.9599102e-01
 -1.7896146e-03
  2.2895783e-01
  3.8198896e-02
 -6.0837245e-01
 -2.9986659e-01
 -1.2920964e-01
  5.1980865e-01
  2.6966792e-01
  1.2429439e-02
 -2.5252989e-01
 -4.1935276e-02
  2.6236054e-01
  2.4780840e-02
  3.9447406e-01
 -8.8493085e-01
  1.0581077e+00
 -9.2336369e-01
  9.0085602e-01
 -1.7130727e-02
  2.5578374e-01
  6.9279182e-01
  1.4753399e-02
 -5.8651380e-02
  2.2126563e-02
  1.8170898e-01
 -6.9953007e-01
 -2.2865541e-02
 -3.6231512e-01
  2.3887987e-01
  3.2528780e-02
  1.3039245e-01
  7.0184067e-02
 -1.1690740e-01
  1.1966120e+00
  5.8603519e-01
 -6.9635168e-02
  2.7697090e-02
  1.3390866e-01
 -7.7692159e-02
  7.2608680e-02
  6.1775714e-01
  3.0812072e-03
 -7.5985037e-02
 -2.0238158e-01
  4.3626451e-01
 -1.0467532e-01
 -1.8415332e-01
  5.8144495e-02
  1.1842460e-01
  1.5746373e-01
  2.5685257e-01
 -3.5045808e-04
 -4.8084415e-02
  3.3385667e-01
 -3.6801711e-01
 -8.7666297e-01
 -1.2555668e-01
 -2.7978513e-01
 -3.7130126e-01
  6.8287927e-01
  4.4562796e-01
 -7.7885792e-02
 -2.1342562e-01
 -4.7346562e-01
  1.5456901e-01
 -1.3982968e-01
  1.8361102e-01
 -1.6309378e-01
 -4.6472974e-02
 -1.3451627e-01
  3.7086433e-01
 -2.0943005e-01
  1.3956748e-01
  3.9516011e-01
  4.3521973e-01
  4.8685163e-02
 -4.3000388e-01
 -4.4199172e-02
  1.0680941e-01
 -3.9816827e-02
  5.7389125e-02
 -1.1254960e-01
 -1.4352089e-01
 -9.4464496e-02
  3.5363010e-01
  2.2828683e-01
 -5.4071760e-01
 -1.9238447e-01
 -4.0384629e-01
 -9.0969950e-03
 -2.0979072e-01
 -8.4614404e-02
 -4.3227106e-02
 -1.5172369e-02
 -1.0897969e-01
 -2.9506725e-01
 -2.3694187e-01
 -6.2822384e-01
  1.0800210e+00
  2.9055941e-01
  3.9815557e-01
 -5.8546209e-01
 -4.0297288e-01
 -1.7125723e-01
 -1.6102329e-02
  1.7173299e-01
 -5.3317022e-01
 -3.9318702e-01
 -9.7349606e-02
 -3.2022789e-01
 -4.1646041e-02
  1.0900379e-01
 -6.7714524e-01
 -6.4100430e-04
  3.5899907e-01
 -2.8509048e-01
 -2.9385698e-01
 -6.3643016e-02
  1.4854892e-01
  2.0363374e-01
  5.7104427e-01
  6.0426898e-02
  5.9106994e-01
 -3.2184890e-01
  1.6472237e+00
 -5.5654854e-02
 -1.4397721e-01
  1.3441566e-01
  4.7210250e-02
  5.1325130e-01
  3.8131721e-02
 -3.6684368e-03
 -3.5145032e-01
  2.1254396e-02
  4.4591370e-01
  6.3659132e-02
 -5.7409221e-01
 -1.6952881e-01
 -1.5877983e-01
  2.2983783e-01
 -1.9334936e-01
  2.8117243e-02
 -2.2803470e-01
  8.5608023e-01
 -3.3328824e-02
  4.7014451e-01
  6.5327489e-01
 -1.6053903e-01
 -6.4129943e-01
  4.4060531e-01
  3.8226996e-02
 -1.6921729e-01
 -6.5017354e-01
 -4.0861079e-01
  4.3167140e-02
 -9.2298627e-02
  3.8708940e-02
  9.0243280e-02
  1.5040538e+00
  1.4148012e-01
  2.9464301e-01
 -2.8447443e-01
  1.2098385e-01
 -3.2340714e-01
 -3.0768447e-02
  8.6517262e-01
  3.0332269e-02
  1.0817803e-01
  4.1249004e-01
 -3.4290397e-01
 -4.8088914e-01
 -4.6706146e-01
  3.6270338e-01
 -3.0820552e-01
 -3.1158745e-01
  2.6021698e-02
 -6.8764538e-02
 -2.3452204e-01
  2.3344858e-01
 -7.1010634e-02
 -1.2792008e-01
 -1.9584130e-01
 -3.8969567e-01
  3.4178898e-02
  1.7026761e-01
 -2.1894012e-01
 -1.9278933e-01
  9.5590740e-02
  2.1579176e-01
 -2.0256408e-02
  2.4522562e-01
 -1.9493964e-01
 -5.7867114e-02
 -9.9090755e-02
 -6.0106528e-01
  5.3151827e-02
  1.0385122e-01
 -2.5805688e-01
 -2.4315268e-02
 -2.4434696e-01
 -2.5829300e-01
 -5.8219206e-01
  1.4037991e-01
  3.2484168e-01
 -6.7337200e-02
  4.8403360e-02
  6.9685799e-01
 -9.1647938e-02
 -7.8659904e-01
 -6.3276984e-02
  3.1635082e-01
 -3.8354525e-01
  3.3882171e-01
 -1.3769411e-01
  8.7035939e-02
  6.7833281e-01
 -4.0549117e-01
  8.0548540e-02
 -1.3271955e-01
 -1.9194624e-01
 -9.4296664e-02
  1.7194510e-01
  2.3909609e-01
 -1.0941369e-01
 -7.5963080e-01
 -4.2296883e-01
 -2.5627169e-01
 -4.5967381e-02
 -1.3149770e-01
 -1.9378173e-01
  5.0740421e-01
 -4.0129942e-01
  2.9835454e-01
  1.5833895e-01
 -1.0784990e-01
  2.8876368e-02
  4.7358015e-01
 -1.3341063e-01
  3.6510852e-01
  1.1983274e-02
  2.2805053e-01
 -2.7405342e-01
 -2.6843852e-01
  6.4267896e-02
 -3.0786866e-02
  2.6804224e-01
 -3.9123181e-01
 -4.6934086e-01
 -1.6210459e-01
  1.4277032e-01
  2.1182571e-01
 -1.5908439e-01
 -3.3155289e-01
 -4.5280492e-01
 -3.6315066e-01
  1.9013965e-01
  4.1986406e-01
  6.9116727e-02
 -3.3981141e-02
  5.9706300e-02
 -3.4948453e-02
  9.3030728e-02
  5.1252592e-01
  1.7078312e-01
 -4.7552502e-01
  1.9811913e+00
  9.9254265e-02
 -1.1123924e-01
 -4.8413682e-01
 -1.3447949e-01
  2.2303152e-01
  3.2563072e-01
 -2.4189037e-01
 -3.5919555e-02
 -7.0943558e-01
  9.3121596e-02
  1.7921856e-01
 -5.8017540e-01
 -6.6821210e-02
  2.8085658e-01
 -3.2522589e-01
  1.0464809e+00
  2.0859723e+00
  1.3723466e+00
  3.6373395e-01
 -1.3684438e-01
  1.2040476e+00
 -5.5920020e-02
  1.9690318e+00
 -6.0826552e-01
 -3.1163297e+00
  6.3218057e-01
  1.0424995e-01
  2.2318947e+00
  3.8131750e-01
  5.1134771e-01
 -6.5490782e-01
 -3.3327031e-01
  2.3587300e-01
  2.2772120e-01
  1.6686187e+00
 -2.3008433e-01
  1.1683335e+00
 -4.3306042e-02
 -4.1042268e-01
 -4.6091774e-01
 -2.1708417e-01
  1.7160682e-01
  2.3872454e-01
  8.0726705e-02
 -1.5010805e-01
 -4.2193551e-02
 -3.4506342e-01
  2.2810379e-01
  8.7846965e-01
  9.3274219e-03
  4.9613348e-01
  1.0922634e-01
  3.3602014e-02
  1.2267579e+00
 -4.6713310e-01
  3.6924478e-01
 -1.0712676e-01
 -3.1377518e-01
  9.7363985e-01
 -3.3486214e-01
  5.1184970e-01
 -1.2417383e-01
 -1.4309707e-02
  5.7205975e-01
  1.3232991e-01
 -7.6637670e-02
  7.2761226e-01
 -8.7299719e-02
 -8.1339914e-01
 -1.0164826e-01
 -3.3192241e-01
  2.6423028e-01
  4.7248322e-01
 -1.8996635e-01
  3.9464571e-02
  6.0320016e-02
 -2.2765818e-01
  1.5738711e-01
  2.7202018e-02
  3.7444532e-01
  2.6223326e-01
  3.4187749e-01
 -2.6243400e-02
 -1.1194973e-01
 -3.5359004e-01
 -8.0375880e-02
 -4.7555923e-02
  2.9193550e-01
  2.5604594e-01
 -1.5438001e+00
  1.2272989e-01
  8.8835731e-02
 -6.1542377e-02
  3.3395833e-01
 -1.5784827e-01
 -3.7480599e-01
 -3.9966533e-01
  1.7714752e-01
 -3.0760348e-01
  2.0393714e-01
 -4.7947311e-01
 -1.2754489e-01
 -2.8809455e-01
 -1.4334913e-01
 -1.0747475e-01
 -4.8644978e-01
  1.4743683e-01
  1.4531012e-01
 -3.4700345e-02
 -2.4584065e-01
 -4.7949731e-01
  2.9708546e-01
 -4.8044350e-02
 -1.7896184e-01
 -4.6674567e-01
  6.7869759e-01
 -5.6868517e-01
 -1.5211538e+00
  4.1933697e-01
 -1.4566390e-02
 -1.6363293e-01
 -4.3659204e-01
 -7.0553228e-02
 -8.4275946e-02
 -7.4256338e-02
 -1.3510230e-01
 -2.0729633e-01
  4.7995752e-01
 -4.6436042e-02
 -2.8584918e-01
  1.1084804e-01
 -4.2797676e-01
  1.7401637e-01
  5.3603345e-01
  2.2976802e-01
 -4.1066721e-01
  1.1038268e-01
  3.0199252e-02
 -1.6163941e-01
 -1.5766701e-01
  5.9985846e-01
 -3.1436262e-01
 -3.1377238e-01
 -2.1829362e+00
  2.2541459e-01
 -1.4924672e-02
 -2.4639849e-01
 -9.9702573e-01
 -1.3015166e-01
  1.5159140e+00
 -4.0204543e-01
 -3.0826512e-01
  2.5494400e-01
  4.7757047e-01
  5.7369810e-01
 -1.6041182e-01
  1.0790639e+00
  1.7596596e-01
  2.1901983e-01
  2.4226795e-01
  1.2211844e+00
  4.7837012e-02
  4.8571804e-01
 -5.2803129e-01
  3.7198445e-01
 -2.1446381e-02
  1.7102572e-01
  1.4681191e+00
 -1.7394945e-01
  6.2607461e-01
  3.5287228e-01
  3.6746222e-01
  1.2621535e-01
  1.4307548e-01
 -1.0637081e-01
  2.0008583e-01
  1.3991815e-01
 -5.5481877e-02
  1.5717272e-01
 -8.7919943e-02
 -6.0475785e-01
  4.7755754e-01
  5.3347033e-01
 -2.8375670e-02
  5.2993011e-01
 -4.0154609e-01
  6.9104582e-02
 -4.5581795e-03
  2.0619852e-02
  3.2465804e-01
  2.6563844e-01
  1.9393837e-01
  4.8947081e-01
  3.5373425e-01
 -3.6996511e-01
  3.1944785e-01
  7.8536041e-02
 -2.4056740e-01
 -9.9969432e-02
  5.6685399e-02
  6.3190186e-01
 -3.5339594e-01
 -1.1605672e-01
  4.0663454e-01
  1.5441999e-01
  3.4513041e-01
 -1.5512028e-01
 -1.4755124e-01
 -2.2700834e-01
  1.0857788e-01
 -2.2619241e-01
  2.4947342e-01
 -2.2565418e-01
 -1.1319291e-01
 -1.7432447e-01
 -2.0945744e-01
 -4.5643431e-01
  2.0825423e-02
 -5.9423387e-02
  6.4798772e-02
  3.2852530e-01
 -2.3451070e-01
  8.0533445e-02
  7.9875845e-01
 -4.2408686e-02
 -1.8978509e-01
  4.8706494e-02
 -4.1205981e-03
  7.9038396e-02
 -4.4409961e-01
 -1.2861769e+00
 -1.6945596e+00
 -1.1653882e-01
 -8.3642828e-01
 -1.0797273e+00
 -5.1612252e-01
 -1.2072486e+00
  6.3478708e-02
  9.0333268e-02
 -1.8998133e-01
  8.7710726e-01
  6.5475695e-02
  1.4746540e+00
  3.6075568e-01
  5.5630648e-01
  3.4442216e-01
  1.7334916e-01
 -2.2380764e-02
  2.6732811e-01
  1.7062597e+00
  6.4263570e-01
 -2.1801424e+00
 -2.6726204e-01
  1.2289020e-01
  6.3228029e-01
  9.7978777e-01
  1.3396977e+00
  2.6527357e-01
 -2.2920249e-03
  1.0731041e+00
  7.7486642e-02
  5.1927973e-02
  1.5066358e+00
  7.0288467e-01
 -8.8251102e-01
 -3.8901770e-01
  5.8231461e-01
 -4.8515987e-01
 -2.6352307e-01
  3.6761236e-01
  5.8963954e-01
  7.7640140e-01
 -1.8894549e-01
  5.6744955e-02
 -2.1332897e-01
 -2.7070894e+00
  4.5198640e-01
  4.3139252e-01
  8.3155936e-01
 -5.0365493e-02
 -8.6908462e-04
 -9.5336705e-02
  4.0614817e-02
  1.3614915e-01
 -2.3600173e-01
  2.8561047e-01
 -4.9267389e-02
 -3.0269942e-01
 -7.6589048e-02
  2.2154862e-01
  1.3023132e-01
  3.0890894e-01
 -4.5745518e-02
 -1.3609701e-01
 -8.1507355e-02
 -3.2458594e-01
  6.3764587e-02
  5.6496888e-01
  1.5660606e-01
 -1.4757769e-01
 -1.7951503e-01
  1.0884822e-01
  6.0142323e-02
  3.4098247e-01
 -8.7009177e-02
 -2.0353155e-01
  5.8496678e-01
 -1.4557400e-01
 -2.1125916e-01
 -2.9119788e-02
  1.9403470e-01
 -2.5919282e-01
  3.7549615e-01
  1.8745625e-01
 -2.6085037e-01
  6.9902450e-01
 -8.6384289e-02
  3.8760158e-01
  2.3544300e+00
 -1.2009717e+00
 -6.7548257e-01
  1.0052189e+00
 -6.6022712e-01
 -1.4798063e+00
 -5.6257981e-01
 -1.5275818e-01
 -4.7657263e-02
 -8.0257326e-02
  1.8322001e-01
 -4.4000956e-01
  3.1282385e-03
 -1.0427020e-01
  4.6977019e-03
 -2.8806508e-02
 -5.1030600e-01
  5.6470454e-02
 -7.3075467e-01
  1.0528596e-01
  9.8399445e-02
  6.7453051e-01
 -2.6742306e-02
 -4.7720748e-01
  4.8758113e-01
  8.2901728e-01
 -1.1291931e-01
  3.7120149e-02
  3.1641725e-01
 -2.2291803e-01
 -3.2928962e-01
  2.8988756e-02
  7.0847982e-01
  1.4724644e-01
  1.5127878e-01
  4.0771776e-01
 -4.6760038e-01
  2.0231324e-01
  2.3752964e-01
 -3.4528700e-01
 -4.0449160e-01
 -1.3236533e-01
  5.6974053e-01
 -5.2715075e-01
 -2.8786315e-02
 -5.0676379e-02
  3.6109090e-01
  9.2225291e-02
  9.0667650e-02
  5.6582177e-01
 -3.0714995e-01
 -1.9995211e-01
  2.7846882e-02
 -7.9300761e-01
  3.3793039e+00
 -3.0438611e-01
  1.3980681e-01
 -2.8981194e-01
 -9.3952811e-01
  2.5919366e-01
 -1.4313600e+00
  3.5121802e-02
  3.2528457e-01
  3.8257632e-01
  4.1610402e-01
 -8.6965539e-02
  3.7517142e-01
 -5.7460773e-01
  2.0978758e-02
  3.2730904e-01
  1.6820989e+00
 -3.1121889e-01
  9.5792389e-01
 -3.5551882e-01
 -7.1354139e-01
 -3.9548823e-01
 -1.4035027e-01
  3.0172476e-01
  2.5629291e-01
  2.6782599e-01
 -3.0253485e-02
 -5.5909067e-01
 -7.7235413e-01
  2.4919176e-01
 -1.2508250e-02
 -4.4173238e-01
  1.6507271e-01
 -5.6518698e-01
 -2.4048194e-01
  2.2359595e+00
  5.6369764e-01
  2.4061480e-01
  5.0565735e-02
  7.5089775e-02
 -5.9137098e-02
 -1.4172660e-01
 -4.7940023e-02
  4.5044161e-02
  1.6293831e-01
 -4.7255260e-01
 -3.4695503e-01
  1.4257593e+00
  1.8444458e-02
  7.5166114e-02
  3.5552222e-01
 -1.1776658e+00
 -5.5156395e-02
 -4.6108000e-02
 -8.1166035e-01
 -4.9806729e-02
  7.5859958e-01
  9.3783876e-03
  4.0060684e-01
 -2.3400113e-02
  4.8331350e-01
  1.1410453e-01
 -3.2550737e-01
  1.0276575e+00
 -2.6087096e-01
  2.6142767e-01
 -7.8280920e-01
  1.1565724e-01
  6.1373132e-01
  8.6271521e-03
  4.2145649e-01
 -1.6803171e-02
 -5.1258111e-01
  4.4835517e-01
 -7.8435875e-03
 -2.2210249e-01
 -1.1307989e-02
 -2.2367802e-01
  9.6100859e-02
 -1.0832969e-01
  3.4506983e-01
  1.2622613e-01
 -8.4951900e-02
  9.8065093e-02
 -1.1230800e-03
  2.7842641e-01
 -9.8553145e-01
 -1.8530287e-01
  1.1180525e+00
  4.6211159e-01
  6.9760019e-01
 -4.0629137e-01
  1.2460238e-01
  6.7848146e-01
  2.3802049e-01
 -8.9814380e-02
 -4.8532054e-01
  4.3999586e-01
 -2.3563048e-01
  3.6420384e-01
 -2.7780598e-01
 -5.6077194e-01
 -2.8539151e-01
 -2.5904751e-01
  1.2977979e+00
  3.3304378e-01
  2.8767198e-02
 -3.5024613e-01
  4.8509013e-02
 -8.6101837e-02
  3.5018328e-01
 -9.0062298e-02
  6.2178969e-01
 -5.4464257e-01
  3.4272838e-01
 -6.2316366e-02
  3.3594915e-01
 -1.0365310e+00
 -1.8459767e-02
  9.6529824e-01
 -6.3489217e-01
 -8.3406550e-01
  5.3813297e-01
 -6.7880327e-01
 -2.9580556e-02
 -1.3971370e-01
  1.1171943e+00
 -3.2258010e-01
  5.3478396e-01
  2.1810767e-01
  9.3147337e-01
  2.7822876e-01
  3.4489962e-01
 -8.6647600e-01
  2.0219207e-01
 -3.0555522e-01
 -8.2436413e-02
  7.3889595e-01
  1.2330316e+00
  5.4078597e-01
 -4.1438815e-01
  1.1704088e+00
  7.8533423e-01
 -2.6150379e-01
  2.2428086e-01
 -1.6275803e-02
  4.0632126e-01
 -1.3038943e+00
  1.5518432e+00
 -9.2607468e-01
 -1.3155265e+00
  1.3249089e+00
  1.4607915e-01
 -4.7245517e-01
 -8.3977021e-02
  8.8464648e-01
  1.1674902e+00
 -4.1428557e-01
 -4.8104158e-01
 -6.5959466e-01
  1.1383854e-01
 -1.1471504e+00
 -4.2133108e-01
  4.9744332e-01
 -4.2102829e-01
 -5.4277873e-01
 -6.8299241e-02
 -6.6585124e-01
 -7.7078581e-01
  3.7832428e-02
  2.5854594e-01
 -2.1497026e-01
 -3.7013850e-01
  1.6401352e-01
 -7.3523447e-02
 -2.1807767e-01
  2.7286270e-01
  7.2405778e-02
  1.7097791e-01
  2.0041943e-01
 -6.1662924e-01
 -5.7013217e-02
  6.7317165e-02
  1.1260947e-01
  2.7793637e-01
  9.5119188e-04
  6.1234885e-01
 -1.1464562e-01
 -8.5219860e-02
  2.7550524e-03
 -4.2949948e-02
  8.3216265e-02
 -5.9133284e-03
  1.0875739e+00
  2.5735056e-01
  2.1781446e-01
 -2.4528371e-01
 -4.1663945e-01
 -1.9637683e-01
  1.6643983e-01
  1.2818390e-01
 -1.5291376e-01
 -5.7080012e-02
 -3.1622306e-02
 -4.0553841e-01
 -7.0155248e-02
  2.5348094e-01
  2.0294903e-01
 -1.2771481e-01
 -1.5405187e-02
  3.1303886e-01
 -2.2868140e-01
 -2.4630599e-01
 -2.5163627e-01
  2.8860521e-01
  3.4396869e-01
  5.5751485e-01
 -5.5263245e-01
  2.2014524e-01
  1.2164681e-01
 -1.8418285e-01
  2.4623477e-03
  5.2821875e-01
  2.6453547e-02
 -1.8546071e-02
  5.7871199e-01
 -7.9196714e-02
  1.3298389e-01
  4.0230745e-01
  1.8576935e-01
  1.4126643e-02
 -3.3477926e-01
  1.3193463e-01
 -3.2734782e-02
 -3.4411162e-02
  2.3752929e-01
  4.3267310e-01
 -5.0840431e-01
 -5.3168155e-02
 -2.5690398e-01
 -2.0966305e-01
  4.4196948e-01
  1.2938070e-01
  4.8784754e-01
  3.0433175e-01
 -3.9885154e-01
 -3.1875923e-02
 -2.3956761e-01
  5.2867901e-01
 -5.4491535e-03
  3.5888743e-01
 -3.5991739e-02
 -3.2997113e-01
 -4.4758815e-01
 -3.1267908e-01
 -2.4193619e-01
 -5.0359309e-02
  2.3175475e-01
  5.1672280e-01
 -3.0456480e-01
 -2.8134859e-01
 -2.1200323e+00
 -4.4058755e-02
 -1.7688207e-02
 -4.8249274e-01
 -1.4292819e-02
  1.9638333e-01
 -1.9319865e-01
  3.1962425e-01
 -1.4723167e-01
  1.8647842e-01
 -7.7174924e-02
 -1.1119001e-01
  3.0609813e-02
  1.9880301e-01
  2.8059182e-01
 -9.9977024e-02
  1.3982700e-01
 -3.9000055e-01
 -6.1156666e-01
  3.7497390e-02
 -1.5541303e-02
 -8.1868613e-01
 -5.1879525e-02
 -9.7996455e-01
 -1.3621369e-01
  3.9700113e-02
  5.4267156e-01
 -7.1271288e-01
 -5.0668448e-01
  2.1865973e-02
 -6.4362176e-02
 -1.7897181e-01
  2.3679617e-01
  1.4779882e-01
  8.2632020e-02
 -2.7041036e-01
  4.9714051e-02
 -2.5278935e-01
 -1.4742003e-01
  2.9087788e-01
  8.0398656e-02
 -1.2110762e-02
  1.0391985e-01
 -9.4298221e-02
 -4.9217826e-01
  4.2659891e-01
 -1.7220967e-01
  2.4544556e-01
 -5.7226163e-01
 -2.7329230e-01
 -5.3802854e-01
 -7.0107728e-01
 -5.2951872e-01
  5.4060195e-02
  6.1843985e-01
  2.8902322e-01
  2.3237804e-01
 -8.9134537e-02
  2.2758469e-01
 -5.8662847e-02
  2.3087281e-01
  5.7265870e-03
 -1.4026375e-02
 -5.7021737e-01
 -6.3208424e-02
  7.9498494e-01
 -2.1163838e-01
 -2.3394063e-01
  4.2640236e-01
 -5.9217818e-02
 -1.3740824e-01
  1.1126282e-01
  1.5627934e-01
 -5.0700390e-01
 -7.1477997e-01
  5.7746369e-01
  6.9531286e-01
  1.2109336e-01
  6.2099099e-03
  1.1000942e-01
  2.3065777e-01
 -1.1165871e-02
  1.6375357e-01
  5.9227847e-02
 -6.2902883e-02
 -9.4185583e-02
 -5.5103768e-02
 -1.1449110e-01
  1.8985003e-01
  3.0019677e-01
 -1.9410649e-01
 -2.4512323e-02
 -1.9702880e-01
  2.7285850e-01
 -4.5361182e-01
 -4.5891013e-02
  9.1140914e-01
 -6.7494154e-01
  7.6026276e-02
  2.7735773e-01
 -5.9001960e-02
  2.7598837e-01
 -7.8099787e-02
 -3.6189568e-01
 -5.9330070e-01
 -7.0155468e-03
  2.6234543e-01
 -4.8703704e-02
 -8.5756838e-02
 -5.1873673e-02
  1.8455172e-01
  4.8568696e-02
  2.4098149e-01
  1.8588968e-01
  2.4903466e-01
 -2.5208703e-01
  6.1619973e-01
  2.8968994e-03
  8.9210582e-01
 -3.9876588e-03
  4.2967561e-01
  6.0965937e-01
  4.9916553e-01
 -1.6024494e-01
  2.7963504e-01
 -6.6639625e-02
 -8.4185474e-02
 -7.0989504e-02
  9.7899795e-02
 -1.9986789e-01
  1.9334760e-01
  1.4329106e-02
 -7.4136657e-01
 -2.7803449e-02
 -6.1640218e-02
 -1.4858425e-01
 -7.7477410e-03
  2.4327280e-01
  2.9225573e-01
  4.2635384e-01
 -1.6127867e-01
 -9.4119161e-01
  1.3597038e-02
 -1.0441126e+00
 -1.7463367e-01
 -9.2036631e-03
  5.7333481e-01
 -2.2996874e-01
  3.4857851e-01
  4.2967990e-01
  1.9245374e-01
 -6.0440257e-02
  7.1541011e-01
  1.4427935e-01
 -1.5306979e-02
 -5.6699634e-01
 -2.0010614e-01
  7.0351356e-01
  2.3897947e-01
  3.1192535e-01
  2.7031332e-01
 -8.1503354e-02
 -3.4224492e-02
  6.6004843e-02
 -1.8490140e-01
 -2.0494531e-01
 -9.1756225e-02
  2.1778971e-01
 -4.0766594e-01
 -6.7090593e-02
 -7.5160694e-01
  6.1772697e-02
 -1.2270094e-01
  2.2145855e+00
 -1.4205851e-01
 -2.1023971e-01
  1.3990772e-01
 -2.9445928e-01
  3.5021082e-03
  2.0245442e-01
 -1.3808742e-01
 -1.5490815e-01
 -1.3942684e-01
 -2.0005443e+00
  5.0249088e-01
  3.2115039e-01
  4.5055401e-01
 -1.8264182e-01
  1.7832653e-01
 -5.4423678e-01
 -5.5635225e-02
  1.0573250e-01
 -1.7834373e-02
 -8.0764964e-02
  1.1052337e+00
  4.6230939e-01
 -5.3142842e-02
  2.7648905e-01
  2.0843692e-01
  8.7605501e-03
 -2.9600963e-01
 -7.3476858e-02
 -2.4824342e-01
 -4.4270664e-01
  4.3056563e-01
 -4.6456841e-01
  1.5165606e-01
 -1.1996521e+00
  7.0796782e-01
  4.0356019e-01
 -7.8085534e-02
 -1.3873100e-01
 -3.1642517e-01
  1.8929902e-01
 -1.4688738e-01
 -1.6199774e-01
  1.6172667e-01
 -1.7527860e+00
  2.8507853e-01
 -4.5893461e-01
 -2.8209484e-01
 -1.4054662e-01
 -1.3453811e-02
  8.1035383e-03
 -1.2600015e-01
 -1.5202217e+00
  6.4818406e-01
 -1.1752742e-01
 -2.2778957e-01
 -8.5699707e-01
 -5.5978365e-02
 -7.4033749e-01
  6.5330183e-03
  8.6624718e-01
  1.9079255e-01
 -3.3355527e-02
 -9.8941511e-01
  1.9078898e-01
 -1.6836859e-01
 -5.4672587e-01
  6.9428869e-02
 -7.7353843e-02
 -2.2713915e-01
  1.2429392e-01
 -8.4557837e-01
 -5.9584576e-01
  6.3322127e-02
  5.1339167e-01
  2.7631417e-01
 -6.8681043e-01
  1.0725924e-01
  5.7288355e-01
 -3.8024008e-01
 -7.1554497e-02
 -5.8975303e-01
 -3.9840677e-01
 -2.1654619e-01
  1.4216720e-01
  4.7711468e-01
  6.5147635e-03
  6.4494498e-02
 -8.5448496e-02
 -4.7175750e-01
  2.3653008e-01
 -3.8769938e-02
 -2.2723984e-02
  5.7264972e-02
  4.5387730e-02
 -3.4133945e-02
  2.7509439e-01
 -8.9627214e-02
  2.4610358e-01
 -2.7566060e-01
 -2.8750440e-01
 -1.5085327e-02
 -3.3300016e-02
  7.6699883e-02
  1.6869333e-01
 -2.5279847e-01
  3.1521147e-01
 -4.9212274e-01
  2.2593324e-01
  2.5400290e-01
  2.2876862e-02
  2.5232416e-01
 -8.9126397e-03
 -2.2063286e+00
  8.0097413e-01
 -1.5074757e-01
  7.7862322e-01
 -2.5939941e-02
 -2.3747914e-01
 -1.7433833e-01
 -5.2788252e-01
  2.5543332e-01
  2.6839426e-01
  2.2544235e-01
 -5.1935967e-02
 -1.2228091e-01
  3.1262112e-01
 -6.8221670e-01
 -7.5967389e-01
  1.5358055e-01
 -1.1664443e-01
  2.1483943e-02
 -1.8492009e-02
 -3.8012052e-01
 -7.5981747e-03
 -8.4744766e-03
  4.1776776e-01
 -1.6768478e-01
  3.7266928e-01
  2.3945239e-01
 -1.8528764e-01
  3.3544672e-01
  2.7146900e-01
 -2.6905066e-01
 -1.9288149e-02
 -3.0116364e-01
 -3.2271063e-01
  3.2198364e-01
 -2.1028535e-03
 -1.4342707e-01
  1.3999709e-01
  1.2466220e+00
 -1.0185000e-02
  4.6214264e-02
 -7.0140824e-02
  2.1338156e-01
  2.6798102e-01
 -4.1856155e-02
 -1.2566786e-01
 -3.5717106e-01
 -6.8882532e-02
  1.0299094e-01
 -2.7075108e-02
 -1.2894002e+00
 -4.7099736e-02
 -2.7658600e-01
 -2.2252610e-02
  2.2925839e-01
 -3.3447808e-01
  9.1432810e-02
  9.8194502e-02
 -3.7015894e-01
 -5.4179400e-02
 -1.2556763e-01
 -1.5057248e-01
  7.2820932e-02
  2.7151254e-01
  2.9237530e-01
  4.5069811e-01
  2.4786988e-01
 -3.2566947e-01
  3.5110486e-01
 -3.8793305e-01
  6.2644869e-01
 -1.5085016e-01
  1.3515088e-01
 -7.9421055e-01
  1.6874704e-01
 -1.5778013e-01
 -1.9766439e-01
 -1.2349129e-01
  1.5693156e+00
 -8.4605253e-01
  5.9354854e-01
 -2.5301453e-02
 -1.9140564e-01
  2.3318453e-01
 -8.2881622e-02
  6.8762118e-01
  7.1047492e-02
 -1.6272323e-01
 -3.1597778e-01
 -1.2214649e-01
 -3.7711543e-01
 -2.1297193e-01
 -7.6782182e-03
 -1.4823983e+00
  1.9279182e-01
  9.7646242e-01
  4.4308238e-02
  3.0720541e-01
  1.0637118e+00
  1.0666669e-01
  6.4484626e-03
  2.0483857e-01
 -3.6123931e-01
  1.3057376e-01
  5.3686090e-02
  3.7797239e-01
  9.1689825e-01
 -2.2749092e-01
  5.5376738e-01
  6.5048158e-02
  1.4629328e-01
  7.8173864e-01
 -3.4489512e-01
  1.4255564e-01
  7.2803336e-01
 -4.0566981e-02
  3.7192234e-01
 -3.4192875e-01
 -5.9443045e-01
  5.9098202e-01
  1.7111041e-01
  5.6429736e-02
 -3.1225455e-01
  2.0140666e-01
 -8.8300723e-01
 -1.9143236e-01
 -1.2709381e-01
 -7.2601981e-02
  4.9016193e-02
  3.6788175e-01
 -1.1709987e-01
  9.4170719e-01
  2.6452538e-01
  1.4493993e-01
 -2.2714460e-02
  3.8228261e-01
 -2.5213647e-01
  3.7044382e-01
 -1.3573276e-01
  6.2051985e-02
 -5.8876574e-01
 -2.8488258e-01
  4.0376869e-01
 -1.2828025e-01
  1.1278555e+00
 -7.8827284e-02
 -1.6647458e-02
 -5.3194088e-01
  5.3420726e-02
  6.9616340e-02
  4.5295545e-01
  1.7774636e-01
  2.5986820e-01
  4.1860938e-01
  1.2490031e-02
 -2.7225092e-03
 -1.1532054e-01
  3.9662176e-01
 -4.8192558e-01
 -2.2082040e-01
 -7.2944891e-01
  1.3100313e+00
 -2.1478033e-01
 -5.5978596e-03
  2.4055654e-01
 -2.0920517e-02
  1.3396472e-02
 -2.6351362e-01
  5.7331599e-02
 -3.5233611e-01
 -1.0527803e-01
  4.1494530e-01
 -1.6096428e-02
  2.5136477e-01
 -6.1548680e-01
  1.2162647e-01
  4.2810848e-01
  6.2922013e-01
  4.9252689e-02
 -5.5289119e-02
  5.9125856e-02
  3.1077790e-01
  6.7061782e-02
  2.9396323e-02
  1.6154300e-01
 -9.7568624e-02
 -3.5356516e-01
  4.7477570e-01
 -5.8206415e-01
 -9.8849529e-01
  1.6741806e-01
 -7.1173102e-01
 -2.3034796e-02
  4.3908170e-01
 -1.5204051e-01
  4.0308315e-01
 -3.3534706e-01
  1.1242781e-01
  6.0326196e-03
  2.2406389e-01
 -5.7314314e-02
 -3.2991493e-01
  7.3383951e-01
  9.3052942e-01
  2.6338109e-01
 -2.4344887e-01
 -2.2887251e-01
  2.6186898e-01
  7.1204984e-01
 -8.0774106e-02
  6.7539710e-01
 -3.7186736e-01
  7.2914712e-02
 -2.6735255e-01
  2.6104234e-02
 -2.2459701e-03
 -4.5482237e-02
 -2.2902710e-02
  6.3671052e-02
 -1.7000064e-03
 -4.0074728e-02
  4.5384142e-01
  4.9505934e-02
 -1.2882917e-01
  1.2495628e-01
 -1.1562435e-01
 -7.7413052e-01
 -1.9890299e-02
 -6.7128783e-01
  2.9966541e-02
  4.9684301e-01
  5.7037462e-02
 -4.1209432e-01
 -1.7794405e-01
 -7.2490618e-02
  4.4465896e-02
  4.3083432e-01
  7.2732292e-02
  3.9560866e-02
 -2.3107523e-02
  1.3680160e-01
 -1.7655072e-01
 -1.9193706e-01
  6.3976920e-01
  1.5054211e-01
  9.4866849e-02
 -8.2688147e-01
 -1.6447774e-01
  1.4310777e-01
 -2.3120716e-01
  3.1061134e-01
  3.1748867e-01
  5.8842158e-01
 -1.7545816e-01
  1.2149166e-01
 -1.5523852e-01
  1.5481603e-01
 -6.9346553e-01
  1.6705265e-02
  7.6634012e-02
 -8.0822725e-03
  1.1904165e-01
  1.1518173e-02
 -3.9914468e-01
 -5.8365971e-01
  2.0449428e-01
 -1.0408292e-01
 -1.8308288e-01
  1.3026904e-01
 -4.4579571e-01
 -5.1252109e-01
 -4.9947006e-01
 -2.9691568e-01
 -7.7390365e-02
 -1.4428096e+00
  1.3227411e-01
 -1.0086410e-01
 -5.2419043e-01
 -8.1798933e-02
 -9.9992670e-02
  3.3662078e-01
  5.7342964e-01
 -9.6260548e-02
  3.1747654e-02
  8.4576346e-02
 -8.5880935e-02
  2.9654080e-01
 -1.2102021e-01
 -3.5255688e-01
 -8.6989023e-02
  4.8927096e-01
 -2.4423963e-01
 -4.8491918e-02
 -3.1403616e-01
  4.0801268e-02
 -4.0881309e-01
  1.6572201e-01
 -4.7032174e-01
  7.1514744e-01
 -1.5107046e-01
 -1.1320639e-01
 -2.1792607e-02
  4.1016694e-02
 -7.1213514e-02
  4.3539596e-01
  3.8367665e-01
  5.9614591e-03
  1.9879423e-01
 -3.2790518e-01
  4.0926564e-02
 -1.4627056e-01
 -4.1030023e-02
 -2.0431872e-01
  1.5047963e-01
  3.2217920e-01
 -1.2980525e-01
  2.9770434e-03
  7.3808618e-02
  8.5763526e-01
  2.8328392e-01
 -2.3865736e-01
 -1.4835115e-01
 -4.2340952e-01
  1.0900867e-01
 -1.3761786e-01
 -1.8663931e-01
 -5.3087318e-01
  2.1495979e-01
  1.4526762e-01
 -2.9029152e-01
 -5.0496878e-03
  2.5344843e-01
  1.6518703e-01
 -2.2918953e-01
  2.1768071e-02
  2.6196392e-02
 -6.3219279e-02
 -9.9872684e-01
  1.4059018e-01
 -7.7106655e-02
  4.8059779e-01
  1.7826633e-01
  1.7183243e-01
 -4.3356854e-01
  5.7920724e-01
 -7.0495971e-02
  2.0533291e-01
  9.4279301e-01
 -1.2262538e-01
 -3.5420671e-01
 -1.7964233e-01
  6.0975450e-01
  4.1365568e-02
 -6.3509859e-02
 -2.7391985e-02
  1.1515781e-01
 -6.9362861e-01
 -3.2512319e-01
  4.7556576e-01
  1.4534707e+00
 -2.8775653e-01
 -1.8861151e-01
 -9.3505234e-02
  7.9370588e-03
  2.5207557e-02
 -8.5343874e-01
 -1.5797253e-01
 -1.8422948e-01
 -7.9289228e-02
 -3.0547160e-01
  6.6003720e-03
  1.2735757e-01
  6.5896058e-01
 -2.2313875e-01
 -4.9024455e-02
  2.9153803e-02
  4.5257780e-01
  9.0074882e-02
  3.3737278e-01
  3.5247400e-01
  3.2391541e-02
 -5.0809562e-01
  1.0329400e-01
 -7.9985690e-01
 -2.7926520e-02
 -3.6457524e-01
 -3.0323279e-01
 -6.5300053e-01
  9.6360505e-02
 -2.1815392e-01
  4.1092567e-02
  7.6789290e-01
 -1.2131404e-01
 -4.8842020e-02
  9.3301184e-02
  3.8798075e-02
  1.1454694e-01
  1.6251762e-01
 -6.7216587e-01
 -1.3413695e-01
 -7.8782991e-02
 -2.1680978e-01
  2.1604301e-01
  6.8658948e-02
 -2.6381850e-01
 -6.4675725e-01
  3.4020711e-03
 -2.9537117e-01
 -3.5521582e-02
  7.7568328e-01
  2.4964583e-01
 -8.1429750e-01
 -1.7767264e-01
 -2.3622768e-01
 -1.5456773e-01
 -2.6539892e-01
 -4.9504652e-03
 -4.4840977e-01
  7.6362222e-02
  2.3612003e-01
 -3.1764126e-01
  1.1124318e+00
  3.1620371e-01
 -1.0081011e+00
 -6.5483667e-02
  6.7291796e-01
 -1.3778469e-01
 -8.5096616e-01
  1.8934292e-01
 -1.1292674e-01
 -2.2377191e-01
  4.1223571e-01
 -1.1177619e+00
  6.8123944e-02
  5.3928182e-02
 -4.4005737e-02
  6.0352689e-01
  4.4446215e-01
 -6.0895324e-01
  6.1130750e-01
  2.9731959e-01
 -3.5442737e-01
 -2.3925678e-01
 -3.2227907e-01
 -2.5775921e-01
 -7.6563030e-01
 -5.5860275e-01
  2.3629376e-01
 -1.0998961e-01
 -1.2648153e-01
  2.6197982e-01
  2.8421679e-01
 -2.4884468e-01
 -1.4552774e-01
  2.5739434e-01
 -1.7146079e-01
  1.4231044e-01
  6.0540473e-01
 -2.6221398e-01
  2.4374810e-01
 -4.1786503e-02
  2.0389766e-01
  3.3513668e-01
  2.2390562e-01
  4.6134228e-01
 -5.7341583e-02
 -1.0373662e-01
 -4.3262506e-01
 -3.5774067e-02
  8.3424814e-02
 -3.4579268e-01
  5.5715337e-02
  2.1751742e-01
  6.5555632e-01
  2.1364701e-01
  1.8508013e-01
  4.7789937e-01
  2.4476212e-01
  6.7802262e-01
 -3.2550249e-01
 -1.0346238e-01
 -2.5064364e-02
  3.1101596e-01
 -7.2984707e-01
  1.7078312e-01
  2.3288856e-01
 -2.7839297e-01
  9.8964415e-02
 -4.2890802e-01
  1.0096578e-01
 -2.6129597e-01
 -2.8070816e-01
 -1.6499925e-01
 -1.3308524e+00
 -5.3103238e-02
 -2.1763127e-02
 -2.9304945e-01
 -2.6626980e-01
  2.7140626e-01
 -4.3928802e-01
  2.8432284e-02
  4.3865630e-01
  2.6902422e-01
  5.1072925e-02
 -2.0865010e-01
 -1.0754220e-01
 -5.2237225e-01
  3.0169350e-01
  1.2335636e-01
  1.3280425e-02
  1.5012497e-01
 -1.5518288e-01
 -4.2752892e-02
 -7.8643417e-01
  1.3586809e-01
 -2.7982917e-01
  2.8483108e-01
 -3.9930579e-01
  1.1200569e-01
 -2.2348651e-01
  1.8442431e-01
 -3.7117350e-01
  3.2001019e-01
 -3.4461948e-01
 -2.4556220e-01
  1.7358768e-01
  3.8270175e-01
  1.3259706e-01
  3.2464433e-01
 -1.4977953e-01
  2.2234613e-01
 -3.4849107e-02
  9.0158665e-01
  2.3215128e-02
 -7.1352190e-01
  2.3842251e+00
 -6.3802958e-02
 -4.0494913e-01
 -2.3035228e-01
 -1.6187264e-01
  4.5883870e-01
  6.5731311e-01
  1.4359019e-02
 -8.2759872e-02
  3.3009797e-02
  4.5117220e-01
 -6.9979906e-01
 -3.3490412e-02
  2.0549674e-01
  3.2571882e-02
 -1.0039687e-01
  3.6361849e-01
 -5.3839870e-02
 -1.5444282e-01
 -5.0831443e-01
  2.2496646e-02
 -7.5866646e-01
 -1.4402640e-01
  2.1718153e-01
 -4.0622568e-01
 -9.0633765e-02
  3.1395763e-01
  2.0752835e-01
 -1.4166373e-01
 -8.1289910e-02
  4.0302288e-02
  1.9265002e-01
  2.5340599e-01
 -9.4726920e-02
  5.2114010e-01
  6.9024408e-01
 -2.0472787e-01
 -1.0876801e-02
 -3.2489482e-01
  1.2245386e-01
  1.7961511e-01
 -3.8472787e-02
  2.7478462e-01
  5.0193864e-01
  1.9579130e-01
 -2.8637436e-01
 -7.7161628e-01
 -3.3212557e-01
 -1.5704340e-01
 -2.2665453e-01
 -1.2399070e-02
 -9.2941523e-03
 -1.2702812e-01
 -4.3293029e-01
 -2.1017268e-01
 -2.8705266e-01
 -2.1355918e-01
 -1.6627568e+00
 -6.8508536e-02
 -4.2914756e-02
 -1.3724926e-01
 -1.7433287e-01
 -6.4520353e-01
 -1.1971045e+00
 -6.8161711e-02
  8.5361429e-02
 -8.4050757e-01
  3.6219254e-01
 -2.2457328e-01
  1.3820565e-01
  5.8252171e-02
  3.0385947e-01
 -1.7118005e-01
  3.2650390e-01
 -2.3250058e-02
  1.6135933e-01
  3.4819771e-02
  1.0995135e-01
  9.0048835e-02
  5.2982354e-01
 -1.1136589e+00
 -8.4861651e-02
  1.5961844e-01
  4.9891859e-02
 -1.7047743e-01
  2.4684276e-03
 -1.6355239e-02
 -1.1870265e-03
 -1.5702182e-01
  1.1401178e-01
 -1.4534071e-03
 -5.0187200e-01
  5.4082698e-01
 -7.9371822e-01
  1.9286700e-02
 -4.2273065e-01
 -1.1017289e-02
 -4.0538195e-03
 -7.3514229e-01
 -1.5173598e-01
  1.8502612e-01
 -1.7308822e-02
 -3.4372738e-01
  2.7552113e-01
 -5.2334225e-01
 -1.5337849e-01
 -2.8885671e-01
  1.2349787e-01
  3.9480162e-01
 -1.2475618e+00
  3.3666253e-02
  4.9589637e-01
  4.4719058e-01
  5.0919294e-01
  1.0273689e+00
 -9.1890466e-01
  2.4477203e-01
 -1.2311294e+00
 -2.8192332e-01
 -7.6366031e-01
 -5.1378912e-01
 -7.1957600e-01
  1.0460786e+00
 -1.0419741e+00
 -8.4858286e-01
 -9.8102146e-01
  6.3840401e-01
 -3.6349109e-01
 -1.5815189e+00
  5.8160400e-01
 -7.8626615e-01
  4.5462519e-02
 -5.5099303e-01
 -7.0942748e-01
  3.3846605e-01
 -2.9176453e-01
  1.0969021e+00
 -4.7649097e-01
 -4.1802227e-02
 -3.0936813e-02
  3.8970661e-01
 -2.3526269e-01
 -8.7804377e-01
 -3.2405874e-01
  4.6068501e-01
  1.0864000e-01
 -8.3352029e-02
 -2.3732588e-01
 -7.3071599e-02
 -8.1349730e-02
  1.5848596e-01
  5.6748249e-02
 -2.4250275e-02
  7.1724609e-02
  2.2360069e-01
  1.3767599e-01
  3.6525831e-01
 -1.3109270e-01
 -2.7646611e-02
 -3.2093185e-01
  2.8470486e-01
 -9.9721640e-02
 -6.3922656e-01
 -6.8296850e-02
 -2.0366611e-01
 -1.2844325e+00
  1.3007963e+00
  4.9583486e-01
 -6.3650079e-02
  6.1217580e-02
 -8.1258364e-02
  1.9873096e-01
  1.0383389e-01
  3.8107657e-01
  5.3277362e-02
  3.2250541e-01
 -4.6431559e-01
 -3.7332779e-01
 -4.1818851e-01
  1.3662587e-01
  6.0994202e-01
  5.2376109e-01
  1.0709836e+00
 -1.9675799e-02
  1.0621310e-01
 -3.2700869e-01
  9.8803508e-01
  1.8104315e-03
  3.5412222e-02
 -3.8109127e-01
  2.2944760e-02
 -7.1736146e-03
  5.8152039e-02
 -4.7510612e-01
 -1.0093280e-01
 -7.2832328e-01
  2.5735196e-01
  4.7547799e-02
  6.5561175e-02
 -1.0381183e-02
  5.8647048e-01
 -9.6844018e-02
  1.5032618e-01
 -8.0969758e-02
  7.9861075e-01
 -2.6419672e-01
  3.9596245e-01
 -5.9729624e-01
  2.0786580e-02
 -5.2141064e-01
  2.4008761e-01
  2.1416683e-01
 -8.9650877e-02
  1.2167627e-01
 -9.9576056e-02
  6.6015202e-01
 -9.8268457e-02
 -2.9393956e-01
 -1.8054895e-01
  3.5549067e-03
  4.9953155e-02
  3.0179938e-02
 -3.4041750e-01
 -3.1981301e-01
  1.7784533e-01
  2.9337630e-02
  3.2695773e-01
 -2.1288972e-02
 -5.5653727e-01
  6.4814913e-01
  1.3275519e-01
  1.0611132e-02
 -3.1344706e-01
  2.5470203e-01
 -4.4766866e-02
 -3.2809708e-02
  1.3624701e-01
  1.4375648e-01
 -3.6704874e-01
  1.2535992e+00
  3.9237776e-01
 -8.0913395e-01
  3.9416984e-02
  8.2668811e-03
  2.0084058e-01
 -2.0813799e-01
  9.4091368e-01
  1.1346468e-01
 -1.8114150e-02
  1.0625731e-01
 -3.5865465e-01
 -3.0989289e-01
  1.6115473e-01
 -2.1950069e-01
 -1.6129881e-01
 -2.4308564e-01
 -2.9847252e-01
  4.9838990e-01
  2.3305124e-01
 -6.2637925e-01
  4.0201750e-01
  9.3058478e-03
 -5.4030985e-01
  3.6022079e-01
  4.3582637e-02
  2.8617716e-01
 -3.8843635e-02
 -1.8313447e-01
  2.0199570e-01
 -1.0315080e-01
  2.6512608e-01
  3.9977673e-01
  1.2764673e-01
  2.1758847e-02
  2.0395356e-01
  5.1678854e-01
 -6.0577059e-01
 -3.1120226e-01
  4.2319661e-01
 -4.5285407e-01
 -2.0581594e-01
  4.9118355e-01
  1.0192897e+00
 -3.3029231e-01
  7.6114468e-02
  7.9532839e-02
 -2.4953502e-01
  2.5974861e-01
 -4.7796059e-02
  4.0972382e-01
 -4.5604754e-02
  2.7827629e-01
 -8.6756751e-02
 -4.2853531e-01
 -8.2551137e-02
 -3.4838033e-01
  1.9637342e-01
 -2.8959838e-01
  8.9426674e-02
  5.1137000e-02
  5.2495711e-02
  1.6283350e-01
  1.5096518e-01
 -7.7740528e-02
 -5.7410389e-01
  1.1942280e-03
  5.6362516e-01
  1.2375020e-01
 -1.1960831e-01
  3.9288914e-01
  4.6797478e-01
 -2.4949369e-01
 -4.5265168e-01
 -1.0148932e-01
 -1.5341075e-01
 -3.0365267e-01
  2.2389275e-01
 -2.6442116e-01
 -3.2823384e-02
 -8.2348153e-02
 -2.8042465e-01
 -1.5886088e-01
  3.6159101e-01
  9.7050565e-01
 -1.1466339e-01
  5.2118582e-01
  5.7342899e-01
 -3.4801450e-01
 -1.0702978e-01
 -1.4531417e-01
  2.6610267e-01
  1.5465994e-01
  9.0222865e-01
 -4.2584032e-02
 -4.0311843e-02
 -1.1261985e+00
 -1.2407615e-01
 -3.1548962e-02
  2.2804661e-01
 -3.0023277e-01
 -5.9594788e-02
 -9.2621857e-01
  1.7714016e-01
 -7.0832700e-02
  6.6136217e-01
 -1.5497896e-01
  3.0360252e-01
 -1.4263028e-01
 -1.0208490e+00
  1.7549905e-01
  2.7181107e-01
 -5.9088368e-02
  1.1062162e-01
 -9.4415151e-02
  4.5348519e-01
  1.7890777e-01
 -1.0501422e-01
 -5.1196271e-01
  9.1486856e-02
 -3.1411594e-01
  3.1247502e-02
  1.9714580e-01
  6.5430515e-02
  2.0960216e-01
  1.8534455e-01
  3.7660933e-01
 -2.5394395e-01
  1.0073149e-01
  1.1164020e+00
  3.2551205e-01
  4.0418697e-03
  1.4273283e-01
  5.3109944e-02
 -3.7168330e-01
  1.7109671e-01
 -4.3401101e-01
 -1.1221554e-01
 -2.3460422e-01
 -1.6940153e-01
 -2.6560524e-01
 -7.5831103e-01
 -1.5626697e-01
 -9.7075947e-02
 -5.1703554e-01
 -6.0851436e-02
 -1.1318780e-01
 -3.3308750e-01
  6.5630084e-01
 -1.2451081e-01
 -1.9826601e-01
  3.0794078e-01
  2.7719125e-02
 -7.7216673e-01
 -1.0990520e-01
  9.6441425e-02
 -5.6061137e-02
  8.9237347e-02
 -8.1041896e-01
  3.7696108e-01
  3.8715312e-01
 -4.0843388e-01
 -3.1199127e-01
  1.7641366e-01
  3.9236701e-01
 -6.9911472e-02
 -1.0028944e-01
 -1.7944744e-01
  1.3867316e-02
  3.5949513e-02
 -4.2476721e-02
  2.4443357e+00
 -1.2816894e-01
 -2.3834287e-01
  3.4943047e-01
  6.3237298e-01
  6.9455519e-02
 -1.1174528e-01
 -1.0584600e-01
  1.7603689e+00
 -1.7182422e-01
 -5.4729891e-01
  5.2548575e-01
  1.1465357e-01
 -2.5347298e-02
  2.5266638e-01
  9.0306032e-01
 -1.4398932e-01
 -5.5975801e-01
  1.0291332e-01
  3.7925962e-01
  1.6117338e-02
 -1.9485341e-01
  4.9663895e-01
 -1.7450477e-01
  4.5724025e-01
  3.7243137e-01
 -1.2186734e-01
 -9.4561100e-02
  2.9061204e-01
  1.6651979e-01
 -4.4776341e-01
  2.2816177e-01
 -1.7349820e-01
  1.9756114e-01
 -4.4644885e-03
 -2.3600340e-02
 -2.3817319e-01
  3.9537422e-02
 -1.7225745e-01
  6.2741995e-02
  5.4453522e-02
 -1.6565689e-01
 -5.2295256e-01
  1.6899246e-01
 -2.0314403e-02
  3.8617067e-02
  5.4878181e-01
 -3.5593945e-01
  1.3633780e-01
 -3.8056705e-02
 -3.1458578e-01
 -3.4766278e-01
  1.2759849e+00
  2.6810780e-01
 -4.3612301e-01
  2.0153612e-01
  7.0199287e-01
 -4.5123458e-01
  2.3517630e-01
  1.4891340e-01
  4.0211874e-01
 -5.9906173e-01
  3.2282254e-01
  3.0476546e-01
 -7.1025330e-01
 -8.0294669e-02
  9.3597043e-01
 -3.2538742e-01
  8.8119499e-02
 -2.5362450e-01
  5.7019091e-01
 -9.4935782e-02
  5.8526762e-02
 -3.6535040e-01
 -1.7116827e-01
 -1.4617550e-01
 -5.0380850e-01
  3.1732363e-01
  2.0028071e-02
 -1.4780369e-01
 -9.5493875e-02
  9.4045945e-02
 -8.0007583e-02
  4.4529700e-01
  4.6116676e-02
  5.6048888e-01
  1.0006107e-02
  7.4514425e-01
  5.2472323e-01
 -2.9665604e-01
  2.3621525e-01
  4.5399579e-01
  4.1859102e-01
  2.0450774e-01
 -1.8126903e-01
 -3.6457196e-01
 -9.4901240e-01
 -1.9913062e-01
  3.3943567e-01
 -1.9765005e-01
 -1.9674560e-01
  1.1235102e-02
 -2.9345293e-02
  8.5072565e-01
 -2.3552339e-01
  1.1059740e-01
 -3.8742638e-01
 -5.4248577e-01
  4.3543097e-01
  1.4826170e-01
  3.6836913e-01
 -1.4699946e-01
  3.0718425e-01
  1.7368601e-01
  3.6676770e-01
  2.1199499e-01
 -1.5253484e-01
 -7.9915591e-02
  3.1641397e-01
  3.0174851e-01
 -5.1261717e-01
  6.7408615e-01
 -2.0252518e-01
  1.3330656e-01
  1.9420855e-01
  2.3184152e-01
 -2.1195398e-01
  6.2108737e-01
  7.7465639e-02
  1.7542368e-01
 -1.7405891e-01
 -3.4093273e-01
  2.9082894e-03
  1.7385565e-02
 -1.6018876e-01
 -5.3900450e-01
  7.4872327e-01
 -3.7716055e-01
  2.3139863e-01
  2.0854381e-01
 -5.4101322e-02
 -7.4395609e-01
 -3.5403258e-01
 -4.3750265e-01
  2.2884235e-01
 -5.2552539e-01
 -1.3986018e-01
 -1.6601244e-02
 -2.5242692e-01
  1.6068846e-02
  1.4627226e-01
  8.2670793e-02
  2.1463206e-01
  7.6127279e-01
 -6.4236432e-02
  9.7790629e-02
 -2.2667575e-01
  1.3546505e-02
 -1.9596148e-01
  1.3918298e-01
 -1.5405773e-01
  1.3835295e-01
  2.3166221e-01
  2.2895546e-01
 -9.5630884e-01
 -5.2264911e-01
 -1.4577919e-01
 -3.9698207e-01
  6.4282310e-01
  1.3143958e-01
  1.6675194e-01
 -3.2862481e-01
  4.9575961e-01
 -4.5329908e-01
 -2.2540661e-03
 -4.7433120e-01
  2.8380153e-01
  1.9231477e-01
  1.2538544e-02
  6.5004700e-01
 -4.7900698e-01
  2.7149501e-01
 -1.9630182e-01
 -1.6986178e-01
  1.1291643e+00
 -4.9755883e-01
  7.0233214e-01
 -9.3000606e-03
  8.0403018e-01
  1.2222972e-02
  5.2972257e-01
  2.7408051e-01
  3.1632662e-02
  3.9544636e-01
  1.3261710e-02
 -4.7314279e-02
 -4.3222013e-01
  5.0429618e-01
 -9.1973037e-02
  3.2637370e-01
 -6.2417793e-01
 -4.7238976e-01
 -8.7333456e-02
  3.0749936e-02
 -1.3091509e-01
  2.7213138e-01
  2.4746408e-01
 -7.8991927e-02
  1.1638082e-02
 -1.6748826e-01
  1.0624167e-01
 -2.9597390e-01
 -5.8465607e-02
  2.9838559e-01
 -7.4315213e-02
  3.2066011e-01
 -7.3193945e-02
 -7.9658583e-02
  6.1235487e-02
 -1.0629784e-01
 -2.0482892e-02
  1.3130492e-01
  2.2336077e-02
  1.8295375e-01
  4.5238797e-02
  2.4579373e-01
 -5.6820536e-01
 -4.6558108e-02
 -2.1393314e-01
  2.1617171e-01
 -6.4544797e-01
  1.1427272e-02
 -3.1355119e-01
  1.3174324e-01
 -3.9006224e-01
 -2.3936640e-01
  1.1523925e-02
  4.1943464e-01
 -1.6398838e-01
 -3.1562820e-01
  7.9229677e-01
  2.6378316e-01
  1.6188955e-01
  1.7590807e-01
  1.3665915e-01
  1.4838192e-01
  1.4123589e-01
  2.3967470e-01
 -7.4949302e-02
  4.8351318e-01
  7.0885640e-01
 -2.1558622e-02
  2.8465018e-01
  5.0392485e-01
  2.5354049e-01
 -3.8493788e-01
 -1.0642458e-01
  3.7942030e-02
 -4.7673753e-01
  3.9169443e-01
  6.8454850e-01
  4.1603091e-01
 -1.6916755e-01
  3.0557024e-01
 -5.9853159e-02
  3.4147882e-01
 -5.2451199e-01
 -1.0146724e-01
 -3.2821023e-01
  4.7652328e-01
  2.3457338e-01
  9.6601015e-01
 -9.7627044e-01
 -3.4886000e-01
 -8.6208445e-01
  3.2920995e-01
 -1.6980925e-01
  1.4296964e-01
  9.0458974e-02
  5.7471830e-01
  3.7803274e-01
  2.8512383e-01
  3.5056731e-01
  2.3210172e-02
  7.6982811e-02
  2.6049063e-01
 -5.0353266e-02
 -2.2529964e-01
  2.5439787e-01
 -1.6305967e-01
  4.4921793e-02
 -1.3326691e-01
 -1.5576842e-01
 -9.6901707e-02
  2.2713652e-01
  6.0370307e-02
  1.0940754e-01
 -3.3318061e-02
  1.7522112e-01
  2.7850389e-01
 -4.1310021e-01
  1.8594369e-01
 -3.7999179e-02
 -1.5580451e-01
  3.1112224e-01
  5.2452534e-01
 -7.5820237e-02
  7.6055229e-02
  6.2650919e-01
  1.3418463e-01
  5.4607198e-02
  7.6790476e-01
 -1.0813029e-01
  2.9716480e-01
 -4.3931267e-01
 -1.7692612e-02
 -1.0818174e-01
  2.4308807e-01
 -2.6711291e-01
 -6.1449885e-01
  6.8512164e-02
 -4.3374795e-02
  2.9414836e-01
  1.4959919e-01
 -7.5832352e-02
 -1.8124239e-01
 -1.6173495e-01
 -1.2967086e-01
 -3.9707744e-01
 -9.7495183e-02
 -1.5114717e-01
 -2.8874198e-01
  3.1671852e-01
 -1.7041925e-02
  3.0843860e-01
 -3.4122473e-01
 -2.2229786e-01
  4.6759542e-02
 -2.0137049e-02
  4.5989496e-01
 -2.9950148e-01
  3.1297135e-01
  1.5877984e-01
  1.3934830e-01
  3.3376165e-02
 -1.3995236e-03
  2.5183886e-01
  1.0526679e-01
 -1.4864844e-01
  2.6542217e-01
 -4.2401931e-01
  1.7238140e-01
 -2.8831396e-01
  2.8822109e-01
  2.0534453e-01
 -5.2079499e-01
  3.3677560e-01
 -2.8195179e-01
  5.7349138e-02
 -1.6397391e-02
 -4.1690981e-01
  6.5221560e-01
 -2.1624077e-02
  2.2941743e-01
 -4.9657375e-02
  2.2185707e-01
 -7.7671093e-01
 -2.3419045e-01
  6.4555353e-01
  7.1439363e-02
  7.6241530e-02
  4.6371907e-01
  2.1353842e-01
  5.7378685e-01
 -1.4698428e-01
 -1.7427230e-01
  3.2803574e-01
 -4.0864907e-02
  2.2527090e-01
  1.5119869e-01
  1.3196863e-02
 -5.5543572e-01
 -1.6429354e-01
 -7.6441318e-02
  3.4706515e-01
 -1.9307598e-01
 -5.4090834e-01
 -5.8546770e-01
  4.3774423e-01
 -4.3927312e-02
 -1.0673445e-01
 -1.4316651e-01
 -6.2804991e-01
 -8.2225889e-01
 -8.1080937e-01
  7.3612407e-03
  6.7749023e-02
 -5.7300270e-01
 -2.4147443e-02
 -8.7082791e-01
 -4.6212813e-01
 -4.6257403e-01
 -8.4968694e-02
  1.2708122e-01
  8.8416910e-01
 -6.7420393e-02
  2.6488310e-01
 -6.7024708e-02
 -5.7377100e-02
 -1.6276766e-01
  9.0300972e-03
 -2.1597612e-01
  8.9545801e-02
 -5.9422486e-02
 -1.9393387e-01
  3.1866187e-01
 -6.3158411e-01
 -2.6679674e-01
  9.4751567e-03
 -3.6448509e-02
  5.4180745e-02
 -2.2230241e-03
 -1.4815578e-01
 -1.1768140e-01
  1.0429265e-01
 -1.0448356e-01
 -1.3941284e-01
 -2.0087835e-01
  1.1943543e-01
 -2.1548536e-01
 -1.0441571e-01
 -6.7641324e-01
  1.2758592e-01
  1.1546552e-02
  7.5477444e-02
  1.9334152e-01
 -9.1757953e-01
 -5.2308989e-01
  3.2918516e-01
  5.4051653e-02
  8.3996989e-02
  3.8347116e-01
 -3.6109957e-01
  2.3943160e-01
  1.7517426e+00
 -1.3049141e+00
  1.3733342e-01
  1.0113181e+00
 -4.7803876e-01
 -4.2928851e-01
 -6.9732368e-01
 -6.0713041e-01
  1.0506905e-01
 -1.5579480e-01
  3.0578166e-01
 -9.7452275e-02
  1.6298634e-01
  2.6825950e-01
  1.2832992e-01
 -3.2685436e-03
 -2.7644363e-01
  3.2922775e-03
  7.3709422e-01
 -3.6271286e-01
 -5.5013233e-01
 -7.1670651e-01
  4.8864701e-01
 -6.2468344e-01
  1.9912329e-01
  1.2511170e-01
 -4.3818441e-01
 -1.3397925e-01
 -2.6531890e-01
  6.8142056e-01
  4.9294007e-01
 -2.0407179e-01
  1.0093072e-01
  2.2283217e-01
  1.2927882e-01
  6.1785567e-01
 -4.7201824e-01
  4.1726589e-01
  1.3773951e-01
 -4.8978060e-01
 -1.2416409e-01
  6.2928751e-02
 -3.5111743e-01
  9.2561118e-02
  3.8537106e-01
 -5.3225195e-01
 -1.5569733e-01
  1.4947157e+00
  7.8889936e-02
  8.3465421e-01
  2.7883002e-01
  6.9755429e-01
 -3.6785385e-01
  2.6920238e-01
 -8.6779433e-01
 -2.6003882e-01
  1.5253134e+00
 -4.4583452e-01
 -1.3775800e-01
  2.0454034e-01
  1.3950573e+00
 -4.5759907e-01
 -1.0917882e+00
  8.7254733e-01
 -2.6290500e-01
 -7.1538031e-01
 -1.7966302e-02
  4.7732905e-02
 -6.5058434e-01
 -3.4683594e-01
  1.2489332e+00
 -5.6024730e-01
  1.0745195e-01
 -3.7649497e-01
  2.5685865e-01
 -6.0242873e-01
 -8.8796335e-01
  7.4919915e-01
 -1.8488083e-02
  2.3497169e-01
 -4.6803591e-01
  4.2497343e-01
 -4.1430834e-01
  3.4322694e-01
  6.0557377e-01
  2.2037320e-01
 -7.6733150e-02
 -7.2177511e-01
 -4.3985605e-02
  2.5579309e-01
  2.4585123e-01
 -1.5353970e-01
 -1.4546095e-01
 -6.9866709e-02
 -1.6648121e-02
  1.9531263e-01
  4.6815696e-01
  2.6163241e-01
  3.0978140e-01
  4.4077447e-01
  3.1345949e-02
 -2.2939238e-01
  2.7795899e-01
  7.1761155e-01
  9.9327654e-01
  2.2245346e-01
 -4.5695567e-01
 -4.8957732e-02
 -2.7634814e-01
  1.7792260e-02
  5.5497102e-02
 -4.5508280e-01
 -4.2235044e-01
  2.7638170e-01
  2.9730093e-01
  1.4677455e-01
  5.1888861e-03
 -3.2504797e-01
  1.9969469e-01
 -5.2403778e-01
 -2.6123694e-01
 -3.9942879e-02
 -3.6684343e-01
 -3.5505322e-01
 -2.1376579e-01
  3.2916665e-02
  5.2622795e-02
 -1.9602416e-01
 -5.5242294e-01
 -9.3427092e-01
  2.5336802e-01
  4.7801904e-02
 -1.1805472e+00
 -5.2995974e-01
  1.4086143e+00
 -2.8889224e-01
 -5.0373816e-01
  9.7701979e-01
  6.9757950e-01
  6.4606518e-01
  1.1374189e+00
  7.3157853e-01
  3.6610055e-01
 -1.3885803e+00
  5.2302474e-01
 -4.0589738e-01
  1.3089390e+00
 -1.1533774e+00
 -6.0061838e-02
 -5.4350489e-01
 -1.5230634e+00
  1.6258739e+00
 -8.0735064e-01
  3.6751609e-02
 -1.4517625e-01
  2.4167929e+00
  1.2903497e+00
 -3.3581200e-01
 -7.2724462e-01
  2.9597992e-01
 -1.8914488e-01
 -2.8561848e-01
  1.6393118e+00
 -5.2354050e-01
  1.2322462e-01
 -2.2642995e-01
  1.5811518e+00
 -1.1849343e+00
 -2.8942171e-01
  1.3989468e-01
 -1.1956690e-01
  2.2131270e-01
 -2.5063848e-01
  3.1197876e-01
 -9.1391608e-02
  1.3134457e-01
  6.5076321e-01
  5.8301240e-01
 -6.5736599e-02
 -4.6008959e-02
  9.0608284e-02
 -2.6701903e-01
 -2.9821321e-01
 -8.0357604e-02
  3.3839726e-01
  4.9923021e-01
  5.9259963e-01
  3.2774752e-01
  2.2988638e-01
  8.0093168e-02
  2.7630940e-01
  6.7372277e-02
  5.5882651e-01
  1.8961687e-02
  2.7179685e-01
 -1.2224257e-02
  1.2157718e-01
  6.3765019e-01
 -4.4932282e-01
  1.3691208e-01
  5.0024980e-01
 -2.6574712e-02
 -6.1830878e-03
  8.1431186e-01
 -1.5287602e-01
 -6.5838099e-02
 -4.8648599e-01
  1.2835830e-01
 -2.5266922e-01
  2.4100393e-01
 -5.7446861e-01
  5.1399732e-01
  2.6219487e-01
 -1.7729537e-01
 -3.6996592e-02
 -3.8055331e-02
  2.0236081e-01
  1.2631559e-01
 -4.1094042e-02
 -2.4846296e-01
 -5.6695354e-01
 -8.5159704e-02
  2.1844007e-01
  9.6504682e-01
  7.9563087e-01
 -4.6337259e-01
  1.6761829e-01
  2.7892938e-01
  2.3342229e-01
  1.9874743e-01
 -9.7796470e-03
 -7.9292595e-02
 -2.1536213e-01
  1.4054817e+00
  4.4058248e-01
  4.1222531e-01
  2.3214450e-01
 -2.6700485e-02
  6.5498191e-01
  3.0960932e-01
  3.8094811e-02
  4.7591382e-01
 -1.3584207e-01
  1.8826130e-01
 -3.0212343e-01
  1.4132798e-02
 -5.1618040e-02
 -2.5330517e-01
  4.4191852e-02
 -4.5256749e-01
  2.4165803e-01
 -3.8326107e-02
  2.5076470e-01
 -1.8102629e-01
  5.3221488e-01
 -7.4947393e-01
  4.8616317e-01
 -5.5891466e-01
  3.9540548e-02
  1.5751876e-01
  3.1038958e-01
  5.9559238e-01
 -1.1863390e-01
  6.0284621e-01
  1.9730368e-01
 -5.2408710e-02
  2.1437046e-01
  1.5989473e-01
 -1.4973514e-02
 -7.2603637e-01
 -1.8333185e-01
 -1.6623099e-01
  8.2947564e-01
  3.8770743e-02
 -1.1953755e-01
 -4.2816943e-01
  5.7852432e-02
 -4.1506268e-02
 -2.0205984e-01
 -9.1574550e-02
 -1.4204620e-01
 -3.1951949e-01
  8.6213648e-02
  8.8921137e-02
 -1.4228980e-01
  3.6329949e-01
 -9.2134610e-02
 -3.3602032e-01
  9.4836138e-02
  3.2352224e-01
 -9.4005394e-01
 -3.1491250e-01
 -6.4871877e-01
  6.5113926e-01
 -1.3783914e-01
 -1.8738416e-01
  1.6143648e-02
 -6.3402295e-02
  3.3697116e-01
 -1.2822643e-01
 -5.4851919e-03
  3.8732924e-02
  1.2196321e-01
 -5.7818484e-02
 -7.8740306e-02
  4.0569681e-01
  1.0413783e-01
  2.8416835e-02
 -2.7487651e-01
 -7.2898793e-01
  5.1292378e-01
 -4.6086755e-01
 -8.7473601e-01
  3.8766119e-01
 -1.2496644e-01
 -1.5519771e-01
  8.2723027e-01
 -3.8420248e-01
 -9.2499405e-02
  1.9650742e-01
 -6.0535192e-02
 -2.6599687e-01
 -8.1092246e-02
  4.4833809e-01
  3.1497359e-02
 -1.7544352e-01
  1.2924513e-01
  1.6458085e-01
 -1.7546840e-02
 -1.6531736e-01
  3.6358616e-01
  9.3268144e-01
 -1.0058072e-01
 -1.3943347e-01
 -4.5029312e-01
 -1.0447845e-02
 -2.9622480e-02
 -3.6055848e-02
  4.7471523e-01
 -5.9581155e-01
  8.7428290e-01
  6.7634173e-02
 -3.5265449e-01
  1.3253628e-01
  1.0250266e-01
  1.0239713e-01
  5.2650291e-03
  1.9800551e-01
 -5.0622946e-01
  1.1068714e-01
  1.9932970e-02
 -7.2142214e-02
  1.4260710e+00
 -2.0513675e+00
 -4.8287785e-01
 -5.5245507e-01
 -5.2053678e-01
  8.7591618e-02
 -4.6611878e-01
  2.6904607e-01
 -4.3476218e-01
  1.1366074e-01
 -2.8508312e-01
  1.9878542e-01
  1.1343562e-01
 -2.7581412e-01
 -1.0466696e-01
 -2.5155008e-01
 -2.3092893e-01
 -9.6456552e-01
  2.9066948e-02
 -2.2538932e-01
  4.6588007e-02
  7.4542016e-01
  9.1017716e-02
  5.3657874e-02
 -1.6303423e-01
  5.5101031e-01
  4.3192318e-01
  2.0379892e-01
 -9.6797407e-01
 -1.2703131e-02
 -1.3545161e-01
 -1.4585133e+00
 -1.6178541e-01
  5.6661880e-01
  5.8100866e-03
  4.5540890e-01
 -3.2065723e-02
 -1.9696987e-01
 -3.0560169e-01
 -3.0984098e-01
  1.2019618e-01
  5.5621725e-01
  5.6783414e-01
 -3.9952776e-01
 -4.7883011e-02
  1.5119578e+00
 -6.2088501e-01
  4.3599147e-01
 -6.3102460e-01
  3.1622216e-02
  1.2612197e-01
 -2.7038866e-01
 -2.0362760e-01
  1.3871549e-01
 -3.2555457e-02
  3.4823999e-02
 -3.1373096e-01
  2.1405833e-02
 -2.5220346e-01
  8.6722267e-01
  2.0051438e-03
 -3.3483375e-02
 -1.2016575e-01
  2.9350558e-01
  1.2079158e+00
 -2.6348642e-01
 -2.4755508e-02
  1.6805385e-01
  1.6239466e-01
 -1.0871101e-02
  6.7703605e-02
 -5.4084312e-02
  3.4818611e-01
  5.7536447e-03
 -1.1894956e-01
 -2.9253799e-01
 -4.1131686e-02
 -7.5714386e-01
  3.5777968e-01
 -3.9389469e-02
  1.6541660e-02
 -5.1041585e-01
  4.1728857e-01
  4.9897483e-01
  6.9376588e-01
  5.1250821e-04
  2.7573663e-01
  2.1230729e-01
  1.8565473e-01
  2.2192268e-02
  5.5305060e-02
  5.1492292e-01
  7.1821131e-02
  2.8077455e+00
  2.7198358e-02
 -3.9204064e-01
 -4.9895370e-01
 -9.8208543e-03
  3.7277095e-02
 -3.0901083e-01
  1.8198848e+00
 -7.9557471e-02
  1.0439793e+00
  4.6514669e-01
  1.7633269e+00
  3.7538856e-01
  4.9141258e-02
 -6.7262793e-01
  2.1083446e-01
  5.8941221e-01
  1.0415720e-01
 -7.8543025e-01
 -1.5313404e+00
  9.6934684e-02
 -1.0310653e+00
  1.9664745e-01
  9.1285527e-02
  1.2454967e+00
  2.3212837e-01
 -1.4623799e+00
 -1.6004996e-02
 -3.4805116e-01
 -3.3583289e-01
 -4.1546810e-01
 -9.1542059e-01
 -1.0403570e+00
 -3.3996385e-03
  1.8887569e+00
  3.9788398e-01
 -1.8628860e-01
  2.9348817e-01
 -1.2302563e-01
  9.7236091e-01
  2.3738779e-02
  3.2781318e-01
  4.2032874e-01
 -2.7721795e-01
  2.3915143e-01
 -2.8739491e-01
  6.1672932e-01
 -5.2745783e-01
  1.4030262e+00
 -3.2888275e-01
 -3.0524492e-02
  1.0987113e+00
  1.9019930e-01
 -3.8079441e-01
  1.1596725e+00
  2.9503677e+00
  1.2246416e-01
 -4.3614611e-02
 -5.5013813e-02
  1.8987510e+00
  5.7453054e-01
  1.2505339e+00
  1.8792646e+00
 -7.2007155e-01
  8.8045174e-01
  6.8133071e-02
  9.3980938e-01
 -7.1882856e-01
  7.0333111e-01
 -1.0644983e+00
  1.5545591e+00
 -3.7662625e-01
  2.2692103e+00
 -2.8583288e-01
  1.1299733e+00
  1.7970288e-01
  3.3171871e+00
  2.0248483e-01
  3.0710716e+00
  1.8802655e-01
  5.7175714e-01
 -8.1825675e-03
 -1.5239536e+00
  9.4190285e-02
  1.2292273e+00
  6.0091889e-01
 -7.7352184e-01
 -1.2479867e-01
  2.0919712e+00
  6.9806522e-01
  3.0495994e+00
  1.9288231e-01
 -9.4493181e-01
  1.2183353e+00
  2.4658410e-01
 -5.5800056e-01
  4.7218713e-01
  7.4440670e-01
 -3.0259353e-01
 -4.4218916e-01
  8.6977839e-01
 -9.0601581e-01
 -1.9264600e-01
  1.0396216e+00
  1.4845207e+00
  3.1897441e-01
  1.6052974e+00
 -1.6156896e+00
  2.5912717e-01
 -3.5363618e-01
  1.3525549e+00
 -3.1556576e-02
 -1.1500875e+00
 -7.8585172e-01
  1.7177684e+00
  1.5024480e-01
  7.7909432e-02
 -1.4248282e+00
  1.9039695e-01
 -3.1047322e-02
  9.6108711e-01
  3.4043342e-01
  6.3244218e-01
  9.9596685e-01
  1.7719039e-01
 -1.0911013e+00
 -1.2023888e+00
 -3.4003586e-01
  5.3777110e-02
 -4.1975260e-01
  2.3930685e-01
  4.6676464e-02
 -1.0488139e+00
  1.2448564e-01
  6.7636162e-01
 -4.1508682e-02
  3.6235332e-01
  5.3556305e-01
  1.5757453e-01
 -1.6611754e+00
  2.2518470e+00
 -3.9480117e-01
 -2.6953390e-01
 -1.3737544e+00
  3.6875713e-01
  8.0650586e-01
 -2.5888914e-01
  2.0370650e+00
  1.7150675e-01
  3.4241721e-01
  2.8130429e+00
  1.0836802e+00
 -8.0303901e-01
  1.3210887e+00
  2.8390884e+00
  1.8141872e-01
 -5.0027508e-01
 -7.6362139e-01
 -3.0484915e-01
 -7.3349729e-02
 -1.1001070e+00
  3.5293613e-02
  1.1169873e+00
  4.4020629e-01
  1.2902488e+00
 -8.5641265e-01
 -1.7105448e-01
  2.5985096e+00
  7.4830860e-01
 -3.9387396e-01
 -6.7325222e-01
 -8.6805843e-02
  1.8335077e+00
 -9.6908468e-01
  9.9514437e-01
 -1.7010288e+00
  1.9178702e+00
 -1.5518739e+00
 -2.4569693e+00
  9.9915880e-01
 -9.0639293e-01
 -1.9294614e+00
 -1.9982648e+00
  4.7306231e-01
 -2.7317469e+00
 -5.0600779e-01
  7.5713301e-01
 -2.8483944e+00
 -1.9873613e+00
 -1.7308849e+00
  2.3218989e+00
  3.4383634e-01
  2.7159619e+00
 -1.1327429e+00
  3.5815838e-01
  9.2612374e-01
  1.5115807e+00
  6.9262785e-01
 -7.0347613e-01
  6.6250348e-01
 -4.7480774e-01
 -1.0600291e+00
  5.9425491e-01
  5.1616073e-02
 -2.4385105e-01
 -6.8430418e-01
  6.6782564e-02
  6.8370503e-01
  6.5590328e-01
  2.8715484e+00
 -5.5655313e-01
 -2.0421453e+00
  5.6182265e-01
  1.3191770e+00
 -3.8445732e-01
 -2.8014109e-01
  7.2642851e-01
 -1.8896961e-01
 -1.1049204e+00
 -1.0586384e-01
  4.3356356e-01
 -8.6642690e-03
 -1.0620380e-01
 -9.1632895e-02
  8.9398277e-01
 -5.2391738e-01
  5.8101404e-01
  1.4143951e-01
 -1.4653319e-01
 -2.2561590e-01
 -3.4123400e-01
 -3.6534075e-02
  1.3159069e+00
  2.4308927e-02
 -9.3779093e-01
 -3.1939901e-02
 -2.3376381e-01
 -5.3601816e-02
 -8.5710102e-01
 -5.0906103e-02
  9.3197554e-01
 -3.0382335e-01
 -7.8640062e-01
  2.2224483e-01
  1.0752453e+00
 -1.3478614e-01
 -1.1920176e+00
  4.8825556e-01
  1.2684633e+00
 -4.0441848e-02
 -2.1420510e+00
 -6.8475448e-02
  1.0232658e-01
  1.4760418e+00
 -1.0458299e+00
  3.4529582e-02
 -1.0269235e+00
 -1.0317385e-02
 -1.9871207e+00
 -2.4182771e-01
  4.6602151e-01
  5.9656734e-03
 -4.7822797e-01
 -8.1914747e-01
 -5.0149632e-01
 -1.2160481e-01
 -7.9694420e-01
 -4.1005793e-01
  2.2221489e+00
 -2.7418870e-01
  1.9479282e-01
 -1.5998279e-01
  1.1323986e+00
  2.4596252e-01
 -9.4806087e-01
 -5.6220867e-02
 -2.3581043e-01
  2.0042529e+00
  6.2971771e-01
  6.0503936e-01
 -2.0513985e+00
 -1.2862651e+00
  2.3378716e+00
  2.7010381e-02
 -3.6493331e-02
  2.0915999e+00
 -2.2869565e+00
 -1.5955281e-01
 -2.5876107e+00
 -2.7748978e-01
  1.9807354e+00
 -1.1067719e+00
  5.0411844e-01
 -7.8575200e-01
 -1.5145007e-03
  9.3054241e-01
  2.9947770e-01
  5.2238744e-01
  8.0867565e-01
 -5.8245605e-01
  6.6740060e-01
  9.7270265e-02
 -1.7447723e-01
  8.8134581e-01
 -1.9439672e+00
 -1.9309067e+00
 -1.8747532e+00
 -1.8105942e-01
 -2.2669089e-01
 -5.0262994e-01
  3.9414895e-01
 -9.5075035e-01
 -9.1809062e-03
 -2.3546670e-01
  2.7760786e-01
  2.9970571e-01
  7.8022927e-01
  1.4992820e+00
  9.2726761e-01
 -4.5177540e-01
 -5.2737093e-01
 -1.4081787e+00
 -1.0289899e+00
 -1.9399995e+00
 -1.9074738e-01
  9.9359289e-02
 -3.1537476e+00
 -2.7585036e-01
 -5.2394509e-01
 -1.0131298e+00
  7.1619797e-01
  1.2677141e-01
  1.2419871e+00
 -1.9291176e+00
  4.6683058e-01
 -1.5071903e+00
 -1.4752766e+00
 -7.1272826e-01
 -7.6845759e-01
  6.2158686e-01
 -1.5744143e+00
 -2.1499158e-01
 -1.6158530e+00
  1.2820727e-01
 -1.3003560e+00
 -7.6285410e-01
 -8.9621025e-01
 -2.7233212e+00
 -2.0363178e+00
 -9.1944951e-01
  1.5135411e+00
 -4.4384471e-01
 -1.4036897e+00
 -2.0431960e-01
 -1.7204963e+00
  8.2304394e-01
 -5.2838528e-01
 -1.0766118e+00
  2.9473257e-01
  1.7569345e+00
 -1.0341189e+00
 -2.2878805e-01
 -1.7541349e-01
 -1.3605440e+00
  3.7185431e-02
 -3.1607181e-01
  2.6443546e+00
 -1.5538398e+00
  1.3315883e-01
 -3.2862762e-01
 -2.1437364e+00
  1.1470167e-01
  4.2403552e-01
  1.6686603e+00
  2.1821468e+00
  1.0171254e-01
 -1.3457807e+00
 -1.8742275e+00
 -6.0144562e-01
  2.1294260e-01
  1.3026075e+00
  6.2683630e-01
  1.5591379e+00
  6.7206806e-01
 -9.5606178e-01
 -2.6105351e+00
  4.5118561e-01
 -6.1953646e-01
 -2.0673984e-01
 -2.6153920e+00
 -2.5395238e+00
  2.0055871e-01
 -4.0800005e-02
  6.2188596e-01
 -6.8348342e-01
  3.4055635e-01
  2.1523931e+00
  1.5823905e+00
 -4.1053259e-01
 -6.3167089e-01
 -7.3899746e-01
 -2.1074290e+00
 -2.2491424e+00
  1.8361397e-02
 -2.3849466e+00
 -1.2347009e+00
 -3.3029680e+00
  1.0821084e+00
 -1.7685589e+00
  4.7465387e-01
  5.9292430e-01
 -1.6934762e+00
  9.8014414e-02
  1.7804418e+00
 -1.2910947e-01
 -6.5782446e-01
  9.4058669e-01
 -9.9299902e-01
  6.3088435e-01
  6.9393791e-02
  7.2616301e-02
 -1.1037085e-01
  7.8785092e-01
  3.9396465e-01
 -3.8085046e-01
 -7.1195728e-01
  2.1413775e-01
 -6.7957900e-03
  4.2548272e-01
 -1.1652013e+00
  2.5546476e-01
 -2.9993042e-01
  1.7623678e+00
 -1.3144268e-02
 -1.0712975e+00
  1.6308339e+00
 -1.2589591e+00
 -5.0579053e-01
  1.3659065e-02
 -3.6676863e-01
  2.8264704e-01
  4.1659346e-01
 -1.2457330e-01
 -1.2908405e-01
  2.4914629e+00
  1.2828914e+00
 -2.1583638e+00
  1.6023129e+00
  9.3951511e-01
  4.0853787e-02
 -6.9038808e-01
 -6.9302517e-01
  5.5588251e-01
 -2.9560630e+00
 -4.4252104e-01
  3.4132832e-01
  8.1484849e-03
 -3.7292728e-01
  2.4823211e-01
  3.3794034e-01
  1.3303026e+00
  7.8574616e-01
  7.1619451e-01
 -6.4946431e-01
 -2.9501510e-01
 -5.4465067e-01
  1.1296902e+00
  9.8556739e-01
 -7.0410675e-01
  1.5629765e-01
  3.1686926e+00
 -1.8191160e+00
 -1.0695775e+00
 -6.4276463e-01
  9.1633648e-02
 -3.2994428e-01
  8.3543056e-01
 -8.4013218e-01
  1.7570165e+00
  3.5265553e-01
  4.9949650e-02
 -2.5608916e+00
  2.3700893e+00
  4.3844864e-02
  1.2843909e+00
  2.3993590e+00
 -3.7701726e+00
 -8.2320172e-01
  4.7434008e-01
 -5.4906297e-01
  6.1123812e-01
  4.7342715e-01
 -6.0155466e-02
 -1.3195229e+00
  2.7574294e+00
 -2.1192622e+00
 -8.2101941e-01
 -6.5632790e-02
  1.0574899e+00
 -6.8483108e-01
 -8.8398612e-01
 -2.0770338e+00
 -1.7398180e-01
  8.0346715e-01
  2.0127751e-01
 -8.1652904e-01
 -2.3974659e+00
 -2.8572488e-01
  1.3023163e-01
  7.1645886e-02
  4.7205180e-01
  3.8023415e-01
 -1.2579813e+00
  6.6370457e-01
  1.5523804e+00
 -5.1395195e-03
 -1.3626202e+00
  3.4597865e-01
  7.4174905e-01
 -6.4976609e-01
 -5.8991295e-01
  3.7446532e-01
 -6.5733892e-01
  1.0386558e-02
  1.5820700e-01
 -3.0478930e-02
 -3.2978567e-01
  4.1017643e-01
  5.9009194e-01
 -2.5171080e+00
 -1.3491534e+00
 -2.7099204e+00
 -9.5046788e-02
 -7.7343935e-01
  1.2066279e-01
 -1.1305465e-01
 -4.6376246e-01
  7.9902017e-01
 -1.3756015e+00
 -1.9278756e+00
 -3.1214455e-01
  8.8711071e-01
  4.7669610e-01
  3.3847424e-01
 -1.1650447e-01
 -4.2235991e-01
  2.8449275e+00
  1.0822659e+00
 -1.2253626e-01
  2.7635613e-02
  3.5388792e-01
 -2.6333821e+00
 -5.5449271e-01
 -2.7716327e-01
  1.6941447e+00
 -5.0384849e-01
  8.7022674e-01
  7.4871413e-02
 -7.6400572e-01
 -5.7005662e-01
 -6.7853147e-01
 -1.7592813e+00
 -4.4472805e-01
 -1.3141308e+00
 -1.4532456e+00
 -2.0152661e-01
 -1.3746707e-01
 -1.3174541e+00
 -6.9572484e-01
 -1.0412205e-01
  8.9667118e-01
 -3.0581695e-01
  6.5218812e-01
  1.7046636e-01
  4.5822558e-01
 -5.0614107e-01
  7.2926456e-01
 -6.1310649e-01
  2.0101678e-01
  1.7629832e-01
  2.0117420e-01
 -1.1898413e-01
 -2.0387803e-01
  1.1545328e+00
  4.7035892e-02
 -3.3215374e-02
 -2.7342877e-01
  5.8256257e-01
 -8.0471087e-01
 -1.3980287e-01
 -1.4001533e-01
 -8.7865269e-01
  5.8427310e-01
  2.5485957e-01
  1.3363777e+00
  1.3897384e+00
  1.0040355e+00
  3.6530755e-03
  8.5268011e-03
 -3.8194126e-01
 -8.7458390e-01
  6.5651149e-01
 -4.1336587e-01
 -1.8773398e+00
  9.5397130e-02
 -2.7032185e-01
  1.3140599e-01
  2.0180268e+00
  3.9029264e-01
  1.2842417e-01
 -4.6356681e-01
 -9.2121899e-01
 -8.4914809e-01
  1.6249853e-01
  1.3136700e-01
  3.1326556e+00
  3.1996688e-01
 -1.6083261e-01
  1.2556261e-01
  4.7466785e-01
  1.0846796e+00
  3.7711200e-01
  3.6608845e-02
 -2.6725757e-01
  3.0921435e-01
  2.7818051e-01
  1.6228239e-01
 -4.7382683e-02
  6.1859679e-03
 -1.2571652e-01
 -1.3938868e-01
  1.8440768e+00
 -9.4950825e-01
  8.5282780e-02
 -1.1253136e+00
  1.0351045e+00
  4.9159464e-01
  9.1178149e-01
 -9.3976587e-01
  7.3255664e-01
  9.2770958e-01
 -4.3286622e-01
  7.7815145e-01
 -2.0918043e+00
  5.1532751e-01
  1.1693760e+00
  1.9560293e+00
  5.9753580e+00
 -9.2797083e-01
  2.2165923e+00
 -5.3487241e-01
 -2.6632577e-01
  3.0441707e-01
 -1.6261190e+00
  1.0500634e+00
 -8.8593438e-02
 -7.7791065e-02
 -9.3490732e-01
  3.7737826e-01
 -4.2907707e-02
  1.6529779e-01
  2.2090795e+00
 -5.6069976e-01
  6.4451659e-01
  2.4119481e-01
  2.4758901e-02
  2.8793865e-01
 -1.8310130e-01
  7.8457022e-01
 -6.4349210e-01
 -6.2228143e-03
  6.7587638e-01
 -2.0868430e-01
 -8.2110077e-01
  2.7804896e-01
  1.3845476e+00
 -5.7600242e-01
 -3.6790777e-02
  1.7891945e-01
  7.7065128e-01
  9.7619452e-02
 -2.1048279e-02
  4.4693413e-01
 -3.5830036e-02
  1.8471233e+00
 -1.3537356e+00
 -1.2951607e+00
  3.1532887e-01
 -6.6757429e-01
  4.8974106e-01
 -2.4423555e-01
  1.3879862e-01
 -2.8684664e-01
 -3.2828555e+00
 -1.4238998e-01
  8.1892782e-01
 -1.5739374e+00
  2.2242637e+00
 -8.6835575e-01
  1.8648127e-01
 -1.0866213e-01
  9.1473401e-01
  8.7246460e-01
 -1.4115782e-01
  1.1345977e+00
 -1.4167318e+00
 -6.0858959e-01
  4.8366427e-01
 -1.4725733e+00
 -1.6337779e-01
 -1.9069798e-01
 -6.8377727e-01
 -2.1730163e+00
  4.4877994e-01
  5.7851243e-01
  4.7764209e-01
 -2.0687351e-02
  9.7983533e-01
 -7.8990257e-01
  3.8366400e-02
  1.6383990e+00
 -6.2028390e-01
 -3.3771312e-01
  1.3420038e+00
 -3.7385392e-01
  2.1228306e+00
  3.1023234e-01
  9.4234943e-02
 -1.5760969e+00
  3.1019802e+00
  9.1844332e-01
 -4.5423603e-01
 -9.0639287e-01
  1.4649404e+00
  2.9035556e-01
  6.8653744e-01
 -1.0308062e+00
 -5.6426382e-01
 -7.7421427e-01
 -1.7895639e+00
 -5.3876299e-01
 -2.0898085e+00
  1.3718837e+00
 -9.8142490e-02
  2.5325742e+00
  1.5439095e+00
 -6.7162526e-01
  4.6388231e-02
 -4.7583465e-02
 -7.9964942e-01
  3.0178518e+00
 -1.2371749e+00
 -1.3252840e+00
 -8.3197623e-01
  8.4224772e-01
 -1.7960522e-01
  1.0397708e+00
  2.3040946e+00
 -1.7681080e+00
 -7.3239499e-01
  5.1921958e-01
  6.2319249e-01
 -3.7812585e-01
  1.5208542e-01
 -5.4196364e-01
 -2.6633847e+00
  4.1712442e-01
 -6.4237833e-02
 -7.2274810e-01
 -3.3122334e+00
 -2.4089928e-01
 -1.0846201e+00
 -2.1479885e-01
 -6.0159272e-01
 -2.2210264e-01
 -6.4504892e-02
 -1.1807123e+00
  2.8757009e-01
 -2.7582470e-01
  2.7920425e-01
 -1.4234123e+00
 -3.0869666e-01
  1.3307925e-01
 -3.0147293e-01
 -6.5712124e-01
 -6.9652176e-01
 -3.2500487e-02
 -2.6669642e-01
 -3.2555112e-01
  9.5669883e-01
 -2.7369611e+00
 -1.7039932e+00
 -1.0109220e-01
 -1.0663094e-01
 -9.4936115e-01
 -5.0777930e-01
 -1.1188816e-01
  8.4979571e-02
  2.7666302e+00
 -7.7119696e-01
  8.9013970e-01
  3.0769293e+00
  3.8506997e-01
 -1.8940121e+00
 -6.9373912e-01
 -1.8416907e+00
 -1.3910215e+00
  3.6612049e-02
 -1.9044654e-01
  5.6491601e-01
  7.8708899e-01
 -4.0448239e-01
 -5.4633737e-01
 -3.5608177e+00
  7.3782146e-01
 -4.4578218e-01
  5.0642014e-02
 -1.3840487e+00
 -2.4009855e+00
 -1.3547410e-01
  1.3338129e-01
 -1.2106472e-01
 -1.7172220e+00
 -5.4833621e-01
 -5.3037035e-01
  4.9535093e-01
  6.0701054e-01
 -3.4054063e-02
 -8.9491159e-02
 -1.9749173e+00
  1.4605186e+00
  7.0525929e-02
  3.0218819e-01
 -2.4906762e+00
  4.8954931e-01
 -4.2655030e-01
  5.8948147e-01
 -1.8522478e+00
 -3.4774426e-02
  9.9019863e-02
  2.3359172e-02
  2.3359172e-02
  2.3359172e-02
  2.3359172e-02
  2.3359172e-02
  2.3359172e-02
  2.3359172e-02
  2.3359172e-02
  2.3359172e-02
  3.8243182e-02
  3.8243182e-02
  3.8243182e-02
  3.8243182e-02
  3.8243182e-02
  3.8243182e-02
  3.8243182e-02
  2.9012233e-02
  2.9012233e-02
  2.9012233e-02
  2.9012233e-02
  2.9012233e-02
  2.9012233e-02
  2.9012233e-02
  1.3611100e-02
  1.3611100e-02
  1.3611100e-02
  1.3611100e-02
  1.3611100e-02
  1.3611100e-02
  1.3611100e-02
  5.7095019e-03
  5.7095019e-03
  5.7095019e-03
  5.7095019e-03
  5.7095019e-03
  5.7095019e-03
  5.7095019e-03
  1.6747985e-02
  1.6747985e-02
  1.6747985e-02
  1.6747985e-02
  1.6747985e-02
  1.6747985e-02
  1.6747985e-02
