nep4 2 Cu Se 
cutoff 7 5 100 44
n_max 8 6
basis_size 12 12
l_max 4 2 0
ANN 50 0
  1.1789694e+00
 -3.1442928e-01
 -2.9130049e-02
  9.1295771e-02
  4.5497945e-01
  2.3788683e-01
  9.5604300e-02
  9.4489008e-04
  1.4714323e-01
  1.6736162e-01
 -2.3249328e-01
 -7.9655088e-03
  4.3242735e-01
 -1.1845935e-02
  9.5719948e-02
  1.0982244e-01
  2.2637542e-02
  1.0609150e-02
 -6.8996251e-02
 -2.0307066e-01
 -2.4165647e-02
 -1.4399379e-01
 -2.9808819e-02
  1.7573895e-01
 -7.0315762e-03
 -1.0881258e-01
  1.3018667e+00
  1.1496275e-01
 -2.4844306e-03
  4.8978545e-02
 -1.1148707e-01
 -4.1084446e-02
  5.9832019e-01
  2.0230240e-01
  2.7621377e-01
  4.4427738e-02
  1.5100775e-02
  5.3743026e-03
  3.1535581e-03
 -4.8818827e-02
  1.7169245e-02
 -7.9090439e-02
  1.7273040e-03
  1.0125806e-02
  1.7301734e-01
  5.4919943e-03
  6.9024730e-03
 -2.1941857e-02
  1.8579571e-02
 -6.6198516e-03
 -4.0812008e-03
  2.3229618e-01
 -1.1260010e-01
 -6.1175856e-03
  6.1685420e-03
  1.8340848e-02
 -2.8109109e-02
 -1.5109708e-02
  6.4508598e-03
  1.6765846e-02
 -2.4959338e-03
  2.1628298e-02
  1.0092097e-02
 -5.3507355e-03
 -7.9051396e-03
  5.7657552e-03
  2.9745309e-02
 -3.3213966e-02
 -1.9542003e-02
 -8.9899804e-03
 -8.6069433e-03
  6.2159174e-03
 -1.3035254e-02
  5.9687193e-02
  7.5038575e-02
 -5.6771198e-03
 -6.1671222e-03
 -4.0850542e-02
 -9.8022027e-03
 -2.4386398e-02
  4.5049456e-03
  7.0529184e-03
  8.2308101e-04
  4.5847543e-02
  1.3751232e-03
 -4.5360926e-01
  3.3583574e-02
  3.7850061e-01
 -5.3034216e-02
  3.2630809e-02
  1.6564175e-02
  3.3042508e-03
  4.0948354e-03
 -1.1574007e-02
  9.6919164e-02
 -2.1945611e-02
  1.1937564e-02
  3.4233432e-03
 -4.9882778e-04
 -2.5375096e-02
 -1.1369376e-02
 -7.2595244e-04
 -2.0271260e-02
  6.8539507e-03
 -1.9700516e-02
  1.3439006e-02
 -3.6732718e-02
 -1.6982431e-02
 -1.2684236e-02
 -1.9142777e-02
 -3.8904555e-02
 -3.7351258e-02
  9.1684088e-03
 -9.4712479e-03
  2.2854555e-02
 -6.7650029e-03
  1.1439850e-03
 -2.5853276e-02
 -2.1417256e-02
 -8.6137129e-04
 -1.3190937e-02
 -6.3719511e-02
  1.0492758e-02
  4.7481660e-02
  1.0187793e-02
  2.1764447e-03
 -1.3966026e-02
 -2.0673770e-02
 -8.1242509e-03
  3.9299647e-03
 -1.6101294e-03
 -8.4585063e-03
 -3.4919897e-01
 -2.5357779e-02
 -4.2865939e-02
  1.1718947e-02
  7.7953460e-03
 -3.8874071e-02
  3.1885967e-01
 -6.2904902e-02
  5.3811558e-02
  6.0935497e-02
  6.7502875e-03
  1.0516549e-02
 -2.7869221e-02
 -2.2144137e-02
  3.4355307e-03
 -1.5096611e-02
  1.9129051e-02
 -1.1039489e-02
  8.1589352e-03
  2.5601745e-02
  6.6598296e-02
  8.3849113e-04
  8.9885354e-02
  4.6049953e-02
  1.4404279e-02
  3.2584790e-02
  5.4360621e-02
 -4.9028348e-02
 -2.3787428e-02
  1.9802842e-02
  8.1971996e-02
 -1.7417741e-03
  2.3455853e-03
 -3.0052593e-02
 -9.7159501e-03
  8.4123248e-03
  1.2851858e-02
  1.0115481e-02
 -1.3260139e-02
  3.7191794e-03
 -3.9822325e-02
 -4.3208161e-03
 -1.2090430e-02
  3.2414936e-02
  1.1297306e+00
  3.4564531e-01
 -2.2604309e-01
 -1.4681091e-02
  3.3092624e-01
 -6.6183990e-01
 -9.3958253e-01
  1.1358496e+00
 -4.3330631e-01
 -2.0022218e-01
 -2.0692052e-01
 -3.0499256e-01
 -2.6035137e+00
  4.5124555e-01
  4.4679296e-01
 -7.3044556e-01
 -4.7736958e-02
 -8.1988543e-02
 -1.6706780e+00
  4.2428795e-01
 -2.1778550e-03
  7.9588285e-03
  1.8001358e-01
 -1.3299630e+00
 -1.0026777e+00
 -9.3895996e-01
  2.3491287e-01
  4.8318636e-01
 -4.5037904e-01
  5.7557929e-02
 -1.0888476e+00
 -4.9263445e-01
 -1.7369065e-01
  3.5261220e-01
 -1.6757555e-01
 -6.3299376e-01
 -8.5269168e-02
 -2.1822256e-01
  1.0402218e-01
 -2.6120138e-01
  3.9793486e-03
  1.9329509e-01
 -1.8519914e-02
 -1.6127832e-01
 -1.3718653e-01
  6.2448289e-03
 -5.0264750e-02
  2.5092984e-02
 -2.0299165e-01
  7.9104081e-03
 -9.7198552e-04
  7.2831534e-02
 -5.4941237e-02
  9.0602208e-03
  8.9005539e-03
  1.6159773e-01
  4.8027858e-02
  6.6145710e-03
  1.0426704e-02
  2.4148240e-03
 -1.8123784e-03
  1.8102106e-02
 -1.3159235e-02
 -3.1508524e-03
 -1.4421928e-01
 -1.2840544e-02
 -6.7482371e-04
 -2.0235181e-03
  2.7463352e-03
  1.5467294e-02
  2.2107016e-01
 -2.0556957e-02
 -6.4118207e-04
  1.9698950e-02
  3.1259548e-02
 -4.4245493e-02
  8.0402698e-03
 -1.1538461e-02
  9.3490537e-03
  2.4960861e-02
  9.5852548e-03
  2.3991205e-02
 -1.0109004e-02
  2.1044880e-02
  7.7201095e-03
 -1.7713999e-02
 -6.0555309e-02
  1.2882763e-01
  6.5479316e-02
  2.1183066e-01
 -2.7501606e-04
  7.5169511e-02
  6.5606542e-02
 -7.9691663e-02
 -4.8373833e-02
 -2.6970394e-03
 -1.6437599e-02
 -1.4033022e-02
 -3.2368902e-02
 -2.7021402e-01
 -4.6465792e-02
  3.5866046e-01
  4.8165515e-02
 -2.6871247e-02
 -1.0502827e-01
 -1.9066153e-01
  2.1619426e-02
  4.2674806e-02
  3.6283363e-02
 -7.8802146e-03
 -3.9708029e-02
 -1.7583887e-01
 -2.1215051e-02
  2.1875121e-01
 -3.3707601e-01
  2.1273638e-03
 -5.6820497e-02
 -4.9966127e-03
 -2.1993990e-01
 -7.7029765e-02
 -1.7678577e-02
  2.1727692e-02
 -2.7878059e-02
 -2.6262819e-03
 -4.5037623e-02
 -4.4156760e-03
  2.2796247e-02
 -7.7037968e-02
  9.4208427e-02
  4.1440353e-03
 -2.2228125e-02
 -9.5477039e-03
 -1.5678252e+00
 -2.1475269e-01
  6.0484849e-02
  1.7148314e-01
 -1.2082955e-01
 -1.5573231e-02
 -2.9437712e-01
 -8.2362729e-01
 -1.2938465e-01
  2.2463936e-02
 -9.4631705e-03
 -1.1543536e-01
  1.3611718e-02
 -1.6572237e-01
  5.2681207e-03
 -2.5551379e-02
  2.1060977e-02
 -3.4500703e-02
  5.3846464e-03
  2.8039369e-01
 -6.8548709e-02
  7.5330511e-03
 -6.8254829e-03
  9.4432337e-03
  1.3496075e-03
  8.3160982e-02
  3.1588268e-01
  1.1247930e-01
 -8.2655204e-03
  4.2640981e-03
 -9.4073713e-02
 -1.0015532e-02
 -1.4721035e-02
  3.1707948e-01
 -7.7777781e-02
 -2.7902232e-02
  4.6501579e-03
 -4.8939283e-03
  1.4703279e-02
  5.1667904e-03
 -3.4249621e-05
  5.2901216e-02
 -4.8373668e-03
 -3.3237841e-03
 -2.9940990e-01
 -4.9743313e-02
 -1.0713248e-02
 -1.2427898e-02
 -8.4937036e-02
 -3.9183076e-02
  3.3783678e-02
  2.2496056e-02
  1.6830677e-02
  1.4686240e-03
  4.0857917e-01
 -7.5138570e-03
  5.2268617e-03
 -1.5954582e-02
  8.4721092e-03
 -1.1679358e-02
  9.4783381e-03
  4.8424853e-03
 -6.9691218e-03
  1.8276061e-01
  2.8791970e-02
 -6.6421069e-03
 -3.5793078e-04
  5.7013504e-02
 -2.7809313e-02
  3.2286313e-03
  1.6276021e-02
 -9.7623831e-03
  2.2506043e-01
 -6.3851499e-03
  7.1467526e-02
  1.6256139e-02
  2.3891635e-02
 -8.5804646e-04
  9.4325989e-03
  1.2367846e-02
  3.9069247e-02
 -7.5560925e-03
 -6.8063483e-02
  5.5220202e-03
  2.4868857e-02
  1.3728948e-02
 -1.3287333e-03
 -2.4209350e-02
 -1.0387948e-02
  4.0780315e-01
  1.9959067e-01
 -1.8648271e-02
 -7.2405624e-01
  8.8342525e-02
 -1.3763058e-01
  9.2341715e-01
  6.6016853e-02
 -3.7650093e-03
 -5.0824219e-01
  3.1004013e-02
 -3.4160130e-02
  7.6032871e-01
  1.8885778e-02
 -2.5658372e-01
  1.8143068e-01
  5.0108112e-02
 -4.3317948e-02
 -2.7054233e-02
 -7.5146876e-02
 -1.7063458e-02
  3.2827269e-02
 -2.6573038e-01
 -1.9142814e-02
 -3.4803238e-02
 -1.9274611e-02
 -9.6540317e-02
 -4.1712807e-03
 -6.9924230e-03
 -8.5052438e-02
 -2.7412206e-02
  3.8019758e-02
  1.0902990e-02
  1.5090467e-01
 -2.1204019e-03
  5.9207863e-01
 -1.9819938e-02
 -6.4686267e-03
  1.4853780e-02
 -2.4562359e-03
 -5.2522618e-02
  2.5186051e-02
 -2.0273714e-03
 -1.3803825e+00
  5.1561838e-01
  1.1052874e+00
  1.3113095e+00
  2.6505989e-01
 -1.8231854e-01
 -6.1134821e-01
  3.1543684e-01
  6.9575322e-01
 -2.3190133e-01
 -2.7060470e-02
  6.8361913e-03
  1.7064208e-01
  4.1864023e-01
 -1.4491798e-03
  1.1945860e-01
 -7.6197749e-01
  4.5143105e-03
 -2.2740100e-01
 -8.5915786e-01
 -1.1239270e-01
 -3.2842809e-03
  2.7752319e-01
  7.8570612e-02
 -1.6840787e-01
  5.3285748e-01
  2.2555801e-01
  7.0586193e-01
 -2.6594307e-02
  4.8225117e-03
 -2.2274034e-01
 -2.2777969e-01
 -4.4232550e-01
 -1.2219547e-01
 -6.2810048e-02
  4.4558086e-03
  2.3035262e-02
  2.5485767e-02
  2.8408613e-02
 -1.0885592e-01
  1.4045382e-01
 -6.1633591e-02
  1.0783264e-02
 -2.9267198e-03
  5.5843741e-01
  6.3898164e-01
  1.3627077e-02
 -3.8253176e-01
 -2.1274813e-02
  9.1922941e-04
  2.7609542e-01
 -5.0513525e-02
 -9.2981220e-04
  4.9909162e-03
 -1.7025183e-01
  8.6395323e-02
  1.1753180e-02
 -2.8995743e-01
 -1.2366439e-01
 -9.1653563e-02
 -1.2524225e-01
  1.5385129e-02
 -1.0239627e-03
  3.6686894e-02
 -3.9601749e-01
  1.2973452e-01
 -4.0655401e-02
 -2.3279309e-02
 -1.2867516e-02
 -9.1346510e-02
 -2.0598808e-01
  2.8798053e-01
  1.0312927e-01
 -7.8584969e-02
  2.9140151e-01
 -2.2968728e-02
  4.5959577e-02
  7.2127040e-03
  2.3840707e-02
  1.5130390e-02
 -9.0158954e-02
 -2.5663266e-01
 -4.0363923e-02
  1.9359322e-01
  1.6672511e-02
 -9.9222241e-03
 -7.7186250e-03
  4.2516511e-02
 -6.1922783e-01
  4.3292521e-03
 -9.0727174e-01
  9.1703665e-03
 -7.7188373e-02
  2.8350273e-02
 -7.7924587e-02
 -1.1235131e-03
 -4.2797759e-01
  7.5096212e-02
 -2.1452861e-02
 -5.9404699e-03
  8.4651588e-03
 -1.5379239e-02
 -1.7220950e-02
 -1.5193632e-02
 -1.7386347e-02
 -1.3506122e-02
 -7.1208226e-04
  5.8478672e-02
  1.7237810e-02
 -6.9724922e-03
  4.0227637e-02
  5.0213333e-02
  2.0650696e-02
 -1.1783757e-02
  5.7700809e-02
  1.6572203e-03
 -4.1465081e-02
  3.7613198e-01
 -2.5778294e-01
  5.5193873e-03
 -2.0960363e-02
  2.0620897e-02
 -8.7138796e-03
 -2.9563408e-02
  5.2184835e-03
  6.4331950e-03
  2.2325087e-02
 -2.4538269e-02
  3.3728220e-04
  1.3526897e+00
 -7.3190141e-03
 -6.4144120e-02
  1.3175932e-01
 -2.9452139e-04
  5.7583074e-03
 -7.9265803e-02
 -1.3772738e-02
  9.0748733e-03
 -7.2746044e-03
  1.6203793e-02
 -9.8460183e-02
  1.2494461e-03
  1.7468723e-02
  3.8153145e-02
 -5.8549657e-02
  1.2628426e-01
 -3.0747801e-03
  1.4890872e-02
  1.0189770e-02
 -9.2711970e-03
 -5.4637697e-03
  7.7582342e-03
 -1.0256612e-01
  1.9189026e-02
 -1.0239206e-02
 -6.3602505e-03
  1.4043657e-02
 -3.3105142e-02
 -5.3034686e-03
  4.0364679e-02
  9.9292696e-03
  6.5635913e-03
  3.5065904e-02
  2.0931447e-02
  2.9020017e-02
 -5.5797687e-03
 -5.0526829e-03
  2.6412118e-02
  9.0294350e-03
 -2.5660615e-02
  3.1514440e-02
  2.0129738e-02
 -4.3823518e-02
  1.0688527e-02
  1.1657639e-03
 -5.9581455e-03
 -5.3630687e-02
 -4.9614418e-02
  2.0535566e-01
  4.6115839e-01
  4.6779327e-02
 -1.8619290e-01
 -2.5066437e-02
 -2.7249083e-01
 -5.6139719e-02
 -2.0579431e-02
 -1.1316662e-01
 -3.1986173e-02
 -1.6887588e-02
  2.0354973e-01
  9.0742476e-02
 -3.5337631e-02
 -5.1033890e-01
 -3.1452131e-01
 -1.3563648e-01
 -4.3935891e-02
 -1.0660256e-01
 -1.5428224e-02
 -1.5087786e-02
 -1.7860010e-02
 -9.1037638e-03
  3.8887119e-01
 -6.8670946e-01
  1.4826050e-02
 -4.1627251e-02
  2.0589916e-02
 -4.7270097e-03
  6.2002875e-03
  4.7724578e-03
  1.0436518e-01
  9.2879422e-03
  5.1517696e-03
  3.2666828e-02
  1.8625330e-02
  5.0096717e-03
 -7.3877024e-03
  1.5886806e-02
  1.4682624e-02
 -1.0638573e-02
 -2.4767339e-02
 -2.0658031e-02
  2.6957731e-04
 -1.0004598e-03
 -4.0377997e-02
 -8.0699258e-02
 -8.8030742e-03
  1.6053712e-01
  2.2113156e-02
  1.9936381e-01
  1.3158953e-02
  2.4291923e-02
  3.4073252e-02
  2.5861938e-03
 -1.8239011e-01
  1.0610332e-02
  2.7489781e-03
  1.7582273e-02
  1.2655856e-02
  5.9551410e-03
  1.6242471e-02
 -8.9435447e-03
 -3.5461846e-03
 -2.9244836e-02
  1.3448917e-02
  5.5372193e-03
  2.6964841e-03
  5.2289765e-02
 -1.7774719e-01
 -4.7431393e-03
 -9.9279983e-03
  6.6199459e-02
  7.8225434e-02
  2.1002110e-02
 -2.1406621e-02
 -1.5728813e-02
 -9.6836165e-03
 -1.0245603e-03
 -4.6625175e-03
 -2.3646051e-02
  3.2945389e-01
  1.5713926e-02
 -1.4754457e-02
  4.5232277e-02
  2.0504715e-03
  9.5188715e-02
  2.1821160e-02
  3.4937833e-02
  3.1947594e-02
 -1.7444029e-02
 -1.2415905e-02
 -1.9055501e-02
 -4.2318445e-02
  1.1978855e-01
 -3.5972651e-02
 -2.5944854e-03
 -3.7321246e-01
  7.6945567e-01
 -2.0701068e-02
  2.3058278e-02
  1.9573249e-02
 -2.8099124e-03
 -2.2461269e-02
 -4.1019205e-02
  6.5472126e-02
  1.0121586e-02
 -3.0693613e-02
 -1.0294510e-02
  2.0597396e-02
  3.1144392e-02
  3.4000596e-03
 -1.3075114e-02
 -4.3027289e-02
 -1.9268801e-02
 -1.5573222e-02
 -3.0987348e-02
  1.0322515e-02
 -5.1227663e-02
 -2.5023846e-04
 -2.1661422e-03
  3.5520131e-03
  2.1182869e-02
 -2.4710402e-03
  1.5670711e-02
 -6.1704577e-03
  1.2757523e-02
  4.9138808e-01
 -5.6303836e-02
  1.7823027e-02
  7.0418572e-01
 -2.5631425e-01
 -2.0382886e+00
  1.2254866e-01
 -1.4197543e+00
  7.1874090e-02
 -8.7406313e-01
  4.5169300e-01
 -6.3532108e-01
 -6.4017510e-01
  7.4579430e-01
 -8.3247983e-01
 -1.5357655e+00
 -1.3654163e-01
 -2.9104244e-02
  1.1523614e-01
 -3.8627461e-01
 -7.0413321e-01
 -6.0412890e-01
  2.2256427e+00
 -1.7208691e-01
  1.3758787e-02
  1.4795968e-01
 -1.4710802e+00
 -1.7214163e-01
 -1.3257161e+00
  1.3114246e+00
  2.3443084e-02
 -2.6706842e-01
  1.8173681e-01
 -3.5640147e-02
 -2.9960496e-03
 -3.4462038e-01
  6.3197511e-01
  7.9664541e-03
 -8.9155339e-02
 -1.7617661e-01
  4.4418365e-01
  3.1274892e-02
 -1.3247364e-02
 -6.4655188e-03
  2.0188549e-01
 -1.2699751e-02
 -5.5368513e-02
 -3.0622837e-01
  5.4571223e-03
 -1.6201174e-01
 -2.5351989e-01
 -2.3129823e-02
 -2.1031091e-01
  1.5344280e-01
  3.7795821e-01
 -4.7894925e-01
 -2.0213412e-02
 -1.7524300e-02
  9.8553710e-02
  4.9579218e-03
 -2.1813340e-03
 -1.0527823e-02
  1.2640476e-03
 -1.4499676e-02
  1.9273555e-01
  4.5449659e-03
 -7.6717757e-02
  4.7680074e-03
  1.6084295e-03
  4.1114584e-02
 -2.4256652e-02
  1.0091224e-01
  2.9692398e-02
  6.7499150e-03
 -1.6047126e-02
  6.0265651e-05
 -1.9956719e-02
  5.2906059e-02
 -5.4675993e-02
  1.6242357e-02
 -4.3782290e-02
  1.8405197e-03
  3.5569698e-02
 -5.0697137e-02
  2.6951363e-02
 -1.7780787e-03
  2.6358549e-02
 -1.5560912e-01
 -2.3216264e-02
  2.6233867e-02
  1.4708364e-02
  4.5725987e-03
 -3.3912513e-01
 -4.9359221e-02
 -2.0707513e-03
 -2.1468154e-03
 -3.1295877e-02
  2.2837369e-02
 -3.7064537e-02
 -2.9217689e-03
  5.8410298e-02
 -9.7800279e-03
 -3.2175764e-02
  2.2400878e-03
  2.3130361e-02
 -2.0736154e-02
 -2.3467535e-01
 -2.3583679e-04
  1.6464458e-03
  8.8492915e-02
  4.6021380e-03
  1.0062021e-03
 -9.1298586e-03
 -2.5809094e-02
  1.1479435e-03
 -3.3063251e-03
 -4.4224307e-02
 -1.5039746e-02
 -6.6937476e-02
 -1.2393275e-02
 -1.0258096e-02
 -2.9709846e-02
 -4.2929221e-03
  7.9659924e-02
 -3.6529191e-02
  4.8556174e-03
 -1.8281024e-02
 -6.3288465e-02
  1.8635124e-02
 -3.6602493e-02
 -5.7078507e-03
 -7.1251765e-02
 -1.2645400e-02
 -5.5527226e-03
 -1.9917816e-02
  2.2735458e-03
  3.3150867e-02
  5.6644071e-02
  2.7115828e-01
 -1.0540591e-02
 -8.8195680e-03
 -1.3259505e-01
 -9.5491586e-03
 -1.6458217e-02
 -5.2272126e-02
  4.0564205e-02
 -2.1429129e-03
 -2.3157774e-03
 -2.0691582e-03
  2.2442676e-03
 -2.7496122e-02
 -8.4072854e-03
  3.7158605e-02
 -3.8500372e-03
 -1.8501764e-02
 -1.5052569e-02
 -2.6125720e-02
 -4.5062110e-02
  2.1870644e-03
 -3.4517515e-04
  1.5349437e-01
 -3.4006448e-03
  4.3319585e-03
 -6.0213543e-03
  1.4095290e-02
 -7.4217685e-02
 -1.5960397e-02
 -1.7816296e-03
 -8.8214809e-03
 -2.5909657e-02
 -8.0634849e-03
  7.7325419e-02
  2.4920156e-02
 -1.5795801e-02
 -6.1906997e-02
  3.9141602e-04
 -2.3433955e-02
 -2.1313598e-02
 -8.9552645e-03
  2.1772610e-03
  7.6664072e-03
 -1.0014898e-03
  1.4966293e-01
 -1.5188128e-02
  3.5554826e-02
  1.8738968e-02
 -1.0351913e-02
  3.2686196e-02
  3.4653358e-02
  8.8016249e-02
 -6.7920238e-03
 -4.7251027e-02
  6.0465685e-03
  2.3209853e-03
  1.5647758e-02
  2.8051682e-02
 -2.5989558e-03
  6.9341497e-03
  3.9097816e-02
 -3.1440318e-02
 -3.1660146e-03
 -2.3275420e-02
 -3.3332012e-03
  2.7943950e-03
  3.7640850e-03
  4.0742522e-04
  6.4677694e-03
 -2.3534335e-02
  3.7610040e-03
  5.7072998e-03
  1.5599997e-02
  1.0830623e-02
  2.0232985e-02
 -2.5621157e-02
  3.3120350e-03
  1.1632038e-02
  4.1724458e-02
 -4.9139960e-03
  4.0286304e-03
  5.0468892e-03
 -2.6519576e-02
 -1.5763879e-02
 -3.9721541e-02
  3.1413384e-02
 -1.9164834e-02
  1.6443589e-01
  1.6604453e-02
  2.0930127e-03
 -9.0780687e-03
  9.3107866e-03
 -3.6059603e-02
 -5.6570613e-01
 -4.8400003e-02
 -7.7205291e-03
 -3.3439502e-02
 -4.9600676e-01
 -5.9877648e-03
  2.0089215e-03
 -8.6834459e-03
 -1.2806463e-03
 -3.0023292e-02
  1.2141481e-02
 -1.5721690e-02
 -4.2120341e-02
  6.6768201e-03
  1.2860117e-03
  1.6526207e-02
  1.2893436e-02
  1.0640214e-01
 -8.1079677e-02
  1.3575376e-03
  4.0056175e-03
 -7.3019019e-03
 -4.1459394e-03
 -3.1948864e-02
 -1.9985631e-02
  1.4927651e-01
 -1.3641567e-02
 -3.2971878e-02
  1.6837368e-02
 -4.3142583e-02
  1.9364707e-02
  4.3367227e-03
  8.9180879e-03
 -4.3172743e-03
  3.0605656e-03
 -8.8458220e-03
 -1.3009386e-02
 -1.4873147e-02
 -4.3314546e-03
  1.4376499e-01
 -2.3779983e-02
  1.3900515e-02
 -1.6388363e-01
  4.4834256e-02
 -8.5994899e-03
  1.5556091e-02
 -1.8373432e-02
  2.7268657e-02
 -1.7504625e-02
 -1.4029693e-02
  1.6336676e-02
 -2.9536164e-03
  1.7209917e-02
 -1.8398628e-02
 -3.0058157e-04
  1.5828477e-02
 -1.4335175e-02
 -3.4570295e-02
  2.8125502e-02
  1.6793478e-02
 -1.3219603e-02
 -4.1605949e-02
 -6.8086311e-03
 -1.3515422e-02
 -1.5488966e-02
  2.2906465e-02
  2.4785792e-02
 -1.8051503e-02
  3.9378125e-03
 -1.2020684e-02
 -2.1499792e-02
  1.5387402e-03
 -7.9451445e-03
  6.1643654e-03
 -1.2172481e-02
 -2.5359217e-02
 -2.4678698e-02
  1.3128613e-02
  1.1785189e-03
  3.2503132e-02
 -2.4332127e-02
  1.2965538e-02
 -8.3492519e-03
 -1.1871951e-02
 -3.2973688e-02
 -6.4639496e-03
 -3.2906055e-03
  5.3932067e-02
 -4.3784268e-05
  2.2396930e-03
 -3.7826691e-02
  9.2569541e-04
 -1.9686183e-02
 -6.3958489e-03
 -2.5079073e-04
 -1.1432748e-02
 -1.3910505e-02
 -1.2217618e-02
  3.2795660e-02
 -4.9208328e-03
  1.8741356e-01
  6.2870886e-03
  2.4400684e-03
 -9.5664766e-03
 -2.7967880e-02
 -1.8255772e-02
  2.8508275e-03
 -6.2167561e-03
 -1.8065728e-02
 -1.4919898e-02
 -1.6256651e-02
  1.8527750e-02
  1.7142062e-03
 -1.5127538e-03
  2.6798537e-02
 -7.3772820e-04
 -2.3450036e-02
  1.9399982e-02
  3.3534959e-02
 -6.4314143e-03
 -2.4472843e-03
  2.4242220e-03
  4.2532060e-02
  2.6237778e-02
 -1.1374353e+00
  7.8317173e-02
  6.7807389e-03
 -1.5287288e-02
 -8.9045577e-02
  1.6667163e-02
 -7.7372551e-02
 -4.5722693e-02
  1.2298179e-02
 -3.4664678e-03
  2.8970081e-02
  3.2782406e-02
 -1.1530610e-02
 -6.4435210e-03
  8.7659862e-03
  9.1264024e-03
 -1.7932957e-02
  2.4765247e-02
  8.4855080e-02
  1.1181644e-01
 -1.0994541e-01
  6.0538679e-02
  3.1423655e-03
  3.6971658e-01
  7.9859626e-03
 -4.7623819e-01
 -3.9919531e-03
 -1.3408662e-01
  4.3426190e-02
 -3.7559811e-02
  2.8306970e-02
  5.2954420e-03
 -2.5446368e-03
 -4.4541229e-02
 -5.3202491e-02
 -1.5778806e-02
  2.3319302e-02
 -1.7195184e-02
 -1.0316535e-02
  3.0455510e-03
 -1.3802800e-02
  5.7846471e-03
 -1.1777931e-02
  3.4689706e-02
 -3.9866009e-01
  5.3867155e-01
 -2.5790945e-01
 -2.8474885e-01
 -7.7147722e-02
  7.8931826e-01
  1.2255601e+00
 -2.9849795e-01
  4.4133857e-01
  2.0972404e-01
  3.8692683e-03
 -1.1602341e-01
 -3.9500296e-03
  6.5473611e-03
 -3.6957562e-01
  2.3321230e-03
 -9.9667767e-04
 -9.9772409e-02
  3.0532291e-02
  4.9131775e-01
  2.7363634e-02
  1.8025739e-03
 -1.3310991e-01
  2.1766807e-01
  9.6189743e-03
  4.0395424e-01
  5.0056511e-01
  2.8364840e-03
 -1.3048328e-02
 -3.9110354e-01
  2.0453937e-01
  3.1194970e-02
  2.3189354e-01
  7.9070069e-02
  1.7783716e-01
  8.7219384e-03
 -5.1713798e-02
 -2.7717108e-02
  2.6939751e-03
  6.9894814e-03
 -2.3374407e-02
 -3.9337453e-02
  9.4583286e-03
  5.5692241e-02
  7.5255267e-02
 -7.2305620e-02
 -9.1076434e-02
  1.8207484e-03
 -9.8276734e-02
 -9.9338721e-03
  1.3165102e-02
 -6.6203840e-02
 -1.5928371e-02
 -1.2212489e-02
  3.1241048e-02
  3.4794189e-02
  6.2058810e-02
  8.0139441e-03
 -4.4312272e-02
  4.0443141e-02
  2.0847596e-02
 -2.5722496e-03
  1.1632036e-02
  9.2561714e-02
  1.4699865e-02
 -1.7794669e-03
  1.1886283e-02
 -1.5905462e-02
  1.0681117e-01
 -4.4668742e-02
  2.3212488e-01
 -3.0734032e-01
  5.4594439e-02
 -8.7894145e-03
  2.2746943e-02
  6.2375683e-02
  2.4256233e-02
 -3.9218839e-02
  1.6250057e-02
  2.0313488e-02
 -2.7664971e-02
  2.4627402e-02
 -1.1013673e-01
 -1.3322611e-02
  6.4784079e-03
 -7.9009272e-03
 -1.4034086e-02
  9.8536918e-03
  8.4747551e-03
 -2.0717042e-02
  1.6497765e-02
 -1.5885379e-02
  9.8181725e-02
 -4.9723703e-03
  7.5960375e-04
  1.3742310e-02
  5.7272509e-02
 -1.8474350e-02
 -2.3835700e-02
  1.0089047e-02
  8.0322633e-03
  6.2622209e-03
 -5.5308424e-02
 -1.4045401e-02
 -2.5177307e-02
 -1.5833359e-02
  1.2958467e-03
 -9.9355192e-04
  8.9758467e-03
  1.2320717e-02
  3.9728060e-03
 -1.3427182e-01
  7.5731687e-03
  7.8212544e-02
 -1.5716087e-03
  1.4249218e-02
 -1.7507488e-02
  2.5042526e-03
  1.3256206e-03
 -9.7613111e-03
 -2.9123304e-02
  5.3619021e-03
 -5.6047983e-02
  5.1074354e-03
 -2.2859913e-03
  2.3494329e-02
  1.0371359e-02
  3.3580288e-02
 -7.7151880e-03
  1.5457734e-02
 -2.4349479e-02
 -3.7458185e-02
  2.5804834e-02
 -2.1527411e-02
 -2.9052803e-03
 -2.6934277e-02
  4.2601764e-02
 -1.7732100e-01
 -8.7554134e-02
 -1.9318260e-02
  2.2610050e-02
 -6.1185434e-02
 -2.1548416e-02
 -2.4519176e-03
  4.8302211e-02
  8.3893396e-02
 -2.0169836e-02
 -3.0347146e-03
  1.6918298e-02
  3.6414037e-03
 -6.6447742e-03
 -2.9693099e-03
  7.4729240e-03
  5.4400628e-03
 -3.0354736e-02
  2.1622505e-02
 -7.3294304e-02
 -1.0131871e-02
 -4.3705691e-02
 -1.3250640e-03
 -9.1726379e-04
 -1.3371915e-02
 -3.9062157e-02
  2.3652531e-02
  6.2779817e-03
  2.7013319e-03
 -2.1957261e-03
 -7.1108334e-02
  1.7592665e-02
 -2.4675379e-02
  6.0167711e-02
 -5.2616969e-02
 -1.5957672e-03
  1.1476204e-02
  2.0690126e-02
  1.2217410e-02
  2.1940696e-01
  2.4489036e-01
  2.7040737e-03
 -5.0736912e-02
 -8.3883172e-01
  4.1200906e-02
  3.4576785e-02
 -1.4809713e-01
 -4.3107384e-01
  4.3327692e-01
 -2.7774354e-02
  1.4189290e-01
  8.8777624e-02
 -3.8079463e-02
 -2.6693316e-02
 -9.6661970e-02
 -3.3603963e-03
  1.5216058e-01
 -1.9641760e-01
 -9.2727825e-02
 -1.7059949e-01
  1.2667805e-02
 -9.2526069e-03
  1.6544232e-01
  1.3076830e-01
 -6.9954069e-03
  2.0085527e-01
 -1.2117961e-01
  3.0614708e-02
  2.8216792e-03
  1.3641590e-01
  4.9005225e-03
  2.8107803e-02
 -1.5775114e-01
 -3.8497414e-02
 -1.0520178e-02
  8.8587770e-04
  1.6594175e-03
 -3.0514533e-02
  1.0889683e-01
 -8.3659902e-02
 -4.9682166e-02
  4.0608943e-02
  1.5175796e-02
 -8.0526605e-02
 -7.0291892e-02
 -2.4070589e-01
 -1.2242554e-01
 -6.2232942e-04
 -6.8576433e-02
  1.8378690e-02
 -2.4784373e-02
 -6.4518756e-01
 -5.4941638e-03
  3.0563658e-03
  3.1011417e-03
  1.8936899e-03
  4.5073032e-04
 -2.8136340e-03
  3.6130697e-02
 -1.6458899e-01
  8.4154150e-03
 -6.5041423e-02
 -3.5303228e-02
 -1.8678728e-02
 -8.6302385e-03
 -2.9743740e-02
  1.4059829e-02
  3.9345468e-03
  1.8930018e-03
 -2.0888116e-02
  9.2109054e-01
 -3.2632127e-03
 -9.3249893e-03
  3.1998914e-02
  2.0048512e-02
  4.3848980e-02
 -1.2634231e-02
 -9.5558492e-03
  5.5570826e-03
 -1.6759556e-02
 -3.1326648e-02
  7.1584969e-04
 -2.5457082e-02
 -2.8146924e-03
  2.3504537e-02
  3.5966374e-03
  2.2492545e-02
 -3.3401202e-02
 -9.3819806e-04
  5.0547915e-03
  3.7360601e-03
  7.9094663e-02
 -4.9251895e-03
  1.2167454e-02
 -5.9794886e-03
  3.2893717e-03
 -1.9829817e-02
  9.4600702e-03
  2.2559728e-02
  1.1100425e-02
 -5.3550224e-03
 -3.4023111e-03
 -4.3799770e-03
 -4.5825236e-02
 -1.0419943e-03
  2.9864181e-03
 -2.1967182e-02
  4.1397857e-03
 -1.4914978e-02
  7.5707160e-02
 -6.2128231e-03
  1.1624256e-03
  1.1002358e-02
  4.6605702e-02
  4.0595802e-03
 -1.5844060e-02
 -1.7657520e-03
  1.0313800e-03
 -1.0244083e-02
 -7.5792531e-03
 -1.1509795e-01
 -2.9032864e-02
  3.3928119e-03
  7.8554964e-03
 -2.2226522e-02
 -4.7258887e-02
  1.7198419e-02
 -1.4726181e-02
 -2.8043482e-03
  1.3567006e-02
 -6.7564528e-03
 -6.6442937e-03
  1.2709255e-02
  1.9247850e-02
  2.9831447e-02
  1.0673808e-02
 -4.8826700e-03
 -5.6257425e-03
  6.3151573e-03
 -2.8110938e-03
 -3.3405609e-02
  6.8885385e-04
  1.7436378e-03
 -7.1154255e-03
 -1.9152341e-02
 -5.2586664e-04
 -1.7777937e-02
 -2.4631503e-03
 -2.9116018e-02
 -3.3640150e-02
  3.4273732e-02
 -1.1646857e-02
 -7.4158432e-03
  2.9502739e-03
 -2.6138856e-03
  2.2850396e-02
 -2.0393975e-02
 -4.6453723e-03
  4.6613969e-02
  2.7112922e-02
 -4.1342233e-03
 -4.2288173e-03
 -9.7949919e-04
 -1.4660256e-02
 -8.2092471e-03
 -2.8485006e-02
 -6.2135290e-03
  4.9888771e-02
 -1.1330822e-02
 -1.1427747e-04
  4.3628097e-02
  5.5798488e-03
  9.2325713e-03
 -6.4904496e-02
 -1.0812690e-02
 -1.5257021e-02
 -1.5302117e-02
  1.5296500e-02
 -2.6018778e-02
  3.2573577e-02
  1.3260538e-02
  1.0985305e-02
  2.1455754e-03
 -4.2086774e-01
  1.9534880e-02
 -4.1675024e-02
  1.7382519e-02
  2.0796536e-03
  2.2169469e-02
  1.3148274e-03
 -6.2778248e-03
  2.0928230e-02
  3.9156985e-02
  3.5703485e-03
 -8.8221719e-03
  5.5186115e-03
  1.0001282e-02
  1.6853407e-02
  7.9756297e-02
  3.6080439e-02
 -1.6458780e-02
 -3.8068585e-02
  1.1958018e-02
 -1.0136475e-02
  5.8760955e-03
  5.7176024e-02
 -4.8085810e-03
 -4.3840711e-03
 -6.4134002e-03
 -1.6733289e-03
 -3.8157076e-02
 -1.0536859e-02
  1.2233891e-03
 -6.2764785e-03
  1.4751193e-03
  3.8348455e-02
  2.3218539e-02
 -7.6048973e-04
 -1.9301331e-02
  2.0542371e-01
 -1.1208247e-01
 -2.8088715e-02
 -1.2937570e-03
 -7.4476167e-03
  2.6775001e-02
 -1.0523976e-02
 -1.3754487e-02
 -7.0643312e-01
 -8.9335620e-02
 -1.8357076e-02
  2.3886684e-02
 -1.6371256e-02
  7.0199436e-03
 -9.3821725e-03
  1.0842331e-02
  2.0658253e-03
 -1.8846342e-02
 -1.4286165e-03
  1.9373920e-02
 -3.6350593e-02
  7.7729300e-03
 -4.0495438e-03
  4.2065824e-03
 -1.0266701e-02
  1.4238068e-02
  7.5718753e-02
 -2.5174078e-02
  5.4388330e-04
  8.6000323e-02
  9.7364020e-03
  1.9085486e-03
 -1.0056430e-03
 -2.5915038e-02
 -4.6625272e-03
 -1.8625766e-02
  1.7320437e-02
 -2.5915433e-02
 -1.3545039e-02
 -2.3083879e-02
 -1.6558492e-03
 -2.3676202e-02
 -9.2332624e-03
  9.0835646e-02
  2.3713963e-01
  1.5856792e-01
 -2.4754362e-02
  1.9259516e-02
  1.6028292e-02
  5.9196712e-03
  3.7416372e-02
  1.1772723e-02
  6.4907358e-03
  8.6239241e-03
 -4.1546822e-03
  4.2960802e-03
  1.8364597e-02
  7.1673840e-04
  2.0607466e-02
 -1.8150821e-02
  7.2212331e-02
  2.5309987e-02
 -3.4762691e-03
 -1.5470515e-02
 -8.9585874e-03
  4.3670844e-02
  1.4862703e-02
 -3.9386167e-03
  8.2426956e-03
  3.1546149e-02
  5.1309176e-02
 -3.7364166e-03
 -6.6406867e-03
 -8.3335387e-03
  2.2105824e-02
 -2.4490412e-02
  9.8643005e-03
  1.4640391e-03
 -5.8708875e-03
  7.5961603e-03
 -3.3821058e-03
  1.6639307e-02
  3.2600954e-03
  5.7894137e-02
 -1.4128529e-02
  9.9749146e-03
 -3.6305801e-03
 -1.4606852e-02
  5.6405091e-01
  2.7356561e-02
  2.4431082e-03
 -5.3502779e-02
 -3.4811303e-02
 -5.0216438e-03
  8.5154086e-02
  1.9108742e-01
 -3.7526497e-01
 -1.2143934e-02
  1.3062017e-01
 -7.3135048e-03
  6.1931107e-03
 -3.5479655e-03
  1.0789128e-02
  2.8138447e-01
  1.4838266e-02
  4.4838996e-03
 -7.0153316e-03
  2.3691572e-01
  4.1150808e-02
 -1.1863785e-03
 -2.6044648e-02
  6.3720345e-04
 -2.5999650e-01
 -1.6618113e-01
  2.1521594e-02
 -1.0305645e-03
  3.4552034e-02
 -6.4703256e-02
 -1.5672356e-02
  1.1994224e-03
  1.0328062e-01
 -1.4794369e-03
 -4.9333209e-03
 -4.3146234e-02
 -4.4476078e-03
  5.1808916e-02
  2.8080519e-02
  7.3731276e-03
 -1.5685000e-02
 -1.4718664e-02
  4.2773401e-03
 -3.7492547e-02
 -3.8755739e-01
 -1.0979863e-02
 -1.1886792e-02
  3.2036159e-02
  4.1166086e-02
 -4.2495877e-02
  3.2383274e-02
 -7.7921838e-02
 -6.7394316e-01
 -1.4850974e-02
 -2.1018209e-03
  7.0947334e-03
 -1.2909917e-02
  1.8221976e-02
  1.4725295e-03
  2.0371932e-03
 -1.8533750e-03
 -3.9447667e-03
  1.2547122e-02
 -5.9062196e-03
  2.3430077e-02
 -7.7308729e-02
  2.6364967e-02
 -9.9271927e-03
 -5.8989213e-03
 -5.0950516e-04
  1.7790284e-02
  7.3902220e-03
  1.2085911e-02
  3.8633734e-02
 -1.5750207e-02
 -3.3721507e-02
 -3.2377589e-01
  1.5540445e-02
  1.6801681e-02
 -9.1223223e-03
 -1.5354704e-02
  6.6929776e-03
  1.5688801e-02
 -2.3281756e-03
 -3.0708394e-03
 -2.3259059e-02
  2.5741316e-03
 -1.2177047e-02
 -2.2407602e-01
  1.1054064e+00
 -3.8600959e-02
 -2.9985884e-01
 -4.8870078e-01
 -3.8241962e-01
 -2.0065306e-01
  2.6107404e-01
  8.5266697e-01
  1.9319995e-01
  1.7618437e-01
 -8.4643282e-02
  3.2538711e-03
  1.6784586e-01
  4.8969546e-01
  3.8615268e-02
  4.3875981e-02
 -2.2363849e-02
 -1.0640834e-01
  6.5699804e-01
  2.4330956e-01
  9.5686421e-04
  6.6303216e-02
 -7.4593805e-02
  2.6856149e-02
 -2.0374912e-01
 -2.3940951e-01
  2.8015786e-01
 -7.5300790e-02
  1.1913706e-01
 -4.2810202e-01
 -6.2947430e-02
  2.7905351e-01
  7.8357436e-02
  8.9434320e-03
 -5.1856171e-02
  6.1559569e-02
 -1.6394798e-02
  2.3041356e-02
 -2.4910372e-02
 -2.4300282e-01
  9.5675573e-02
 -3.0911900e-03
 -1.6820953e-03
 -5.5643559e-01
 -1.2059160e-01
  1.0942134e+00
  1.1427760e-01
 -1.1784866e-02
  6.3071281e-01
  5.1399708e-01
 -5.8930564e-01
  9.9463665e-01
 -1.6526289e+00
 -2.1626308e+00
  7.9873219e-02
  9.0455271e-02
  1.9012509e-01
  2.0110951e-01
 -4.9591082e-01
 -2.0360610e+00
 -9.7703135e-01
 -2.3441318e-01
  2.9426027e-02
  7.8241348e-02
  3.7033938e-02
 -4.6133483e-03
 -7.3732781e-01
 -7.8323507e-01
  1.5166217e+00
 -1.4113151e+00
 -8.3781272e-02
  3.4392844e-03
 -5.5095316e-03
 -7.6600432e-01
 -1.1244705e+00
  6.1898507e-02
 -1.7495155e-01
  4.5700511e-01
 -9.2398115e-03
  1.2490137e-02
 -8.4665315e-03
  3.9216816e-02
 -1.6396074e-03
  1.3813218e-01
 -3.9733663e-01
  1.8186342e-02
 -1.1510070e-01
  5.0075419e-02
 -3.3072080e-02
 -3.2387473e-02
 -7.1848761e-03
 -6.2440326e-03
  3.9729297e-02
  6.7278300e-04
 -2.1362372e-03
  3.2222699e-02
  3.4685697e-02
  3.2204542e-01
 -1.6060881e-02
  4.1714241e-03
  2.0447420e-03
  1.6468476e-03
 -1.2626789e-03
  1.0906395e-02
 -8.8625500e-04
 -1.2927492e-02
  1.1835159e-02
  1.3253891e-02
  3.3589378e-02
 -7.2982500e-04
 -1.8555516e-02
  8.7641560e-02
 -2.1495181e-04
  4.8400458e-02
  1.5563725e-02
 -1.5191199e-02
  4.4562358e-02
 -1.3661764e-02
  1.0170234e-01
 -9.0855490e-03
  3.3876553e-02
  4.4846372e-03
 -3.6689352e-02
  3.3349022e-02
 -5.2643642e-02
  1.6436068e-02
  2.1939581e-02
 -1.3865474e-02
 -3.7414886e-02
  8.6026415e-03
 -8.3285267e-04
 -6.9912767e-01
 -6.2279731e-01
  2.4275690e-01
 -8.2252502e-02
 -5.3336460e-02
 -1.1654115e-01
 -2.3772313e-01
 -7.6912391e-01
 -3.4239808e-01
  3.1850014e-02
 -1.6232009e-01
 -7.3487367e-03
  2.0008840e-02
  5.1971953e-03
  2.1211493e-01
 -5.5262670e-02
  2.5839111e-02
 -3.0024225e-02
 -2.0601676e-01
 -1.2195815e-01
  4.9331757e-01
 -8.5027382e-02
 -2.3051952e-01
 -3.3650261e-01
  3.4375152e-01
  7.4958839e-02
 -5.4437786e-02
 -1.2695391e+00
 -3.4174684e-02
  2.0235214e-02
 -3.7668806e-01
 -2.5627073e-02
  1.0245997e-01
 -8.7749675e-02
 -4.1660484e-02
 -3.9602291e-02
  1.8441774e-01
 -4.2657275e-04
  2.4885070e-03
  5.7284897e-03
  5.5986359e-03
 -2.2908074e-01
 -2.4853246e-02
 -2.7179489e-02
 -8.7511516e-01
 -4.7174200e-01
 -1.3049130e+00
  2.0480476e-02
 -1.3316653e+00
  8.7175779e-02
  1.0728619e+00
  1.4991835e-01
 -9.1656454e-02
  6.5639913e-02
  2.2862479e-01
 -5.1380438e-01
 -3.3620141e-02
 -8.7214308e-03
 -1.2401129e-02
  8.1317806e-01
  2.3050317e-01
 -2.8967085e-01
  2.1911177e-01
  7.4427187e-02
  9.8967299e-02
 -1.1950727e-02
  7.3570227e-03
  4.4833809e-01
 -7.6102361e-02
 -4.2344737e-01
 -5.7633389e-02
  4.8944674e-02
 -7.6216400e-02
 -3.8286958e-02
 -3.8539387e-02
 -8.2834311e-02
 -8.1306867e-02
  2.6566312e-01
  1.4826182e-01
  2.2234460e-02
 -2.0711310e-02
  1.9277018e-02
  4.5226160e-03
 -1.8068479e-01
  3.2845858e-01
 -2.3228363e-03
 -6.9751800e-03
 -4.7734827e-02
 -1.1111249e-01
  1.4471725e-01
  5.4328769e-01
  4.5726061e-02
  1.7822744e-01
 -3.2975337e-01
 -2.3796882e-01
  3.8525832e-01
 -2.5938502e-01
 -1.8546836e-01
  7.8654870e-02
 -1.5305945e-01
 -6.4370662e-01
  1.9351916e-01
  6.6122875e-02
  2.1708071e-02
  1.4564198e-03
 -1.1773539e-01
  1.6704430e-01
 -2.8301591e-01
  1.4224559e-01
 -4.1687146e-02
  1.6265234e-01
 -9.3458468e-01
 -2.4242760e-01
  1.9945499e-02
 -2.7988207e-01
  4.8053496e-02
 -1.2564474e-01
 -1.7728334e-02
 -4.5799699e-01
 -3.0250219e-01
 -4.2056022e-03
  3.5613179e-02
  2.8564554e-02
  7.0708501e-03
  5.0204871e-03
  1.6015749e-02
 -1.5271116e-02
 -5.7389224e-03
 -1.8201435e-02
 -1.3636606e-02
 -2.3703834e-02
 -1.3298140e-03
  1.5587400e-02
  2.9823828e-02
  3.8929540e-03
 -8.2099460e-02
 -2.6461804e-02
 -1.8016988e-02
 -3.5736710e-03
 -1.0509783e-02
 -8.7156707e-01
 -1.2538338e-03
 -1.4863242e-02
 -1.2853763e-03
 -1.2364656e-02
  2.2628315e-02
 -3.1229030e-02
  6.7173084e-04
  6.1588804e-03
  3.7672229e-02
  1.2205323e-03
 -7.3139966e-02
 -1.0833352e-04
  1.0355426e-02
 -7.1976827e-03
  2.0143613e-03
 -3.7057381e-02
 -7.6865470e-03
 -1.0795430e-02
  4.0073646e-04
  5.1869553e-02
  1.0951243e-02
  4.5703996e-02
 -1.6594870e-02
  6.0973037e-03
 -1.2543142e-02
  4.5386281e-02
  2.1595769e-03
 -7.7284859e-03
 -1.2134084e-02
 -1.1370722e-02
  2.9757909e-02
  1.4716962e-02
  6.2583587e-03
  1.9551072e-02
  4.2296294e-02
  8.1554249e-02
 -3.5587382e-02
 -7.7562062e-03
 -1.6497596e-03
  2.1047194e-02
  1.2974890e-02
  2.3513248e-03
 -1.6517800e-01
  2.1745877e-01
 -5.3351510e-02
 -1.4308158e-02
 -2.0318832e-03
  1.9250676e-02
 -3.3407703e-02
  1.9460391e-02
 -5.0024707e-02
 -4.6069100e-02
 -8.8236481e-03
 -2.7977731e-02
 -1.2164406e-02
 -3.4832742e-02
 -1.8215035e-03
 -9.8667042e-03
 -3.5104856e-02
  4.2562839e-02
  3.9441166e-03
 -2.8628491e-02
  3.2730710e-02
 -4.3309271e-02
 -3.2360025e-02
  6.8322599e-02
  5.2347877e-03
  3.0910848e-03
  2.5738899e-02
  2.0515998e-03
  1.2147730e-02
 -3.0648955e-03
  5.2784253e-03
 -1.8769255e-02
 -6.0220482e-03
  9.9564195e-03
  1.5065074e-02
 -1.7037399e-02
  2.3117013e-02
  2.5241569e-02
  3.6780921e-01
 -2.1033094e-04
 -1.0285148e-02
  2.1467166e-02
 -4.9331104e-03
 -1.1440162e-02
  1.4498817e-02
 -3.3324059e-02
  1.3023159e-03
  4.8684049e-03
  4.4788681e-03
  3.1145623e-02
  4.3482245e-03
 -7.5059775e-03
  2.3356147e-02
  6.5258099e-03
 -3.3022493e-02
 -1.5519342e-02
  2.9118062e-04
  2.3052040e-02
 -6.0321749e-03
 -3.3517182e-03
 -6.6249005e-02
  7.5878757e-03
  2.1027388e-02
  3.2411028e-02
  3.1011164e-02
 -4.7071822e-02
  3.0652162e-02
  3.3378121e-02
  1.1729271e-02
 -6.5624835e-03
  2.6510470e-02
  6.7896299e-02
 -2.3858860e-01
  2.0839963e-03
 -5.3686928e-04
  9.9079572e-03
  3.4672894e-02
 -1.4465280e-02
 -2.5819052e-02
  1.3493358e-02
  2.2557534e-03
 -1.3646882e-03
  2.5295743e-01
 -4.4427674e-02
  1.6594450e-01
 -1.0939561e-02
  6.9554187e-02
  4.7626883e-02
 -2.8771380e-01
  4.2914119e-01
  1.7395499e-03
  5.8671460e-03
  1.0833866e-02
 -5.0590783e-03
 -8.9332517e-03
 -2.7535269e-03
 -1.1352040e-03
 -4.0675037e-02
  6.4266138e-02
 -1.1942033e-02
 -1.1214407e-02
  7.9074480e-02
 -8.1266789e-03
  1.2627873e-02
 -5.0751552e-02
  1.0713911e-02
 -8.6485535e-02
 -8.4566288e-03
 -3.3895224e-01
  3.9476762e-03
 -1.2198929e-02
  2.0652086e-02
  1.3717044e-02
  2.1921454e-02
 -3.0636139e-02
  1.1018540e-03
 -2.1133067e-02
  1.9897155e-02
 -6.3590300e-03
 -6.1680406e-02
  6.4676199e-03
 -9.9470560e-03
 -3.6115106e-02
 -8.6113699e-02
  1.0491180e-01
  2.6526803e-01
  4.9324095e-01
  1.1309166e-01
  3.7173441e-01
  1.3653380e-01
 -2.0817414e-02
  5.7895780e-02
 -1.0247120e+00
 -9.8553270e-01
 -2.0008696e-02
  9.5184408e-02
  3.7591137e-02
  8.7639596e-03
 -2.6534942e-01
 -3.2261950e-03
  7.8982398e-02
  2.3432553e+00
  7.2199851e-03
  1.9191558e-02
  1.5881773e-02
  8.8080224e-03
 -4.6204822e-03
  1.5381108e-01
  1.5311253e-01
 -3.4590364e-02
 -4.8112613e-01
 -6.9695585e-03
 -1.0324936e-01
  3.2084759e-02
 -2.0698940e-02
 -1.2379794e-02
  5.4289061e-03
 -4.6368904e-02
 -1.0009911e-01
 -2.1271009e-02
 -3.4431461e-03
  3.9383010e-03
 -6.6363295e-03
 -2.2172690e-03
 -7.5574759e-03
  5.2288650e-03
 -2.9746298e-02
  3.6641404e-02
 -6.0470700e-03
  1.9183996e-01
 -1.4986530e-02
 -5.0707493e-02
 -2.7591743e-02
 -4.8293138e-01
 -9.7230240e-04
  7.7359122e-03
  4.1308719e-01
 -1.9442538e-03
  6.2864923e-01
 -1.3031645e+00
  9.1873035e-02
 -2.1811156e-02
 -1.7638205e-02
 -3.4294810e-02
  5.7441037e-02
  2.6714036e-01
 -3.2707107e-01
  1.5865078e-03
  3.2605525e-02
  1.6880155e-02
 -2.3831539e-02
  2.5944912e-03
 -2.8577186e-02
  2.4787372e-02
  3.4056619e-02
  5.8655035e-01
 -2.5864206e-02
  3.1876545e-02
 -2.9987542e-02
 -8.2275528e-01
 -1.2498016e-01
  2.2326882e-03
  2.4248876e-02
 -3.5816945e-02
  3.7671383e-02
  5.6520877e-03
  3.9081401e-03
 -9.9017285e-02
 -2.2348015e-02
 -2.2903214e+00
 -8.7996628e-03
  2.3576315e-01
  8.2073939e-01
  6.3677102e-01
 -6.8355247e-02
  6.5067506e-01
 -3.1200195e-02
 -6.0706550e-01
  3.6253545e-02
 -7.8009832e-01
  3.0619815e-02
  2.7600348e-02
  9.6703358e-02
 -5.8933330e-01
  4.1771829e-02
 -2.2906716e-01
 -3.5603607e-01
  8.6525485e-02
 -4.4980499e-01
 -2.9005578e-01
  5.5962664e-01
 -3.9234743e-01
  5.9876833e-02
 -1.7322424e-01
  1.8893762e-01
 -2.2440078e-02
 -4.8801741e-01
  4.8866290e-01
  9.2738852e-02
 -1.5950467e-01
  4.1077536e-02
 -2.2942449e-01
 -1.6239744e-02
  8.5318265e-03
  2.5775898e-01
  3.3247441e-01
  1.3297439e-01
 -5.4922543e-02
 -2.7418939e-02
  5.2509665e-01
  3.1087923e-01
 -2.6337672e-03
 -4.2984501e-02
 -9.9698659e-03
  2.0859120e-02
 -5.5868691e-03
  8.5532792e-02
  2.2282802e-01
 -1.5822796e+00
 -3.3222127e-01
  5.4418866e-02
 -3.8732171e-01
 -4.3474290e-01
 -3.3664495e-01
  3.1323183e-01
 -2.9163089e-01
  2.3638070e-02
  1.2067918e-01
  1.5676740e-01
  1.4234585e-01
  2.4075300e-02
 -2.5585089e-02
 -9.3225703e-02
 -1.1400329e-01
 -1.0981526e+00
  1.0701350e-01
 -1.9382368e-01
 -2.9693922e-02
 -1.4865480e-03
  2.4319389e-01
  3.6814103e-01
  2.7910620e-01
  2.3095934e-02
  1.8925929e-01
  3.7936744e-01
  1.3327366e-01
  2.1828634e-01
  1.7528513e-02
 -3.8378339e-02
  7.2768509e-01
 -1.7006245e-01
  3.6261353e-01
  1.2967018e-02
 -1.2314937e-01
  6.7114599e-02
 -2.0778224e-02
  1.3893646e+00
  8.6647928e-02
  5.8425128e-01
 -1.5968103e-02
 -3.0567193e-01
  9.1119371e-02
 -4.1851398e-02
  5.9168810e-01
  7.2536604e-03
 -1.4501423e-01
  5.1065804e-03
 -9.6002407e-04
 -5.6309037e-02
  3.9401323e-02
  5.9596103e-02
 -3.4109723e-02
  5.8167563e-03
  1.7141379e+00
 -8.8298786e-01
 -5.9251916e-01
  1.3097775e+00
 -9.4134969e-01
 -1.8452470e+00
  3.9915964e-01
 -6.4163727e-01
 -1.5486093e-01
 -8.1990165e-01
  4.0530640e-01
 -1.5356120e-01
  1.1743638e-01
 -1.8011662e-01
  3.5664488e-03
  1.5825152e-01
 -1.1703379e+00
  2.6134345e-01
 -4.5845589e-01
  2.9165927e-01
  6.3509569e-02
  7.5238585e-01
 -2.7349386e-02
 -9.3602824e-01
  3.7616432e-01
 -2.6119262e-01
 -7.6242673e-01
 -1.5709575e-01
  9.3801612e-01
  1.6703734e-02
 -1.0280569e+00
  3.5645267e-01
 -1.4235200e-01
  3.9602160e-02
  8.5033160e-03
  4.4701770e-02
  6.3981153e-03
 -2.9824506e-03
 -1.6432259e-02
  4.5503177e-02
 -2.5404193e-03
 -1.0320125e-02
  2.6027240e-02
  3.3670980e-03
  2.0629982e-02
  2.0774063e-01
  2.6974601e-01
  2.2754236e-01
  4.6502250e-01
 -3.0571517e-01
 -4.8066708e-01
  7.5945646e-02
  3.9167792e-01
  2.1859165e-02
 -2.5410868e-02
 -1.3988659e-02
 -1.0350686e-01
 -8.5526044e-03
  1.5907739e-03
  2.7760657e-02
  4.8988327e-02
 -2.1989353e-02
 -1.3948919e-01
  2.9840460e-03
  1.1779482e-02
  2.7254340e-04
 -5.0982069e-02
 -5.5988565e-02
 -7.8996620e-04
 -3.9217312e-02
  1.2703344e-02
 -1.7802636e-03
 -1.6735431e-02
  3.3195645e-02
  1.0154937e-02
 -5.0676387e-02
  4.1826382e-02
 -1.2546238e-02
  2.9389432e-02
  2.9460376e-04
 -1.2497990e-02
 -1.2538724e-02
  5.5267648e-03
  1.5008694e-02
 -4.9857195e-03
 -1.6514678e-02
 -6.7770726e-04
  6.5862611e-03
  9.0443473e-03
 -3.2737009e-02
 -1.3060308e-02
  5.6810146e-03
  4.3545403e-02
 -6.6087313e-02
  8.1987977e-03
  4.6793455e-03
 -6.2296289e-01
 -3.0712252e-03
 -6.4148689e-03
 -7.4052783e-03
 -4.9073078e-02
 -2.3378659e-02
  4.0114999e-02
  1.0972431e-02
 -3.2639261e-02
 -3.1844252e-03
  1.7007206e-02
 -3.2262993e-05
  1.1734879e-02
 -1.7608857e-03
 -1.5810376e-02
 -1.2647923e-02
  1.4642993e-02
  1.8632440e-02
  1.5720176e-02
  1.8485039e-03
  6.1491956e-03
  3.7181280e-03
 -2.8561051e-03
 -6.2906062e-03
  1.6210519e-02
 -3.0647023e-03
  1.3049109e-02
 -2.3377243e-02
  3.8629528e-02
  7.1770921e-03
  7.7195959e-03
 -1.3822481e-02
  2.0369338e-02
 -1.0937868e-02
  2.3664437e-02
  5.1260027e-03
 -8.1135310e-02
 -1.1528111e-01
 -2.6205522e-01
 -4.7985324e-01
  6.0212307e-02
  4.0967580e-02
  2.1147372e-01
  2.1845307e-02
  1.5955606e-01
 -4.0173122e-01
  2.2660756e-02
  1.5232810e-01
 -2.0456257e-01
 -3.1925999e-02
 -1.6022043e-01
  1.6391341e-01
 -4.7572172e-01
  5.4520341e-03
 -9.3088336e-03
  4.2914815e-02
 -2.7651787e-01
 -4.3851729e-03
  1.2805608e-01
 -4.6164010e-02
  1.5313989e-02
 -1.9008443e-02
 -3.8929152e-01
 -3.3038460e-02
 -9.6181028e-02
  4.6270005e-03
 -6.5309487e-02
 -9.6708976e-02
 -2.5648734e-01
  4.3486465e-02
 -1.1149102e-02
  1.0179283e-02
 -3.1343680e-02
  2.6194390e-02
  8.7821633e-02
  5.5429023e-02
  1.5586182e-02
 -8.9808919e-02
  3.4872767e-02
  2.0405543e-03
 -9.9652940e-03
 -3.8309444e-02
 -4.4854730e-02
  3.9072271e-02
 -1.0789000e-01
 -1.3702843e-01
  4.1364580e-03
  8.3309844e-02
  1.8650246e-01
 -8.6660292e-03
  2.9777815e-03
  5.1107351e-03
 -8.9578028e-04
 -8.5472642e-03
  7.1882918e-02
 -1.5920559e-03
 -1.8802052e-02
 -6.3709603e-03
  1.3965015e-02
 -1.9783659e-02
 -2.7319614e-03
 -4.8857178e-03
  3.7391400e-01
  2.0764945e-02
  1.7205073e-02
 -1.6108554e-02
 -2.0376861e-02
 -2.3572935e-02
  2.8940452e-02
 -3.8592983e-02
 -6.9074100e-03
  1.0649693e-01
 -4.5330539e-02
  6.3873306e-03
 -9.9178283e-03
 -6.0836524e-03
 -3.0839164e-03
  3.4246173e-02
  6.5189175e-02
 -6.3145207e-04
  1.2943204e-03
 -4.2078119e-02
 -3.1697519e-02
 -2.7452809e-01
 -1.0418090e-03
  1.9043980e-03
 -2.3225574e-02
 -1.5018615e-03
 -2.5760645e-01
  1.1651836e-02
 -3.5873570e-02
 -7.7285343e-03
  3.5547661e-03
  1.5033912e-02
  2.2365324e-02
  1.4623710e-02
  8.6161289e-03
  3.3646189e-02
 -4.0011317e-03
  6.9803488e-03
  9.0992041e-03
 -2.1979325e-03
 -1.8950077e-03
 -3.5474300e-02
 -3.0445047e-03
 -4.1971942e-03
  1.6079099e-01
  2.2638177e-02
  2.6235102e-02
  4.9391873e-03
 -6.1750680e-02
  2.9897317e-04
 -1.6037375e-06
 -7.2798198e-03
  9.7679030e-03
  1.2068601e-02
 -1.6525022e-03
  8.0867857e-04
 -4.1615225e-02
 -9.6457815e-03
  2.1977003e-03
 -1.1486447e-02
 -1.5112784e-02
  3.5533655e-02
 -9.0634255e-03
 -5.1917299e-03
  1.9341698e-03
  3.2101765e-02
  2.8772587e-02
  5.5380005e-01
 -2.5430143e-01
 -2.4995422e-02
  1.5659491e+00
 -8.3824563e-01
  1.0416125e-01
 -6.4058378e-03
 -2.5106952e-01
 -4.9837183e-02
 -2.2577450e-02
  5.1369700e-03
  7.1096499e-03
  3.5973676e-02
 -1.8486429e-02
  9.1206077e-03
  1.3253903e-03
 -3.7810452e-02
  1.8762181e-02
  2.2945944e-02
 -7.8878134e-02
 -3.0370462e-03
 -7.2829397e-03
  2.5288552e-02
 -5.0463565e-03
 -1.0759911e-02
  7.7028582e-03
 -2.7008962e-02
 -2.9193610e-03
  1.3757585e-02
  1.4770744e-02
  8.8048115e-02
 -8.3797090e-03
  2.2688258e-02
 -6.6881552e-02
 -7.1514160e-03
  1.8259391e-02
 -1.3355495e-02
 -1.0018716e-02
  2.2515668e-02
 -2.9418311e-01
  1.9890070e-02
  1.9026138e-02
  5.4725792e-02
 -1.0412811e+00
  5.1003218e-01
  1.9308050e+00
 -6.0512149e-01
  4.1490129e-01
  4.1512144e-01
 -1.2029870e+00
 -7.4462943e-02
  3.7187016e-01
  9.5066440e-01
  4.9631050e-01
 -5.4857683e-01
  1.2226850e+00
  2.2335999e-01
 -1.4558090e+00
 -2.8306261e-01
 -6.9899619e-02
 -2.7710590e-01
 -1.1248143e+00
  4.0028058e-02
  8.6539584e-01
 -3.5306599e-02
 -1.7200986e-01
  4.9050379e-01
  3.0475843e-01
  3.0252747e-02
  6.8469828e-01
  2.4230483e-01
 -2.6878152e+00
  7.5009957e-02
  5.5370682e-01
  2.4066122e-01
  1.2621193e+00
 -1.5011916e+00
  1.8015111e-02
 -1.7213793e+00
  2.5944704e-01
  6.3485233e-03
 -7.8802735e-02
 -4.9755946e-02
  8.2449317e-03
  2.1455131e-01
  2.6872088e-03
  3.8147759e-02
 -5.2194464e-01
 -3.2704452e-01
  7.4637127e-01
 -6.5149646e-04
 -1.3501395e-01
  9.3852282e-01
  8.5969430e-01
 -1.7346866e-02
  5.1723969e-01
 -6.9511728e-03
 -7.2414833e-01
 -7.2748854e-04
 -1.0202224e-01
  1.3601273e-02
 -3.1410319e-01
  5.1763710e-02
  2.7220661e-02
  5.9990162e-01
  9.5649222e-03
  1.2732653e-02
  1.2928796e-01
  5.1303413e-02
 -4.6255151e-03
 -1.5365715e-01
 -4.0103379e-01
  2.4248031e-01
 -3.1088464e-02
  3.1133380e-02
 -1.4859837e-01
  1.4602172e-02
  4.7742943e-03
 -6.1129056e-02
  2.6390105e-03
  2.3046032e-01
  3.5836464e-01
 -8.8173943e-03
  1.7275065e-03
 -1.7919114e-02
 -2.9944098e-01
 -7.7627283e-03
 -1.3670271e-02
  6.7994976e-03
 -2.9304791e-03
 -1.4730703e-02
 -8.4090687e-02
  4.6916711e-01
 -3.0318322e-03
  1.9759778e-03
 -8.4069699e-02
 -2.6812165e-03
  5.9915638e-01
  3.4396055e-01
 -1.8316054e-01
  5.2672820e-03
 -9.0041915e-03
 -2.3075065e-03
  2.4616446e-02
  2.9140122e-02
  3.6544099e-02
 -3.9913249e-03
 -2.6936730e-02
 -4.6636224e-02
  5.7299687e-03
  1.4297877e-02
  2.6900056e-03
  1.1456523e-02
  3.0857459e-02
 -2.9277554e-02
  1.2997579e-03
  2.9547131e-02
  4.9607130e-03
  9.6169896e-03
  1.8337160e-02
 -8.7683853e-03
  1.9126251e-02
  5.2104294e-02
 -2.9282328e-02
  3.1913850e-02
 -1.0052538e-02
  3.2740381e-02
 -1.4194068e-01
 -5.4839123e-02
  2.1028610e-02
  1.7136311e-02
 -1.8525332e-02
 -2.5131910e-03
  3.6813249e-04
  1.1267630e-02
 -1.8784579e-02
  6.9288656e-02
  2.0832771e-02
  7.5468784e-03
  9.5107093e-02
  4.0040299e-02
 -2.4832830e-02
 -5.9281182e-03
 -4.7033042e-02
  1.5954830e-02
  1.5717262e-02
  9.6059684e-03
 -2.3933513e-02
 -1.4190430e-02
  1.2603000e-01
  9.2232442e-03
  1.4271120e-02
 -1.1517867e-02
 -2.0022760e-03
 -3.0925004e-02
 -1.3416786e-02
 -6.8442845e-03
  1.5872542e-02
  2.0825952e-01
 -3.0899325e-02
 -2.4769638e-02
 -3.1664893e-02
 -5.9174214e-02
 -5.4856561e-02
  3.2357462e-02
 -3.3655893e-02
 -6.2622745e-03
  2.8256305e-02
 -2.3225313e-02
  2.8992847e-02
 -2.1560103e-01
 -1.6159587e-02
 -1.1115713e-02
 -1.7168936e-03
  1.9619474e-04
 -1.3313552e-02
 -4.3910396e-01
 -1.1861854e-02
 -5.9692502e-02
  8.4974967e-02
  1.9903325e-01
 -1.8559279e-01
  2.0899938e-02
  4.1878244e-01
  1.6839567e-01
  1.8148487e-02
  7.3789293e-04
  6.6912673e-02
 -2.8080769e-02
 -6.1777122e-03
  6.3145207e-03
 -5.7259654e-03
 -6.8682009e-01
  1.2927373e-02
  4.4186674e-02
  2.3294952e-02
 -2.3641959e-02
 -6.8998290e-03
  3.0893577e-02
  5.2307150e-03
  2.7014041e-02
  1.7413586e-02
 -3.2397266e-03
  3.2879768e-03
 -2.7147274e-02
  1.1916784e-02
 -1.6440199e-01
  9.7301729e-02
  1.1075252e-02
 -2.5073646e-02
  1.3578941e-01
  1.4998220e-02
  2.0836631e-02
 -9.9128559e-03
 -1.1398598e-02
  1.6093325e-02
 -7.1910713e-03
  1.5828725e-02
  7.4644431e-02
 -3.9728591e-03
  1.6050577e-02
 -5.6078929e-02
  3.2477845e-02
 -2.2192087e-03
  5.9076679e-01
  2.5177142e-02
  1.7347332e-02
  2.4598693e-03
  6.4809900e-04
 -2.6788991e-02
  3.2404643e-03
  9.2891343e-03
 -4.5980006e-03
  1.0489149e-02
 -1.4206404e-03
  1.3798341e-02
 -5.9946147e-03
 -1.0179912e-02
  4.6493411e-03
  3.4126580e-01
 -1.7540457e-02
 -1.9896298e-04
  2.8682709e-02
 -2.2932690e-02
  2.0884762e-02
 -1.3085661e-02
  2.1323193e-02
  6.5542050e-03
  1.2197728e-02
 -7.7638566e-03
  3.2592389e-01
 -1.1238633e-02
  2.2317817e-02
 -2.5984058e-02
 -9.7530400e-03
 -5.9589488e-03
  1.9776046e-02
 -7.6201726e-03
 -3.5975613e-03
 -2.7992157e-04
 -6.4710557e-02
  2.9513743e-03
  3.1978130e-02
  3.1605843e-03
 -2.1466142e-02
  3.2356121e-02
  1.6232351e-02
 -2.1499980e-02
  2.0619743e-02
 -8.3991984e-04
 -1.0477311e-02
  2.8914419e-01
 -2.9475044e-02
 -3.0585151e-02
 -4.8398208e-03
 -1.4477793e-02
  1.5370825e-02
  3.4722466e-02
  8.3184719e-02
 -5.2133985e-03
 -1.6508582e-03
 -1.5747570e-04
  7.0456393e-02
  1.5459880e-02
 -1.4350055e-02
 -1.5743151e-01
 -1.4584635e-02
  2.3034994e-02
  4.5356164e-03
  1.3003955e-02
  3.9670775e-03
 -2.0132594e-02
  2.2208460e-02
 -6.8410449e-03
 -9.9638179e-03
  2.3526400e-03
  1.0933303e-02
  8.1521794e-03
 -3.4956727e-04
  1.2727386e-02
  1.5919106e-02
  2.2688331e-03
 -1.3111608e-02
 -5.9099197e-03
  1.5663628e-02
 -5.7776894e-02
 -3.0520055e-02
  6.2127551e-03
 -3.1923056e-03
  2.7546817e-03
  1.3611212e-02
 -3.9697406e-01
 -1.6832918e-01
  1.6633067e-01
 -2.2083614e-02
 -3.5464463e-01
 -3.6618412e-02
 -1.6138161e-02
  9.2503928e-02
  2.9150559e-02
  4.0761268e-01
  2.8077923e-02
 -1.4530426e-01
  5.7153855e-02
  1.0669494e-01
 -1.4526771e-01
 -8.7505966e-02
  1.8146475e-01
  9.3533900e-03
 -1.2303150e-01
 -2.5748807e-01
  1.1296839e-02
  2.0015645e-01
 -6.1598018e-02
  5.2814025e-02
 -1.7426137e-02
  8.5221902e-02
  6.0337491e-02
  7.2630364e-03
 -4.4682002e-01
 -7.7662342e-03
  2.8317410e-02
 -1.7437924e-03
  1.3336746e-01
 -4.0235808e-01
  8.7159961e-02
 -2.3971332e-02
 -3.6282632e-02
  6.6520264e-03
 -1.3942116e-02
 -1.5707377e-02
  3.3086590e-02
  2.4004389e-02
  5.1118188e-02
 -2.2089933e-03
 -3.0062234e-02
 -3.2666084e-01
  7.9525280e-01
 -1.8103479e+00
  1.7564101e+00
 -7.9852384e-01
 -4.2922401e-01
 -8.8013184e-01
 -2.1215039e-01
 -2.4494633e-02
  4.1646030e-02
 -2.1557623e-01
 -4.6961955e-03
  6.9214115e-03
 -5.0128520e-01
  4.3826331e-03
  1.1757495e-02
  3.7762743e-01
 -1.3746288e-01
 -6.8015307e-02
  6.4522989e-02
  2.3455001e-01
  1.7946848e-01
 -1.8031436e-03
 -1.3078317e-01
 -5.4698642e-03
  1.9256264e-02
  6.5347224e-02
 -4.1366354e-01
  3.2358700e-03
 -1.2352753e-03
 -1.3250460e-01
  5.5131048e-04
  3.1146398e-03
  1.6055363e-01
 -3.6309358e-01
  1.1477786e-02
 -1.3161836e-02
 -2.3123501e-03
  4.0644385e-02
  2.9102363e-02
 -1.4502475e-02
  5.3746831e-02
 -7.1444344e-03
  4.2394176e-04
 -1.7184104e+00
 -1.4944794e-02
 -7.4884561e-03
 -1.8248243e-02
 -2.5867835e-02
 -1.8741827e-02
 -3.8384357e-03
 -4.4032846e-02
 -4.1785752e-03
 -2.3823385e-03
 -2.3176253e-02
  1.1932151e-02
 -1.2545413e-02
  8.3000518e-02
 -6.7114295e-03
 -7.8226775e-03
 -1.8792516e-02
 -5.3968420e-03
 -2.6748618e-03
 -2.4993081e-02
 -1.4475696e-02
  2.7984823e-03
 -2.6321546e-03
  7.8761987e-03
  3.2711336e-03
  1.4853920e-02
  7.9714349e-03
 -9.9194078e-03
  2.2533199e-02
 -3.1178709e-02
  4.5694802e-02
 -9.6794125e-03
 -3.1434406e-02
 -2.8092470e-02
  6.4728822e-04
  4.3266326e-02
 -5.9693861e-03
  1.8734984e-02
 -7.3842414e-02
  1.3340142e-02
  1.5276936e-02
 -4.8318161e-03
  3.0522617e-02
  5.2205641e-03
 -4.0307888e-03
  1.1491092e-01
  4.4368882e-02
 -5.3074360e-03
 -1.0299014e-01
  1.9710230e-02
  5.4655867e-03
 -1.3342928e-02
 -1.0500275e-02
 -2.9479254e-02
 -6.7448854e-03
  6.4970413e-03
  5.6642005e-03
 -8.6324019e-03
  9.5415665e-03
  9.8349936e-03
  4.3243421e-03
  1.5146925e-02
 -3.1555602e-03
  3.1321116e-02
 -2.1396372e-02
  4.7137318e-03
  8.8300100e-03
  8.4111729e-05
  1.3796821e-02
 -5.8649462e-03
  2.0473218e-02
 -1.8829734e-03
 -3.4426462e-02
  2.5851496e-02
 -1.6165264e-02
 -1.2882192e-02
  6.1242953e-02
 -1.7235376e-02
 -9.6765161e-03
  2.2357595e-03
  5.5599576e-03
 -2.4141965e-02
  4.3027382e-03
 -1.0340834e-02
 -1.8139664e-02
 -2.8482955e-03
 -6.1873733e-03
 -4.6693431e-03
 -2.9125518e-01
 -1.9020448e-02
  1.8822040e-02
 -6.3341423e-03
 -2.4893495e-01
  2.3122239e-03
 -1.4947791e-01
  1.7043766e-01
  9.9135544e-03
 -3.3455156e-02
 -9.0891197e-03
  2.1312756e-02
 -4.2146720e-02
 -2.1703798e-02
  3.0428607e-03
  1.0579985e-02
 -1.2931253e-02
 -1.6174486e-01
  1.6209291e-02
 -1.6136214e-02
 -2.9206467e-03
  1.2777484e-02
  9.5837628e-03
  7.1927439e-05
 -9.0332795e-03
 -6.5521980e-03
 -1.9348570e+00
 -3.6905620e-02
  2.7333950e-03
 -2.8350260e-02
  3.7904452e-03
 -3.2281909e-02
 -5.2220099e-02
 -1.3125056e-03
 -3.5012937e-03
  4.1857539e-03
  5.4574005e-02
 -6.5622963e-02
  3.4225066e-03
  2.2918971e-02
  1.1866626e-02
 -2.9972699e-03
  3.9806191e-02
 -1.3422355e-01
 -6.4379118e-02
  3.6945584e-01
 -2.8671598e-01
 -6.8662810e-01
  3.6794072e-01
 -3.5600793e-01
 -7.7434726e-02
  2.5729159e-01
 -2.4579781e-01
  2.5616685e-01
  3.1209207e-01
  1.1355952e-02
 -1.2343408e-02
  3.7964579e-01
 -1.5199257e-02
  1.3927918e-02
  4.0492278e-02
  1.9826472e-01
 -1.4983033e-01
 -2.9323804e-01
  1.5566718e-02
  2.0585339e-01
 -3.8657112e-03
 -2.4544647e-02
 -2.2420222e-02
 -2.2048930e-02
  2.4222529e-02
  3.1358936e-01
 -6.3560478e-02
 -5.1484067e-02
 -1.5256281e-01
 -5.3719714e-02
  3.1286694e-02
 -1.4140624e-01
  6.8811432e-02
 -1.0021996e-01
 -7.5662835e-04
  3.7255917e-02
 -1.6044525e-03
  1.5845714e-02
 -9.7800978e-04
 -1.1826084e-02
  1.8346367e-02
  2.6483679e-02
  5.6602937e-01
 -5.7686642e-03
 -4.6806779e-02
  6.5362692e-02
  2.0408161e-01
 -1.0134757e-02
 -1.9978390e-03
  3.3130776e-03
 -6.4822678e-03
 -6.0594142e-03
 -3.0498175e-02
  3.2650150e-02
  2.7529062e-03
 -1.8161284e-03
  5.3072232e-04
 -2.5968808e-03
  1.6252980e-02
 -1.1181694e-02
  4.1217981e-03
  8.7808538e-04
 -1.2508535e-02
 -3.4912124e-03
  6.9013238e-03
 -1.5829204e-02
  8.0837999e-03
 -2.8861961e-03
  3.2122195e-02
 -4.4438694e-02
  2.0747384e-01
 -5.8649603e-02
 -1.8800544e-02
  4.9517214e-02
 -6.9036735e-03
  7.5823769e-02
 -1.7807759e-02
  5.7656819e-04
  4.2417467e-02
  4.4891898e-02
 -6.3786671e-02
 -1.4011061e-02
 -1.2209782e-03
  2.8597601e-03
 -1.3061753e-02
 -1.1363105e-02
 -3.8010217e-02
  6.5808650e-05
 -3.4479308e-03
 -5.9770145e-03
  2.3830203e-02
  6.1073964e-03
 -1.0946879e-02
  3.3358272e-02
 -9.3685398e-03
  2.0331107e-02
 -2.3433918e-02
 -3.4597535e-02
  3.1079673e-03
 -2.3768056e-02
 -6.0716011e-02
 -8.8292491e-03
  2.3828074e-03
 -3.6980920e-02
  2.0933731e-02
 -9.3633682e-03
  3.1698279e-02
  1.1900496e-02
  2.6020100e-03
 -8.5677039e-03
  4.9549495e-03
 -2.0042993e-03
  5.2301481e-02
  5.6835902e-03
 -3.3614129e-02
  3.3156466e-02
  8.0665173e-03
 -5.8322703e-03
  9.3262447e-03
 -4.8493710e-04
  3.1455945e-02
  7.0212614e-03
  9.9480078e-03
 -1.4560028e-03
 -1.3854815e-02
 -3.6692857e-03
 -2.8730610e-02
 -1.9925078e-02
  9.4594676e-03
 -1.2272810e-01
 -1.7095780e-01
  5.0347275e-01
 -1.3016095e+00
  1.7189173e+00
  7.6605129e-01
  1.1213696e+00
  7.0310548e-02
 -2.7856922e-01
 -1.0587324e-02
  6.9381572e-02
  1.3937223e-01
  1.0472740e-03
  4.2292304e-02
  3.8261622e-01
  9.2893705e-02
 -7.4417153e-03
  1.5464699e-01
 -4.7308295e-03
  8.5498823e-04
 -3.9242941e-01
  1.0712649e-02
 -1.4185254e-02
 -5.5416364e-02
  1.7818329e-01
 -7.0051476e-04
 -6.2594353e-03
  2.0661507e-02
  5.2243676e-02
  2.2438768e-02
 -1.0980695e-02
  2.8333608e-02
 -2.4374542e-03
 -3.9614942e-03
 -1.0910467e-02
  1.8276982e-02
 -3.4519654e-02
 -6.1892602e-04
 -2.1567915e-02
  1.1158730e-03
 -2.7628914e-03
 -3.5174964e-03
  3.4994204e-02
 -4.8640817e-03
  3.4178775e-03
 -2.1061750e-02
 -3.2147784e-03
 -3.0330615e-04
 -4.4376582e-02
  7.5538814e-02
  2.9450221e-02
  1.5125833e-02
  2.3185994e-02
 -4.3849810e-03
  3.0480413e-02
  1.2440144e-02
  2.6813202e-02
 -3.6567144e-02
  2.2038920e-02
 -7.9741114e-01
 -4.0703069e-02
 -3.0372072e-02
 -1.6178917e-02
 -1.3120272e-02
  1.5011010e-03
  2.4016552e-02
 -1.5434502e-02
  4.8916657e-02
  6.1764230e-04
  1.1742111e-02
 -2.5728461e-03
 -4.9971719e-04
  1.7969599e-03
 -2.9993471e-02
  1.6192906e-03
 -2.4531847e-02
  2.2307400e-02
 -1.5543288e-02
 -1.9388061e-02
 -2.7302755e-02
  1.3226816e-02
 -4.0711525e-01
 -1.0157734e-02
  4.1338853e-03
 -3.5739607e-01
  1.2755445e-02
  7.5245067e-02
 -7.1955405e-02
  3.1822562e-02
 -5.3137004e-02
 -1.0477261e-01
 -4.5445606e-02
 -2.1652449e-02
 -8.5803258e-01
 -4.1146809e-01
  1.0374400e-02
  1.5385596e-01
 -1.3629952e-02
 -8.9171426e-03
  9.5152082e-03
  6.5552080e-03
 -2.8378579e-01
 -5.3236354e-03
  6.3263457e-03
  1.2938393e-02
  2.7002256e-02
 -4.8095826e-04
  2.2041161e-02
  1.7768031e-02
 -1.3159821e-04
 -2.0034371e-02
 -4.2994767e-02
 -2.4576794e-01
  1.2535858e-02
 -4.3129925e-02
 -8.0749050e-02
 -1.8650325e-02
  2.6767228e-02
 -4.2235190e-03
  5.9532750e-02
  7.3478435e-04
 -2.1070097e-02
  4.6243433e-02
  2.8376831e-03
  3.4447514e-02
  1.2719965e-02
  1.1828301e-02
 -9.4455378e-03
  3.2249790e-02
  1.0461077e-02
  4.6906667e-03
 -4.4407933e-03
  6.9170976e-01
  4.4051385e-01
  9.8141320e-02
 -1.6685441e-02
  4.5658481e-01
  3.9866343e-01
 -2.9820183e-01
 -4.9195671e-03
 -2.9082116e-01
 -5.1909212e-02
 -7.7574752e-02
 -4.4955648e-02
 -1.8099970e-04
 -6.9519520e-02
 -1.8317984e-02
 -3.7583321e-01
  5.7782993e-02
  8.7929942e-02
  1.5683027e-02
 -5.3173429e-01
  1.2787497e-02
  1.9667568e-02
 -5.3559281e-02
  1.4430596e-02
  8.3607826e-03
  1.4735857e-01
  2.7588392e-02
  4.9397517e-02
 -2.4755782e-01
  2.1948721e-02
 -9.3421206e-02
  1.7553042e-03
 -2.8483081e-04
 -8.7404072e-02
 -1.2264448e-02
 -1.3338374e-01
 -1.0577989e-01
  2.8569791e-02
  2.5365083e-04
 -4.0337030e-02
  3.5861503e-02
  1.4086501e-01
  7.1180570e-03
 -1.5633147e-02
  1.8959102e-04
 -2.6012762e-02
  6.9130883e-03
  8.4856644e-02
 -6.2845424e-02
 -1.3423942e-02
  7.1916119e-03
  1.0095441e-02
  1.3648614e-01
 -6.3042054e-03
 -1.0087418e-01
  9.1493120e-03
 -4.3912791e-02
 -2.1686781e-02
  4.7630491e-03
 -3.2240283e-02
 -6.4298488e-02
 -5.9497248e-02
 -1.1085251e-02
 -7.8593567e-03
 -3.3354918e-03
 -6.3747016e-04
  1.2782100e-02
  1.2009114e-02
  4.8400968e-02
 -1.2643143e-02
  1.5738379e-02
  9.2455568e-03
  4.3248391e-01
  9.3544628e-03
 -2.1606551e-02
  1.5670156e-02
 -7.2379955e-03
  2.1953497e-04
  1.1620926e-02
  9.4629303e-03
 -1.5070239e-02
  5.2581197e-03
 -5.5985469e-03
 -1.7782893e-02
 -6.1011971e-03
 -1.5284298e-02
  1.9454010e-02
  9.9406205e-03
  1.2937583e-01
  4.7832884e-02
 -4.7606286e-02
 -9.0306916e-04
  2.3180559e-01
 -3.9429092e-01
 -9.8908281e-01
 -1.4771825e-01
 -1.8234436e-01
 -4.5810696e-03
 -1.0413468e-02
  2.4303721e-02
  5.6526035e-02
 -2.6296747e-03
  4.5442190e-02
  6.1198149e-02
  1.4384866e-02
 -9.1376179e-04
 -2.5682334e-02
  4.3277290e-02
 -3.9512101e-03
 -1.3748222e-02
 -1.5217891e-02
  8.9180190e-05
 -3.9552335e-02
  5.7615783e-02
 -1.1065677e-01
  1.4535598e-03
 -7.3000334e-02
  1.2797944e-01
  2.1392114e-02
  2.6322106e-01
  2.5687508e-02
  1.1973097e-02
  5.2113492e-02
 -1.1849334e-02
  1.8470766e-02
  7.5753694e-03
 -6.8616517e-02
 -1.4925469e-04
 -1.1597034e-03
 -1.1414483e-02
 -8.6889248e-03
 -6.5629736e-02
  1.9284762e-01
 -3.0434594e-01
  2.5315421e-02
 -2.4980860e-02
 -8.2788785e-04
 -4.6197988e-02
  3.4392765e-01
  1.0282671e-03
 -1.5879397e-01
 -1.2692979e-01
  7.2432321e-04
  1.5640004e-01
 -7.4220216e-03
  2.1226482e-01
  4.8722229e-03
  5.2340634e-02
 -5.7265643e-02
 -1.6735663e-01
 -5.2754548e-03
 -2.0678439e-03
  2.2090407e-01
 -1.1746268e-01
  5.3816918e-02
 -8.4953360e-02
 -4.9356349e-02
 -1.4968613e-01
 -6.0713377e-02
 -4.3540921e-02
  2.8875953e-01
 -1.8373866e-02
 -1.2003510e-01
  8.6712921e-03
 -5.7549804e-01
  2.1920742e-01
  3.2501601e-02
  2.4425955e-03
 -4.3522865e-03
 -2.8488657e-04
  3.6051080e-02
  2.2658218e-02
  1.5585568e-02
 -1.4602333e-01
  8.7967906e-03
 -2.1315159e-02
  1.8354701e-03
 -6.5477669e-01
  7.1158577e-03
 -9.5392182e-02
  3.3543926e-01
  2.2318745e-01
  1.3028778e-02
  5.2895453e-02
  2.4542035e-01
  3.6502409e-01
  2.5808200e-04
  2.2050172e-02
 -4.1109990e-02
  1.1127124e-02
 -7.5974084e-02
 -1.3380295e-02
  2.1683122e-03
 -1.2724495e-01
 -8.0046974e-02
  2.1082100e-02
  1.5775263e-02
 -4.4786245e-02
  2.2070445e-02
  5.8405526e-02
  5.2070286e-02
 -9.4162999e-03
  3.4549744e-03
 -4.9935300e-03
 -6.0463410e-02
 -6.1820693e-02
  1.0147061e-02
  5.6239791e-02
  1.7692631e-02
  4.9669473e-03
 -6.8695679e-02
 -8.1127301e-02
 -4.2973705e-02
 -1.3884131e-02
 -1.0538384e-02
 -1.0457385e-02
 -2.6911432e-03
  4.8246402e-03
  5.5433109e-02
  7.0084711e-03
  1.6151297e-01
  1.2705159e-01
 -1.4430383e-01
 -2.5050032e-01
 -5.0718284e-01
  5.9558481e-01
  5.6292337e-01
  3.5184473e-01
  1.2160100e+00
 -9.8593518e-02
  8.2241651e-03
 -7.8598773e-01
  1.0336783e-02
 -3.0733755e-01
 -8.2785018e-02
  2.0925514e-02
  4.2194999e-03
 -7.8092851e-03
 -1.3560013e-01
 -4.1211018e-01
  1.3150709e-02
 -1.5427059e-01
  7.0126336e-03
 -8.7995529e-02
 -1.9051255e-01
  5.1477134e-01
 -3.6984740e-04
  1.6939130e-02
  6.4401077e-03
  1.7476797e-01
 -2.9076096e-01
  5.8382228e-02
  5.8826702e-03
 -1.3617691e-02
  2.6715910e-01
 -3.5578080e-02
 -2.8176608e-02
  3.7100177e-02
 -1.4275202e-01
  7.0491238e-03
 -3.6679260e-03
  7.7916153e-02
  4.9172286e-02
 -1.1872152e-02
 -3.4448788e-02
  1.9200336e-02
 -3.8197037e-02
  1.0106642e-02
 -2.0593049e-01
  2.0298062e-02
 -7.5943321e-03
  1.6746167e-02
 -1.9581035e-02
 -3.7402190e-02
  6.8800107e-02
 -2.0983016e-02
  1.0708184e-03
  1.5985990e-02
 -2.7668895e-03
  7.2431732e-03
 -5.3792354e-03
 -8.0890432e-03
 -4.2334303e-02
 -1.7899603e-02
  2.8085845e-02
  9.8922607e-03
  1.0694388e-02
 -2.1913783e-03
 -2.9314086e-03
  9.3658306e-02
  2.0685388e-02
  2.8458307e-03
  2.5770560e-02
 -7.6613533e-03
 -8.9795012e-03
  2.3600455e-02
  1.7289428e-02
 -1.6714206e-02
 -2.2092627e-02
  1.2262928e-02
 -9.8155206e-03
 -9.5134703e-03
 -4.0823189e-03
 -1.6266688e-03
 -3.5936788e-03
 -2.5105625e-02
  1.3165787e-03
 -5.0940514e-02
  2.8797284e-02
  6.4619090e-03
 -3.6529142e-02
  2.6124753e-02
 -3.6830324e-01
  1.1174986e-03
 -6.3708618e-02
  6.7496067e-03
  2.4081641e-03
 -1.4132981e-02
 -1.2303863e-03
  5.5788062e-03
 -1.7028373e-02
 -2.5734954e-02
 -2.2225390e-04
  2.7041351e-03
 -1.5453025e-03
 -1.6123386e-02
  8.5662864e-03
  6.8633266e-02
  1.0865750e-03
  2.7237276e-03
 -8.0355979e-04
  9.2076352e-03
 -4.5999768e-03
  7.8175083e-02
 -7.3995767e-04
  1.4085363e-03
  8.2198614e-03
 -2.5016848e-02
  2.2876699e-02
 -5.1905046e-04
 -1.3363804e-03
 -1.4300982e-02
  9.8271966e-03
  1.8644897e-02
 -3.3995427e-02
  2.1747015e-02
 -1.6094694e-02
  1.5729534e-02
 -1.1098539e-02
  3.9590583e-03
 -1.6440207e-02
 -5.4451108e-02
  3.4835143e-03
  8.6612493e-01
 -2.1687509e-03
  2.5400153e-01
  3.3825910e-01
  1.4436950e-01
  1.9325726e-01
 -6.9332533e-02
  1.0115273e-01
 -6.4513683e-03
  3.9155804e-02
  3.7067309e-02
 -1.6718724e-01
  7.6275542e-03
  2.3826532e-02
  7.3958510e-03
 -1.9970780e-02
 -2.8188219e-02
 -2.7073642e-02
  5.8792215e-03
 -3.0349690e-02
  6.6517510e-02
  1.9356359e-02
 -1.1951916e-02
  1.2205931e-02
 -6.4866953e-03
  3.7241576e-03
 -1.3049796e-01
  6.0438747e-03
  4.2493194e-02
  3.2599200e-02
  1.5831141e-01
 -9.5842011e-02
  2.8526595e-02
 -1.9678276e-02
  5.1514164e-02
 -1.6084034e-04
  1.1331285e-03
  1.9315086e-02
  2.6626812e-02
  4.3566520e-03
 -1.9409610e-03
 -3.4432141e-03
 -2.6609224e-01
  1.1824546e+00
  6.1845016e-01
 -1.0963728e-01
 -2.2896943e+00
  8.0149692e-01
 -1.6506922e+00
 -1.0031756e+00
 -2.2653165e+00
  9.1589737e-01
  1.3350682e-02
  3.5274601e-01
 -2.4815299e-01
 -6.8819773e-01
 -2.0737316e-01
 -4.5718494e-01
  1.5752012e+00
 -4.7220370e-01
  1.0470873e+00
 -6.1331731e-01
  8.6301304e-03
 -3.8476774e-01
  1.6276857e-01
  4.5703402e-01
 -4.9104154e-01
  2.5179824e-01
 -1.3179573e-02
 -5.6230885e-01
  9.7555153e-02
 -9.6977435e-02
  1.1450875e+00
 -4.0378115e-01
  1.4481458e-01
 -1.4000514e-01
 -2.6823789e-02
  2.3572618e-01
 -1.1356653e-01
  3.5874158e-01
 -3.6381878e-02
 -1.9703771e-01
  8.2933139e-03
 -8.1643842e-02
 -7.3352128e-01
  1.2915401e-01
 -7.5136963e-04
 -2.5540976e-02
  1.0198255e-02
 -4.1058906e-03
 -6.0879700e-02
 -1.0212346e-02
  1.3280556e-01
  1.2165117e-02
  2.8766838e-03
 -3.4522244e-01
 -1.5811034e-04
  3.3767410e-02
  1.0921170e-02
 -3.7529673e-02
  4.0708156e-03
  9.3876664e-03
  8.7325908e-03
 -5.6278184e-03
  5.2197225e-02
  2.2560159e-02
 -1.9812053e-02
 -2.4226630e-02
 -8.3642630e-03
  9.2813224e-03
  1.8358327e-02
 -8.7011166e-02
 -2.4623198e-02
 -5.4816725e-03
 -6.7722341e-03
  1.0204110e-01
  1.8535372e-02
 -2.0360602e-02
 -9.4114169e-03
 -1.8541457e-02
 -1.9076173e-03
  5.4189321e-02
  1.2895624e-03
  8.4027797e-03
 -7.1372241e-02
  2.4775153e-02
  5.0925114e-04
 -1.9007925e-02
 -1.5261353e-03
  1.3030674e-02
 -1.9737182e-02
 -6.7448449e-01
 -2.4962759e-01
  1.7851083e-02
  2.2183959e-03
 -1.0914677e-01
  1.4315899e-01
 -4.0647420e-01
 -4.7323242e-02
 -3.7749782e-02
  5.6365645e-01
 -4.2552277e-01
 -1.4485082e-03
  6.1335139e-02
 -3.7350094e-01
 -4.8013899e-01
 -2.9329100e-01
  6.0891602e-02
 -3.0327159e-01
  7.2822925e-03
  3.2202608e-03
  4.7473007e-01
 -2.4603933e-02
 -4.8264101e-02
  3.7285864e-01
  1.5535860e-01
  2.7574730e-01
  5.7687610e-02
  2.1638262e-01
 -2.1556257e-01
  1.4802996e-02
  4.3349260e-01
  6.5907830e-01
  5.2223563e-02
  1.5613458e-01
  5.5801231e-02
 -7.9257198e-02
  3.2281387e-01
  4.0652035e-03
 -2.8335150e-02
 -1.3193206e-02
  9.9406578e-03
  8.1577227e-02
  9.1568641e-03
  3.6405195e-03
  1.6886257e-03
  2.7267821e-02
  7.9034986e-03
 -2.0330772e-01
  5.4505926e-02
  1.8926676e-01
  3.6167148e-01
 -2.9154031e-02
  2.3632951e-04
  1.1928701e-01
 -7.6557636e-02
  2.6911061e-02
  4.5342918e-02
  6.1808348e-02
 -3.1567849e-02
 -2.8481605e-02
 -2.3317889e-03
 -1.8477835e-02
 -2.3832880e-02
 -1.6687926e-03
  2.5076605e-02
  1.7955159e-01
  3.4376695e-03
  8.9536589e-03
 -1.9127308e-01
  5.0227479e-03
  2.3013651e-02
  2.2085095e-03
  3.9943308e-04
 -1.1171163e-02
  3.5778037e-03
 -2.0418568e-02
 -5.1210779e-03
 -4.4717457e-02
  6.2714675e-03
 -1.0391700e-02
  2.0857282e-02
 -1.4874662e-02
 -1.5510460e-02
 -8.5281441e-03
  1.8826546e-02
  4.7043566e-02
  2.6089905e-02
  1.5216172e-02
 -6.3430184e-01
  5.6123936e-01
 -4.5311108e-02
 -7.9994006e-03
  4.1149940e-02
  5.7403398e-01
 -1.1970481e-01
  6.6793829e-01
  2.7558419e-01
  6.5563425e-02
  8.7095964e-01
 -6.3826810e-03
  9.8545954e-02
 -2.7243921e-01
 -1.1821526e-01
  8.1732593e-02
  2.1839822e-02
  4.6474423e-02
 -3.2758120e-02
 -2.8548310e-02
  1.7967906e-02
  5.7497188e-02
  1.3563035e-01
 -3.2620910e-03
  3.1651327e-01
 -9.4064223e-03
 -3.2438003e-02
  4.8604034e-02
 -7.0776796e-01
  2.7393175e-02
  1.0298220e-02
 -1.5237713e-01
 -2.8122680e-03
 -6.9811665e-02
  7.7138044e-02
 -1.0274708e-01
  1.0130306e-01
 -6.1856583e-02
 -1.3619805e-02
 -8.2385438e-03
  1.8110778e-02
  8.2806356e-02
  1.0044774e-01
 -2.1044711e-02
  3.2136057e-02
  1.7086418e-02
 -9.7056657e-02
  6.4986497e-02
  1.9925346e-03
 -7.7145780e-03
 -2.6803685e-02
  1.0072769e-02
 -1.1482889e-02
  1.0712980e-02
 -9.6611418e-03
  1.3638224e-02
  3.3961351e-03
 -2.6209874e-02
  3.3424769e-02
  3.3319234e-03
  9.9802855e-03
  2.1104032e-02
 -7.8262882e-03
 -2.4119265e-02
 -5.8686794e-03
  7.3416424e-03
 -7.5382195e-02
  8.3829658e-03
  5.5724927e-03
  4.2517722e-02
  1.5492828e-02
 -1.6148809e-01
  2.7611409e-04
  1.5899640e-02
 -3.4346171e-02
  1.6011041e-02
 -3.0077789e-03
  1.0478070e-02
 -3.3979449e-02
 -1.3127957e-02
  1.9435582e-03
 -2.3529399e-02
  1.0596586e-02
  8.1719086e-02
  3.1371252e-03
  7.4632210e-03
 -2.1345027e-02
  2.6654093e-02
 -6.3292300e-03
 -2.3033546e-02
 -3.0188167e-02
 -8.3806803e-03
  1.2859863e-02
 -1.8647209e-02
  2.7602047e-02
 -5.5054813e-03
 -6.8556196e-03
 -5.1583320e-02
  3.9549461e-03
 -9.9114301e-03
  4.8169359e-03
  2.9648434e-02
  2.8535524e-02
 -1.0351157e-03
 -3.9840891e-04
  1.8727250e-03
  1.7899637e-03
  3.4384187e-02
  2.7196684e-03
  1.7155437e-02
 -7.7502131e-02
 -5.4447353e-04
  9.1094906e-03
 -6.2843421e-03
 -6.9387653e-03
 -4.9569318e-03
  4.0128782e-02
 -4.1985242e-03
  5.0795060e-03
  2.6595667e-02
  1.2879923e-02
 -7.1375608e-03
  8.2486961e-03
  1.1978426e-02
 -2.7199863e-03
 -5.4871712e-02
  3.2203388e-03
  3.8657887e-03
  1.4389533e-03
  6.7841843e-02
  9.7971428e-03
  3.5296945e-04
 -1.1470793e-02
  3.1113205e-02
 -2.0214412e-02
 -1.0331376e-03
  5.8642972e-01
 -3.7417307e-01
  1.2235142e-01
 -5.6498311e-03
  1.0292730e-02
 -2.6179072e-02
  1.5947733e-02
 -9.4056996e-03
  5.9598959e-03
  3.1992342e-02
  1.9159246e-02
 -1.5990812e-02
 -4.4574360e-03
 -3.4619886e-02
  9.7833395e-02
  3.3993855e-02
 -4.9258754e-02
  1.1291870e-01
  6.4653389e-02
 -5.7398006e-03
 -8.8016391e-03
 -2.1026868e-03
 -2.3857864e-02
  2.8598458e-02
  5.9756242e-02
  2.2063986e-04
 -4.9025096e-02
 -5.3405594e-03
 -3.4166828e-03
 -3.8120723e-03
 -5.3039137e-03
  3.2168943e-02
  2.2281168e-03
 -5.4419179e-02
  5.9584402e-02
  2.6016466e-02
 -2.3579672e-02
 -1.7548142e-02
 -1.6217025e-02
  3.8357726e-01
 -2.7644211e-02
 -3.4303370e-01
  8.5939020e-02
 -2.1142465e-01
 -1.4111422e-02
 -1.1586749e-03
  1.5793743e-03
 -3.8243204e-02
  1.4569998e-01
  2.3934070e-04
 -2.9486410e-02
 -1.2234272e-02
 -1.0063238e-02
  5.9395572e-03
 -2.4876025e-02
  3.6348395e-02
  1.7483661e-02
  2.4681022e-02
  5.8684745e-03
 -2.7152419e-02
  7.1251720e-02
  1.6719688e-02
 -3.4197289e-02
  4.6098894e-03
 -4.5234663e-03
  1.4402404e-02
  1.1501383e-02
  8.9006713e-03
  2.8651647e-02
  1.4583963e-02
  6.8106581e-03
 -8.0141202e-03
 -1.0872660e-03
  8.5484404e-03
 -5.8569741e-03
  2.5421558e-03
  3.2836482e-02
 -4.3114135e-03
 -2.0478653e-02
 -7.9637170e-03
  1.2572825e-02
  1.7037848e-02
  1.0625003e-02
 -1.8335985e-02
 -3.4069885e-02
  3.0342000e-02
  1.8659968e-02
  5.5214409e-03
  5.5663954e-03
  3.4010085e-05
  1.5306289e-02
 -3.7521809e-02
  1.1289002e-02
  2.1285238e-02
  1.8632775e-02
  4.9026683e-05
 -1.4187339e-02
  5.3824265e-03
 -2.3737107e-03
 -8.9924410e-02
 -4.9716122e-03
 -2.4868439e-01
  2.1347169e-02
  1.5537487e-03
  8.5873436e-03
  1.1190071e-03
 -2.5285825e-02
 -6.5895719e-03
  1.2565887e-02
 -8.6596450e-03
  9.6608028e-03
  6.0210787e-02
 -3.5344496e-02
  3.6051467e-02
 -3.8942022e-03
 -4.4421558e-03
 -1.1781493e-02
  2.2844112e-02
  6.5403092e-03
  1.0561570e-02
 -6.3854158e-03
 -6.8854280e-03
 -4.4319415e-03
  6.7374911e-03
 -4.8104851e-03
  3.7007548e-02
 -6.6267396e-03
  2.1753592e-02
  1.4870813e+00
  3.1802982e-01
 -7.2161788e-01
  1.2132432e-01
  2.4677897e-02
 -9.5308447e-01
 -1.2463944e-01
 -4.5057958e-01
  4.9466309e-01
 -1.0862505e-02
 -3.3832524e-02
  1.0450106e-01
 -9.3746418e-01
 -1.3038042e-01
  2.6541162e-02
 -5.0425543e-03
 -2.1722722e-01
  1.9103104e-01
  6.4952707e-01
  1.0232574e-01
 -5.4428227e-02
 -5.0316948e-01
  5.9496924e-02
 -7.2667986e-02
  8.0137461e-02
 -4.9158197e-02
 -4.3643411e-02
 -1.0818146e-02
  8.9766401e-01
 -4.0993514e-03
  2.2009442e-02
  1.0382438e-01
 -2.4968664e-01
  1.2610516e-01
 -3.3599291e-02
 -2.9442217e-02
 -2.1887612e-02
 -2.5183624e-02
  3.5173192e-03
  2.7409080e-02
 -1.3478920e-02
 -4.1815031e-02
 -7.5745317e-03
  8.8650407e-04
  1.1448880e-01
 -5.8101792e-02
 -2.0261502e-02
 -1.6752443e-01
 -3.7210643e-01
 -1.0524934e-01
  6.2694788e-02
 -4.4804715e-02
 -5.9941858e-01
 -4.5260705e-02
 -1.3779235e-01
 -3.0685657e-01
  2.6308641e-01
 -5.1431257e-01
 -8.5798007e-01
 -1.8537454e-01
 -2.9463613e-01
 -7.5074114e-02
 -4.4318506e-01
 -2.8384056e-02
 -2.5298995e-01
 -4.6558399e-02
 -1.1282921e-01
 -6.5769203e-02
  1.0760465e-02
 -6.8182725e-01
 -2.8744286e-01
 -3.4031716e-01
 -8.4110737e-01
 -3.8017046e-02
 -9.5881470e-02
  1.9009390e-01
 -1.8029613e-02
 -6.9070556e-03
 -7.8423172e-01
 -1.8944962e-01
  1.5142310e-01
  7.0921138e-02
  7.8303300e-02
  2.5617166e-03
  1.0403204e-03
 -9.2144462e-04
 -2.1650320e-01
 -2.1078464e-02
  4.8950864e-03
  2.4340514e-03
 -3.7928734e-02
 -1.3719505e+00
 -7.6786077e-01
 -1.8525884e-01
 -1.7142779e-01
 -1.8579876e-01
  6.1909657e-02
  1.6083576e-02
 -8.1457831e-02
 -3.4939963e-03
  2.1009840e-02
  1.8097641e-01
 -3.8735291e-01
 -1.8941775e-02
  2.0449914e-02
 -3.7602667e-02
  1.2419376e-02
  1.7942600e-02
  2.3185527e-02
  1.0357437e-02
 -6.9071762e-03
 -4.2159460e-03
  1.3572148e-02
 -3.5377614e-02
  7.9071792e-03
 -4.9742680e-02
 -4.0275897e-03
 -6.9030941e-02
 -3.4934610e-02
  4.8784036e-02
 -3.1766873e-02
  5.1311427e-03
  1.1941156e-02
 -3.5102379e-02
  3.1988448e-03
  8.3402291e-02
 -1.9353755e-02
 -1.1131136e-01
 -3.5805337e-03
 -1.5729200e-03
  2.6694369e-02
  1.8579429e-02
 -2.5892618e-01
 -6.5475088e-01
  4.0323678e-01
  2.5469449e-01
 -8.5919034e-01
  9.6761540e-02
  9.7924648e-03
  1.9404745e-02
 -1.8880434e-01
  1.4602549e-01
 -8.7815309e-03
 -3.4085847e-04
 -5.8050752e-02
 -5.6740943e-02
 -7.0400350e-02
  2.0562585e-01
 -2.0323591e-02
  6.3345440e-02
 -3.0906984e-01
  3.7011442e-01
  1.7064987e-01
 -1.3568498e-01
 -3.0951833e-02
 -2.0456504e-02
 -2.7327165e-01
  4.8963055e-03
  1.0540963e-01
 -1.0777026e-02
 -2.8866374e-01
  5.4911304e-02
  3.6401600e-02
 -5.8932420e-02
  6.7709051e-02
  1.0487615e-01
  4.0099996e-01
  6.0322892e-04
  1.0694991e-02
 -2.6918160e-02
 -1.1771066e-01
 -5.2560169e-01
  9.7496239e-03
  1.2619823e-01
  7.8673800e-04
  1.1384179e-01
  2.5297716e-02
 -7.0891398e-01
 -7.2563868e-03
 -7.7440990e-03
  6.8493688e-01
 -8.7219160e-03
 -1.5679222e-01
  1.0888051e-02
  1.4920454e-02
  8.7893819e-03
 -1.5037375e-02
 -4.3111308e-03
 -3.0618008e-02
  1.1611683e-02
  3.3067361e-02
  2.7358129e-03
 -1.7813008e-02
 -1.6185075e-02
  1.7664963e-02
  2.0533912e-03
  3.6157388e-03
 -9.4342660e-03
  6.0393469e-04
  1.4843278e-02
  1.0276634e-01
  6.9143907e-03
 -1.4225638e-02
  6.5254048e-03
  4.9786274e-03
 -9.5096612e-03
 -3.5885192e-02
  2.8942881e-02
 -1.7153248e-02
 -2.3811454e-02
  5.2378222e-02
 -9.6173249e-03
 -5.2717389e-03
 -2.5400613e-03
  1.5317811e-02
  3.1924549e-02
  1.7878827e-02
  2.6805475e-02
  3.0796070e-02
 -1.0915086e-02
  1.9265200e-01
 -2.3805158e+00
  3.6100402e-01
  1.6249847e-01
 -9.2575327e-02
 -6.9648633e-03
  5.2151144e-02
 -2.7093285e-01
 -9.7887403e-01
  2.9444876e-01
 -2.1326693e-02
  3.3942476e-02
 -4.5298353e-02
 -7.1130027e-03
  4.5416495e-03
  2.0538683e-01
 -4.1754889e+00
 -2.7647298e-02
  7.2489106e-03
  9.5280282e-02
 -5.2397490e-02
  7.4932068e-03
 -1.9554622e-02
 -1.2241459e+00
  1.0124356e-02
  1.8138441e-01
 -5.3374618e-01
  1.1850656e-02
  2.3628565e-02
 -1.5606608e-02
 -2.1095577e-01
  1.9289704e-01
 -9.9454205e-03
  1.9101420e-02
 -1.4622016e-01
 -2.8329370e+00
  1.5560613e-03
  1.2997980e-01
 -3.2598954e-03
 -3.1007922e-01
  1.6340792e-02
  9.8743541e-03
 -1.0971064e-01
  3.7649814e-02
  2.7449331e-03
 -1.3676800e+00
 -2.2244032e-01
 -1.4491266e-01
  1.5111403e-01
 -9.4325729e-03
  7.2217566e-01
 -4.2557490e-01
  1.6733041e+00
 -5.6271013e-03
 -5.1291424e-01
 -1.5396135e-01
 -4.3212835e-02
 -9.8836541e-02
  5.2337778e-01
  4.2223147e-01
 -6.3141495e-01
  7.6863281e-03
 -1.9242795e-01
  1.7855743e-02
  1.2613900e-01
  4.4364426e-01
  2.6442239e-01
  2.0670660e-02
  6.9439590e-02
  2.7465841e-01
 -1.0063397e+00
  2.5333125e-02
  3.2222988e-03
 -2.2228755e-01
  7.1435682e-02
  8.2144803e-01
  9.0898138e-01
 -1.0739405e-01
  9.2618769e-01
 -3.5273063e-01
  4.4802442e-01
  1.1594725e+00
  1.4933911e-03
 -7.7724770e-02
 -2.8610131e-01
  9.6545708e-01
 -8.4807619e-02
  4.9259219e-01
  1.4290076e-01
  2.1485882e+00
 -2.2613004e-02
 -2.9636763e-02
 -5.3763652e-01
  9.2242710e-02
  2.6871581e-02
 -3.1144086e-01
 -1.0204397e+00
  6.5469152e-01
  7.9949743e-01
  9.4430304e-01
  3.7626772e+00
 -1.5708531e-01
 -2.0226655e+00
  7.2870177e-01
 -6.9691998e-01
 -7.1683772e-02
  3.4794486e-01
 -1.0401616e+00
 -2.3145327e-01
  8.1420416e-01
 -6.7636639e-01
  5.2141380e-01
 -2.0147823e-01
 -2.9582825e-01
 -9.3311095e-01
  1.2155169e+00
 -2.7965012e+00
 -9.3043953e-02
  4.7821754e-01
 -1.9984255e+00
 -2.5537646e+00
  5.4891080e-01
 -1.5807809e-01
  2.2114584e+00
 -8.2762873e-01
 -2.6409602e-01
 -2.7334100e-01
  1.3553928e+00
  1.1677511e+00
 -1.4673520e+00
 -9.2041534e-01
  3.6043251e-01
 -1.9732952e+00
 -1.2371986e+00
 -1.0210220e+00
 -1.8055496e+00
  2.0323906e+00
 -7.8632623e-01
  9.9232206e-03
 -1.1572939e+00
  1.3959739e+00
  2.0287732e-02
 -8.0300510e-01
 -7.6408073e-02
 -5.3211284e-01
 -1.8983329e-02
  1.3521217e-01
  4.7769904e-01
 -1.2404972e-01
 -2.6266738e-03
 -8.9396872e-02
  2.4859078e-01
  5.7636678e-02
 -5.3458333e-01
 -2.3379552e-01
  3.7193474e-01
  3.2816058e-01
  4.9157667e-01
 -6.6326200e-03
  1.9304605e-02
  1.0301727e-02
 -6.4022481e-02
  1.2245937e-01
 -6.7546867e-02
 -4.8202693e-01
  6.1668974e-01
 -1.4573659e-01
 -3.7592751e-01
  4.0712646e-01
  4.5609254e-02
 -6.8070114e-01
  1.1251227e+00
  2.6759630e-02
 -1.4141056e-01
  4.1596821e-01
  2.3341931e-02
  5.1514012e-01
 -1.0132935e+00
 -2.7360618e-01
  3.8077018e-01
  6.4573146e-02
 -6.1592501e-01
  7.8898832e-02
  2.4158540e-01
 -6.3192286e-02
 -5.3254575e-01
  1.1208189e-01
  3.1701510e+00
  1.1416183e-01
  4.2941362e-02
 -1.0154708e-01
  7.8600454e-01
 -9.4592292e-03
 -6.6218483e-01
  3.7846914e-01
  9.6805680e-01
  1.6653110e-01
 -7.9157311e-01
 -4.3663448e-01
  6.7078285e-02
 -2.9411020e-02
  8.1501853e-01
  8.5035704e-02
  1.1785693e+00
 -7.6325767e-02
 -2.9404022e-02
  9.9258274e-01
  3.1017596e-01
  1.1281889e-01
 -1.7025973e+00
 -1.6488498e-02
  4.7164895e-03
  6.4276583e-02
  2.5423896e+00
  1.1365806e+00
 -1.8526980e+00
 -7.0839864e-01
 -1.1738327e+00
 -1.6046855e+00
  3.8479996e-01
  8.3753449e-01
 -3.4295118e+00
 -2.0743086e+00
 -1.1096524e+00
  2.9185597e-02
 -2.4859045e-01
  1.9424495e+00
  5.7759646e-02
 -1.9733860e+00
  6.5001243e-01
  1.2166153e+00
 -8.2427567e-01
  1.4440557e+00
  1.0365063e+00
 -2.1777720e+00
 -3.8206741e-01
  8.9013629e-02
 -4.2204645e-01
 -2.3061256e+00
 -6.5455472e-01
 -5.8630162e-01
 -1.3664254e+00
 -2.6632202e-01
  1.7924672e+00
 -5.7927543e-01
  8.3507836e-01
 -6.2681001e-01
  4.9003151e-01
 -3.6334585e-02
  1.7145095e+00
 -4.1797143e-01
  1.5321916e+00
 -3.8491419e-01
  3.4102780e-01
 -5.8642268e-01
  1.6591035e-01
  9.7783649e-01
 -5.6759512e-01
  8.4401682e-02
 -1.0085152e+00
  3.8272855e-03
 -1.5263802e-02
 -1.6067252e-01
  6.5657146e-02
 -1.4532602e-01
  1.7467724e-01
  1.1451692e-01
 -1.0660836e+00
  2.3499749e+00
 -4.6011734e-01
 -9.0590203e-01
 -7.1466225e-03
 -1.2824239e+00
  5.4197095e-04
 -1.7331699e-02
  1.1786133e+00
 -1.8266810e-01
 -1.9096288e-01
  5.7301905e-02
  5.0170100e-01
  1.3379148e+00
  1.9106123e-01
 -2.5989814e-02
 -6.4984679e-01
 -7.4691445e-01
  8.3248490e-01
 -3.2747552e-01
  1.1083984e-01
  3.2743275e-01
 -7.6753679e-03
  1.4240351e-01
  4.3065640e-01
  1.2539542e+00
  9.0606257e-02
 -2.0446903e-01
 -1.9897197e+00
 -5.1170975e-01
 -2.4568078e-01
 -9.0218288e-01
  1.3193367e-01
 -4.2817336e-01
 -2.9644898e-01
  1.0800491e-02
 -4.9213067e-01
 -7.9135990e-01
  3.9704651e-02
 -5.3614642e-02
 -5.2499980e-01
 -2.3574525e-01
 -3.0008817e-01
  9.5535191e-03
 -6.9845319e-01
 -3.9136786e-02
 -1.7587957e-01
  1.1331388e-01
 -1.5092422e-02
  4.2767651e-02
 -2.9195167e-02
  9.2673671e-01
 -1.3297789e+00
 -3.6482677e-02
 -2.0127347e-01
  1.4670407e+00
 -3.9460547e+00
 -3.1412318e-03
 -1.1083990e-01
 -1.0474216e+00
 -2.5373354e+00
  4.9062427e-03
  1.3627125e+00
  1.0194284e-02
  3.8567933e-01
 -5.1772907e-02
  1.5399908e+00
  5.1009126e-02
 -3.6068752e-02
  4.5958447e-01
 -7.3806077e-02
 -2.1843843e+00
 -2.1667001e+00
  3.5190023e-06
 -6.2592143e-01
  1.7383806e-01
  2.5751428e-03
 -7.6418684e-04
  2.8513460e+00
  1.3741993e-02
 -8.3948827e-01
  7.8833544e-01
  9.8878436e-02
  5.2247000e-01
  1.3351332e+00
 -5.3571600e-01
 -3.9076790e-01
 -2.5745803e-01
 -7.0446932e-01
 -3.3774012e-01
 -4.5141175e-01
 -1.3103470e-01
 -2.5815594e-01
 -8.3340371e-01
 -7.9418850e-01
  7.4499196e-01
  7.2233057e-01
  1.3184102e+00
  7.4717756e-03
  6.8127471e-03
  2.3343275e+00
  4.1738328e-02
 -1.2770835e-01
 -1.0540941e-01
 -4.5997214e-01
  2.6230556e-01
 -2.4865623e+00
  9.1440994e-01
  3.0101040e-01
  6.9433761e-01
  9.2286140e-01
  9.8620988e-03
  3.3878224e+00
 -2.1475881e-01
  1.9400424e+00
 -6.3585319e-02
  1.0522537e+00
 -1.0200828e+00
 -5.6468278e-01
  1.1964523e-02
 -2.1918359e-01
  1.2254351e+00
  7.5372517e-02
  2.5138682e-01
  1.4499357e+00
 -2.0699041e-01
 -5.6301104e-03
 -1.8182898e-02
  1.8057946e+00
  6.2459894e-03
  9.6433085e-01
  5.0068510e-01
 -3.9142022e-01
 -5.8495963e-01
 -1.1451912e-01
  6.6903675e-01
 -6.6909188e-01
 -5.1975584e-01
 -5.5709265e-02
 -1.3807057e-01
 -1.6017122e+00
  8.2475960e-01
  9.0364572e-03
  1.0540890e-02
 -3.9642870e-01
  9.2691757e-02
 -2.7144015e-01
  1.7281711e+00
  1.5658929e+00
 -3.5113856e-01
  5.8042055e-01
  3.5688616e-02
 -2.1834260e-02
 -4.8993394e-02
 -1.7686770e+00
 -1.1750261e-01
  5.2769399e-01
 -4.9331624e-02
 -7.1404922e-01
  9.2015713e-01
 -8.6516067e-02
 -1.5851666e-01
  1.8849525e-01
  2.4760170e-03
  7.9466003e-01
 -6.2773917e-03
  1.3679144e+00
 -2.4801366e-01
 -4.2525610e-01
 -4.0615952e-01
  9.9353158e-01
  7.2865450e-01
 -4.6369645e-01
 -7.1437806e-02
 -8.2848799e-01
  8.9815092e-01
  1.3855183e+00
  4.1238803e-01
 -1.6798111e+00
  4.8360690e-01
  2.3204391e-01
  1.5077897e-02
 -3.5376647e-01
  1.6438111e+00
  2.7309659e-01
  1.2207699e+00
  1.0095322e+00
  1.7967584e+00
 -1.0734063e-01
  5.3407677e-02
  7.2456264e-01
 -4.4500765e-01
  4.4864365e-01
 -6.3599575e-01
 -7.4134529e-01
 -4.2259198e-01
  1.3670757e-01
  1.8063115e-01
 -6.6301811e-01
  1.4634467e+00
  3.4973058e-01
  1.5008328e+00
 -8.0342591e-02
 -5.8153484e-02
  1.2790700e+00
 -4.7090150e-02
  1.8668163e-01
  1.9671053e-01
 -1.9073781e+00
 -4.9549353e-01
  2.0827334e-01
 -1.0010798e+00
  8.9319855e-02
 -5.3179818e-01
  9.3282676e-01
  6.5519945e-03
  1.2233979e+00
  6.6940738e-03
 -7.6945066e-01
 -1.1223141e+00
 -1.3217795e-02
  2.9456255e-01
 -1.4849529e-01
 -9.7285396e-01
  4.1815221e-01
 -1.5166382e-01
  1.3628457e+00
  1.3436176e+00
  3.4619278e-01
 -5.9431243e-01
 -1.4259163e+00
  2.0767534e+00
  1.0644184e+00
 -1.0754648e+00
 -1.2085301e+00
 -1.0481414e+00
  3.6778342e-02
 -7.9252915e-03
  9.5180655e-01
 -1.1331623e+00
 -8.9676476e-01
  5.5376512e-01
  1.9238120e+00
 -6.7441392e-01
  9.7706538e-01
  5.4103780e-01
 -2.3594737e-01
  5.5211437e-01
  1.0121927e+00
 -4.1560516e-01
 -3.3009369e+00
 -1.1734113e+00
 -1.5868357e+00
 -4.4090950e-01
 -1.4665706e+00
 -7.2905645e-02
 -1.4860400e+00
  4.1667569e-02
 -1.1564364e+00
  1.8819670e-01
 -4.4853601e-01
  4.5267826e-01
  4.6705022e-01
 -8.8767666e-01
 -1.0640844e+00
  1.0762423e+00
  1.0470957e-01
 -3.8053805e-01
 -9.5272315e-01
  5.5737561e-01
 -9.8213083e-01
  8.2888681e-01
 -1.7273227e-02
 -1.6487356e-01
  4.4188178e-01
 -8.5210279e-03
 -5.0886238e-01
  3.8166776e-01
  3.0991310e-01
 -9.1226554e-01
  4.5044720e-01
 -1.9311295e-01
  7.2755587e-01
 -3.0277367e+00
  1.4970652e+00
  3.3999532e-01
  2.8237835e-01
 -2.5858283e-01
 -4.4631875e-01
  6.3887656e-01
 -8.5963063e-02
 -1.5059912e+00
 -1.0654439e+00
  3.1795740e-02
 -5.4567611e-01
 -6.7620724e-02
 -3.7104535e-01
  4.8650105e-02
 -6.7320329e-01
 -5.5536366e-01
 -3.7137511e-01
 -5.8990026e-01
 -7.9210639e-01
  4.0153748e-01
  7.9008663e-01
 -7.1688187e-01
  1.4224538e+00
  3.9569441e-02
 -6.5785724e-01
 -2.0412470e-01
  8.1524974e-01
 -2.3614557e+00
  1.6983873e+00
  2.1250160e-01
 -4.1157988e-01
 -1.4264224e+00
 -1.9002255e+00
 -2.7294326e+00
 -3.7744418e-02
  3.3717129e+00
 -1.6043386e+00
  1.6782312e-01
  1.9769586e+00
 -1.9492135e+00
  2.0909665e+00
 -1.0550709e-02
 -2.9641423e-01
  2.3577664e+00
  8.7317932e-01
 -1.0928365e+00
 -1.8444629e+00
  2.6358905e+00
 -3.4030964e+00
  2.4601419e-01
 -7.4054480e-01
  1.5757442e+00
 -2.8769104e+00
  1.5830806e-01
  1.4156367e+00
 -2.6597273e+00
  5.4583710e-01
 -6.3458461e-01
 -1.3317087e-02
 -4.2566225e-01
  1.1965461e+00
 -7.7783686e-01
 -9.8447502e-01
  1.2311500e+00
  6.3102730e-02
 -1.1711647e-01
 -7.5999773e-01
  1.5655109e+00
 -4.5134842e-01
 -1.9875906e-02
 -7.4046761e-02
  5.1510465e-01
 -1.4746029e+00
 -8.9639205e-01
  1.4362923e+00
 -2.9900190e-01
 -9.5473193e-02
  2.4198727e-03
 -1.1996138e+00
 -4.8090298e-02
  3.5207573e-01
 -4.6442252e-02
  1.4589943e+00
 -2.4930341e-02
 -1.6817768e+00
 -9.0872860e-01
  4.4500999e+00
  3.8783228e-01
 -2.0230602e-01
  7.6729553e-03
 -1.7424063e-01
 -8.8305533e-02
  3.5551369e-01
 -5.0709468e-01
 -1.0996658e+00
  8.1200719e-01
 -1.1528240e+00
 -4.0097022e-01
  1.3773072e-01
  1.6975411e+00
 -8.4649556e-04
 -2.5388863e-02
  3.3638354e-02
 -1.3070346e-01
 -1.8625428e-03
 -6.9679493e-01
 -5.2361310e-01
  1.3669699e-01
  9.2694685e-02
 -9.9682854e-03
 -4.1823387e-02
 -5.6874800e-01
 -7.6501705e-02
 -5.1856287e-02
  8.7900913e-01
 -9.0789187e-01
 -1.6167286e-01
 -3.7152866e-01
  7.6678729e-01
 -7.5388944e-01
 -3.2641563e-01
 -6.0113732e-02
 -2.6968124e+00
 -6.6371906e-01
  4.2357126e-01
  1.1445940e+00
 -9.1267854e-01
 -7.8940499e-01
 -1.1140749e+00
  6.2604412e-02
  1.9880459e+00
 -9.7291672e-01
  1.7219291e+00
  3.2161760e-01
  1.5862443e+00
 -6.5372282e-01
 -1.1124139e+00
  1.1247958e+00
  3.1171218e-01
  8.6305040e-01
 -4.1855732e-01
 -2.9675892e-01
 -2.8540567e-01
  2.5285912e-01
  1.5638862e+00
  1.3219222e+00
 -1.4386523e+00
 -2.3278990e+00
 -7.7141225e-02
 -1.6963290e-02
 -2.4262795e-01
 -7.0986521e-01
 -1.7205606e-01
  6.8668924e-02
  4.3248469e-03
 -3.5217354e-01
  5.4627746e-01
  1.6872358e-01
  3.3916792e-01
  1.4811410e-01
 -9.4511151e-02
  2.4305980e-01
 -2.6341665e-01
 -4.7845924e-01
 -1.0409334e+00
  3.9629411e-02
 -1.5779227e-01
 -5.5775875e-01
 -1.1568116e+00
  6.0268664e-01
 -1.2341872e-01
 -3.5344425e-01
 -3.6736226e-01
  3.0849218e-01
  1.3670001e+00
  1.0054823e+00
  9.8971695e-01
  6.8366877e-03
 -1.8344378e-01
  8.7911779e-01
 -8.6914457e-02
 -2.6582461e-04
 -1.4773872e+00
 -5.4816711e-01
  8.0596074e-02
 -1.2481714e+00
  1.3178214e-01
  4.2820411e+00
  1.3434229e+00
  1.3699335e+00
  4.8700458e-01
  3.5908794e-01
 -6.4056063e-01
 -1.2258011e+00
 -3.3143824e-01
 -1.8316457e+00
 -2.2279330e-01
  2.4273565e-02
  4.7350064e-01
  4.9489167e-01
 -2.2106063e-01
  3.8632131e-01
  6.8144357e-01
  8.9421511e-01
 -1.1722932e+00
 -1.2794328e+00
  1.5490192e-01
 -6.7259675e-01
 -2.3031084e-02
  4.2740884e-01
 -5.3618550e-01
 -7.8931952e-01
  6.5427166e-01
 -1.4855558e-03
 -2.2947207e-01
 -8.1165069e-01
  7.4778938e-01
 -2.4715932e-01
  9.4226219e-02
 -5.1904446e-01
  4.9905130e-01
  1.0851952e-03
  8.7582774e-02
 -3.4384593e-01
  1.4000817e-01
  3.6231014e-01
 -2.1456848e-01
 -1.3937993e+00
  1.3727874e+00
  1.7172389e+00
  1.2882744e-03
 -1.5489839e-01
 -4.3753928e-01
  9.3048328e-01
 -2.7300388e-01
 -1.1817112e-01
 -2.1460949e-01
 -1.1134925e-01
  2.2019713e-01
 -1.4010533e+00
 -1.2673302e+00
  1.8965414e+00
  4.8273310e-01
 -7.7155906e-01
 -6.5260991e-02
  7.8619480e-01
 -8.8828248e-01
  1.5267636e-01
 -1.4459552e-01
 -3.3385924e-01
  4.8495874e-01
 -1.1067218e+00
 -6.4609659e-01
  1.3504744e+00
  1.8181112e-01
 -9.9543937e-02
 -3.4669513e-01
  1.6388640e+00
  1.1481010e+00
 -4.2876777e-01
 -4.6271610e-01
 -1.8026052e-01
  8.3774459e-01
 -1.4774628e-01
 -5.6575477e-01
  7.2468662e-01
  1.5925941e-01
  1.8159154e-01
 -3.1092539e-01
  1.2155685e+00
 -5.8853078e-01
  5.3969901e-02
 -3.2353103e-01
  4.0389645e-01
  4.7470266e-03
 -2.9812771e-01
 -6.3350700e-02
 -5.7239336e-01
  1.1530100e+00
  1.5599524e-02
  5.4384077e-01
  1.3807777e+00
  1.4081569e-02
 -1.8622049e-03
 -5.8795041e-01
 -2.2938754e-01
  4.5841008e-01
  1.1594775e+00
  1.9400941e+00
  1.8769746e+00
  2.5367376e-01
  6.2393829e-02
 -1.2256664e+00
 -3.5614982e-01
 -2.9560085e-03
  9.2166007e-02
  6.9775039e-01
  2.2775385e+00
  5.3264016e-01
 -3.3832774e-01
  1.3386654e+00
  2.7931705e+00
 -1.7193393e-01
  5.5414236e-01
 -1.8142506e+00
 -1.3547180e+00
 -4.4097731e-01
  1.5240370e-02
 -2.1260206e-01
 -2.4681589e-01
  2.5540331e-01
 -3.8105905e-01
  3.8883656e-01
  5.0287746e-02
  1.3634628e-01
  6.3135570e-01
 -1.4609294e-01
  2.7337229e-01
 -8.0611038e-01
 -4.8398218e-01
 -1.3355747e+00
 -6.7561870e-03
 -6.3031954e-01
 -6.7792636e-01
 -1.0378534e+00
  3.0796302e-02
 -1.4833029e-01
 -4.4917980e-01
 -4.1366115e-01
 -4.1522256e-01
  4.0426973e-01
 -6.4775652e-01
 -7.4654281e-01
  1.3126611e+00
 -4.3249291e-01
 -2.3397924e-03
  3.2400690e-02
  4.4997431e-02
 -1.2255669e-02
 -6.8019670e-01
  8.4837115e-01
  5.3961650e-02
  8.4247249e-01
 -3.2635829e-01
  3.4636763e-01
  1.8993773e+00
  4.8049790e-01
 -2.8278995e-01
 -2.0656817e-01
  2.0420771e-02
 -3.5650939e-01
 -3.7285808e-01
  3.0140010e-01
  9.9290943e-01
  9.4923091e-01
  5.4225016e-01
 -2.4702625e-01
  5.5864872e-04
 -2.6114956e-01
 -1.6761461e-01
  7.4578339e-01
  1.6359144e+00
  1.8910266e-01
  6.2536802e-03
  1.7747506e+00
  6.6927361e-01
  7.7146918e-02
 -1.3258044e-01
  4.2365581e-02
 -8.8596202e-02
  2.1451376e-01
  1.4781165e-01
 -3.6636792e-02
  1.1924101e+00
  1.8962656e-01
 -4.1897848e-01
  2.1903393e-01
  6.1556309e-01
  3.6235815e-01
 -3.1031582e-01
  6.3378221e-01
 -2.6163341e-02
  2.2772307e-02
  2.2772307e-02
  2.2772307e-02
  2.2772307e-02
  2.2772307e-02
  2.2772307e-02
  2.2772307e-02
  2.2772307e-02
  2.2772307e-02
  3.7800722e-02
  3.7800722e-02
  3.7800722e-02
  3.7800722e-02
  3.7800722e-02
  3.7800722e-02
  3.7800722e-02
  2.9012233e-02
  2.9012233e-02
  2.9012233e-02
  2.9012233e-02
  2.9012233e-02
  2.9012233e-02
  2.9012233e-02
  1.3580502e-02
  1.3580502e-02
  1.3580502e-02
  1.3580502e-02
  1.3580502e-02
  1.3580502e-02
  1.3580502e-02
  5.7021868e-03
  5.7021868e-03
  5.7021868e-03
  5.7021868e-03
  5.7021868e-03
  5.7021868e-03
  5.7021868e-03
  1.2225810e-02
  1.2225810e-02
  1.2225810e-02
  1.2225810e-02
  1.2225810e-02
  1.2225810e-02
  1.2225810e-02
