nep4 2 Cu Se 
cutoff 7 5 100 44
n_max 8 6
basis_size 12 12
l_max 4 2 0
ANN 50 0
  2.9638782e-04
 -1.4893555e-04
  4.1457458e-04
 -1.2706900e-03
  3.7692297e-01
  2.4723685e-03
 -1.2511975e-03
  1.9345140e-03
 -3.1839183e-03
 -2.0538706e-02
  1.1204901e-03
 -9.5858239e-05
  2.8198930e-03
 -1.4677048e-03
 -2.5366440e-03
  9.7148941e-04
 -4.1510203e-04
 -6.4512626e-03
  5.0378090e-04
 -5.5590924e-04
 -1.6506403e-03
 -2.9191794e-03
 -6.0787839e-03
  1.2926628e-03
 -1.1949292e-03
 -6.8862358e-04
  1.4179040e-03
 -7.5709762e-04
  1.8663963e-05
 -1.5449295e-04
  9.6438546e-04
 -3.0537194e-05
  6.9627626e-04
 -1.3841008e-03
 -5.0853804e-04
 -1.3400061e-04
  1.7642605e-03
  2.8819118e-03
  6.5679470e-04
 -1.2753410e-03
  1.6549852e-03
 -1.2175328e-02
 -1.6608383e-03
 -6.5022544e-04
  3.0726588e-01
 -2.1531776e-02
  1.6315393e-02
 -3.9494481e-02
 -3.5273153e-02
  9.3479261e-02
  5.7851837e-05
  1.3567463e-01
 -2.3704235e-01
 -2.3089275e-01
 -2.7748087e-02
  2.2250727e-01
 -1.9206770e-04
  2.3312597e-03
 -3.6096141e-01
 -7.3935039e-02
  2.7952468e-02
 -3.0274629e-03
  1.8822193e-01
 -1.6212219e-02
 -4.7889803e-02
 -1.3176879e-01
 -4.8069758e-03
 -5.0800662e-02
  3.9256044e-04
  2.1122426e-01
 -2.9012104e-03
  2.2182227e-03
 -4.1631293e-02
  6.1606185e-04
  2.8486431e-01
 -2.7754918e-02
  2.0995653e-01
 -3.3716995e-01
  7.4866861e-02
 -5.3813603e-02
 -1.0244283e-01
 -2.3141704e-02
  5.0250656e-04
 -4.5310624e-04
 -1.7205551e-01
 -1.3197820e-01
  1.3734868e-01
 -8.8057488e-02
  1.1538906e+00
 -3.1002814e-01
 -1.5161576e+00
  2.3287767e-01
 -1.8159495e-01
 -8.8018045e-02
  1.0581787e+00
 -1.2268266e-01
 -9.6365869e-01
 -1.4156733e-01
 -1.9154610e-01
  1.2243462e-01
 -9.8662101e-02
  8.2697946e-01
 -4.2939261e-01
 -1.6237830e-01
 -5.7844508e-01
 -2.3100385e-03
 -1.2329032e-01
  1.9187410e-01
 -8.3065170e-01
 -1.0424128e-01
 -2.3245554e-01
  6.9177026e-01
  3.5317277e-03
 -1.0962849e-01
  1.0480285e-02
 -6.5889305e-01
 -4.3352532e-01
 -5.0623477e-01
 -2.5183288e-03
  6.5560914e-03
 -3.0439186e-01
 -5.9823141e-02
 -2.0844351e-01
 -1.5102105e-01
 -1.0383701e-01
 -5.9882300e-03
  9.4399363e-02
 -6.0007651e-03
 -1.8917930e-01
 -8.8975742e-02
  4.9378306e-02
  3.4547207e-04
  5.5665004e-01
 -3.4959057e-01
 -6.3683540e-02
  7.2636133e-01
  2.8637340e-02
  8.8550097e-01
  8.8288039e-01
 -1.9430530e-01
 -6.6101563e-01
 -2.3154225e+00
 -3.4234843e-01
  3.4110567e-01
  2.5506776e-02
 -4.8191343e-02
 -6.7632139e-01
  7.7789432e-01
  3.7623223e-02
  1.9481997e-01
 -3.5276037e-01
 -3.0015332e-01
 -2.4403825e-01
 -1.0797075e+00
  2.9191762e-01
 -4.0839743e-02
  2.1827577e-02
 -5.0295472e-01
 -4.1526482e-03
  7.7774799e-01
 -2.6502362e-01
 -1.2472810e+00
  3.1405312e-01
 -4.7969636e-01
 -4.4215146e-01
 -4.7884363e-01
 -7.5678729e-02
 -7.4239723e-02
 -2.8055847e-01
 -1.6003093e-02
 -1.4841713e-03
  1.9638257e-01
 -2.1909730e-01
 -3.1314182e-01
  1.6702281e-01
 -3.6292908e-01
  2.0784255e-04
  1.6938319e-04
  2.4109250e-03
 -2.9375794e-04
  6.1760365e-04
  1.4839793e-03
  2.0677398e-04
  1.8624539e-04
 -1.1946652e-03
  2.6294688e-04
  1.3069131e-02
  8.6590194e-04
  1.5960052e-03
  2.7003253e-03
 -2.6625686e-03
  2.1043644e-04
  1.5012216e-03
  1.0365515e-04
 -3.4565845e-04
 -1.2925803e-03
 -1.1260551e-03
 -1.9491179e-04
 -1.6858028e-03
 -5.0123809e-03
  6.9470657e-04
 -9.3798281e-04
 -6.2526250e-04
 -3.0413568e-03
 -9.4338157e-04
  1.1456191e-03
 -2.4600253e-03
  4.2645450e-04
 -1.0862574e-04
 -4.5860554e-03
  5.8066484e-04
  2.8439169e-04
 -4.8198932e-04
  7.9208781e-05
  1.8217762e-03
 -9.6012990e-04
  1.0592362e-03
 -9.4647415e-04
 -1.0197522e-03
  8.2536321e-04
  7.3277240e-04
 -1.0001606e-03
  3.2391008e-03
  3.4995754e-03
  6.6297367e-02
  2.2993132e-05
  2.7962213e-03
  1.6895439e-03
  6.0954766e-04
  1.0783528e-03
 -1.8331793e-03
 -1.1649407e-03
  7.3957210e-04
 -7.6669361e-04
 -3.1376700e-03
 -3.1377827e-03
  5.3970753e-03
 -7.4189822e-03
 -3.1715044e-04
 -4.5631651e-04
  3.6014167e-03
  1.1001264e-03
 -2.0158293e-03
 -8.8194534e-03
 -1.3499105e-03
  8.5620526e-03
 -2.9451284e-04
 -2.8979168e-03
 -5.3249096e-05
 -1.0971046e-03
 -3.8567482e-04
  7.7360948e-03
  1.1713757e-03
  1.7963516e-04
 -1.3583014e-03
 -9.9589850e-04
  1.3403618e-03
 -1.8307928e-04
 -9.1326679e-04
 -6.8239809e-04
 -8.8403968e-04
  3.1147420e-04
 -6.1481347e-04
  6.4916705e-04
  5.6037086e-01
  9.0471901e-02
  2.0350863e-01
 -2.1102945e-03
 -9.2807651e-01
 -8.1755157e-04
  1.4631450e-01
 -3.5988286e-01
 -4.5779708e-01
 -3.2734283e-04
  5.5172932e-01
 -6.0661663e-03
 -1.3603943e-03
 -3.3779097e-01
 -9.4804257e-02
  5.6443441e-01
  9.7276187e-03
  4.1075990e-01
  6.0385662e-01
  3.7373805e-03
 -2.8489047e-01
  3.0520258e-03
  2.3441382e-01
 -2.6584750e-02
  1.8316494e-01
  1.6663620e-01
 -2.5000549e-03
 -2.1303609e-01
  6.4509306e-03
  1.2894505e-01
  1.4873574e-02
 -6.5339714e-02
  3.6416331e-01
 -3.5546441e-03
 -2.0261744e-02
 -2.2516253e-03
  9.7389050e-02
 -7.1043242e-04
 -5.5053126e-05
 -1.0051745e-01
 -4.9159113e-02
 -1.9988403e-01
 -6.9025741e-04
  9.1894614e-03
  2.7407240e-04
  9.2612603e-04
  4.3031287e-05
 -1.2346973e-03
  6.1564785e-01
 -1.3035030e-02
  5.4486285e-05
  1.6659501e-04
  4.1962316e-04
  6.4928317e-04
 -8.6578395e-04
 -4.8489805e-05
  1.2931901e-03
  1.5358566e-03
 -3.3090921e-04
 -2.3197934e-03
  7.5061740e-03
 -1.1846208e-04
  8.0013471e-03
 -2.6614224e-03
  4.7332537e-03
  9.7942269e-05
  3.7794351e-03
  1.4393998e-03
 -2.3825602e-03
  2.7137945e-04
 -2.4305440e-03
 -6.6654140e-04
 -1.0651768e-03
 -2.8075334e-03
 -2.2954198e-03
  1.1906534e-03
  1.9761201e-04
  2.1913452e-03
 -5.3256378e-04
 -2.5328630e-04
 -4.0297164e-04
  8.5902133e-04
 -2.1904430e-04
 -1.0341426e-04
 -1.8976585e-03
 -3.3780964e-04
 -2.2115484e-03
  2.1460874e-03
  7.1137300e-04
 -4.0400522e-03
 -4.7642388e-04
 -2.8305873e-04
 -1.2748323e-03
  7.2549243e-04
  1.5672431e-03
 -1.4639252e-03
 -8.1710430e-04
 -1.4316353e-03
  2.9639591e-04
  5.3311116e-04
 -3.9391386e-04
  2.9650438e-03
  5.6812220e-05
  7.8962615e-04
  8.9179841e-05
  9.7575469e-04
  6.9638598e-04
 -2.0646940e-03
  1.7761174e-03
  3.9276094e-04
 -1.8512511e-04
  6.5584888e-04
 -7.2828162e-04
  1.1006994e-03
  1.5726218e-03
  5.7545770e-04
 -2.6505598e-04
 -1.5985481e-03
 -3.1586769e-01
 -8.7583938e-04
 -1.1088632e-03
  4.3380685e-04
 -1.5017083e-03
  5.7147839e-04
 -3.1458037e-03
  8.7824487e-04
  2.0454507e-03
 -1.0481664e-03
  3.6901957e-04
 -6.1393803e-04
 -2.5658408e-04
  9.6810824e-04
 -1.7398157e-03
  8.8643073e-04
 -1.4551217e-05
 -5.0542608e-04
 -1.4850855e-03
 -5.7888284e-02
 -1.9381666e-03
 -1.0353464e-03
 -8.2387691e-05
  3.0593267e-03
 -3.8593618e-04
 -1.5539767e-03
 -1.2033981e-03
 -1.9478714e-03
 -1.3576722e-04
 -1.4311401e-04
 -1.7423610e-03
 -3.5014604e-03
  2.8715591e-04
  1.0046369e-03
  7.6563144e-04
  8.1004505e-04
 -7.5466803e-04
  4.7273719e-04
  1.1982094e-03
 -8.4767019e-04
  9.1164291e-04
 -4.6199033e-04
  9.3031843e-04
 -2.5324093e-03
 -1.3466373e-03
  3.9568701e-04
  1.0090630e-03
  1.3877780e-03
 -1.3860341e-03
 -2.8835260e-03
  6.2431958e-05
  2.0056819e-03
 -2.4138021e-03
 -1.4340631e-03
  6.8504596e-04
  5.1001145e-04
  3.5093800e-04
 -3.2052791e-04
  1.2996539e-03
  3.3078724e-04
 -1.5492764e-01
  2.9129969e-02
  4.4933975e-01
 -5.6041818e-02
 -1.8680350e-01
 -3.7040716e-01
  8.3003128e-01
  8.3089791e-02
 -3.3000693e-01
  1.2669447e-03
 -3.2243624e-02
  4.1337270e-02
  1.7653402e-02
  3.6760610e-01
 -4.3298024e-01
 -8.0369577e-02
 -1.7792575e-01
 -6.7984443e-03
 -2.4837632e-01
  1.5177703e-01
  3.0345982e-05
  2.1189272e+00
  7.6429427e-02
  3.5093337e-01
  1.0310244e-01
  1.9112454e-01
  2.8765765e-03
  1.2470361e-01
  1.5793152e-03
 -5.5051327e-04
  3.7009134e-03
 -1.8960644e-04
  4.7414359e-01
  5.4326649e-03
 -8.0563646e-04
  4.4830117e-04
  1.4194809e-02
 -3.8734856e-01
  1.5329722e-03
 -4.7156692e-04
  1.0176182e-03
 -1.2624835e-03
 -7.5807067e-04
 -2.5888829e-04
  1.0924145e-03
 -1.2325085e-03
 -5.3604323e-01
  8.1416350e-03
  3.5736765e-04
 -5.3313177e-04
  1.6991587e-04
 -1.6248130e-03
  3.0412839e-03
 -5.2656815e-04
 -1.4021224e-04
  2.1699561e-04
 -8.8714424e-04
  3.5364655e-04
 -9.7555650e-04
 -6.0803670e-04
 -1.3487261e-03
  2.7962550e-04
 -6.7232671e-04
 -9.1103546e-05
  2.0425827e-03
 -1.4844502e-03
  6.3772919e-04
  5.8161351e-03
 -9.5832668e-04
  7.3601812e-04
  9.9245502e-05
 -4.4921087e-03
  3.7865556e-04
 -3.1683440e-03
  2.2460388e-03
  4.3181777e-03
 -9.9563517e-04
  2.5205276e-04
 -1.4421509e-03
 -1.7122767e-04
  8.8450441e-05
  5.5283098e-04
  1.7180552e-03
  2.4667729e-03
  2.8186915e-03
 -8.8562112e-05
 -2.8650480e-04
  5.3734600e-04
  3.4799069e-04
  1.4432124e-04
 -1.7897313e-03
 -1.3726301e-03
 -5.5573327e-03
 -1.6180886e-02
 -5.1361503e-04
  2.4882888e-03
 -1.2014915e-03
 -2.3680767e-03
  7.9446699e-04
  5.6590891e-04
  9.6255831e-02
  7.4210955e-04
  1.0247426e-03
  2.3925388e-03
 -3.3893532e-04
  1.7227480e-03
 -3.0206828e-04
  5.9801404e-04
  1.0407298e-04
  9.1188872e-04
 -2.0327142e-03
  3.5614124e-04
  1.3732255e-04
 -4.6123669e-04
  7.8234239e-04
  9.5976517e-05
 -6.0258346e-04
  3.7143240e-05
 -5.4057818e-03
 -5.9138529e-04
  2.9422471e-03
  1.2033142e-04
 -5.7669659e-04
  5.1940326e-04
  1.4898350e-03
 -2.8522459e-03
 -1.0471529e-04
  1.7953163e-04
 -1.4003301e-03
  1.0689313e-04
 -4.7611434e-04
  1.8177342e-03
 -4.5265406e-04
 -2.6755486e-04
 -1.7149683e-02
 -1.3971449e-03
 -1.1571852e-02
 -4.6450091e-03
  1.1902223e-02
  7.8843776e-03
  7.2207022e-03
 -1.6578671e-04
 -4.5476126e-04
  2.8725509e-03
  1.4601503e-02
 -8.5730653e-04
  4.5655092e-04
  9.6048554e-03
 -2.6064843e-03
  2.6736248e-04
  1.6160511e-03
  7.9748509e-03
  1.3706760e-04
 -1.4230583e-04
  3.5658196e-04
 -1.2287070e-02
 -1.1138709e-03
  7.9805631e-04
  4.9911174e-03
  4.3911763e-04
 -7.8597775e-04
 -2.0949442e-04
  3.2317035e-03
  1.5902633e-03
  1.1568597e-03
  1.6289784e-03
  9.5728692e-04
 -3.5719848e-03
 -1.4582722e-03
  4.3888704e-04
  1.6532869e-03
  6.7523558e-04
 -5.7851709e-04
  3.7524843e-04
 -1.5742679e-01
 -1.1413472e+00
 -7.4842560e-01
  5.4524314e-02
 -4.0564871e-01
 -4.5276389e-01
 -6.1160590e-02
  6.6902709e-01
  3.1377009e-01
  2.6097888e-01
  1.3075087e-02
  5.6193885e-03
  3.7148802e-03
  7.5938008e-03
  3.6644739e-01
  2.0948566e-01
 -7.5181997e-01
  1.0533578e-03
  1.2423226e-01
 -1.3354722e-03
 -1.8432128e-01
  5.1091754e-01
  2.3843443e-02
 -2.0439576e-01
  3.0784186e-02
 -1.3328309e+00
  8.7989094e-03
 -1.0147990e-01
  1.9822939e-01
 -1.8495184e-01
 -1.3480142e-03
 -4.0367350e-04
 -4.0168607e-01
 -3.6512187e-04
  7.8797631e-02
  3.8161775e-01
 -2.8435022e-04
  1.9974791e-04
  7.0482626e-04
 -2.7106595e-04
  5.1691681e-03
  6.6372217e-04
 -3.8825932e-03
 -4.4260448e-04
  5.1206451e-02
 -1.6587019e-02
 -2.0813660e-03
  1.1128315e-02
  1.5394337e-01
  3.5508461e-03
  1.1316004e-01
  8.3862676e-04
 -1.7128950e-02
 -9.7012103e-02
 -3.6891082e-03
  3.3479085e-04
 -9.8037126e-05
 -4.1267793e-03
 -1.1123675e-01
 -3.9824112e-03
  6.4031798e-03
 -2.7323188e-03
  1.6491485e-03
 -1.0775744e-02
 -3.6916314e-04
 -1.5093309e-01
  4.1728263e-04
 -9.4582476e-02
 -7.0030207e-04
  5.9616562e-02
 -1.5263406e-03
  7.4755051e-03
 -3.8553100e-02
 -2.2160334e-03
  1.9604499e-02
 -1.3141418e-04
  1.6111524e-01
 -3.4458237e-03
 -3.1488966e-03
 -5.8506586e-04
  1.1469566e-03
  6.0695288e-04
  1.0334550e-04
 -1.7878565e-04
 -2.0695711e-03
  8.3735504e-04
  2.8611319e-03
 -9.8956702e-04
  3.3181364e-04
  9.3691971e-04
 -9.2590274e-04
  1.7169099e-03
 -2.8170992e-04
 -1.2565921e-03
  1.0087778e-03
 -1.6329024e-03
 -1.0945413e-03
  1.0982093e-03
  3.3930191e-04
 -7.3110539e-04
 -4.7425175e-04
 -1.4522739e-03
  1.7086532e-03
  2.8201141e-03
 -2.5934319e-03
 -3.5056206e-03
 -1.5680443e-03
 -6.4242841e-04
 -2.7953149e-04
  6.3720683e-04
 -1.0122194e-04
  8.7316858e-04
 -1.4784269e-03
  3.0222707e-04
  6.4633391e-04
 -2.3416355e-03
  5.5672275e-04
 -3.9257418e-04
 -9.9595636e-05
  2.6884358e-03
 -4.5401289e-04
 -5.6058024e-03
  3.3354221e-04
  5.4390210e-04
 -2.2800597e-03
  3.5713974e-04
 -1.0732010e-03
  6.3548796e-05
 -9.0992270e-04
  1.3609795e-03
 -1.1297273e-04
  2.7501683e-03
  5.0813402e-04
 -2.3700452e-01
  2.0100226e-04
  2.1495256e-05
  7.6039881e-01
 -1.1437341e-03
 -2.2518169e-03
 -4.1977712e-04
 -2.1721964e-04
  2.3728616e-03
  3.9066555e-04
  8.1974280e-04
 -1.6972187e-03
 -8.2724576e-04
  1.3509424e-03
 -1.4128052e-03
 -1.3580269e-03
 -4.2671902e-04
  6.8770326e-04
 -2.2031328e-04
  4.7198069e-04
  7.2802830e-04
  3.6711612e-04
 -1.0141259e-03
 -7.0084468e-05
 -2.2031311e-03
 -3.5735557e-04
 -1.4010034e-04
  1.3271482e-03
 -2.8115706e-04
 -2.7638255e-04
  2.0779282e-04
  6.9095951e-04
  7.1957032e-04
 -5.6412141e-04
 -3.6885052e-03
  1.3199400e-03
 -1.4884102e-03
  1.4119296e-04
 -6.6528807e-04
  7.2854402e-04
  1.2486707e-03
  4.4686458e-04
  1.9883027e-04
 -2.7322330e-04
 -3.6703868e-04
  2.4821039e-03
  1.4696579e-04
  1.5046638e+00
 -1.2370272e-02
 -4.3190835e-04
  6.0457841e-04
 -9.6177764e-04
 -1.4694196e-03
 -4.0431353e-03
  1.4379446e-03
 -1.0338353e-03
 -5.6085648e-04
  7.1019295e-04
 -5.2121241e-04
  2.0868408e-03
 -1.2185675e-03
  5.4523326e-04
  2.1582914e-03
  5.1310435e-03
  9.4471761e-05
 -1.6770536e-03
  1.5645933e-03
 -5.9209112e-04
  3.5870529e-05
  2.1126601e-03
 -5.6433718e-04
  2.2701246e-03
 -5.1320140e-04
  3.4341207e-04
 -2.1719530e-03
  1.8002643e-03
  8.5215405e-02
  1.5743522e-04
  4.5549162e-04
 -2.9928139e-03
  7.2559790e-04
 -5.8292504e-03
 -1.8071705e-03
  9.6296408e-04
  1.4691469e-03
 -1.9961111e-03
  7.2342379e-04
 -1.3853174e-03
 -2.2929357e-03
  4.2348099e-04
  8.6366845e-04
 -5.1414926e-04
 -7.1633433e-05
  2.5872532e-03
 -1.6704784e-04
 -9.6412106e-05
 -1.3533480e-03
  1.4710589e-05
  1.3524077e-04
  3.9686062e-03
  7.6610213e-03
  2.1930302e-03
  2.3281518e-03
 -2.1527309e-04
 -1.0083173e-04
 -1.0663529e-03
  3.7945952e-04
 -1.2645978e-03
  3.8321479e-04
 -5.0195371e-04
  2.6123665e-04
  2.3029558e-04
  1.3432644e-03
 -5.5448851e-04
 -7.9897509e-05
  2.2168788e-03
  1.0260015e-03
  8.6417235e-04
  7.3407067e-04
 -1.2494577e-03
 -7.9858047e-04
 -1.3744670e-03
  3.6796273e-04
  2.5955583e-03
  6.1704189e-04
 -3.8023025e-04
  1.5655365e-03
 -1.6599559e-03
  7.9352653e-04
 -1.4804517e-03
 -2.3463843e-03
 -2.1817132e-03
  4.8067150e-04
 -1.7005220e-03
  3.3621062e-03
 -6.1455499e-02
 -7.6187548e-04
 -1.4067196e-03
  2.2098838e-04
  5.8776159e-03
  1.3716239e-03
  1.4175260e-03
 -6.0868508e-04
 -3.3852080e-04
 -7.6802459e-04
  1.4990829e-03
 -3.2921872e-04
  2.7095643e-03
 -5.3616730e-04
  1.9224247e-04
 -4.5216468e-04
  2.6407914e-04
  5.7391301e-03
 -2.6099726e-03
 -1.6364733e-03
  3.0275087e-03
 -4.2067487e-03
  1.6090511e-03
  6.5122861e-03
  1.0416768e-03
  2.6519960e-03
 -1.3382781e-03
 -1.4213431e-03
 -1.3324568e-03
  2.1127547e-04
  1.0653470e-03
  5.1642500e-04
 -1.4119975e-03
 -1.4155571e-04
  1.0163714e-03
 -1.4838645e-03
  1.2915015e-03
  6.2195939e-04
 -8.6293672e-04
  3.2048969e-04
  1.5918411e-03
  1.9981217e-04
  8.6768408e-04
 -2.0852180e-03
  2.4792891e-02
 -5.7039474e-04
 -2.0210480e-03
 -1.2488373e-03
  5.0257018e-04
  2.8157865e-03
  5.1088317e-04
  1.5634075e-03
 -5.8757659e-04
 -1.8373221e-04
 -3.3239779e-04
  5.0395122e-04
  4.0435311e-04
  6.0747244e-04
  1.5284366e-04
 -4.2063504e-04
 -8.1909436e-04
  5.6254826e-03
  1.0775194e-03
  3.2941089e-04
 -9.3090441e-04
 -5.2678242e-04
  1.0399856e-03
  2.9282765e-03
  4.9541879e-04
 -6.0389057e-04
  6.0397468e-04
 -1.4185428e-04
 -9.2419529e-01
  4.2567553e-05
  3.1198282e-04
 -4.8575126e-02
  1.9546584e-04
 -6.9986831e-04
 -2.3229378e-03
  2.0022001e-03
  6.0436910e-04
  1.7929340e-03
 -2.8602476e-04
  1.1974442e-04
  1.5745888e-03
 -8.4900996e-05
 -2.0181620e-03
 -3.4750516e-03
  3.3001546e-03
 -5.0055643e-04
  1.2608229e-03
  1.5007624e-03
 -5.2343251e-04
  6.0108711e-04
 -1.7191749e-05
 -5.6715950e-04
 -1.5022510e-03
 -6.2238507e-04
 -8.6583639e-04
  2.2647823e-03
 -4.3372239e-04
  2.3342836e-04
 -3.7847434e-03
 -2.4808984e-04
 -5.8483041e-05
  2.8052074e-03
 -9.8007149e-04
 -2.2564020e-03
 -2.8791330e-03
 -9.9283503e-04
  9.1642980e-04
 -4.9236147e-03
  1.4838188e-04
 -6.0193765e-04
 -6.1909010e-04
 -3.5682942e-03
 -1.1602293e-03
 -1.5879101e-03
 -7.1619905e-04
  2.1861517e-05
  1.5682396e-03
 -2.7378995e-03
 -7.9510341e-05
  1.4107381e-03
 -2.4593101e-04
 -6.3372153e-04
  4.7531212e-05
  1.0027880e-03
 -5.1672000e-01
 -1.5072095e-01
 -1.8706159e-01
  1.0021059e-01
  3.9107162e-01
  1.0323981e+00
 -3.8937128e-01
 -4.8766617e-02
  5.9136349e-01
  6.4999622e-01
  4.1377839e-01
  2.7726796e-01
  3.0872023e-01
 -3.8591963e-03
  6.5501457e-01
  4.3872851e-01
 -4.7003272e-01
  1.2154170e+00
 -1.6703276e-01
  9.5227683e-01
  8.2181400e-01
  3.4930953e-01
  1.1039378e-02
  2.1603920e-02
  4.4116771e-01
  7.5996882e-01
  1.5515193e+00
 -3.6444116e-01
  7.2287732e-01
  4.9708921e-02
 -1.2818757e-01
 -1.7033464e-03
 -1.2257280e-01
  8.9348093e-02
 -1.3605659e-01
  4.8688483e-01
  3.1469151e-01
  2.0172881e-01
 -1.9303159e-04
  1.6428526e-03
 -3.1906911e-04
  9.0085389e-04
 -3.2331550e-03
  2.2109987e-03
 -5.7897239e-04
 -1.6394831e-04
 -1.1324071e-03
  9.6032547e-04
 -2.8052761e-03
 -4.5741774e-04
  6.7150308e-04
  2.7999121e-03
  3.3816902e-04
  7.8764628e-04
  1.6628521e-03
  3.6179693e-04
 -1.7325724e-03
  1.5235896e-04
  5.9916195e-04
 -1.1598809e-03
 -1.2532086e-03
 -6.5678434e-04
 -3.2629343e-04
  2.1602560e-03
  6.1971246e-04
 -1.4312593e-03
 -9.7351050e-04
 -2.4722342e-03
 -1.4568226e-03
 -3.2250685e-04
 -7.7360345e-04
  2.5683446e-04
 -1.4977185e-03
 -3.5421370e-05
 -1.0759735e-03
 -1.4213097e-04
  7.8159064e-04
  1.2249184e-03
  2.4379848e-03
 -3.7415817e-04
  7.5769587e-04
 -9.5557107e-04
 -4.3493292e-05
  9.8074204e-04
  6.0065388e-04
 -9.8124519e-04
  1.1738790e-03
  2.6132260e-04
  1.6033678e-01
  3.2901356e-01
  1.8471882e-03
 -9.2225755e-04
  2.0419230e-01
  4.7507542e-01
  5.9220171e-01
 -2.9697800e-01
 -3.5513082e-01
 -2.4110883e-01
 -1.1553003e-01
  3.1652133e-04
 -9.9938929e-02
 -3.0086592e-03
 -5.4660797e-01
 -2.3287919e-03
  9.9655919e-02
 -5.8278218e-02
 -1.0538797e-01
 -1.3237733e-01
 -9.3546696e-03
 -1.2772839e-01
 -3.8967100e-01
  2.0731824e-02
 -5.1409848e-02
  7.1257120e-01
 -1.0493507e-02
 -4.2924210e-02
 -3.4951830e-01
  2.4652935e-04
 -1.2410041e-03
  7.3680276e-04
  1.5245137e-01
 -1.9875846e-03
 -1.6731434e-01
 -3.3610159e-01
 -2.3850327e-04
  1.6580266e-03
  2.5655236e-04
  4.0814874e-04
 -4.5520803e-03
 -6.4665787e-02
  4.4152793e-03
 -4.5251363e-04
 -2.8035318e-04
  5.2291697e-01
 -1.3284021e-02
 -1.6250864e+00
 -1.4489460e+00
 -1.3777839e+00
  1.8842435e-02
  1.2324305e+00
 -1.1242309e+00
  9.6964765e-01
 -7.7362090e-01
  5.1348621e-04
 -2.7511394e-01
  6.9154704e-01
  8.8765286e-02
  1.2537527e-03
 -1.5676116e+00
  1.2215863e-01
 -6.8339020e-01
  2.6267761e-04
  5.7107198e-01
  7.2334200e-01
 -2.3117587e-01
 -2.4808723e-01
  2.4356838e-01
 -7.1357697e-01
  1.6025151e-06
  8.2764488e-01
  3.7419921e-01
 -7.5157708e-01
 -2.9230127e-01
  5.2877881e-02
 -3.2964244e-01
  2.9982487e-03
 -4.2561501e-01
  7.6639145e-03
 -1.2250709e-02
 -1.2141833e-03
  8.0468982e-02
 -5.6202221e-01
  3.6254083e-04
  7.6018239e-04
  5.4297200e-04
  2.3088143e-03
 -2.2628989e-04
  6.4731704e-04
  3.0085060e-03
  8.3237310e-04
 -1.8965648e-02
  2.6761540e-05
 -5.9430295e-04
  8.3090144e-04
  6.7863008e-04
 -4.7833149e-04
 -8.9981586e-05
 -1.3023446e-03
 -3.6521556e-04
  3.2505309e-03
 -9.0779841e-04
 -5.6555268e-04
 -1.2198545e-04
  2.1836972e-03
  1.9523293e-04
  3.2117490e-03
  9.4877469e-04
  9.5579802e-04
 -3.9798589e-04
  3.1265034e-04
 -4.4407498e-06
  2.6421977e-04
  8.7117252e-04
  2.3337738e-03
  2.0316858e-03
  3.8945075e-04
 -7.1945222e-05
  1.6825045e-03
 -5.5255345e-04
  4.5419531e-04
 -3.1530712e-04
 -1.3744055e-03
 -9.4325922e-04
  1.9371544e-03
  1.6741927e-03
 -6.1169436e-04
  3.2566960e-03
 -8.1438903e-04
  7.0004072e-04
  3.7215551e-04
 -6.2412683e-02
 -3.3952113e-02
 -4.4167951e-02
  1.8557459e-02
  5.5991489e-01
  1.0849835e+00
  5.3383982e-01
  1.4451730e-01
  7.8521842e-01
 -3.2515712e-02
 -7.6274066e-03
 -6.9120410e-03
  6.5151574e-03
 -1.2176285e-03
  1.3036446e-03
  5.2303378e-04
 -1.9920501e-03
 -3.2825004e-02
  7.1191984e-01
  9.3376857e-01
 -1.1048082e-02
  4.8248775e-04
  1.5273951e-04
  2.5771758e-01
  7.7903587e-03
 -5.3679109e-01
  1.7494429e-03
 -4.5511109e-01
  5.0401810e-05
  6.0630602e-01
  1.3565785e-01
 -3.5868591e-01
 -1.3451864e-02
  4.4018819e-04
  2.0236952e-02
 -1.2350851e-03
 -5.2929396e-04
  3.3515131e-03
  5.8979756e-04
  2.7902545e-02
 -1.9063399e-03
 -4.2199641e-03
 -4.8104785e-03
  9.4676542e-04
  1.5262689e-01
 -8.2483399e-05
  3.5157513e-02
 -8.9514820e-04
  5.7253167e-03
 -7.6834732e-03
  7.5147944e-03
  1.2369557e-01
 -1.0301773e-01
 -3.1665501e-01
 -4.5373439e-05
 -8.3054352e-04
  7.3143432e-04
  4.0800974e-04
 -1.3049784e-01
  6.2791642e-04
  1.4858995e-01
 -4.7301561e-02
  1.6596873e-01
 -9.0012319e-02
  4.2030052e-03
 -7.9219565e-02
 -4.8866112e-02
 -5.2098382e-02
 -1.1054650e-02
  1.2798148e-01
  1.7227619e-03
 -5.6029741e-02
 -4.9128544e-02
  6.0411537e-04
  1.3988882e-03
  2.3456749e-03
  3.0725187e-04
 -8.9415361e-04
 -1.1789585e-03
 -4.0288482e-02
 -7.3153462e-04
  2.1117090e-03
  2.5692515e-03
 -4.5065884e-05
  2.3149843e-03
  1.4296302e-04
  8.4946625e-04
 -5.6016853e-04
 -7.3659781e-04
  1.6346993e-04
 -2.4519973e-03
  7.3481398e-04
  4.1366345e-04
 -1.4496807e-03
 -1.2803287e-03
  1.7536123e-03
  4.0395244e-04
  8.6940953e-04
  1.3187161e-04
  1.2664772e-04
  4.1927764e-04
  1.7272407e-04
  3.9756559e-03
  7.8468904e-04
 -5.5918464e-04
  3.9368722e-05
  1.1917899e-04
 -1.1374577e-03
  2.6579327e-03
 -1.8379018e-03
  3.5135595e-03
 -2.2636892e-04
 -9.0664905e-04
 -5.1987835e-04
  5.1049714e-04
  4.5340244e-02
  9.8943783e-05
  8.3150296e-04
  1.5427290e-03
  1.2637605e-03
 -1.9935309e-03
  8.1386522e-04
  2.3007926e-03
  5.0125772e-04
  9.3981670e-04
 -8.2692638e-04
  1.3048730e-03
  5.2624143e-04
 -2.3025768e-03
  5.1089580e-04
 -3.4336576e-03
  7.9286244e-04
  9.1698294e-04
  2.2874463e-03
 -6.2943815e-04
  5.3007901e-04
 -1.3171670e-03
  9.0598426e-04
  1.9233230e-04
  2.9215863e-02
  1.5576819e-03
  5.3494045e-04
  7.5399567e-04
 -4.6459050e-04
  1.5196681e-03
 -1.0457116e-03
  1.4482532e-05
  5.6262349e-04
 -8.7820529e-04
  7.3633791e-04
  1.3521765e-04
  7.7521725e-04
  1.8293231e-03
  1.1383662e-03
  1.0451954e-03
 -3.9912981e-04
 -1.8739123e-03
 -3.7312025e-04
 -1.9091279e-03
 -3.2387262e-03
  7.7759213e-04
  4.6470517e-04
 -7.1999163e-04
 -5.2522117e-04
 -2.4153152e-03
  2.0058637e-03
 -1.7445595e-03
 -2.8840810e-04
  8.9653151e-04
  1.4718312e-03
 -9.7294105e-06
  2.8604656e-03
 -1.0397685e-05
  2.3392343e-03
 -1.2739982e-03
  5.6075293e-04
 -5.5568606e-05
  8.6403365e-04
  1.6679963e-03
 -9.5033168e-04
 -6.7788166e-01
  6.9953941e-02
  2.0293804e-04
 -1.1364148e-03
 -4.5095989e-04
 -5.0984614e-04
 -1.5643113e-03
 -1.6957584e-04
  6.7273132e-04
 -2.7493620e-03
 -2.0702595e-03
 -2.4709330e-04
 -8.9422101e-04
 -2.0935788e-04
 -3.9352722e-02
 -7.8669516e-05
 -7.4495783e-04
 -3.6593180e-04
 -3.6376240e-03
  2.2036096e-03
 -1.0384757e-03
  2.1165174e-03
  7.5013854e-04
 -3.2547612e-03
  3.5389297e-05
 -4.5881525e-04
 -1.9359202e-04
 -7.7778124e-04
  2.1759514e-03
 -1.5321056e-03
 -2.1144329e-04
 -1.1452206e-03
 -2.0590413e-03
  2.6212516e-04
  2.4502882e-04
  4.0025760e-05
 -5.8738503e-04
 -2.2885392e-03
 -3.6036687e-03
  7.6871132e-04
 -1.3005841e-04
  1.5701621e-03
 -2.5390604e-04
 -5.8234867e-04
  7.9101807e-04
 -4.0405575e-04
 -2.0402993e-04
 -2.3412630e-03
  4.3286290e-04
 -1.3764107e-03
  7.7617599e-04
  1.7301827e-04
  2.0497488e-03
 -3.2925997e-03
  1.8301220e-03
  4.6450128e-03
 -1.6216785e-04
  2.9870431e-04
  2.3057696e-04
  8.0622657e-04
  1.6944205e-03
  6.2582496e-04
 -1.1725868e-03
 -1.1316563e-04
  9.4306859e-05
 -1.6595700e-03
 -1.2422731e-03
  1.9668592e-03
  2.4451739e-03
 -1.1265081e-04
 -1.4861603e-03
  6.6604099e-04
  4.8638601e-04
  2.7275772e-03
  3.6646292e-04
  5.8805643e-05
  5.2276696e-04
  9.5173792e-04
 -3.8295065e-04
 -6.2366109e-04
  1.4120615e-03
  3.1938339e-03
  3.4286245e-04
 -2.6685430e-04
 -1.5805070e-01
  1.2858037e-03
  4.7296466e-04
  8.2475884e-04
 -2.4408704e-01
 -6.6451319e-02
 -6.7049037e-03
 -4.3223789e-03
  2.7011260e-02
  3.5038689e-01
  1.5801996e-02
 -6.0656178e-04
 -8.3935360e-04
 -4.0827505e-03
  1.4002794e-01
 -2.9263011e-04
 -1.8459149e-02
  8.0150124e-03
 -1.2658847e-03
  3.2327031e-03
  5.7121508e-02
  1.5678611e-01
  1.3427098e-01
  5.0704159e-02
  7.7603355e-02
 -1.0775721e-01
  9.5374946e-04
  2.8265323e-03
  1.2840987e-02
  1.3414032e-03
 -1.0130352e-03
  2.3061133e-04
 -5.1537191e-04
  4.1086865e-03
 -3.6176731e-05
  7.9481602e-02
  2.4987634e-02
 -5.8262784e-04
 -8.6585153e-04
 -2.4260308e-03
  7.8396522e-04
 -6.6900812e-04
 -1.0267368e-03
  2.0529525e-03
  4.5907430e-04
 -4.6684574e-02
 -3.7654834e-05
 -4.6326565e-03
 -1.8236333e-01
 -1.5404536e-03
 -1.2229956e-03
 -1.3486879e-01
  1.5954649e-02
  1.1143477e-02
  4.0043429e-03
 -2.6825204e-05
  1.1033625e-01
 -3.6172499e-04
  6.0542654e-03
  2.8629622e-01
  2.1980479e-02
  1.6838587e-03
 -4.5472626e-03
  8.8811893e-04
  6.6256861e-04
 -7.5838441e-04
  1.2084284e-01
  8.3262008e-03
  5.2322794e-06
 -6.0610637e-02
 -3.1853089e-04
  1.0241017e-03
  5.6582582e-01
 -2.8059061e-04
 -8.8975420e-03
 -2.5434357e-03
 -4.1050985e-03
  5.6441163e-04
 -3.3652731e-03
  7.2734565e-03
  3.4453743e-04
 -2.7786044e-04
 -1.1405338e-03
 -1.4008865e-04
  2.1638337e-04
 -1.8750040e-03
  3.8688141e-04
 -3.7035213e-03
  6.3127896e-04
  1.7904039e-04
  1.1936479e-03
  6.0961978e-04
  1.9817913e-03
  1.3532292e-03
 -2.2099514e-03
  1.3281386e-03
  3.9170895e-04
 -8.6109305e-04
 -1.6511939e-03
  2.0023569e-04
 -8.6201122e-04
 -1.7900602e-06
  1.8338609e-04
  2.4753867e-04
 -1.5777901e-03
  3.2382355e-05
  1.2878791e-04
 -1.4170829e-03
  5.9591327e-04
 -4.4156174e-04
 -2.8735667e-03
 -1.8217551e-03
  1.8654476e-03
  1.3275711e-04
  6.7474047e-04
 -4.0995402e-04
 -7.0500416e-03
 -3.4673337e-04
  1.3193957e-04
 -4.2863569e-04
  3.8234991e-04
 -2.6628412e-03
  2.4963368e-04
 -9.7634544e-04
 -1.7726592e-03
 -1.6668038e-03
  6.7669700e-04
 -1.1777473e-03
 -2.6041958e-03
 -3.1742413e-04
 -1.2237334e-04
  3.1705876e-04
  4.5169011e-02
 -1.0745748e-01
  1.5604340e-02
  6.1981258e-04
  1.3091010e-02
  3.3772700e-02
  5.7371485e-04
  1.1445264e-01
 -2.3386732e-01
 -4.1290087e-01
 -2.6993748e-02
  6.9498919e-02
  8.6913540e-05
 -1.5972974e-03
 -2.1734959e-01
 -6.1776716e-02
  2.8216887e-02
 -1.4562682e-02
  1.2166177e-01
 -8.3182584e-03
 -8.2845683e-04
 -1.9683039e-01
 -5.8901799e-03
 -3.7313648e-02
 -1.4693168e-01
  1.1363126e-02
 -1.1691700e-03
 -1.6809717e-02
 -1.8688689e-01
 -4.0154047e-03
  4.8978935e-04
  6.1023726e-05
  7.6852702e-03
 -1.3591893e-01
 -1.5513294e-03
 -1.0665950e-01
 -1.2274680e-02
  3.6500761e-04
  1.7577504e-03
 -3.8316823e-04
  1.4445392e-04
 -2.1534380e-02
  2.6723731e-04
 -7.2646901e-02
  1.2506816e-03
  2.9543179e-04
 -1.9182103e-03
  8.5774431e-04
 -1.5592192e-01
  2.1993979e-03
 -5.7394680e-04
 -7.6952303e-05
 -2.2851529e-03
 -1.2910683e-02
  4.6715356e-04
  1.0043924e-04
  2.2810355e-03
 -4.3921894e-03
 -1.3047619e-02
 -1.2928956e-03
  5.1290625e-01
 -4.1814420e-02
  1.1543320e-03
  8.0655643e-04
  4.2287397e-04
 -7.0230057e-04
 -1.2693873e-03
 -9.4410329e-04
  4.3981578e-03
  5.4512467e-02
  5.4373828e-05
 -1.0878171e-03
 -4.8278072e-03
  2.0767869e-03
  2.7741041e-04
 -2.3175215e-03
 -4.1303996e-05
  3.6691446e-03
 -1.0314132e-01
  3.9791924e-04
 -5.0458144e-03
  9.5518440e-04
  8.5232523e-04
 -8.2413031e-04
 -1.5195116e-03
 -7.8891509e-04
 -1.7363706e-03
  1.6123563e-04
 -3.4150560e-03
  1.1465976e-03
 -1.4970165e-03
 -1.3953518e-03
  1.1803986e+00
 -1.6223156e-03
 -4.5027863e-03
  5.8864587e-04
  1.2705817e-03
 -1.1374834e-03
 -7.6262123e-04
 -1.2651383e-03
 -5.4628105e-04
 -2.0472379e-03
 -2.9549823e-04
 -1.3306984e-03
  2.7651922e-03
  2.6320515e-03
  9.6635763e-03
  9.8008732e-04
  5.9761973e-03
  5.0127535e-04
 -3.0219060e-05
  8.6766650e-04
  6.5189233e-04
 -1.1811405e-03
 -9.6598477e-04
 -2.4971625e-05
 -1.7668828e-03
  9.2925370e-04
 -3.2222713e-04
  3.0140108e-03
  2.5972319e-03
  1.9036401e-03
  3.6450250e-03
 -8.9634239e-05
 -1.0830313e-03
  1.7275903e-03
 -1.8652888e-03
  6.2861438e-03
  3.1699580e-03
 -1.0675968e-03
  2.4149282e-05
 -1.1155612e-03
  5.2513972e-02
  1.6640080e+00
 -3.2956925e-01
 -7.1671650e-02
  8.1689930e-01
 -3.2391647e-01
 -1.4162974e-01
 -2.0134367e-01
  3.9802007e-02
  1.3303494e-02
  2.2834851e-01
 -5.1535946e-01
 -1.8447286e-01
  3.3393482e-04
  3.2905605e-02
  3.4463391e-01
  2.1605767e-01
  8.9577188e-05
  6.7252451e-01
  6.7925505e-02
  1.0110603e-01
  1.2214718e-01
  3.9573112e-01
  9.8170814e-05
 -1.6545365e-04
  1.3945653e-01
  1.7718202e-03
  8.8865064e-02
  1.2057413e-01
 -4.7914673e-02
 -7.9353660e-04
 -4.3481338e-01
  1.6919756e-04
  2.0353859e-03
  1.9753817e-01
  2.8418148e-01
 -6.0685241e-04
 -2.3060334e-04
  5.4749595e-03
 -2.7618190e-02
  1.1081275e-03
 -1.2471108e-03
 -1.6051254e-03
 -1.1829275e-03
  5.8602588e-03
  1.8171696e-02
 -1.0869484e-01
  3.1659845e-01
  3.8977897e-01
  1.0268786e+00
  3.7499449e-01
 -3.7997353e-01
 -1.7863730e-01
 -2.7217358e-01
  2.8516863e-02
 -3.5674926e-02
 -8.4582879e-04
 -1.5750588e-01
 -2.2176854e-01
  4.7311182e-03
 -6.2981568e-04
 -1.4171341e-01
 -9.8182699e-03
 -1.2280422e-01
 -9.0793528e-02
 -2.6702327e-01
  9.0266811e-05
 -3.2109831e-02
 -5.7467386e-02
  5.5862661e-02
 -2.2523280e-04
 -1.2372300e-01
 -1.6481306e-01
  2.6359609e-01
  4.1332808e-03
 -5.2638959e-02
  2.6777612e-02
  1.0749693e-03
 -1.3803337e-02
 -4.4099502e-02
  4.4365646e-03
  3.4068968e-02
  6.1329862e-04
  4.7293029e-04
 -8.0718771e-03
 -4.7796154e-01
  3.1234499e-03
  1.4640337e-04
  1.5761858e-03
  1.4558919e-03
  7.3920039e-04
 -5.1202270e-04
  9.7894925e-04
  2.5077467e-03
  1.6935954e-03
  6.8598439e-04
 -1.6173362e-04
 -6.3497137e-04
  8.2892150e-04
 -3.6854181e-07
  1.9049206e-03
 -1.2900347e-03
 -4.1416852e-04
  4.2339196e-04
  1.2254401e-03
  1.3783982e-03
  3.5322218e-03
  1.6205837e-03
 -1.2399517e-03
 -1.8103514e-03
  4.7648893e-05
 -1.3735660e-03
 -1.3354914e-03
  5.0090370e-04
  2.6815424e-03
  3.1571559e-04
  1.4993789e-03
  1.0853361e-03
 -3.1262400e-04
  2.8663606e-04
 -3.2492708e-03
 -2.1894216e-03
  1.2229432e-03
 -7.9550047e-04
 -1.8524877e-03
  2.1565403e-03
 -1.3850398e-04
  2.9016985e-04
 -2.9341219e-04
  2.4895728e-04
 -2.4287461e-03
  9.1444654e-04
  8.4629908e-02
 -9.7373093e-04
  1.5136902e-07
  2.2019157e-03
  6.1909143e-02
 -4.1080028e-05
 -5.7567377e-08
 -5.0214760e-04
 -1.1503805e-02
 -4.2018034e-03
 -5.9987634e-04
 -7.6446100e-04
  1.0371096e-03
  3.6349514e-04
 -1.0428567e-03
 -5.1553920e-04
  7.4354051e-05
 -2.2546947e-03
  1.7928439e-03
  2.6774500e-03
 -3.8266025e-04
 -3.6642998e-02
 -9.9645825e-03
 -1.0206223e-01
  4.4845886e-04
  7.7244081e-02
 -3.8328991e-04
  1.1658084e-04
 -2.5767987e-03
  1.2869539e-04
  5.2347925e-04
  4.6439265e-05
  3.5061984e-04
 -1.8196491e-03
 -7.2236545e-04
 -2.1837323e-03
 -1.1166369e-03
  2.9294571e-04
  1.1968547e-03
 -9.4384421e-04
 -4.9110589e-05
 -1.8181565e-03
  4.7232429e-03
 -2.3423531e-03
 -3.4569356e-01
 -5.8509488e-02
 -1.2734775e-01
  7.6657400e-02
  1.3030633e+00
  6.7512709e-01
 -5.6092727e-01
 -4.1966390e-02
  1.5528969e-01
  5.4647893e-01
  3.2713991e-01
 -9.2158474e-02
  1.0961300e+00
 -4.7273558e-01
  1.6316700e+00
  6.2233227e-01
 -2.5359681e-01
  2.2357168e-02
  9.4702870e-02
  5.8765203e-01
 -3.4663065e-03
  1.5420847e+00
  2.7292794e-01
 -8.3556032e-01
  2.8531942e-01
  1.5364846e-02
  6.6968608e-01
  2.5156540e-01
  1.4957392e+00
  1.2716699e+00
  1.9211056e-02
  2.0174968e-01
 -2.3573518e-02
 -2.3544275e-03
 -2.3047278e-02
  9.7243434e-01
  8.9531916e-01
  4.4767481e-01
 -7.0369400e-02
  3.9184585e-01
  3.5964925e-04
 -1.1407696e-03
 -2.1606101e-01
  4.0060650e-03
  1.1630578e-03
 -4.3930393e-04
 -6.1445702e-05
 -2.6801769e-03
  2.1112707e-01
  1.4995420e-03
 -1.6988066e-03
  2.5949418e-04
  6.5850421e-05
  7.0593215e-04
 -5.4763942e-03
  3.0237369e-04
 -1.2856682e-03
 -8.3522830e-04
  2.9445012e-04
 -6.8297470e-04
 -9.1471558e-04
  9.5302222e-04
  7.0542621e-04
 -2.1132682e-03
  6.0344889e-04
 -4.8361276e-03
 -2.0138274e-03
 -2.3868796e-03
  4.3619701e-04
  4.7000488e-03
 -7.5597642e-04
 -1.2555255e-03
 -3.5945850e-05
 -1.0400257e-04
  9.8149304e-04
 -5.3134732e-05
 -5.6626840e-04
 -3.5474729e-03
 -6.2300271e-04
 -5.2741533e-03
  1.4569587e-04
 -8.6206628e-04
  8.3041337e-04
 -4.8252777e-04
  4.3081294e-05
 -1.1138680e-03
  1.2028613e-06
  8.2256872e-04
 -4.8481738e-03
  3.4825760e-03
 -1.1176657e-04
  6.5613154e-04
  3.2035762e-01
  5.1244575e-04
 -1.8940209e-03
 -1.5271431e+00
  8.8002481e-02
  4.2634499e-03
  1.4661758e-03
 -7.1792409e-04
 -7.0474765e-05
 -1.0994261e-03
  2.1651930e-03
  1.1198686e-03
  1.0888565e-03
  5.3235395e-03
 -1.2759687e-01
 -1.2229248e-03
 -8.0256585e-05
  2.3094248e-03
  1.2980963e-03
  9.9962216e-04
  1.0183386e-02
 -1.6483358e-01
  1.2649170e-03
  8.2759876e-03
  2.3448984e-03
 -9.2898961e-05
 -1.7136656e-05
  7.5853779e-04
  7.8984117e-04
  4.9332145e-04
  2.4447502e-03
  1.1220399e-03
  2.8389841e-03
 -2.8310351e-05
 -9.8504778e-04
  2.3457499e-03
  9.6859713e-04
  2.5203563e-03
 -3.3477088e-05
  1.0853723e-04
 -1.6638758e-03
  2.9957909e-03
 -9.7711803e-05
 -1.5799009e-03
  7.4577529e-04
  1.0288743e-03
  1.4273264e-03
  5.2912772e-04
  7.4129936e-04
 -9.5247477e-04
  1.6978651e-03
  1.3300953e-03
 -6.2325702e-04
  3.3732151e-04
 -2.0934383e-03
  3.2780814e-04
 -4.0796646e-04
  2.6136683e-03
  4.8140751e-04
  4.2374062e-04
 -2.6944024e-04
  4.3859659e-04
  5.0215743e-04
 -3.5160809e-04
 -1.4531820e-03
 -1.0665162e-03
 -9.9214574e-04
 -8.0803605e-03
 -7.9833169e-04
  1.7764043e-03
 -8.3399983e-04
  2.9831040e-03
  2.1105705e-04
  6.0957531e-04
  3.0796439e-03
 -2.7420330e-03
 -6.4565190e-03
  3.1478988e-04
 -2.9161701e-04
  1.2038455e-03
  1.9261406e-03
  3.0686194e-03
 -2.5042137e-03
  2.2015574e-03
 -5.2039046e-04
  2.8596516e-04
 -3.4743461e-03
 -1.9824061e-04
 -4.8559406e-05
 -4.8268761e-05
 -4.5469016e-04
  3.0088502e-03
  6.8567664e-04
 -1.8149440e-04
  9.3516865e-05
  1.6925581e-03
 -4.7734129e-04
  4.4336013e-04
  1.3596850e-04
  2.2110231e-04
  2.0253921e-03
  7.3459861e-04
 -1.9978514e-04
  3.7008038e-04
  2.4903571e-05
  1.1997188e-03
  5.2388030e-05
  5.1603460e-04
  9.7253927e-05
 -9.9057180e-04
  2.5729943e-04
 -1.3230798e-03
  1.5111612e-03
 -4.4801189e-03
 -2.8946903e-05
  1.9336694e-03
 -9.5961837e-04
 -1.9583444e-04
  9.7223755e-04
  3.6048066e-04
  1.7071051e-03
 -8.5413415e-04
  5.5588607e-04
 -9.3629141e-04
 -1.5127580e-03
 -8.4850029e-04
 -4.3024187e-04
 -3.5299640e-04
  1.8448053e-03
 -2.4115343e-03
  7.3486881e-04
  3.1286851e-03
 -2.3208771e-04
  9.8597631e-04
  4.0850784e-03
  6.3419651e-04
 -2.6005812e-03
 -2.6519800e-02
  5.2337610e-04
 -1.5909728e-04
 -6.2561834e-05
  4.8015657e-04
 -3.4236580e-03
 -4.5028506e-04
  1.6553644e-03
 -1.8585192e-03
 -1.1877451e-04
  2.9720919e-04
  1.2551369e-03
 -1.2021831e-02
 -9.9556684e-04
 -4.7714975e-02
  8.5107790e-04
  2.3851063e-02
 -5.7313277e-04
 -7.7729011e-03
 -8.9423889e-03
  1.4090905e-03
  5.4619566e-05
  2.5351308e-03
  5.9110811e-04
 -1.3210091e-03
 -2.0180666e-03
 -9.5950998e-04
 -2.0773415e-03
  1.5383590e-03
  2.6393409e-03
  4.5020483e-04
 -1.7350533e-03
 -1.0041689e-04
 -7.0641050e-04
 -6.6826039e-04
  4.4673275e-02
  7.3849988e-01
 -2.2259650e+00
 -2.9271626e-01
  8.3526917e-04
  8.6784235e-04
 -1.4493577e-01
 -1.2517870e-02
 -8.3937880e-04
 -9.5501178e-05
  3.5004500e-02
  2.6927009e-01
 -3.0077496e-03
 -9.3707788e-01
 -5.9552848e-01
  1.2946117e-01
 -3.3758042e-04
 -5.3112296e-04
 -1.4326519e-01
 -8.4998511e-04
 -1.6623267e-03
  1.7861672e-03
 -5.8952428e-04
  1.3625470e+00
 -2.3520706e-04
 -3.2085711e-01
 -1.0527726e+00
 -6.1225332e-04
 -2.1644419e-01
  1.1812793e-01
 -8.9229055e-04
  3.2469121e-04
  7.5005656e-01
 -8.5380080e-04
 -2.4503615e-01
 -1.4813092e-01
  5.4755984e-03
  2.4686773e-01
  1.3508067e-01
 -7.1768160e-03
  1.0178658e-02
 -6.1284620e-01
  6.4640096e-04
 -9.4139762e-04
  4.0951176e+00
 -4.4799555e-04
 -1.2894372e-02
 -2.3687023e-01
 -3.8441824e-04
  6.4336330e-02
 -1.9387586e-01
 -1.2563257e+00
 -1.5787200e+00
 -6.2261492e-01
 -1.4006488e-02
 -1.0787550e-01
 -1.3318691e+00
  1.5123345e-01
 -4.1921794e-02
  1.7438561e-02
  2.0643744e-01
 -1.6569500e-01
  3.8314410e-02
  5.3934646e-01
  2.2672166e-01
 -2.6907468e-01
  7.7572516e-03
 -4.2559383e-03
  7.9456389e-01
 -4.6019233e-04
  7.6676488e-02
  5.0036859e-02
  3.5067294e-03
  3.1541106e-01
  6.5793931e-03
 -3.2014188e-01
  4.1596320e-01
  5.0194830e-02
 -3.7490830e-01
 -2.7425188e-01
  5.4953285e-02
  1.4944629e-02
 -9.4709861e-01
  2.8613955e-04
  2.6649934e-01
  1.7417121e-01
 -3.6399543e-02
 -4.6019724e-01
 -1.8362324e-01
  3.6208621e-01
  6.9966936e-01
 -7.0100427e-01
  1.6383420e-03
 -1.3484484e-01
  8.8906294e-01
 -9.3179822e-02
  1.3649756e-01
  3.0260643e-03
  8.5405121e-04
 -1.6984628e-01
  4.3571779e-01
  6.6390133e-01
  6.7010152e-01
 -7.4623503e-02
  1.4716696e-03
  2.7342471e-01
  6.1230283e-02
  2.1789932e-01
  8.4613409e-04
  5.1162969e-03
 -3.6595049e-03
  8.1476226e-02
 -5.6936480e-02
  1.9208433e-01
  1.0176034e-01
  3.7028547e-04
  1.1732175e-03
  1.0622542e-03
  2.0070216e-01
 -7.5438142e-02
  2.7920017e-03
  2.5435107e-02
  1.3929045e-04
  1.9749175e-03
  1.0508813e-01
  1.0532534e-03
  2.5718635e-02
  4.3074913e-02
  6.4808445e-04
  1.1740406e-03
 -2.5329268e-02
 -6.9161749e-04
  2.3151436e-03
 -1.3036141e-04
 -3.4755722e-02
  1.3831304e-04
  1.5102781e-03
  1.2198201e-03
 -3.7826099e-03
  1.1344444e-03
 -1.3463383e-03
 -5.9917651e-04
  1.6473518e-03
 -3.5617822e-03
  2.2694902e-02
  2.7062630e-03
  5.7446759e-04
 -1.2893629e-01
 -3.3575128e-04
  5.4212008e-03
  1.7851032e-02
  8.2363869e-04
  4.2697982e-05
  2.2435160e-03
 -2.3906774e-05
  2.1948568e-03
 -3.1746808e-03
  2.1197626e-04
  5.7137862e-05
 -2.8718155e-04
  1.8844472e-03
 -9.6018965e-05
  1.7667447e-03
  5.2053633e-04
  1.1571087e-03
 -2.5526865e-04
 -1.0369009e-04
 -2.3778174e-03
 -2.4843516e-04
 -1.5860620e-04
  1.9919963e-03
 -4.6078595e-03
  2.9803480e-03
 -1.4687151e-03
 -3.0378610e-04
 -1.9099446e-03
 -3.6086468e-03
  2.9695441e-04
 -5.7043224e-03
 -1.1708729e-04
 -1.8787611e-04
 -8.5102604e-04
 -2.5102429e-03
  1.0058517e-03
  3.7713139e-04
  5.1996636e-04
  1.0151241e-05
  2.3233239e-04
  1.6262454e-03
  1.3615328e-03
  1.6869529e-04
  1.7953798e-01
 -1.6145495e-05
 -1.7818288e-03
 -6.3685060e-04
 -1.1787863e-03
 -2.8929370e-03
  4.5397918e-04
 -2.6105411e-04
 -1.4455622e-03
 -1.4705653e-03
 -1.4052409e-04
 -3.5880748e-04
 -5.5232793e-03
  2.7129785e-03
 -6.6880765e-04
 -7.0009800e-04
  7.6572696e-04
  1.7749488e-03
 -2.9397043e-04
 -1.0923219e-04
 -5.2893010e-06
 -1.4148538e-03
 -1.4574220e-03
  1.0360539e-04
  8.1922663e-05
  2.3292408e-03
  2.8566096e-03
  3.2814895e-03
  1.3471786e-03
 -1.1589783e-03
  2.1462212e-03
 -2.5827694e-03
  2.2659908e-04
  8.6559320e-04
  7.6409045e-04
 -4.6125628e-05
  8.4715465e-04
 -1.4429825e-03
  6.3519872e-04
  7.3403440e-04
 -3.3343741e-04
 -5.8669984e-01
  2.4611582e-01
 -5.5569488e-01
  1.4036289e-01
  1.1176381e+00
  8.1747073e-01
  5.1646656e-01
  3.3510554e-01
  1.9276147e+00
 -5.9638132e-04
  4.1316458e-04
 -2.8997642e-01
  7.9676984e-03
  2.5648934e-01
  6.2033825e-04
 -1.7406510e-03
  1.9048080e-02
 -3.2354451e-03
 -3.0700803e-01
 -8.3258579e-04
 -5.8606785e-02
 -2.8107090e-02
 -1.2101809e-02
 -5.6035978e-01
  5.4478520e-03
 -4.6104346e-03
 -6.8083441e-01
  1.0434605e+00
 -1.0894446e-01
  3.1624123e-04
  3.1272636e-03
  1.2651205e+00
 -3.8302869e-02
 -1.1641960e-01
  9.3605166e-04
 -1.4594771e-03
  9.5874863e-04
 -5.8848620e-04
  1.4024745e-03
 -2.1144561e-03
  5.8095629e-04
  1.2444376e-04
 -6.2446631e-03
 -1.1063324e-03
  8.1416065e-01
  2.0163853e-04
  4.0368843e-04
 -1.0715860e-03
 -2.8813032e-03
  5.1283778e-04
 -2.3230023e-05
  1.1622298e-03
  1.0588225e-03
 -9.0242759e-04
 -2.0747806e-03
  8.8382512e-07
 -1.6460520e-04
 -1.4560712e-03
  5.5226311e-04
 -4.8996072e-04
  1.8760248e-03
  2.1718554e-04
 -5.5227203e-05
 -7.2522694e-04
 -2.8599845e-04
 -2.0692262e-03
  4.5399189e-02
 -3.6032661e-04
  1.8625404e-04
  5.0096534e-04
 -3.6391724e-04
 -8.3973509e-04
  1.0402327e-04
  5.4985103e-05
 -4.1494670e-04
 -1.8324200e-02
  2.7404645e-05
  2.0384396e-05
 -1.4381212e-03
 -6.3830824e-04
 -1.5784595e-03
 -4.8300001e-04
 -3.5846356e-04
  7.6294423e-04
 -1.4506886e-03
  2.3627265e-03
  4.4735643e-04
  1.0857717e-03
  1.4712366e-01
  5.1978119e-03
 -1.0301153e-01
 -3.8876437e-02
 -2.6807757e-04
 -2.6005253e-04
 -1.0015104e-03
 -7.2098686e-04
  4.2280403e-04
 -1.0764189e-03
 -1.8007231e-05
  4.0160473e-03
 -1.7156185e-03
  1.5668548e-04
 -1.5772163e-03
 -3.6902039e-04
  2.4365545e-03
 -1.6760354e-01
  9.5477700e-04
 -7.4664323e-04
  4.9540754e-02
  6.5167333e-05
 -3.8336407e-04
 -2.6296671e-03
 -3.7001219e-04
  2.1477649e-03
  3.0907770e-03
 -9.9861016e-03
 -1.9195692e-04
  1.0158480e-03
 -1.7289077e-03
 -3.7644221e-03
  9.6247491e-04
  1.0567629e-03
  2.9465987e-04
  5.4981458e-05
 -3.2598752e-04
 -4.3204566e-04
 -3.8926089e-03
  1.0514205e-03
  1.1803455e-03
 -2.5403337e-03
 -5.0717930e-04
 -1.9801892e-03
 -2.6150844e-01
  4.4445950e-04
 -1.1282970e-01
 -2.0095557e-01
 -4.4110026e-03
  5.2289240e-02
  1.4678007e-03
 -3.8860780e-03
  1.9686755e-05
  2.6090962e-03
  9.3447205e-05
 -5.0538876e-03
  2.1485558e-04
 -2.9091263e-04
 -6.7835813e-04
 -1.3223871e-04
  2.6878370e-03
 -2.8260259e-04
 -9.6541084e-03
  1.6887569e-03
  5.9430735e-05
 -6.0240994e-04
 -1.5345070e-03
  2.0397801e-04
 -6.7147339e-04
 -8.5478567e-04
 -3.8117403e-03
  1.1496236e-01
 -1.9425465e-04
 -1.1472156e-03
 -7.0811331e-04
  4.9824629e-04
 -8.8826905e-04
  5.2087865e-04
 -6.2144274e-05
 -2.9821321e-04
  2.3518263e-03
 -2.1032684e-03
  1.4612437e-03
 -5.5454357e-04
 -4.8615413e-05
  1.7779036e-03
 -5.9108471e-04
  1.9961721e-03
 -7.8649294e-01
 -5.2151047e-02
 -7.3592156e-01
  1.7620014e-01
  1.1465582e-03
  6.7758709e-01
  3.0612269e-01
 -1.2921669e+00
  3.6849144e-01
  7.6823801e-02
 -8.5632227e-02
 -3.6417374e-01
 -5.9942722e-01
 -1.2266101e+00
 -5.4125983e-01
  6.7443523e-04
  8.9904197e-02
  2.1642153e-01
 -6.9240481e-01
 -5.8467616e-03
  1.4862810e-01
  5.3951774e-02
 -3.8465935e-01
 -3.1168273e-01
  8.2466520e-02
 -1.4991263e-01
 -3.8879880e-01
 -7.0368046e-01
 -3.3965892e-01
  1.6040248e-03
  3.4714597e-03
  4.0375399e-03
 -3.6704503e-02
 -6.7085000e-03
 -2.8047734e-01
 -2.1185952e-01
 -2.6712926e-02
 -2.0699238e-03
  1.9897189e-02
 -1.8932985e-04
 -2.0979082e-03
 -7.3985138e-05
 -1.7109562e-03
  5.8695755e-04
  9.7475294e-04
  1.2136777e-03
  3.6950037e-04
  1.0513486e-03
 -1.0459430e-03
 -1.6139101e-04
  6.3237234e-04
  4.2525853e-04
 -5.4923003e-04
  1.9356603e-03
 -2.6454013e-03
 -3.6749342e-03
 -1.8522332e-03
 -1.6609544e-03
  4.6847612e-04
 -7.7658892e-04
 -3.2696658e-04
  1.9563981e-03
  5.6654389e-04
  1.0827258e-03
  1.0066165e-03
  1.4784774e-03
 -1.3892771e-03
  1.1417444e-04
  7.6134317e-04
 -1.6535525e-03
  1.1593124e-04
 -4.7167107e-03
 -3.0874449e-04
  8.0100738e-04
  1.0004565e-03
 -9.3463095e-05
  2.7114103e-04
 -3.4314313e-04
 -4.1411191e-04
  2.8387710e-04
  1.9290864e-03
  3.3869641e-04
 -4.1618897e-04
  2.2001889e-04
 -6.1811676e-04
  9.2923560e-04
  5.6385767e-04
 -8.8370277e-04
  2.8914207e-01
  3.0007213e-05
  1.8856274e-02
 -8.6311233e-04
 -3.4342275e-04
 -4.2454468e-04
  6.4539304e-04
 -1.3901241e-05
  1.1586559e-04
  2.9706443e-04
 -1.9491191e-03
  3.1365009e-04
 -1.8318201e-04
 -4.3885133e-04
 -8.1589312e-04
 -9.7888964e-04
 -4.2804339e-04
  2.1806764e-04
 -9.7886880e-04
  1.2284927e-03
  3.0917735e-03
  1.0481518e-03
  2.5718533e-03
 -2.0047713e-02
 -2.2711472e-04
 -7.8129827e-04
  7.2997401e-04
 -6.6422805e-04
  1.3558056e-03
 -1.1507462e-03
  2.5816023e-04
 -3.3570661e-03
  5.2473496e-04
 -2.6770626e-04
 -3.4239243e-03
  1.8239750e-04
  8.4671966e-04
 -1.2827023e-03
 -1.9923786e-03
 -5.1932829e-04
 -1.0358113e-03
 -1.7763877e-04
  5.2557397e-03
 -1.2626454e-03
 -6.6877633e-02
 -7.2246552e-02
 -1.1119938e-02
  9.0036425e-05
 -2.4680290e-03
 -1.3889866e-01
 -5.3052492e-03
  1.9895467e-03
 -5.3884280e-03
  8.2801189e-04
  1.1003966e-01
 -1.2255757e-01
  1.0684757e-03
  1.1525658e-01
  1.3490455e-04
  1.9256331e-04
 -1.8285344e-03
 -4.3385476e-04
 -5.7879495e-03
  1.9673633e-03
 -7.3923625e-04
 -1.3476081e-02
  1.2406928e-03
 -5.1718618e-04
 -1.2463037e-03
  3.7263488e-04
  1.5152760e-03
  6.9372021e-02
 -4.4598503e-04
  1.8211850e-03
  5.3254009e-04
  2.7432682e-02
 -2.7140719e-03
 -1.0664508e-01
  3.0767750e-03
 -1.1142456e-02
 -1.8351074e-04
 -1.6578881e-03
  5.4233666e-03
 -1.8345958e-03
 -2.7587451e-03
 -4.8134240e-04
 -2.9919287e-03
 -7.5886480e-04
 -1.6353987e-01
  1.1519212e-04
 -1.4453461e-04
 -7.4471376e-05
 -1.2686604e-04
  1.2809932e-03
  2.4676003e-04
 -8.8068121e-04
  1.8104998e-03
 -9.9496116e-05
 -2.3845579e-03
 -3.6163937e-04
  1.2407686e-03
 -2.6626894e-03
  3.2118021e-04
 -7.3947350e-04
 -3.9548096e-03
 -3.9962123e-04
 -1.1123504e-03
  3.5476597e-04
 -3.9020909e-03
 -2.9924035e-04
  1.4797661e-03
 -1.2900762e-04
  8.4668573e-04
 -1.6018578e-03
  9.0399868e-04
 -3.5569220e-04
 -2.7602259e-04
  7.0150709e-05
 -3.6343001e-04
  1.1583208e-05
  1.2952406e-03
  3.5802560e-04
 -1.0488190e-03
 -1.0457562e-04
 -4.8108652e-04
 -1.8482184e-03
  2.9626675e-03
  1.3664188e-03
  1.7473657e-03
  8.1466651e-04
 -2.7801776e-03
 -3.1771050e-03
  1.2967595e-03
 -1.2551727e-03
  8.9747563e-04
  6.6269600e-01
 -2.4508729e-04
 -3.9420044e-03
 -3.1509481e-03
 -2.6924338e-03
  8.0113794e-04
 -3.2256860e-03
  5.2284152e-04
  5.0584023e-04
  5.4920901e-04
  7.3760428e-04
 -2.7666211e-03
 -1.3263029e-03
  4.0067744e-04
 -1.4091897e-04
  7.6006242e-04
  5.7107245e-05
  4.0901357e-01
 -5.3197742e-05
 -7.0894295e-03
 -2.3501343e-03
 -6.3137972e-04
  1.4598260e-03
  8.1952597e-04
 -4.5481490e-04
 -2.0390614e-03
 -2.0494877e-04
  9.8655000e-04
 -2.8063974e-04
 -1.5474199e-03
 -5.2379735e-05
  1.8698196e-03
 -9.9201599e-05
 -4.7433452e-04
 -2.7196968e-03
  6.5657555e-04
 -1.0941776e-03
  3.5224063e-04
  1.3070196e-03
 -1.1439048e-03
 -2.2231175e-03
 -4.8188990e-04
  7.4536435e-04
  2.2121810e-03
  8.9319504e-04
  3.5705528e-04
  4.9322454e-04
 -1.4985797e-03
 -1.6055180e-03
 -1.4324598e-03
 -3.3435290e-04
 -2.8273303e-04
 -2.4609501e-03
 -1.1480196e-03
 -2.0840773e-03
  7.8404654e-04
  1.5799245e-03
  3.7187609e-04
  4.5943647e-04
  1.9122401e-03
 -2.3000455e-03
  1.3865667e-03
 -1.1774922e-03
  1.6767468e-03
  1.6708351e-03
  1.8388691e-03
 -5.6980364e-04
  1.6598933e-04
  2.2582791e-04
 -8.9908019e-05
 -1.7327601e-03
 -9.2383591e-05
 -1.3649962e-03
  2.0408637e-03
  6.0373807e-04
 -4.0886616e-03
 -1.3002270e-04
  4.6261225e-04
  5.5652083e-04
 -4.1713199e-04
 -2.6159189e-03
  9.6873363e-04
 -1.3510978e-03
 -1.2811661e-03
  1.6984382e-03
 -1.3078394e-03
 -9.3660370e-04
  1.4282268e-04
  4.4382754e-04
  5.5710473e-03
 -1.6861005e-03
 -1.1639944e-03
 -2.6428295e-04
 -2.7381736e-03
 -2.1211635e-03
 -2.4599619e-03
  1.3583740e-03
  2.0839821e-03
  4.9848139e-05
 -3.5881032e-03
  1.8090281e-03
  1.6338965e-03
  1.8631647e-04
 -4.3329871e-03
  8.8486494e-04
  2.5098026e-03
 -2.2330665e-04
  1.3582438e-04
 -1.1002059e-04
  3.9537263e-04
  5.6852112e-03
 -5.4364064e-04
 -3.5712926e-04
 -1.3483934e-03
  1.7843440e-03
 -8.7195507e-04
 -1.0635068e-03
  1.6956482e-03
  1.4471926e-04
  5.0676300e-04
  5.8801490e-04
 -1.0428382e-03
  1.5595900e-03
 -1.0795475e-03
 -1.4946882e-03
 -6.4133538e-04
  1.7122203e-03
  6.2927313e-04
  3.7174195e-04
 -1.6323619e-01
 -1.8260357e-01
  1.1629702e-01
  2.3009217e-01
  9.6823694e-04
 -1.4058521e-01
  1.2014883e-03
  1.1589726e-03
 -1.8276852e-03
  5.8289740e-04
  2.0180796e-03
  2.1441665e-01
 -1.9897204e-03
 -4.7376864e-02
  2.2333295e-03
  3.3114635e-04
  2.5533928e-04
  7.4918696e-04
  1.1362486e-01
 -4.3893517e-03
  9.5218671e-03
  4.0105083e-03
  4.8087613e-04
 -6.7653693e-04
  1.2516209e-03
 -3.2163045e-04
  1.0167517e-01
 -1.8151712e-02
  7.4956205e-04
 -1.8032144e-03
 -4.2785791e-04
  3.4129998e-04
  9.5434552e-03
  1.3733832e-02
 -1.5361438e-03
  9.7884089e-03
 -1.3251617e-03
  2.7168889e-03
 -6.0369382e-03
  2.7224992e-04
  3.1616952e-04
 -3.0453049e-03
  8.6695021e-03
  8.7997690e-04
  1.2833388e-01
  1.3028848e-01
  3.3426359e-01
 -1.7576224e-01
  8.3651365e-04
  5.2042942e-02
  5.1895339e-02
  4.0583879e-02
  3.5157904e-04
  1.3647943e-03
 -1.8796018e-01
  5.3292137e-01
 -1.6059601e-01
 -7.3029205e-02
  7.9960264e-03
  2.8220570e-02
 -5.6065475e-03
 -3.4329478e-02
  3.7270600e-01
 -9.7147942e-02
  4.0997062e-03
  1.1235032e-01
  5.8127977e-02
  1.1573466e-02
 -2.3287769e-01
  2.2030495e-01
  9.9539481e-02
 -9.6032791e-02
  2.7813413e-03
  1.8298624e-01
 -9.6021451e-02
 -1.6177905e-03
  1.8321085e-01
  1.9370773e-01
 -8.8451654e-02
  9.6850932e-02
  7.8641792e-04
 -8.4879238e-04
 -1.3003338e-02
  2.7603856e-03
  3.0167948e-03
 -1.3439625e-05
  2.6904605e-02
 -9.7643919e-03
 -1.4618780e-03
 -8.3581300e-04
  1.6357109e-03
 -1.0643448e-03
  1.4391792e-04
  4.6947593e-04
 -6.5384392e-04
 -1.8588429e-03
  3.8029303e-04
 -3.5600160e-04
  2.4705091e-03
  1.2264913e-04
  2.2804685e-04
  1.0384071e-03
 -2.4675017e-03
  2.2451850e-03
  2.7816189e-03
  1.8072120e-03
 -1.5300441e-04
 -9.8092936e-04
  1.1262882e-03
 -8.4163120e-04
 -1.5481419e-04
  6.7085563e-04
  3.4430731e-04
  1.4943423e-03
 -1.6213391e-03
 -1.8954408e-05
  1.4668722e-03
 -1.7735832e-04
 -1.2355548e-03
 -1.1998801e-03
  1.6835158e-03
 -1.9590503e-03
  7.8083959e-04
  6.1292376e-04
 -3.5080162e-04
 -9.1745908e-04
 -3.3548139e-03
  7.7082985e-04
 -1.2434430e-03
 -1.9112982e-04
  5.8027043e-04
  1.0459529e-03
 -3.8642257e-02
 -1.8163921e-02
 -4.7378436e-02
  1.4782639e-01
 -9.1254525e-02
 -7.8515396e-02
 -5.4963704e-02
 -4.1436687e-02
  1.3792264e-01
 -2.6285300e-01
 -4.7521892e-01
 -8.5608882e-01
  2.2498187e-01
 -2.9775238e-01
  2.1842784e-01
 -5.5956262e-01
  1.4967875e-01
  1.2117513e-01
 -2.6637581e-01
  9.9028409e-02
  4.0075010e-01
 -1.9072847e-01
  9.0361034e-05
 -1.9046253e-01
 -1.6864943e-03
 -2.7385572e-01
 -1.0262053e-02
  3.2743841e-01
  7.1988694e-02
 -1.1999824e-01
  6.3469756e-01
 -1.5927032e-02
 -3.1632143e-01
 -5.5351466e-01
  2.6399776e-01
 -3.1048736e-02
 -1.5807524e-02
  6.1383029e-04
  2.9739378e-02
 -2.3067463e-03
 -2.3807442e-02
  8.3814492e-04
 -6.8382233e-02
  7.0574012e-04
 -6.4238347e-02
  3.4988962e-02
  1.1505611e-02
  2.5983518e-01
  1.0442110e-03
  2.1828406e-01
  5.1245955e-03
  7.7796616e-03
  1.1871204e-01
 -4.1554027e-04
 -1.1902608e-01
  3.2408363e-01
 -9.6789924e-03
 -1.2726732e-02
  2.6827903e-02
  2.1548040e-05
 -1.3298707e-03
 -3.7160240e-02
  2.9413289e-01
 -5.4756645e-02
  1.6217387e-03
  8.3130509e-02
 -3.9533898e-04
  1.0334726e-02
  4.2207164e-01
  2.6243139e-02
  4.4103403e-02
 -1.3126394e-01
  5.4919831e-03
 -8.4359653e-04
 -1.1859152e-01
 -2.5305469e-02
  7.3687628e-02
  9.9962085e-02
 -7.2776712e-03
  5.9365518e-03
  1.2632038e-03
 -4.5393367e-04
 -5.3332369e-03
 -3.6718685e-04
 -5.6642643e-04
 -1.1670575e-03
  4.7256798e-03
 -4.1799288e-04
  2.7361180e-05
 -1.1668151e-03
 -1.3263305e-03
 -9.2473987e-04
 -3.8051230e-03
 -1.0467107e-04
 -5.6075701e-04
  1.1801620e-03
 -1.0811831e-04
 -5.4636534e-04
 -2.2355726e-04
 -1.4721845e-01
  8.5920776e-04
 -6.8949204e-04
 -2.4937296e-03
 -1.0296700e-04
  1.9295925e-03
 -1.6889910e-03
  1.2524688e-03
  1.7941017e-03
 -8.1473892e-04
  2.8070190e-04
 -4.3541114e-04
 -2.8623597e-04
  1.0928479e-03
  2.1967519e-04
  7.2281936e-04
  5.2581076e-04
 -8.4864732e-04
 -6.0278579e-04
  1.1114865e-03
  2.4681151e-04
 -3.1385964e-03
 -1.3874282e-04
  1.6005123e-03
  7.3377631e-04
 -2.5334049e-03
 -3.6418419e-03
  1.5100502e-04
 -6.1544793e-04
  1.2040299e-03
 -1.7296581e-05
 -5.5997574e-04
 -1.1179373e-03
 -3.9791589e-04
  3.7817836e-03
 -5.7673920e-04
  5.6694984e-04
  1.8457134e-03
  4.6529580e-04
  3.3608012e-04
 -1.2247115e-03
 -4.0720313e-04
  9.3841320e-04
  1.4396559e-02
  3.9150653e-04
  3.7527911e-03
 -1.0269353e-03
  5.2573152e-05
 -1.3843410e-03
  1.1948316e-03
  1.9047119e-03
 -7.3587638e-05
 -2.8682128e-04
  4.5989495e-04
  2.5497354e-04
 -1.9764050e-03
  2.4055040e-03
 -1.4886433e-04
 -2.3807290e-04
 -7.1690179e-04
  2.0906061e-03
 -9.3092513e-04
  9.0571010e-04
 -5.0041219e-04
 -6.9670274e-04
 -3.0322588e-04
  1.9059998e-04
 -5.2886596e-03
 -5.6030863e-04
 -5.2859803e-04
 -6.6206418e-04
  7.4172788e-04
 -6.2362658e-04
 -1.0761010e-03
  2.2236037e-04
  8.3925697e-06
  1.3546593e-04
 -3.9104396e-04
  5.1366171e-04
 -1.4865211e-03
  8.3193823e-04
  7.7418023e-05
  1.0045541e-03
 -1.3586909e-03
  2.1618800e-04
  5.0987228e-04
 -2.3285628e-03
 -1.2163140e-03
  1.7216005e-03
  2.1620120e-03
  6.8377540e-04
 -2.2669053e-03
  2.5072842e-04
  8.7385357e-04
 -5.4728711e-04
 -7.7860412e-04
  6.6171266e-04
 -7.7118188e-05
 -1.5889250e-03
  1.3970441e-01
 -5.5045035e-05
  6.3166686e-04
  1.8569056e-04
 -1.2880168e-03
 -8.0868235e-04
  1.2856236e-03
  6.3763518e-04
  2.1959399e-03
 -1.1813991e-03
 -7.9186598e-04
 -2.2993560e-03
  1.6728403e-04
  6.3926505e-05
 -4.0869330e-04
  2.1501530e-03
 -4.7450580e-04
 -5.3450273e-04
  1.2828453e-03
 -4.5635388e-05
  2.0126891e-03
 -3.5981813e-03
 -6.4918661e-04
 -1.3687322e-04
  1.4171494e-03
  1.3054902e-02
  2.7649493e-03
  2.9797098e-04
  2.2142136e-04
  5.4867769e-04
  5.0874538e-04
  2.7254999e-03
 -9.7563997e-04
  3.5369486e-04
 -5.0933671e-04
  1.9613741e-05
 -6.4388558e-04
 -2.9466546e-04
  3.1838453e-04
 -1.0719075e-03
 -6.8766449e-04
  1.5968599e-03
  1.2434242e-04
 -3.4492923e-04
  6.7916221e-04
 -1.1545538e-04
 -1.5165159e-04
 -9.8762184e-04
  2.0399530e-05
  2.2759856e-04
  7.3890109e-04
  3.3758485e-03
 -1.4672286e-03
  8.1731239e-05
 -2.0761277e-04
 -4.9010967e-04
  1.3318814e-03
  1.0961442e-03
 -6.0873345e-04
 -1.2169571e-03
  1.0341608e-03
 -3.5900957e-06
 -4.2067823e-04
  1.3116668e-03
 -1.3477437e-03
  1.0615488e-03
  2.8419521e-04
 -1.1948445e-03
 -2.2691516e-03
 -2.1645683e-03
  7.7642541e-04
  6.4304483e-04
 -3.4688197e-03
 -5.2530749e-04
  7.7937450e-03
  2.1823484e-04
  5.7334581e-04
  2.5944327e-04
 -2.4201418e-03
  2.2436797e-03
  5.6765560e-04
  1.4466688e-04
 -4.0282417e-04
  7.4178091e-04
  1.6373321e-03
 -2.3614503e-03
  1.5423378e-03
  4.7571620e-04
 -8.2880107e-04
 -2.5601644e-04
 -1.8548261e-04
 -1.1574532e-04
  2.0391686e-05
 -1.6762920e-04
 -9.3389302e-05
  1.5250412e-04
 -2.2287219e-04
  3.8746255e-03
 -1.4398796e-03
 -1.0827506e-03
 -3.5676057e-03
  1.7659462e-03
 -6.8560650e-04
 -7.8960336e-05
  5.2125277e-03
  1.3509389e-03
  1.7738387e-04
 -1.0241262e-04
 -5.2627292e-05
  5.7238358e-04
 -5.6242991e-02
 -1.8335281e-02
 -1.6431980e-01
 -4.3410710e-01
  2.4573635e-01
 -1.4374086e-01
  3.1280415e-03
  2.2127298e-01
 -5.2496743e-01
  4.5274597e-01
  4.7243733e-02
  8.3590412e-01
 -5.4178774e-01
 -2.6412064e-01
  1.0629675e-01
  1.4970872e-01
 -7.0749916e-02
 -4.8062708e-02
  3.8543695e-01
 -2.6498473e-01
  6.6438943e-02
  2.7513462e-01
  2.7520615e-01
  2.7392325e-01
  2.3045054e-02
  5.5803031e-01
  5.3513180e-02
 -9.5183149e-02
 -1.1249549e-01
  1.8428510e-01
 -1.6818587e-01
  2.5114930e-01
  1.5818027e-01
  6.0047101e-02
 -1.2857386e-01
  7.4676299e-03
  8.5663594e-02
  3.1937908e-02
 -1.6321072e-01
  4.5628712e-04
  2.1474209e-01
 -9.9177301e-02
  2.3995842e-01
 -1.7814766e-01
 -1.2082101e-03
  5.5638584e-04
  1.0729328e-03
 -9.2053390e-04
 -1.5180680e-03
  8.3346982e-05
  1.3051977e-04
 -7.7741005e-04
  3.1173883e-03
  1.1688535e-05
  1.6404729e-03
  6.7922723e-04
 -3.5066993e-03
  6.8106566e-04
  1.9186233e-03
  1.1493553e-03
  6.8896299e-04
  1.2594631e-03
  3.1710556e-04
  7.3391863e-04
 -1.1014836e-03
  2.8365152e-04
  9.3115633e-04
  5.0594576e-04
  9.8531519e-04
  9.1700655e-05
 -2.7652418e-03
  5.6249293e-04
  5.5939704e-04
  1.2716351e-04
  1.5135172e-03
 -1.2381321e-04
  1.1280335e-03
  1.0500227e-03
  3.4816132e-04
 -1.7917754e-04
  8.1195263e-04
  1.4240104e-03
  1.8253820e-03
 -2.3012031e-03
  2.4494007e-03
 -8.2683214e-04
 -2.2399733e-04
 -2.0520727e-03
  4.9030047e-04
  1.6087670e-03
  7.8355148e-04
 -1.0369029e-03
 -9.1635005e-04
 -2.2935024e-03
  1.4653152e-03
  6.4682262e-04
  1.9910521e-04
 -7.9413522e-03
 -5.5435521e-06
  1.8904265e-04
  1.0854896e-03
  2.2646863e-04
  1.1600007e-03
  1.2651554e-03
  3.6038324e-04
 -3.1410153e-03
 -1.5975408e-03
  1.0838277e-04
  2.1182992e-03
 -5.3281157e-04
 -1.4591060e-06
 -7.7879219e-04
  9.6585933e-04
  1.1711665e-03
 -6.8440353e-03
 -1.8289979e-03
  9.2547084e-04
  3.0142842e-03
  9.4673585e-04
  1.6864589e-03
  3.0805578e-03
 -8.6685398e-04
  1.7300657e-03
 -6.1924965e-04
 -1.0256188e-03
  1.1828876e-03
 -5.6548719e-04
 -1.1770378e-03
  6.2276243e-04
 -1.0940980e-04
  7.1986986e-04
 -7.9698820e-04
 -3.9971939e-01
 -3.7536223e-04
 -2.6356128e-01
  6.9675379e-02
  2.6177133e-03
 -1.1805157e-03
 -3.0735394e-03
  1.1562392e-04
  4.9299183e-03
  2.0551367e-03
  1.4147233e-03
 -1.9937302e-03
  1.3744556e-03
 -7.2055461e-04
  5.2874547e-04
 -1.6294525e-03
  4.2940839e-05
  1.3275289e-03
 -1.4795261e-03
  1.6525557e-03
  1.8116845e-03
 -3.4655291e-03
  3.2084671e-04
  1.1576102e-03
 -2.1718856e-04
 -8.9259475e-04
 -2.9363907e-03
 -3.4312689e-05
 -6.6311104e-04
  6.7834719e-04
 -2.1677057e-03
  5.8561716e-05
 -6.2379107e-04
 -3.3451437e-03
  9.6946192e-04
 -1.2568564e-03
  7.5379765e-05
 -5.5775261e-03
  8.1725493e-03
  1.3898636e-03
  1.9423920e-04
  1.3185934e-04
 -6.9456256e-04
 -1.3622254e-03
  1.1202903e-02
  6.3161738e-02
  1.8514356e-01
 -1.3785380e-02
 -1.2090886e-03
 -8.3762355e-04
  2.7436672e-03
 -1.7738553e-04
  1.0602328e-02
  5.9293996e-04
 -4.4577569e-04
  1.2885420e-01
 -7.8452128e-04
 -3.0613707e-03
  1.2554755e-03
  8.7973638e-04
  1.6185876e-03
 -4.4987365e-04
  1.1483254e-03
 -4.2605181e-03
 -6.8814959e-05
  2.4893420e-04
  1.4449488e-03
  2.8994689e-03
  3.9183237e-03
  1.7360692e-03
  8.1925646e-05
 -5.9548151e-02
  6.2368554e-04
  8.1609265e-04
 -2.4013698e-02
 -2.5977739e-03
 -1.1427360e-04
 -8.9390250e-04
 -1.4577822e-03
  6.6562262e-03
  4.4116480e-04
  4.8750342e-04
 -9.6766862e-06
 -5.1711602e-05
  6.5207421e-03
  8.3810790e-04
 -2.2295467e-03
  3.0327009e-04
  2.0159567e-04
  3.8494449e-04
 -1.2943094e-03
 -4.0707854e-04
 -2.7234427e-04
  6.6152937e-04
 -8.6059351e-04
 -2.9413454e-04
  6.3599087e-03
 -3.0415758e-04
 -5.7388999e-04
  3.5528006e-04
 -4.4897248e-04
  9.0081588e-04
 -2.0654248e-03
  2.3925228e-03
 -1.3413294e-03
 -4.1854018e-03
 -2.3158225e-03
 -1.5882504e-03
  9.7307039e-04
 -1.2057942e-03
 -1.2014362e-03
  9.3972636e-04
 -3.6008968e-03
  1.3112297e-04
 -5.1909214e-04
  7.2028575e-04
  1.6279288e-03
  9.4845763e-04
 -4.1331048e-05
 -1.1064594e-03
  1.8118077e-04
  7.3476234e-03
  5.9270952e-04
 -2.8408860e-05
  1.5647619e-03
  7.1077538e-04
  1.3255531e-03
  8.3330233e-05
 -7.3318952e-05
 -1.6770497e-03
 -7.2576245e-04
  1.6998575e-04
 -5.9055686e-01
 -4.6699462e-03
 -1.1170856e+00
  9.2299253e-01
  2.2244034e-03
  4.7547549e-01
 -1.7155040e-04
 -1.2401483e+00
  2.6244560e-01
 -7.1296254e-03
 -4.8939523e-04
 -1.8794230e-01
  3.8757693e-04
  1.1673895e-02
 -5.0654029e-04
 -7.7326484e-02
  1.6578955e-03
 -4.5227687e-05
 -1.1874492e-01
  1.2731372e-03
 -1.1357756e+00
 -3.8707441e-01
 -3.8607343e-04
 -2.6231760e-03
 -1.0557068e-01
 -8.2238857e-03
 -6.1598785e-02
  1.3122685e+00
  1.2458253e-04
 -1.9741280e-03
  8.7927423e-02
  9.5881969e-02
 -3.5251301e-02
  1.7698153e-04
  6.1575938e-02
 -1.4905946e-02
  1.6218836e-03
 -1.0924548e-03
 -1.8100739e-03
 -1.3286904e-03
  1.0427587e-03
  2.2062296e-03
  6.3497078e-04
  7.6232417e-03
 -5.4794870e-04
 -6.2628207e-04
  7.2244987e-02
 -6.0157884e-02
  1.5697668e-03
 -6.0589763e-04
  9.0784844e-05
  8.4055576e-04
  2.0053278e-04
  1.1518745e-03
 -1.0406005e-03
  2.5866516e-03
 -2.8624183e-03
 -4.8503689e-03
 -5.2191579e-05
 -7.9215388e-04
  1.5838683e-01
 -1.5916703e-03
  4.4865091e-04
  1.9451950e-04
  1.6352061e-04
  1.0528082e-03
  3.3335935e-03
 -8.7753742e-04
  1.0222413e-03
 -7.6878798e-04
  8.6231832e-04
 -1.1217552e-03
  7.7984761e-04
 -7.0431060e-04
 -1.6470230e-03
  4.4534996e-04
 -1.8997653e-04
  4.9750088e-04
  9.2910934e-04
 -2.1883901e-03
 -2.2201950e-03
 -1.3514670e-03
  2.8602269e-03
 -8.9514477e-04
  1.9100425e-03
 -4.0648141e-04
  1.9852100e-03
  1.9884887e-03
  1.9321134e-04
 -1.9060918e-03
 -5.2803732e-04
  7.2830552e-01
  2.1997695e-03
 -6.3499719e-01
  1.0610090e-04
  1.3565994e-05
  9.3586813e-04
 -1.0276944e-03
  4.1075129e-04
  1.4934738e-04
 -3.8872124e-05
  6.3216203e-04
 -1.5331383e-03
  2.2838067e-06
 -5.9340586e-04
  7.2737556e-04
 -5.6464964e-04
 -3.5086065e-03
 -9.2516944e-04
 -2.2576153e-03
 -2.6624347e-03
 -1.1441633e-03
 -9.5490611e-04
  1.4015617e-03
  2.3470854e-03
 -5.6653167e-04
 -1.8099509e-03
  1.1556980e-03
 -1.5802400e-03
 -3.9976614e-04
 -3.1845548e-04
  3.2988067e-03
  1.0964616e-03
 -9.9881858e-05
  4.0576502e-05
 -8.4571206e-05
  4.4012145e-04
 -7.8169076e-05
 -4.4797978e-04
  6.3504803e-04
 -9.9289219e-04
  4.1598539e-04
  1.9614231e-03
 -1.3199283e-03
  5.6635011e-03
  3.3379262e-04
  1.9148779e-03
  2.4694849e-03
  1.4006773e-04
 -3.7104837e-04
  1.1011580e-03
  7.9671323e-04
 -8.7240571e-04
 -1.7535102e-04
 -3.4557015e-04
 -1.5234220e-04
  1.2834313e-03
  2.3263381e-03
  1.4494989e-03
 -5.0600094e-04
  2.5716897e-03
  5.8297935e-04
  2.3326410e-02
  1.1709764e-03
 -2.9132474e-04
 -1.0707014e-03
  1.0365886e-03
  1.1745635e-03
  8.4747351e-04
 -3.8032380e-03
 -1.8750182e-03
  4.3422021e-03
  6.1562442e-04
  8.4069907e-05
  2.3303072e-03
 -1.6829527e-03
  4.0377752e-04
 -1.7208203e-03
 -7.0568646e-04
  5.7488366e-04
  5.8711027e-03
  5.2909792e-04
 -8.6278969e-04
 -8.4827573e-04
 -4.6281740e-03
  2.0905884e-03
  1.2394035e-03
 -2.0640357e-03
 -1.2542815e-03
 -1.2066601e-01
 -6.0074130e-04
  3.0677175e-04
  1.7619168e-05
  1.7607869e-03
  1.1746297e-03
  1.4505569e-04
 -5.5456953e-04
  1.5206288e-03
  4.1291642e-05
 -1.5857934e-03
 -7.6955569e-04
 -2.1929806e-03
 -1.3158652e-04
 -1.4740218e-03
  2.6955421e-04
 -4.5882713e-05
  3.5009480e-03
  1.4948811e-03
 -4.9041538e-04
  8.7960454e-04
 -6.6646221e-03
  4.1797251e-04
 -3.4765135e-03
  5.0466706e-04
  2.0048418e-03
  2.0083755e-03
 -2.6149889e-03
 -5.2681757e-04
  4.3649268e-03
 -1.4754819e-03
  9.3102077e-04
  3.7275240e-04
  5.5718201e-04
  1.0442657e-03
  9.0861507e-04
  1.4149005e-03
  1.2619278e-04
  3.0935276e-04
  1.0232768e-04
 -6.9822103e-04
  2.5262109e-03
 -1.5740273e-04
  3.8597167e-03
  1.1016745e-03
  1.2143452e-03
 -1.0208735e-03
 -6.0436991e-04
  1.1125790e-03
 -3.5069432e-02
  2.5886325e-03
  7.5201254e-04
 -1.1908474e-03
 -1.4896079e-03
  1.9590924e-03
  3.0737694e-03
  2.6750501e-04
  4.0344906e-04
  1.7345126e-05
 -1.8533082e-03
  1.0279604e-04
 -1.5074810e-03
 -3.1716982e-03
  3.8555032e-04
  7.7540311e-04
  1.1030285e-03
 -1.0353974e-03
  1.2880393e-03
  1.0198894e-03
 -7.1529509e-04
  4.1342172e-04
  2.5126743e-03
 -1.2170755e-03
 -4.9806124e-04
  7.7538862e-04
 -6.0906791e-04
  4.9241120e-04
  8.0840767e-04
 -3.5924907e-04
 -8.2037150e-04
  3.6299648e-03
  3.3546067e-04
  8.0634526e-04
 -6.5030332e-04
  6.1905093e-04
  2.7136849e-03
 -1.0078010e-04
 -2.0538893e-05
  2.4716934e-04
 -3.2461169e-03
  1.6303682e-03
  7.3960418e-04
 -4.7912463e-04
 -2.3360712e-04
 -1.5054219e-03
 -1.2596441e-04
  1.5351431e-03
  6.9272285e-04
 -7.7529647e-04
  8.7422389e-04
  2.3372313e-03
 -1.5476876e-03
  9.7621907e-04
  2.7784838e-03
  1.2399779e-03
  6.0852623e-04
  1.4709868e-04
  1.8993557e-03
  2.6544537e-03
 -1.1924463e-03
  1.1029883e-03
 -9.9041697e-04
 -1.9410392e-04
  2.2713123e-03
 -1.8856905e-03
 -2.8612939e-04
  2.0533719e-03
  9.5420932e-05
  5.5573258e-04
  9.3290313e-05
 -4.8452479e-05
  7.9623511e-04
 -6.7010394e-04
 -3.6250346e-04
 -2.3123920e-03
 -1.0170407e-04
 -3.5597119e-03
 -7.6119002e-04
  5.4926815e-05
 -1.2766272e+00
 -1.5045440e+00
  3.5557422e-01
 -1.5987003e-01
  1.7305613e-01
 -1.4149801e+00
  2.4581805e-02
 -7.2376207e-02
 -1.3315675e+00
  2.6666027e-01
  5.9030879e-01
  5.1129633e-01
  1.1016821e+00
 -6.3130111e-01
 -1.3776909e+00
 -3.6879340e-01
  5.5490357e-01
  8.8754326e-01
 -9.4315134e-02
 -1.2316393e-01
  1.4716926e-01
 -8.5075343e-01
 -3.9686462e-01
  1.0762959e-03
  3.8657999e-01
 -4.4284239e-01
  1.1360929e+00
 -2.7362412e-01
 -6.0531211e-01
 -2.9063016e-01
 -8.2580931e-03
  4.4147214e-01
 -5.3904521e-01
 -2.2575622e-03
 -2.2946598e-02
 -2.1688388e-04
 -4.5292586e-01
  4.7746389e-03
 -4.1185537e-01
  6.4759739e-03
  1.7785190e-03
 -2.9183002e-03
  4.0395963e-01
 -2.2266062e-02
 -9.3156946e-01
 -1.0731841e-01
 -7.2654229e-01
  1.4562998e+00
 -6.3297316e-04
 -9.1206270e-01
  7.6550400e-01
 -7.7341688e-01
  2.4510543e+00
 -1.6297649e-03
  3.3375705e-03
 -2.6168156e-01
  1.4907219e-02
  1.1310072e+00
 -8.6885504e-02
  1.2941693e-04
  9.0035886e-01
  3.4257397e-02
 -2.2181122e-01
 -9.2494003e-03
  3.7748003e-01
 -4.0933047e-04
 -1.0408076e-02
 -1.5494689e-01
 -4.9236403e-03
 -1.2565479e-01
 -1.0472721e-03
  1.3217090e+00
 -1.9085800e-02
  2.3520508e-05
  2.4145116e-01
 -6.9241625e-01
 -2.5444927e-03
 -2.7817905e-01
  5.2766091e-01
 -1.0068378e-03
  1.2853188e-03
  3.4040937e-04
  4.8371190e-03
  3.6937208e-04
 -1.1970473e-03
 -5.9668114e-04
 -5.4944367e-03
  6.5205335e-03
 -4.0546098e-01
 -1.1245670e-02
  1.8383655e-01
  1.3319251e-01
  2.8648990e-04
 -2.6477832e-02
 -5.0969183e-04
 -5.0233942e-03
  4.2927698e-03
 -1.8786420e-03
  2.8674754e-03
 -8.3981328e-02
  4.8470474e-03
  1.0452311e-01
 -2.4626432e-03
 -5.0524977e-05
 -1.4631376e-03
  1.0432953e-04
 -1.5194493e-02
  4.1612261e-03
 -2.0600343e-03
 -1.2821398e-02
 -4.4489293e-03
  2.9304760e-04
  6.6073132e-03
 -1.4107409e-03
 -9.9633425e-04
  4.2510998e-02
 -1.5866484e-03
 -1.3127365e-03
  1.1211465e-03
  4.5804380e-04
 -1.7159370e-03
 -1.9828957e-03
  7.5934548e-03
  1.1839860e-04
  1.7031311e-04
 -2.4568336e-04
  3.3349637e-03
  2.6060133e-03
 -2.8939018e-04
  1.4436620e-03
 -5.3979282e-04
  1.0149654e-03
 -5.4701950e-02
 -1.7256284e-03
 -5.7500052e-01
  2.1940184e-01
 -5.9124641e-02
  2.8580078e-01
 -3.5181955e-02
 -1.0683830e-02
  5.0685328e-04
 -2.0135357e-03
  7.2543304e-03
 -1.1300740e-01
 -1.2952627e-01
 -1.7420435e-03
 -3.6143579e-03
 -9.1846129e-03
 -5.9703467e-05
  1.0916623e-03
 -1.6366780e-01
  1.5519445e-02
  2.2156140e-02
 -6.4606266e-03
  2.4321780e-05
 -3.8942022e-03
 -2.0373596e-02
 -8.6905383e-02
 -1.5233268e-01
  1.6341587e-03
  8.5348164e-04
 -1.7972542e-03
  5.5389880e-04
 -5.3543751e-03
 -1.4383735e-01
 -3.3464904e-03
  1.3801549e-03
 -9.4898082e-03
 -2.1152547e-02
 -3.0090248e-03
  9.1328938e-04
 -8.0666860e-04
 -1.1919704e-04
  4.2753266e-03
 -2.0740798e-04
 -4.4397276e-04
 -6.3215971e-01
 -6.4460915e-03
  1.4128970e+00
  7.7511580e-04
  4.2741539e-04
 -1.0318377e-03
  6.8617362e-04
 -4.3407343e-03
  1.8352629e-03
 -5.3821137e-04
  3.3330932e-04
  1.8388310e-03
  3.4952869e-03
 -2.4279700e-04
 -7.8964554e-04
 -9.3938224e-04
  7.3657261e-04
 -2.7634790e-03
  1.1669996e-03
  3.2617428e-04
  4.3696671e-04
  4.7059951e-04
 -1.3526827e-03
  5.3598534e-04
 -8.4881940e-05
  1.4213851e-04
  7.4708008e-04
 -9.1780385e-04
  1.8966193e-03
  1.8144462e-03
  7.3126482e-04
 -9.3674322e-04
 -3.7618072e-04
 -6.7340594e-04
  1.6928501e-05
  1.0195476e-03
  9.6180919e-04
 -2.9260251e-03
 -2.1143975e-03
  2.8397000e-04
  2.6103828e-04
  4.8949253e-03
 -4.9740839e-04
 -3.5118032e-04
 -3.9957378e-02
  8.0830127e-01
 -1.5532947e-01
  2.4390481e-01
  1.0179163e-02
 -9.2777330e-03
  4.9111599e-01
  6.1280897e-04
  8.6648650e-02
 -2.0087726e-01
 -6.2498671e-01
  1.9384998e-01
 -1.1035902e-01
 -1.0382528e+00
 -1.8750609e-01
  2.5666186e-01
 -1.7486671e-03
 -5.3791219e-01
  4.9126497e-03
 -5.2770940e-03
  1.3274118e-01
  1.5646425e-01
 -1.3214591e-03
  1.5375822e-02
 -2.7311180e-02
  3.2069899e-02
  2.4895361e-03
 -6.5558738e-01
 -5.3852919e-04
  2.4246112e-03
 -3.5112545e-02
  7.3989725e-01
  2.1878140e-01
  9.6539222e-03
 -1.1430581e-02
  3.8893507e-03
  1.4249851e-03
 -1.5293341e-04
 -9.1754540e-04
  2.8085019e-03
  6.6617001e-03
 -1.5828235e-03
 -7.7182631e-04
 -6.7937525e-04
  7.1416521e-01
  5.6332638e-03
  1.2640731e-01
 -3.6809367e-01
 -2.8970756e-03
 -7.0879243e-02
 -3.3956996e-05
 -3.8987346e-02
 -6.0467711e-03
  3.0864666e-03
 -9.2500556e-01
  1.3010375e-02
 -7.9518533e-05
 -2.3304071e-01
  1.3277556e-01
  2.4263058e-02
  3.5540220e-01
  4.9003842e-01
  3.1192499e-01
 -5.4564778e-02
  1.1649312e-01
  5.1929915e-01
  1.0251615e-04
 -2.9042600e-02
 -3.1054068e-01
 -3.6953092e-03
  3.6293411e-01
 -1.8768075e-01
 -4.8678293e-04
 -1.3024476e-03
  4.8347488e-03
 -8.3183646e-02
  1.0096570e-03
  1.0608783e-02
 -3.3021860e-03
  2.6558205e-01
 -2.1691024e-03
  6.4524175e-03
 -1.7586915e-01
  3.3806255e-03
  5.4806261e-04
 -2.3284086e-03
 -1.2171426e-03
 -4.7408473e-03
 -2.6380710e-04
  2.2707513e-04
 -1.0350447e-03
 -3.3013846e-03
 -5.9243332e-04
  3.9459634e-04
 -3.1622597e-03
  1.6753351e-03
 -7.4801748e-05
 -1.0559896e-03
  5.1333010e-04
  5.5282761e-04
  1.7565914e-03
 -3.4308804e-03
  7.6473242e-04
  2.0532561e-03
 -2.6552205e-04
 -1.3049919e-04
 -1.0267126e-03
  1.4226378e-03
  2.6057879e-03
  4.9566216e-04
 -1.6741607e-03
 -8.7623857e-04
 -8.3954801e-05
 -5.0466997e-04
  3.1669913e-03
 -2.5262181e-03
 -5.6743709e-04
 -4.2559602e-04
 -4.3796175e-04
  5.5207888e-04
 -2.3784728e-03
 -3.3908256e-04
  2.0800524e-03
  4.5122360e-05
  3.9141352e-04
 -1.5905073e-03
 -2.1201230e-03
  4.0435167e-03
  1.4473114e-03
 -2.3661989e-03
 -1.0077406e-03
 -5.1414984e-04
  1.7167024e-03
 -5.1022001e-04
 -3.3629101e-03
 -9.2038405e-05
 -1.7693716e-01
  8.9150330e-05
 -5.1563239e-04
 -1.0239311e-03
 -8.2481103e-03
 -1.0049491e-03
 -1.3514302e-03
  2.0591414e-03
 -1.2775350e-04
 -3.4315814e-03
  8.8772457e-04
 -8.3120693e-05
  1.3395300e-03
  1.9655840e-03
  1.9615414e-03
  1.3361357e-03
  9.0905413e-04
  4.2960688e-05
  6.3291285e-03
 -1.6721837e-03
  2.0227314e-04
 -4.2452032e-04
  1.9415119e-03
  1.8345440e-03
  1.9199849e-03
 -3.8135776e-04
  1.3133612e-03
  1.1091442e-03
  6.7487941e-04
  5.8662408e-05
 -2.3076159e-03
 -2.5816628e-04
 -2.6052815e-03
 -8.3667517e-05
  2.0347356e-03
 -1.9864422e-04
  9.3649956e-04
 -1.2487604e-03
 -7.2998536e-04
 -7.0987630e-04
 -1.3761212e-01
 -1.6990325e-01
 -1.5257941e-01
  2.7855402e-03
  1.9242633e-03
 -1.6907355e-01
 -9.5955795e-04
 -4.0324684e-02
 -4.7635217e-03
 -1.1583422e-01
  1.4230108e-01
 -3.3301285e-01
  3.2225609e-02
  2.9889199e-01
 -2.0725587e-02
 -1.0603869e-03
 -1.2203286e-03
  3.7414547e-02
 -2.5722307e-01
  4.1033211e-03
 -2.0321676e-01
 -3.8244937e-02
 -2.9730666e-03
 -5.2120397e-04
  9.7038559e-05
 -9.3990667e-03
  1.1356953e-03
  2.5109732e-01
 -1.9225142e-03
 -3.6322183e-03
  8.6504757e-02
  1.0852769e-02
 -9.2160746e-02
 -5.7855326e-01
  3.4132794e-02
 -5.2394150e-03
  9.2193316e-04
  1.7604842e-03
  2.7366899e-04
 -6.0638180e-04
 -1.4384406e-03
 -2.2772836e-04
 -1.5907252e-03
  1.7883262e-03
 -4.6526495e-01
 -1.4909653e-01
  1.2085688e-01
  8.2730037e-01
  2.3314497e-03
 -4.6454254e-01
 -5.4598786e-06
  4.0730583e-03
 -5.8633812e-02
 -2.4055601e-04
  1.8613976e-03
  1.6865419e-03
 -1.5430783e-03
 -1.6738806e-03
 -9.3298836e-04
 -1.0991599e-04
  1.5900829e-03
 -6.2915788e-04
  1.3151882e-03
  4.7991052e-04
  3.2236933e-04
 -7.1158475e-04
  1.7150251e-04
 -2.3679756e-02
 -1.4194183e-03
 -1.7035276e-03
  7.8089358e-03
 -9.2698087e-05
 -2.3291388e-04
  6.0856095e-05
 -1.0814066e-03
  1.0726128e-03
 -2.4016763e-03
  5.8724446e-04
  1.8640533e-03
 -3.3235812e-04
 -6.6077779e-04
 -3.9717695e-03
 -6.1258546e-04
  9.6312603e-03
 -1.0755932e-03
 -1.7490097e-03
  2.0158165e-03
 -8.8759861e-04
 -2.2129554e-01
 -5.2840346e-01
  7.4883538e-01
 -4.0235143e-02
  8.5048866e-04
  5.3971991e-02
 -1.9988972e-03
 -2.2651381e-03
 -5.8973231e-04
  4.2627636e-01
  9.1927759e-03
  1.4898491e-01
 -2.2260401e-01
 -3.7629832e-02
  5.2459717e-02
  1.2281988e-03
 -2.7535061e-04
  1.4371206e-01
  4.5744208e-01
 -9.5202582e-04
  6.1362427e-02
 -2.1551277e-03
  6.0977032e-03
 -1.2442663e-01
 -3.2082775e-01
  3.3237154e-04
  7.0196368e-02
 -2.4113269e-01
 -3.6765020e-03
  7.7190768e-04
 -1.9095525e-04
 -1.4067136e-02
 -4.6605411e-01
  1.1484899e-03
 -2.7357336e-02
  8.6602969e-03
 -2.5932305e-03
  7.5526841e-05
 -1.5509159e-03
 -2.7348346e-04
  2.3539981e-03
 -4.2019957e-03
  5.7747061e-03
 -3.6758394e-03
 -3.4641631e-02
  7.9482852e-04
 -4.5939828e-03
  1.0085815e+00
  2.4919899e-04
  3.8744692e-02
 -1.5564775e-02
 -2.4995281e-01
 -9.3431497e-04
  4.4732341e-03
 -1.5995401e-01
 -1.1362239e-03
 -7.3062303e-04
  1.9350309e-03
 -3.2296674e-03
  5.1624125e-01
  1.5595227e-01
 -2.8222217e-03
  1.2079788e-01
  2.2591729e-01
 -3.6900137e-03
  1.7724719e-03
  8.4568071e-04
 -1.1502901e-03
 -1.9022517e-03
 -3.1609038e-01
  4.9675477e-04
  1.9692474e-03
 -2.3301493e-03
  2.4713032e-02
  5.4262509e-03
  4.6239617e-01
 -1.9334673e-04
  5.9309208e-01
  3.4553395e-03
  1.1757158e-03
  4.9319526e-04
  1.4919079e-03
 -8.9669478e-01
 -8.3355826e-01
 -1.7756991e-01
 -3.7013665e-01
  4.5008716e-01
  3.9296335e-01
 -4.5128148e-02
 -4.8443690e-04
  5.7055941e-04
 -2.0038176e-01
  2.8024444e-01
 -3.7384916e-02
  4.7874275e-01
  9.8002233e-02
 -5.2186288e-02
 -4.3840173e-01
  5.4807063e-02
  2.3944515e-01
 -2.3451966e-01
 -6.9386744e-01
  1.1371607e-03
  1.7836316e-01
 -3.8150170e-01
  5.0895095e-02
 -1.8980952e-01
 -2.8994121e-04
  2.0923907e-02
  1.1268609e+00
  8.5536301e-01
  1.9846368e-03
 -8.7622136e-01
  5.8405375e-01
 -5.9039976e-02
  6.4328645e-04
  2.9496996e-02
  2.7022006e-02
 -5.9068804e-03
  1.9372815e+00
  8.0463536e-02
 -6.6158961e-04
 -1.8053311e-01
  3.0243051e-01
  2.3801127e-02
 -4.5500991e-01
  7.0123106e-02
  5.4999149e-01
  1.1279617e-01
  1.5468466e-03
  1.6341729e-03
  1.1647618e-03
  2.6703067e+00
 -5.4132092e-01
 -4.0507439e-01
 -9.3322068e-01
  4.9129432e-01
  3.6981758e-01
  6.0289323e-01
 -5.9035391e-04
  4.0522188e-02
 -6.2698138e-01
  8.2706636e-01
  6.3626277e-01
  2.9179718e+00
 -2.1174226e-02
 -1.5422423e+00
  6.7855668e-01
  2.0013859e+00
  2.3936857e-01
 -4.4416481e-01
  6.2730074e-01
  2.4509823e-03
  9.2993045e-01
  2.6883283e-01
 -2.0007327e+00
 -1.1632431e+00
  1.1018405e+00
 -5.1545131e-01
 -8.0183810e-01
  5.4302457e-04
 -1.6199914e+00
 -5.7579815e-01
  2.1986349e+00
  1.7909108e-01
  3.3615223e-01
  3.9186859e-01
 -3.4229288e-01
 -2.1138248e+00
  5.6156880e-01
 -8.6730206e-01
 -7.7823687e-01
  6.6473728e-01
  8.1611276e-01
 -6.2904274e-01
  2.3544106e-01
  1.1604444e+00
  3.5064781e-01
  3.8400623e-01
 -5.7230476e-02
  1.6088803e+00
  1.5682830e-01
 -2.0276576e-01
  1.6177576e+00
  1.1272659e-02
 -1.7435238e-01
 -9.4411618e-01
  6.2635171e-01
  4.9938250e-01
  5.2141804e-01
 -2.7842054e-02
  3.5241306e-01
  2.9719025e-02
 -4.6410501e-01
 -2.3018010e-04
  8.5398746e-01
  7.9991013e-01
  1.1415530e-01
  8.5747474e-01
  3.0873889e-01
  9.3688780e-01
 -7.2065063e-02
  1.3190168e-03
  1.3690345e+00
 -8.1718428e-04
  6.1086525e-04
  3.8897826e-03
 -1.2554382e+00
 -5.6685996e-01
 -9.4411081e-01
  1.4608121e-04
 -3.9479870e-01
 -9.4428408e-01
 -5.4844666e-01
  1.7962711e-01
  2.8818543e+00
 -8.0630678e-05
 -8.6473048e-02
  6.1539215e-01
 -2.8440232e+00
 -7.9879552e-02
  8.5434729e-01
 -2.7801132e-01
 -2.4500678e+00
 -6.5621918e-01
 -2.1940817e-01
  1.9921046e-01
  2.5705963e-03
  5.9633844e-02
 -7.5326836e-01
  2.7868021e-02
  3.0897200e+00
 -8.0832487e-01
  1.6473146e-01
  9.1968948e-04
  8.6789653e-02
 -5.2528415e-02
 -5.9649819e-01
  4.1713634e-01
  2.2020604e-01
 -4.1257262e-02
 -2.4161741e-01
  3.0563834e-01
 -6.2248546e-01
 -2.5688124e-01
 -5.9410632e-01
  1.5029735e-02
  2.8111154e-01
 -2.4320100e-02
  8.3557266e-01
  3.4460559e-01
 -6.1553001e-01
 -1.1004744e+00
  4.5229648e-03
  2.0096926e-02
 -3.4186483e-04
  2.4436201e-01
 -7.1969159e-02
 -1.3364336e-03
 -4.8348382e-03
 -5.9352380e-01
 -4.1367421e-01
  9.2037711e-03
 -6.1245310e-01
  1.2948051e-01
 -3.6483377e-03
  1.2898706e+00
 -6.1644042e-01
  2.4271043e-04
 -6.7539352e-01
  3.7739003e-01
 -6.6277444e-01
 -8.6463064e-02
 -2.3203819e-01
 -5.2431340e-05
 -6.2771255e-01
  3.2256994e-01
  3.3823884e-01
  1.4242357e+00
 -6.6629893e-01
  2.8073389e-02
 -3.5061900e-02
  5.0917792e-01
 -1.7283778e+00
 -2.6272735e-01
 -1.7684615e+00
  8.6259650e-04
 -2.4822497e+00
  3.7966025e-01
  3.3322561e-01
  5.5823433e-01
  6.5545077e-03
  1.8456123e+00
 -1.0843549e-02
  3.4282394e-02
  8.1411695e-01
  2.4891429e-01
  7.1181881e-01
  6.6613495e-02
 -2.3287752e-01
  6.4346617e-01
 -5.5461395e-01
 -5.2709728e-01
 -3.7697485e-01
 -1.4256717e-02
  3.1854347e-03
  1.1085589e-04
 -1.3209111e-03
 -1.6520947e-03
 -2.9343106e-03
 -2.4588072e-01
  2.3944636e-01
  3.9264899e-01
  1.2469211e+00
 -3.4445539e-01
 -1.6843102e+00
 -4.3400636e-01
  9.5520690e-02
  1.1962558e-02
 -2.8274730e-01
 -1.9228613e-03
 -1.6853943e-03
 -4.4275570e-01
 -5.6846440e-01
  1.0958520e-01
 -1.2789188e-03
 -3.5798427e-01
 -2.0853707e-01
  2.8547719e-03
 -3.7525675e-01
  1.5358485e-01
  3.9337024e-02
 -8.3943732e-02
  3.5688734e-01
 -3.8192395e-02
 -2.4830878e-03
 -4.5310959e-02
 -8.7834197e-01
 -1.0989929e-02
 -1.1107637e-01
  3.6177447e-01
 -5.7226974e-01
 -1.9138327e-02
  4.7363186e-01
 -1.4948636e-01
 -3.6039799e-01
 -1.0858667e+00
 -2.0112448e+00
  5.5189914e-01
  6.9750845e-01
  2.2305620e-03
 -2.2122538e+00
  1.0145479e+00
  9.5541775e-01
  2.5165656e+00
 -3.8754287e-01
 -7.5054815e-04
  6.7052758e-01
  1.4895645e+00
 -1.7000776e-03
  5.3614305e-05
  1.4606156e+00
 -6.7620075e-01
  3.4385838e-04
 -7.6980976e-04
  8.3594799e-01
 -9.7457308e-01
 -3.4656000e-04
 -1.6829569e-03
  3.9138780e+00
  2.3251829e+00
 -5.3941819e-04
 -2.3067149e-03
  5.2207005e-01
  7.4394226e-02
  4.9803641e-01
  1.2157070e-03
  5.4399604e-01
 -5.1341776e-04
 -4.7748075e-03
 -5.4668659e-01
 -8.0032699e-02
  4.7777095e-01
  4.4194844e-02
 -7.1929567e-02
  1.1691962e+00
  2.9165068e+00
  1.4309534e-03
 -3.6430109e-05
  2.1564427e-01
  1.6857944e-01
  9.7040515e-03
 -1.5263043e-01
  1.6077584e+00
  1.3154175e+00
 -3.5937976e-02
  6.6392455e-04
 -1.1179032e-01
  1.5213485e+00
  1.7857272e-03
 -2.2894002e-02
  1.4295074e-01
  5.9568137e-01
  2.7975597e-04
 -7.7995716e-04
 -3.3627924e-01
 -2.0343791e-01
  8.4338492e-01
  1.0033160e-01
  5.1473379e-01
  1.5366785e-01
  2.2492851e-01
 -2.0798596e-03
 -8.6514068e-01
 -7.0627046e-01
 -5.6293416e-01
  1.3162760e+00
  8.6421251e-01
 -1.7033640e-02
  1.0453500e+00
 -2.9466419e-02
  3.3389494e+00
  9.5877141e-01
  2.7084956e+00
 -8.6276233e-04
 -1.4663088e+00
 -9.4924867e-02
 -7.2812578e-03
 -1.8524892e-03
  3.5787258e-02
 -9.3965226e-01
  9.6714823e-03
 -4.9848646e-01
  1.6305747e+00
  8.8795263e-01
 -3.2904306e-01
  6.5678102e-01
  7.8433372e-02
 -5.0677687e-01
  1.1154239e-01
  1.7060734e+00
 -2.4393472e-01
 -1.1351129e+00
 -8.7960526e-02
  5.7280750e-04
 -1.4050767e+00
 -1.5299844e+00
  7.9040229e-01
  1.3032289e-01
 -1.5104292e-01
  3.0229944e-01
  1.1086147e-01
  3.4388155e-04
 -6.7931002e-01
  8.0270159e-01
 -9.8236704e-01
 -7.8322372e-04
 -3.7902382e-01
  5.1060808e-01
  8.2348239e-01
  3.6711630e-04
 -6.0212249e-01
 -2.2328562e-01
  7.1896345e-04
 -1.2290839e-04
  7.2501975e-01
  5.9632227e-02
  4.5021966e-02
  7.0130285e-03
 -1.7487265e+00
 -7.6880413e-01
  4.5513403e-02
 -3.3205804e-01
 -6.1781496e-02
 -5.6464607e-01
  2.0036800e-03
  1.4698977e-05
 -1.3285433e-01
  1.2941952e+00
  2.3491202e-01
  1.8458965e-01
  7.8273052e-01
 -1.1980963e+00
  2.5288466e-02
 -3.4724909e-01
  6.5760028e-01
 -1.9397140e+00
  2.9426103e-03
  1.1692934e-03
  1.2350814e+00
  6.5128726e-01
  2.9216527e-03
  9.5772380e-03
 -1.9163654e+00
 -4.1528857e-01
  2.2421357e-01
 -6.4372194e-01
 -1.4664099e-01
  4.7796124e-01
  1.5671293e-03
  1.7521627e-02
 -7.4487463e-02
 -9.5205931e-03
  7.0377265e-04
 -1.6928120e-03
  1.1484418e+00
 -8.1556022e-02
  1.2898278e-01
 -2.2504197e-03
  6.0876286e-01
  1.5567417e-01
 -1.5922949e-03
  1.3391182e-01
  8.8837865e-04
 -1.7495241e-03
  3.1305198e-04
  9.5546542e-04
  1.2646270e-01
  3.4085661e-01
 -9.5013684e-01
 -3.5813683e-01
  3.1310120e-01
  3.7002447e-01
  2.1591760e-02
  4.6217299e-01
  2.1576239e-02
 -1.3512176e-01
  5.0726086e-03
  9.3448028e-02
 -5.9986663e-01
  4.4604775e-01
  4.1618976e-01
 -9.1045331e-03
  1.3466097e-03
  2.7484354e-01
  2.4550445e-01
 -1.7544320e-02
  1.8665597e-01
 -4.9192208e-04
 -1.2440313e+00
  2.1212554e-02
  5.9934080e-01
  7.5604883e-03
  1.8885399e+00
 -8.9572936e-01
  1.6677500e-01
  1.9141300e-01
  3.6281365e-01
 -5.8870614e-02
 -7.4792025e-03
  3.2158345e-01
  4.1141433e-01
  1.9623616e-01
  7.6591295e-01
 -2.3321661e-03
 -8.0287832e-01
  1.6984493e+00
  4.3786105e-02
  2.6389569e-01
 -1.0257283e+00
  7.4091166e-01
  2.1172559e-01
 -1.5267302e+00
  6.9872135e-01
  5.1992577e-01
  1.9633909e-01
  6.6395831e-01
  7.2329050e-01
 -1.9238280e-01
 -8.3000880e-01
 -1.5693172e+00
  2.2687195e-02
  9.6466798e-01
  3.5408452e-01
 -6.1423741e-02
  2.3872195e-01
 -2.0636857e+00
  2.7700874e-01
  1.3898025e+00
  1.5428861e+00
 -8.3414823e-01
  9.7186321e-01
 -4.4058225e-01
 -2.4931164e-01
  2.0461915e+00
 -1.2818840e+00
  3.8596359e-01
 -1.1022766e+00
 -3.6342133e-02
 -2.4068794e+00
 -5.4906160e-02
 -1.2602136e-01
 -6.9636571e-01
  5.8690894e-01
  8.0512172e-01
 -2.1911326e-01
  7.4541633e-05
  8.7751555e-01
  4.0284255e-01
 -1.2318325e+00
 -6.7224574e-01
 -7.7112570e-02
  4.7071743e-01
  6.8786189e-02
 -9.9085081e-01
  1.1062982e-01
  2.8843257e-01
  1.7572778e+00
 -1.2617818e+00
 -1.4234728e-03
 -2.9549210e-03
  1.1039971e+00
 -2.0230909e-01
 -1.2895509e+00
  9.5325166e-01
 -8.2158691e-01
  5.6502619e-03
  2.1042071e-01
  1.4298748e+00
  1.1141713e-01
 -7.9580129e-04
 -8.5876858e-01
 -2.0626776e+00
 -1.2673344e-01
 -7.5566345e-01
  1.0979092e+00
  1.2958657e+00
  1.8029023e+00
  9.2580944e-01
  5.7003862e-01
 -1.3895098e+00
  2.0649143e-04
 -1.2529128e+00
  1.0653459e-02
 -1.5911822e+00
  3.2805997e-01
  3.8270429e-02
  8.4038752e-01
  1.4365988e+00
  7.9689766e-05
  1.5635774e-01
  1.5341147e+00
  5.1863235e-01
  2.0308008e-02
 -1.1957270e+00
  1.2254221e+00
 -4.4914171e-01
  1.6163710e+00
  5.9937507e-01
  4.7243157e-01
  4.0055925e-01
  1.8158096e+00
 -1.8182517e-03
 -2.8028330e-01
  1.4376251e+00
  3.3170971e-01
 -3.5474068e-01
 -3.1065667e-01
  9.0683395e-01
 -4.3407649e-01
  8.5886626e-05
 -1.9476233e-01
  3.1734478e-01
 -3.9965484e-01
  5.1477659e-01
 -1.7582189e+00
  7.4878317e-01
  2.1382734e-01
 -5.4059845e-01
 -2.2687109e-01
  2.0514284e-01
 -6.5411419e-01
 -1.1205573e-03
  2.0568493e-01
 -5.2450332e-03
 -3.2229900e-01
 -1.0923684e-02
 -1.3155112e-02
  1.1067051e+00
 -9.1746622e-01
 -5.2764392e-01
 -6.8909204e-01
  1.9632028e-03
  1.5427373e-01
  3.1866643e-03
  3.1828052e-01
  2.2900636e-01
 -5.0696266e-01
 -5.0328696e-01
 -4.5462385e-01
  3.0862415e-01
 -1.5884972e+00
 -7.2427723e-03
 -5.9482962e-01
  4.9191240e-02
 -2.8664404e-01
 -9.8858863e-02
  1.5398118e-01
  9.4231135e-01
 -6.3104485e-04
 -2.3872453e-01
  1.9676210e-02
 -1.7005014e-01
 -8.8972205e-01
 -9.6086913e-04
 -7.3261425e-02
  7.5588226e-02
 -7.5117719e-01
 -2.7705023e-01
 -3.7064615e-01
  1.0415667e-01
 -3.0730531e-01
 -1.4169496e-02
 -6.8660364e-02
  8.7375909e-02
  2.6714092e-04
 -1.9579557e-01
  3.4295008e-01
 -1.2686704e+00
  5.6649309e-01
 -1.2532277e+00
  3.5120026e-04
 -7.0097548e-01
 -5.7209611e-02
 -6.0499728e-01
 -3.1737569e-01
  2.4141699e-02
  2.0608208e+00
  1.3104501e+00
 -3.4315467e-03
 -9.8481363e-01
 -5.2522135e-01
 -3.3772051e+00
 -3.8615749e-03
 -5.3139901e-01
 -1.6147032e+00
 -1.6156292e-01
 -1.7912351e-01
  1.5838350e-01
 -1.1112334e-01
  2.3755274e+00
  6.9061190e-01
 -1.6121837e+00
 -1.8015885e-01
 -8.3184904e-01
  1.2456286e-01
  1.2833178e-01
 -5.9913445e-01
 -1.3257859e+00
 -1.7877385e-01
 -4.9733859e-01
 -8.2520276e-01
  4.5798391e-02
 -1.1508054e-03
 -8.5619068e-01
  3.1783085e-02
 -6.7281686e-02
  3.9941865e-01
 -7.6547790e-01
 -5.8843243e-01
 -7.5112891e-01
 -1.5135092e-01
 -2.5942296e-01
 -1.0176558e+00
 -4.5544419e-01
  4.4537829e-03
 -2.0501035e-01
 -6.9462240e-01
 -6.0499132e-02
  1.5697733e+00
 -1.7153527e-01
  1.4911752e+00
 -1.3021013e+00
 -4.4138396e-01
  9.9960834e-01
  5.8969563e-01
 -1.1498929e-01
  2.1206602e-01
 -4.3561578e-01
 -1.2908174e+00
  4.8062667e-02
 -4.8059446e-01
  1.1694050e+00
  1.7131796e-01
 -1.6824957e+00
 -7.5013506e-01
  2.4098682e+00
  8.8669205e-01
  7.4921870e-01
  9.1744661e-01
 -7.7073336e-01
 -1.5206344e+00
 -1.8274854e+00
  8.9333570e-01
  9.5278203e-02
 -8.4500305e-02
 -3.9695026e-03
 -2.9206035e-01
  1.1400949e-01
 -4.7918219e-02
 -4.4593894e-01
  4.4191632e-02
 -9.0600544e-04
 -1.1624220e-01
 -3.0230215e-01
 -1.2019271e+00
  2.6924906e-03
 -2.5904268e-01
 -4.1122475e-01
 -2.1849408e+00
  9.2290238e-02
 -5.0010693e-01
 -2.2625616e-02
 -1.2292013e+00
 -1.3895998e-03
 -5.5536914e-01
 -7.2716194e-01
 -2.3100367e-01
 -5.7791555e-01
 -2.9048437e-01
 -2.9826385e-01
 -1.0290829e+00
 -1.7135002e-01
 -9.2663631e-02
 -3.3913416e-01
 -2.7263290e-01
 -2.2751117e-01
  8.6556119e-01
  2.1111682e-02
  7.4809194e-01
 -9.2237222e-01
 -8.1203401e-01
 -2.2596402e+00
 -5.6647646e-01
 -1.3549513e+00
  1.7395377e+00
  3.2577237e-01
  2.9999681e-02
  1.0253584e+00
 -5.1363629e-01
 -1.0415890e+00
 -4.3843487e-01
  7.1450013e-01
 -2.0320454e+00
 -2.6720834e+00
 -5.5507404e-01
 -2.3711748e+00
  1.2974130e+00
 -3.4129855e-01
 -7.8764446e-03
 -6.7426699e-01
  6.2574762e-01
 -1.4239088e+00
  9.6009970e-02
 -1.3669071e+00
  5.5843961e-01
 -4.4007343e-01
 -2.0371354e-01
 -3.1254223e-01
 -4.2890482e-02
 -3.7466002e-01
  3.1684884e-01
 -4.2835337e-01
  3.0570388e-02
  3.9901188e-01
  5.6061697e-01
  3.7605524e-01
 -2.5468576e-01
  8.4120250e-01
  4.2330998e-01
 -2.3398080e-01
  1.2835935e-02
  8.9681262e-01
  8.1435424e-01
  1.0848002e+00
 -1.5435895e-01
  1.1028650e+00
  2.4954650e+00
  2.0899906e+00
 -1.8603029e-03
  2.7093544e-04
 -2.3944669e+00
 -1.7847354e+00
  3.0015700e-03
  8.7800401e-01
 -7.8117706e-02
  5.4212588e-01
 -1.0989428e+00
  7.0772654e-01
  2.3520024e+00
  2.6528783e+00
  4.1157186e-01
  1.5337199e-01
 -3.3092174e-01
 -8.6367673e-01
  1.5020983e-01
  7.7175188e-01
 -8.2672310e-01
 -8.3834726e-01
  1.8673351e-01
  1.0520562e+00
  5.2361310e-01
  9.1729462e-01
  5.4730717e-03
  2.4589291e-01
  1.0215802e+00
  3.6787760e-01
  4.2097512e-01
  7.8470862e-01
 -2.6860473e-01
 -1.1082680e+00
 -1.8644860e-01
  9.1253716e-01
  3.5679212e-01
  3.6557293e-01
 -4.8939207e-01
  2.5768337e-01
  8.9806145e-01
  1.8934832e+00
 -7.7218962e-01
  8.7625223e-01
  6.2590438e-01
  1.3611766e+00
 -1.9995603e-01
  3.8009018e-01
  3.3239037e-01
 -2.0310092e+00
 -2.1500802e-01
 -3.7535483e-01
 -3.0379472e-04
 -5.4119819e-01
 -7.5403973e-02
  4.0488254e-04
 -1.0657765e-03
  1.2534360e+00
  8.0512695e-02
 -3.6709866e-01
 -2.8248093e-01
 -1.4014433e-01
 -1.4930871e-01
 -7.2968617e-04
 -2.2160362e-01
  1.1692494e+00
 -8.9500862e-01
 -9.2222365e-03
  4.8308524e-01
  3.0643618e+00
  6.8350303e-01
 -2.7776837e-01
  3.9732498e-01
 -1.3041023e+00
 -2.0911263e-01
  2.6154704e-03
 -1.2244514e-01
 -2.5323746e+00
 -1.0940140e+00
 -2.1095765e-01
  6.8234555e-02
  5.9603419e-02
  3.5108802e-01
 -2.4715923e-03
 -1.2836910e+00
  1.9517753e-01
 -5.7429429e-02
 -2.0307791e-03
 -3.6035454e-01
 -8.3508313e-02
 -5.2087915e-01
 -2.1233094e-01
  2.6367009e-01
 -3.3339891e-01
  3.5722528e-04
 -4.5910124e-03
  3.4434062e-01
  4.3062282e-01
 -2.7718199e-03
 -6.0595165e-04
  1.7928956e-02
  1.7928956e-02
  1.7928956e-02
  1.7928956e-02
  1.7928956e-02
  1.7928956e-02
  1.7928956e-02
  1.7928956e-02
  1.7928956e-02
  3.4313183e-02
  3.4313183e-02
  3.4313183e-02
  3.4313183e-02
  3.4313183e-02
  3.4313183e-02
  3.4313183e-02
  2.7671870e-02
  2.7671870e-02
  2.7671870e-02
  2.7671870e-02
  2.7671870e-02
  2.7671870e-02
  2.7671870e-02
  1.3580502e-02
  1.3580502e-02
  1.3580502e-02
  1.3580502e-02
  1.3580502e-02
  1.3580502e-02
  1.3580502e-02
  5.7021868e-03
  5.7021868e-03
  5.7021868e-03
  5.7021868e-03
  5.7021868e-03
  5.7021868e-03
  5.7021868e-03
  1.1793899e-02
  1.1793899e-02
  1.1793899e-02
  1.1793899e-02
  1.1793899e-02
  1.1793899e-02
  1.1793899e-02
