nep4 2 Cu Se 
cutoff 7 5 100 44
n_max 8 6
basis_size 12 12
l_max 4 2 0
ANN 50 0
  9.4196014e-03
  2.2477612e-03
  1.3711333e-02
  2.3016481e-02
  6.7366183e-01
  5.3974967e-03
  2.7183762e-02
  3.2037743e-03
  8.2302103e-03
 -6.1696288e-03
  5.6719061e-02
  3.4146175e-02
  5.5098077e-03
 -3.2691818e-03
 -3.0599991e-02
 -1.2641165e-02
 -2.8729705e-02
 -4.5031225e-03
 -2.6794186e-02
 -2.4518506e-03
 -1.9179638e-02
 -5.2004722e-03
 -1.9809047e-02
 -1.4038394e-03
 -1.7085653e-02
  3.2827698e-02
 -7.4265404e-03
 -1.4162721e-02
 -2.6669184e-02
  6.4428315e-02
  1.7689114e-02
 -1.1308398e-02
 -1.1389681e-02
 -3.8434272e-03
 -9.5715197e-03
 -4.3480834e-03
  8.3225593e-03
  6.9799926e-04
  4.7802106e-03
 -1.3709562e-03
  5.4835062e-03
  5.3066830e-03
  6.8934843e-02
 -4.9106735e-03
  1.8489030e-01
  2.6146850e-02
 -7.5651961e-03
 -5.2366752e-02
 -6.5441839e-02
  9.6243948e-02
  1.7920787e-02
  1.1022706e-01
 -1.8646415e-01
 -1.3434216e-01
 -1.0039589e-02
  1.3513061e-01
 -1.0415421e-02
  2.3108412e-02
 -2.8122973e-01
 -5.5715095e-02
  2.8741062e-02
  8.8853994e-05
  1.8176240e-01
 -2.1497742e-03
 -5.8744252e-02
 -9.1640316e-02
 -7.1991789e-03
 -3.6348376e-02
 -1.8043973e-04
  2.0418400e-01
 -2.2901017e-02
  1.0613702e-02
 -2.9487884e-02
  6.6190106e-03
  1.8318823e-01
 -2.9494587e-02
  1.6976136e-01
 -4.4177093e-02
  4.4429928e-02
 -3.9333072e-02
 -4.0021434e-02
 -1.9825005e-04
  1.2729946e-03
 -6.7265071e-03
 -2.0552149e-02
 -1.0744515e-02
  5.3523458e-03
 -2.3783056e-02
  1.1424587e+00
 -3.2574084e-01
 -1.5054361e+00
  2.3939918e-01
 -1.7975916e-01
 -6.9332406e-02
  1.0325760e+00
 -1.2578472e-01
 -1.0213666e+00
 -1.6547443e-01
 -1.5103127e-01
  1.1637875e-01
 -9.3365498e-02
  5.9505713e-01
 -4.8762167e-01
 -1.5320148e-01
 -5.9479713e-01
 -5.9671560e-03
 -1.4545995e-01
  3.8051334e-01
 -9.0576053e-01
 -1.5384938e-01
 -2.4014042e-01
  7.4082482e-01
  2.1960955e-02
 -1.1216962e-01
  2.1468669e-02
 -6.9888747e-01
 -4.3366200e-01
 -4.5517120e-01
  2.4664059e-02
  4.1643358e-03
 -3.4183294e-01
 -9.8305739e-02
 -1.7746979e-01
 -1.4970040e-01
 -6.3218892e-02
  4.1430768e-02
  1.3331948e-01
 -6.0642106e-03
 -2.8465477e-01
 -2.0191318e-01
  5.9036188e-02
  4.4353399e-04
  6.5950495e-01
 -3.8457367e-01
 -6.8452686e-02
  7.3213995e-01
  2.0743394e-02
  9.1051507e-01
  8.9350891e-01
 -2.1162413e-01
 -6.6963577e-01
 -2.4444909e+00
 -3.6118853e-01
  3.7867674e-01
  1.9639555e-02
 -4.9053367e-02
 -1.0557601e+00
  7.7752340e-01
  3.0021541e-02
  2.1231078e-01
 -4.1002125e-01
 -4.1311237e-01
 -2.5372812e-01
 -1.3923998e+00
  3.2494730e-01
 -5.9081120e-03
  2.3439381e-02
 -5.3774887e-01
  1.9968387e-02
  7.9548937e-01
 -2.8061128e-01
 -1.3597174e+00
  3.4220251e-01
 -5.0396794e-01
 -4.4475508e-01
 -8.0112320e-01
 -3.6668923e-02
 -6.1604802e-02
 -2.8700069e-01
 -9.2589632e-03
  5.1503479e-03
  2.0684053e-01
 -2.0501839e-01
 -4.1763705e-01
  3.2287657e-01
 -4.2143333e-01
  1.0997686e-04
  6.3640568e-03
 -4.8606601e-03
  5.3315694e-03
 -4.1934732e-01
  6.2290207e-04
  3.7327733e-02
  3.1912005e-01
 -2.7297013e-02
 -6.8957629e-03
  2.0119796e-02
 -1.3523782e-02
  1.8677210e-03
 -2.7161257e-03
  1.4225740e-02
 -1.4372446e-03
  6.8201832e-03
  4.4888649e-03
 -1.6725831e-02
 -2.7310614e-02
  6.3675870e-03
 -2.3410236e-03
  2.6264074e-03
  1.2018496e-02
  1.5466119e-02
 -3.3492246e-03
  2.0447269e-02
 -6.1392826e-03
  6.4409142e-03
 -5.3933794e-03
 -3.8911658e-03
 -3.7478143e-04
  1.8039767e-02
 -1.0128873e-02
  5.0838580e-03
  5.9368880e-03
 -1.0600692e-02
  2.1135669e-02
 -3.0755661e-03
 -2.9839545e-03
 -8.1125135e-03
  2.5180792e-03
 -3.3013042e-02
 -3.0067412e-02
  4.4442699e-03
  4.8832507e-03
 -1.4683919e-02
  1.1158880e-03
  8.1247158e-02
 -9.2677353e-03
 -1.1378715e-02
  1.6187970e-02
 -1.1066772e-02
 -2.4082963e-01
 -6.5614707e-03
  2.4372734e-02
  3.1757336e-02
  9.9012936e-03
 -6.6068627e-02
 -1.3280431e-02
  9.2530251e-03
  9.6024461e-03
  3.0046793e-02
 -1.3865646e-03
 -1.7540924e-02
 -1.3437357e-02
 -2.3772290e-02
 -4.3315325e-02
 -2.9748708e-03
  4.7869515e-05
  2.7991815e-02
 -3.3052242e-04
 -1.0188595e-02
 -1.6213831e-02
  7.0042969e-03
  4.6786345e-03
  4.1232933e-03
 -9.1228664e-02
 -1.4293569e-02
 -2.5932925e-02
  1.0131040e-02
 -5.4440489e-03
 -9.3299206e-03
 -1.5265857e-02
  1.4472577e-03
  1.9588148e-02
  5.7323114e-03
  1.6723415e-02
  4.2117995e-01
  1.0274138e-01
  1.9562209e-01
  1.2946797e-02
 -9.3031377e-01
 -4.4421880e-03
  1.3663259e-01
 -3.5063750e-01
 -4.2279893e-01
 -2.0993935e-02
  5.8544165e-01
  4.8405058e-03
  3.8640194e-02
 -3.0953950e-01
 -4.0913399e-02
  5.4737997e-01
  3.5057001e-02
  5.1238197e-01
  6.3541150e-01
  4.8294991e-02
 -1.7597434e-01
  1.5460168e-02
  2.6786098e-01
 -2.7234150e-02
  2.3008852e-01
  1.6588350e-01
  9.4203342e-04
 -3.0274317e-01
  6.1998572e-02
  1.2315471e-01
  7.0630305e-02
 -9.1547109e-02
  3.6786801e-01
 -1.0256313e-01
 -7.6523341e-02
 -4.2783800e-03
  2.5950480e-02
 -8.7641395e-04
  1.5101166e-02
 -4.5188989e-02
 -3.8816266e-02
 -2.4638370e-01
  5.2225157e-03
  1.9404830e-02
 -3.7332922e-03
 -9.7167236e-04
  2.2840116e-04
 -1.8426867e-02
  7.8473508e-01
 -1.9882943e-01
 -1.1679167e-03
 -1.8342407e-02
 -3.5330854e-02
 -1.1121745e-02
 -6.8692472e-03
 -4.5659430e-03
 -1.4252479e-03
 -6.7303665e-03
 -1.7549898e-02
  5.7144617e-03
  2.1269018e-02
 -1.3223764e-02
  9.4700102e-03
  1.0972275e-02
 -2.3644380e-02
 -5.3460188e-03
 -8.1507452e-03
 -1.7234421e-03
  5.1622698e-03
 -1.2131287e-02
 -7.4898037e-03
  6.7819431e-03
  1.4645265e-01
 -5.7473518e-03
 -9.0382081e-03
  9.2395982e-03
  6.6047639e-04
 -3.8229888e-03
  2.9366822e-03
  4.7019939e-03
 -3.6530651e-04
 -4.2922523e-02
  1.2917553e-02
 -6.5776077e-03
  6.7099039e-03
 -3.3501055e-05
  1.6896935e-03
  3.8993007e-03
  2.8008595e-02
 -4.1865697e-03
  2.6157629e-01
 -2.6176630e-03
 -1.7660251e-03
 -3.0974145e-03
 -1.2493686e-02
 -2.5542071e-03
  7.8497985e-03
  2.9314853e-02
 -4.1794132e-02
 -2.4272656e-02
  3.9747045e-03
 -2.2969035e-02
  8.9800116e-03
  3.3618002e-03
  1.2798097e-02
 -2.3084508e-02
 -1.9813308e-03
 -4.6069962e-03
 -4.0203170e-03
 -1.4906401e-02
 -2.4957790e-03
 -1.2426291e-02
  4.7142600e-04
 -6.2160660e-05
  3.6693653e-03
  5.2405830e-02
  6.5023662e-03
  1.0569947e-03
 -3.1473601e-01
  3.4537935e-03
 -1.9247582e-02
 -1.0484652e-02
  9.6850982e-03
  9.7041763e-03
 -2.7058743e-02
 -1.2729520e-02
 -2.6381328e-03
  4.0216837e-03
  2.4516167e-02
 -1.1369854e-01
 -1.0247068e-03
  3.9984034e-03
  6.1985599e-03
  1.5838904e-02
  4.3597475e-02
  1.5163455e-02
 -1.4109789e-02
 -7.0763774e-02
  4.2574960e-04
  3.0110765e-02
 -1.4632684e-03
 -2.3192167e-03
 -7.1262028e-03
  6.6865757e-03
  1.0122568e-02
 -1.2424640e-02
  6.2255729e-03
 -2.3859993e-02
  5.7782844e-02
  2.9271701e-04
 -1.3865268e-02
  1.1683437e-02
 -3.7545862e-03
 -4.1198740e-03
 -6.4201555e-03
 -7.6002069e-03
  2.6260600e-03
  9.0116002e-03
 -4.5603644e-03
  1.6631379e-03
  1.4130143e-02
  1.7125897e-02
  2.7554003e-03
  1.1203794e-02
 -2.5603212e-02
  1.1858002e-03
  2.5104202e-02
 -4.6734349e-05
  4.5071309e-04
  9.4158610e-04
  1.9272421e-02
  3.0449573e-02
  2.1743484e-02
  3.8398339e-03
 -2.6127405e-02
  1.2785016e-02
  6.2289760e-03
  4.5048697e-03
 -3.5502151e-01
  3.1648546e-02
  4.5699739e-01
 -9.4913319e-02
 -1.9822466e-01
 -3.8202950e-01
  7.8700441e-01
  3.7890375e-02
 -1.1612456e-01
 -7.7356681e-02
 -4.5578036e-02
  1.7434509e-03
  9.1559790e-02
  4.1382289e-01
 -3.9536753e-01
 -4.3526426e-02
 -1.5726450e-01
 -1.1762762e-02
 -2.4846363e-01
  1.2199659e-01
 -1.0586383e-02
  2.1207371e+00
  1.3281672e-01
  2.2923446e-01
  1.8475161e-01
  2.0249560e-01
  1.7354123e-02
  7.4213848e-02
  5.1651071e-03
 -4.0877867e-02
 -1.0123575e-01
  5.9859292e-03
  9.2379741e-02
  1.8574823e-02
 -2.1479903e-02
  7.2482256e-03
  7.4503873e-03
 -3.8820407e-01
 -1.2602914e-02
  6.5260036e-03
 -6.7319111e-03
 -1.1709289e-02
  8.2808994e-02
  1.1890979e-02
  5.9862440e-03
 -1.4057264e-02
 -6.1493051e-01
  7.7141210e-02
 -3.0409195e-05
 -2.1940751e-03
 -5.9584244e-03
  9.8773539e-03
  4.6970830e-03
 -4.4642650e-03
 -7.7903578e-03
 -3.4249488e-02
  1.4545527e-02
  3.8036057e-03
  1.1787021e-02
 -2.3708248e-03
 -1.3324225e-02
  6.4512021e-03
 -3.0607763e-03
 -2.8078936e-02
 -1.2542359e-02
  1.9601656e-03
  4.2964898e-02
  5.1338684e-02
 -2.2935785e-02
  1.9303400e-02
  8.3227293e-05
  3.0631479e-02
  7.4734092e-03
  1.0692126e-02
 -1.5786182e-02
  1.5543065e-02
  1.1071298e-02
  1.2115313e-02
  8.8721458e-03
  8.7648258e-03
 -1.8831968e-02
  4.0654745e-03
  2.0186128e-03
 -4.0417365e-03
  5.4377623e-02
 -2.1916967e-02
  1.3706829e-02
  1.1368479e-01
  1.1877175e-03
  5.3680027e-03
  3.1169220e-03
 -1.9213057e-04
  9.3167117e-03
 -9.1727627e-03
  1.4823833e-02
  7.0362827e-03
 -5.3079114e-03
  4.5442709e-04
 -1.2196512e-03
 -1.0280318e-02
  1.3797648e-01
  2.3682475e-02
  3.6024000e-03
 -4.6520028e-03
  6.9594425e-03
 -4.8283918e-04
  2.8579950e-03
 -8.9339782e-03
  3.1867749e-03
  2.2589473e-02
  7.6622805e-03
 -5.6506060e-02
  3.3305301e-03
 -1.0500976e-02
 -2.0477502e-03
  6.4037368e-03
  2.1689713e-02
  5.8083115e-03
  6.3730087e-03
 -2.7953396e-02
  8.8035181e-04
 -2.6082820e-03
  3.1289324e-02
 -1.1570256e-02
  9.7883828e-03
 -6.5267561e-03
 -1.5863895e-03
  6.9582248e-03
 -6.1868778e-03
 -6.5959655e-03
  3.3684021e-03
 -1.9930340e-02
 -5.0210785e-03
 -2.2823038e-04
  5.9234230e-03
 -2.3260172e-02
 -2.9273392e-03
  2.1227129e-02
  1.5978197e-02
  8.2719512e-04
 -1.9445171e-03
 -1.2316633e-02
 -5.4509330e-01
  1.7614687e-02
  2.4372488e-02
  1.7461522e-02
  1.0738999e-03
 -1.5759746e-02
 -1.7719831e-02
  9.4471807e-03
  1.8779196e-02
  1.2229336e-02
 -4.0359898e-03
 -2.8313396e-03
  1.2264117e-03
  1.4779501e-03
  1.8945732e-03
 -5.6517655e-03
 -6.5490222e-03
 -4.6834680e-03
  9.5525365e-03
  3.2613732e-02
 -3.6607832e-02
  1.8585542e-02
  2.3799471e-03
  7.2275875e-03
  4.1775305e-02
  4.5781508e-03
 -1.3384723e-02
  1.3909877e-03
 -2.0958153e-03
 -1.0198723e-02
  4.1884035e-03
 -1.2240243e-02
 -6.4201331e-01
 -1.3055048e+00
 -1.0036100e+00
  9.8476596e-02
 -4.0568092e-01
 -5.9145826e-01
 -6.3171163e-02
  7.4390012e-01
  2.9555777e-01
  2.8321534e-01
  1.1987037e-02
 -1.0304486e-03
 -4.2858669e-03
  7.5646732e-03
  5.0619012e-01
  7.8967936e-02
 -8.4904546e-01
  1.2078527e-02
  1.7708343e-01
 -4.8343693e-03
 -2.1344236e-01
  5.2538633e-01
  6.8765461e-02
 -4.1749600e-01
  2.7479950e-02
 -1.4284108e+00
  1.1712482e-02
 -1.1042104e-01
  2.4840815e-01
 -2.0301944e-01
 -1.4913645e-01
  2.9032433e-03
 -4.0644437e-01
  3.1428169e-03
  1.1389250e-01
  3.9205685e-01
  6.5448112e-03
 -9.5235780e-03
  4.3504741e-03
 -8.9058772e-02
  5.3149881e-03
  7.9214089e-03
 -1.0950702e-02
  1.5744295e-02
  6.6933066e-02
  2.0859549e-03
 -1.4265877e-02
  4.4648051e-02
  1.5271297e-01
  2.5724493e-02
  1.1785407e-01
  6.3343043e-03
  4.1513797e-02
 -3.0490601e-02
 -9.4614467e-03
  2.9749863e-03
 -1.0983945e-02
  2.8003273e-03
 -9.6351773e-02
 -5.1390551e-02
  1.0043263e-02
  3.0311679e-03
  3.0532923e-02
 -2.4021156e-02
 -1.8094910e-02
 -1.3686724e-01
 -4.8060720e-03
 -1.1617497e-01
  4.2554624e-03
  3.7230629e-02
 -3.6246004e-03
  4.4930991e-02
 -3.1435326e-02
 -2.6051186e-02
  1.9487090e-02
 -2.7008612e-02
  1.8138313e-01
 -4.7783405e-03
 -1.7857192e-02
 -2.7562326e-02
 -1.5702367e-02
 -5.4445714e-03
  1.2686470e-02
  5.2370122e-03
 -5.0337333e-03
 -1.8473787e-02
 -3.0641857e-04
 -8.8490248e-03
 -8.2130944e-03
  2.3209245e-03
 -8.5946899e-03
  3.9944393e-03
  1.6496234e-02
 -5.4469611e-03
 -8.0349892e-02
  8.6968653e-03
 -8.0060167e-03
  2.0956474e-03
  8.6552100e-03
  9.8853847e-03
 -2.4326411e-03
 -1.7448075e-02
  8.2250936e-03
  1.9137160e-03
 -1.0348910e-02
  1.2188403e-02
  1.3158991e-03
 -2.8531882e-03
 -7.6990630e-03
 -2.7146719e-03
  3.6031022e-03
 -1.0994808e-02
  6.5060658e-03
 -1.6135484e-01
  2.8036903e-03
  6.5507339e-03
  1.7279642e-02
 -1.6502831e-03
  1.3058085e-02
 -3.7534907e-03
 -4.7173118e-03
  2.1216342e-02
 -3.6934777e-03
  7.1459677e-04
  4.4992743e-03
 -1.3082115e-03
 -2.4007212e-03
 -2.1583573e-03
  9.7715659e-03
 -1.4004083e-02
 -8.5781254e-03
  7.3858565e-03
  9.4245831e-03
 -2.4163146e-01
  3.0611854e-03
  1.3030439e-03
  7.7462190e-01
  1.1252202e-02
 -8.0424827e-03
 -8.2283467e-03
 -3.4433245e-03
  3.5177551e-02
  1.6693804e-02
 -1.1804603e-02
  8.3432477e-03
  4.0504925e-02
 -5.2614290e-01
  9.5696980e-03
 -3.5376737e-03
 -6.0194405e-04
 -3.2913469e-02
  3.7445626e-04
 -6.2680431e-03
  3.3033580e-02
 -2.0802845e-03
 -7.8913271e-03
  4.4750497e-03
 -2.9912498e-03
  3.5837051e-02
  6.1757369e-03
  1.4536235e-02
 -4.0135439e-04
 -2.7990535e-02
  4.7535577e-04
  2.8351044e-02
 -1.7356547e-02
 -1.0185509e-02
 -1.7187394e-03
  5.1264907e-03
 -1.4027502e-02
 -4.8619579e-03
 -7.0123747e-03
 -3.0046043e-03
 -7.5041465e-03
 -4.1341800e-03
 -4.6815343e-02
  4.5921816e-04
 -3.1955265e-02
  2.5751439e-03
 -4.8281495e-03
  2.4712238e+00
 -2.8292315e-02
 -2.8096121e-03
  4.8590656e-03
  1.6822832e-02
 -1.3703102e-02
  4.3192036e-03
  5.3509045e-04
  7.2186108e-04
 -3.2665674e-03
 -1.3245688e-02
  1.4671006e-03
 -2.6376069e-02
 -3.2128054e-03
 -2.6606224e-02
 -3.0418569e-03
  7.4629835e-03
 -5.3174207e-03
  6.0809040e-03
  2.4482666e-04
 -4.7143563e-03
  2.0623347e-02
 -1.6625322e-03
 -2.8882208e-03
 -1.1980744e-02
  1.1875181e-02
  2.1303841e-01
  1.7943999e-02
  1.1882789e-02
  2.7130380e-01
  3.0767940e-02
  9.2383437e-03
  3.1488307e-03
  1.4066165e-02
 -2.2508060e-03
 -1.1699868e-02
 -1.3020599e-02
 -4.0652263e-03
  1.4173462e-02
 -7.0828423e-03
 -5.6809830e-03
 -1.4462822e-02
  4.9155606e-03
  1.2820188e-03
 -3.8802803e-02
  8.1164413e-04
 -7.3618069e-02
 -7.3728128e-04
 -5.7548215e-03
 -1.3739919e-02
 -2.2088807e-02
  2.3343705e-02
  4.6105641e-03
  1.0089181e-02
  2.9692580e-03
  3.2782787e-04
  5.1621185e-03
  6.5753603e-01
 -1.7801356e-02
 -1.5820609e-02
 -9.5468834e-03
 -1.5067238e-02
 -1.0051711e-02
  2.7693983e-03
 -7.8333793e-03
 -2.0348979e-04
 -9.8018786e-03
 -1.1074321e-02
  1.8806852e-02
  3.0557420e-03
  3.2065709e-03
  2.7124401e-02
 -1.0592105e-02
 -1.2806671e-03
  4.5409719e-03
  4.9368893e-03
  1.2164204e-03
 -5.7514319e-03
 -1.0408929e-02
 -1.5771938e-02
 -1.1688536e-02
 -3.6264076e-03
 -8.9266207e-03
 -3.0307109e-03
  6.1062905e-03
 -4.4841655e-03
  9.8239547e-03
  1.4182727e-02
 -6.1160471e-02
 -1.3676654e-03
 -1.8335296e-02
 -5.7697087e-03
  1.1031605e-02
 -7.0269513e-03
  2.0415569e-04
 -3.8270567e-02
  4.5922752e-03
  7.1427866e-04
  4.8251557e-03
  3.1391354e-03
 -8.2782866e-04
  1.2877996e-03
 -7.1397703e-03
  1.0886893e-02
 -3.8463031e-03
 -5.4734759e-03
  1.3769466e-01
  8.0056526e-03
 -9.5952186e-04
 -1.5912538e-02
  3.5003778e-02
 -5.2762264e-03
  4.2873495e-03
  2.2946543e-03
 -1.2431247e-02
  6.2840590e-03
 -2.3276228e-03
 -1.6401508e-03
 -3.1116301e-02
  8.1843538e-03
  1.7452110e-02
  2.0051379e-02
 -9.3108299e-04
 -2.3194926e-02
  1.8664744e-02
  1.6269175e-02
  8.0953976e-03
 -2.8880481e-03
  1.1279930e-02
 -8.3717313e-03
 -2.7229050e-03
  1.4023677e-02
  1.9491221e-01
 -2.3384161e-02
  8.2142996e-03
 -1.6556829e-02
 -5.2063977e-03
  1.3764694e-02
  3.0353136e-02
  4.1862577e-03
  5.7882369e-03
  6.3468711e-03
 -5.4927077e-06
 -1.9420804e-02
  2.1241638e-03
 -3.5018329e-02
 -1.0712316e-02
  7.7056955e-03
  1.7021099e-02
 -1.3020174e-02
 -1.3622675e-02
  1.8624237e-02
  1.8009856e-02
 -2.8516179e-02
 -6.4097848e-03
  4.1367593e-03
  1.5921148e-02
 -1.5142135e-02
  4.4665579e-04
  2.5150292e-03
 -1.2479423e+00
  1.2905903e-01
 -8.5000638e-03
 -5.4592445e-02
 -1.6880399e-03
  2.6477335e-03
 -9.0135615e-03
  8.3273277e-03
 -2.5200041e-03
  1.3616982e-02
 -1.8348827e-03
 -1.8626090e-02
  4.2171972e-03
  4.2781364e-03
 -3.0497523e-02
  8.8623092e-03
 -1.2768923e-02
  1.3800958e-02
 -8.6389426e-03
  4.4515342e-03
 -2.9438708e-02
 -9.8442808e-03
  1.9715227e-02
  2.6115051e-02
  5.1608710e-03
 -1.2986569e-02
  5.0345166e-03
 -4.1906051e-02
 -1.1608494e-02
  1.0110118e-04
  3.4070612e-04
 -3.1313321e-03
 -3.0894000e-02
  2.5991569e-03
 -1.0405563e-02
  3.5998113e-03
 -5.8805072e-03
 -1.9028775e-03
 -2.5533045e-02
  8.6554419e-03
 -1.3249887e-02
 -4.4975802e-03
 -5.4608225e-03
  1.0777725e-02
  1.3176320e-02
  2.2804450e-02
  7.7927476e-03
  2.3125680e-03
  1.6274111e-02
  2.1138557e-03
  2.7824484e-03
 -3.0543571e-03
  7.4441070e-03
  1.3519092e-02
  6.4795967e-03
 -1.5226752e-03
 -5.2232653e-01
 -1.7085338e-01
 -2.6359507e-01
  1.4491457e-01
  3.9108872e-01
  1.0500692e+00
 -4.5108160e-01
 -8.3466582e-02
  6.6250455e-01
  7.8860754e-01
  3.7925395e-01
  4.1587138e-01
  3.1505847e-01
 -4.6690810e-02
  6.9606650e-01
  4.4707808e-01
 -4.3813041e-01
  1.3452867e+00
 -1.4758970e-01
  9.8511988e-01
  1.0031149e+00
  3.5024595e-01
 -2.4180247e-02
  1.3175691e-02
  6.2679297e-01
  8.2142240e-01
  1.7950944e+00
 -3.5427141e-01
  8.3649397e-01
  4.4215675e-02
 -1.5173692e-01
 -1.1575697e-02
 -1.4561369e-01
  3.0357650e-01
 -4.5872954e-01
  6.9834363e-01
  3.8301113e-01
  2.1197432e-01
 -3.7764856e-03
  5.9352629e-02
  8.4542893e-03
 -1.9730499e-02
  1.9708276e-03
  1.6211405e-02
 -5.0157367e-05
  2.6541788e-02
  9.4331624e-03
  8.4404675e-03
 -1.7774647e-02
 -4.1346671e-03
  1.2695933e-03
  1.2226270e-02
  1.0041418e-03
  9.4396407e-03
 -7.9864915e-04
 -1.6217884e-03
  6.9204252e-05
 -1.0429608e-02
  9.5666694e-03
  3.0800856e-03
  1.1254285e-02
  6.2087802e-03
  1.5155422e-03
  6.0488381e-03
  1.4001491e-03
 -2.1057224e-03
 -3.4664311e-02
 -3.3759452e-02
  9.6019655e-03
 -1.3982099e-02
 -2.1306114e-02
  4.4967607e-04
 -3.9137557e-02
  9.7342453e-04
 -3.1289791e-03
 -1.0792947e-02
  9.9880912e-04
  5.5310223e-04
  1.6532896e-02
 -1.3709709e-02
  6.4177788e-04
 -1.3574407e-02
 -7.8127431e-03
  2.1285038e-02
 -8.0662649e-03
  1.6807215e-02
  2.0053571e-02
  1.7720187e-02
  1.3035958e-01
  4.0196866e-01
 -2.4633968e-02
 -2.8498610e-03
  2.2598945e-01
  5.4682225e-01
  5.9512359e-01
 -2.9749995e-01
 -3.4108871e-01
 -3.1948459e-01
 -1.3323277e-01
  1.6038552e-02
 -2.1381794e-01
 -4.4643950e-02
 -5.6435138e-01
  6.2537879e-02
  1.1763543e-01
 -7.7658348e-02
 -7.5294808e-02
 -3.4247905e-01
 -2.1723207e-02
 -5.3731356e-02
 -4.1678688e-01
  5.2962866e-02
 -5.9538856e-02
  7.1241444e-01
 -6.8051100e-02
 -7.9836160e-02
 -3.9657724e-01
 -1.9915774e-02
  2.6092075e-02
 -5.1961298e-04
  1.3518777e-01
  9.7592957e-03
 -1.7523828e-01
 -2.9588956e-01
 -2.1346467e-02
  1.6074344e-03
 -1.5510006e-03
 -8.8822227e-03
 -1.2947284e-02
 -1.0873716e-01
 -5.3559837e-04
 -3.2755945e-02
 -1.3822214e-02
  4.2554307e-01
 -1.1420140e-02
 -1.7081381e+00
 -1.4515667e+00
 -1.3686208e+00
  2.8838433e-02
  1.2510551e+00
 -1.0945544e+00
  1.1560439e+00
 -7.6805884e-01
 -4.1265436e-03
 -4.1421658e-01
  7.0815349e-01
  1.0944679e-01
  4.8180655e-02
 -1.6537002e+00
  1.2994145e-01
 -6.0868675e-01
  1.8978246e-02
  6.0470647e-01
  6.8284118e-01
 -2.3712826e-01
 -3.3889580e-01
  2.6516476e-01
 -7.2239900e-01
 -3.8526037e-03
  8.2440859e-01
  4.3443036e-01
 -7.2010928e-01
 -3.7548411e-01
  6.1899271e-02
 -3.2642409e-01
 -2.1580517e-02
 -4.6141756e-01
  4.6934530e-02
 -1.6328827e-02
  5.2089533e-03
  5.9093222e-02
 -5.5369353e-01
  2.6687687e-02
  5.9860937e-02
 -4.3982163e-04
  2.4354816e-03
 -2.5840636e-02
 -1.7676534e-02
 -5.4680977e-02
  5.6892852e-03
 -5.8547240e-02
 -2.9936142e-03
  4.7877468e-03
 -4.8727728e-03
 -3.6465300e-03
  3.1770300e-03
 -3.6630682e-03
 -3.2533947e-03
  1.3743388e-04
  6.7110057e-04
  2.7367190e-02
 -1.1221039e-02
  4.3649063e-02
  2.0638781e-02
  1.3795964e-02
  3.1383056e-03
 -1.0640065e-02
 -1.1401987e-02
 -1.9999279e-02
  6.0048368e-02
 -1.4642656e-02
 -2.2472437e-02
  3.3584572e-03
 -6.6102971e-03
  6.3195927e-03
  6.3930750e-03
 -3.9423853e-03
 -1.7469361e-02
  6.5828492e-03
  6.2843398e-03
  1.6363740e-03
  3.6556888e-03
 -8.6890534e-03
 -7.0530069e-03
  2.2847557e-02
  8.7335147e-03
  1.2887426e-02
 -8.7692309e-04
 -5.2455789e-04
  1.9712029e-03
 -9.2172273e-02
 -2.4670998e-02
 -1.0547017e-01
  1.8284731e-02
  5.5938280e-01
  1.1753831e+00
  7.6804173e-01
  1.9727756e-01
  8.5294837e-01
 -8.4240906e-02
 -9.8581444e-03
 -2.0108957e-02
  6.6942107e-03
 -1.7072845e-02
 -1.2150752e-02
  1.0463239e-02
  1.3792234e-03
 -6.7187332e-02
  7.6573497e-01
  1.4612961e+00
 -7.2124866e-03
 -1.7589778e-01
  1.2841526e-02
  3.0218789e-01
  7.7903150e-03
 -5.7040852e-01
 -6.3946540e-03
 -4.8356754e-01
  5.0903503e-03
  6.1210203e-01
  1.2082944e-01
 -3.6878014e-01
  5.0484598e-02
 -1.5839839e-02
  7.5284382e-03
  3.8597558e-02
  3.8716593e-04
 -8.8682876e-04
  5.5905432e-03
  1.7868328e-01
 -1.6561124e-02
 -2.7015714e-02
 -1.8031786e-03
 -4.0454380e-03
  2.1437202e-01
 -2.0074429e-02
  2.5880274e-03
  2.7569974e-02
  1.4202544e-02
 -1.6589260e-02
  3.2982980e-03
  1.7624997e-01
 -9.4346382e-02
 -3.3305135e-01
 -3.3455681e-02
 -8.8620884e-03
 -9.6953865e-03
  9.5000863e-03
 -1.4616510e-01
 -5.7419971e-02
  1.6119167e-01
 -2.0983618e-02
  2.2124930e-01
 -1.1435686e-01
  2.2596337e-02
 -1.3374269e-02
 -1.1226673e-01
 -2.8086333e-02
 -3.4473307e-02
  1.0842528e-01
 -1.3490144e-02
 -8.5347787e-02
 -1.6041517e-01
 -4.1706752e-02
  1.2834764e-01
 -1.6422709e-02
 -3.9102477e-03
 -8.5184231e-02
 -1.5347851e-02
  9.0981098e-03
 -4.0532827e-02
 -9.8816171e-02
  8.9614354e-03
  5.3987823e-02
 -1.1527828e-02
 -2.2698317e-02
  3.8950969e-03
 -3.3677239e-02
  2.0128217e-02
 -2.5031224e-02
 -8.1759980e-03
 -4.6448469e-02
 -1.7717537e-03
 -2.9710075e-04
 -1.2543637e-02
 -2.7439553e-02
 -4.3485141e-03
  6.0013309e-04
  8.5323891e-03
 -1.1801472e-02
 -1.8915342e-02
 -1.4452964e-02
  1.2023318e-02
  1.4879865e-02
  5.3388631e-04
  1.8603630e-02
 -8.4470725e-03
  1.9621314e-03
  4.7072656e-03
  1.1200617e-02
 -2.3899583e-02
  3.6845721e-02
  7.9679373e-04
  4.8890244e-03
  1.2605974e-02
  6.6106699e-02
  1.3484593e-03
  2.1681390e-03
 -4.6341993e-02
 -7.0700441e-03
 -9.6765999e-04
 -1.3969811e-02
 -3.8692500e-03
  9.0314867e-03
  3.4003514e-03
  2.8781068e-02
 -1.8791605e-03
  1.1272286e-02
  1.8730659e-02
 -3.1397766e-03
  8.9255897e-03
  1.1886416e-02
  4.6214154e-03
 -1.7777190e-02
  9.0037677e-03
 -1.0093371e-03
  1.4143519e-04
  1.7501707e-03
 -1.0422426e-02
  5.0311886e-02
  5.8366125e-04
  8.4509631e-04
  3.0898578e-03
 -1.5407654e-02
 -1.1441375e-02
 -2.9127765e-04
  1.1322058e-01
  1.9895947e-03
 -1.4254758e-02
  3.1985536e-02
 -2.0129606e-02
 -3.9180357e-02
 -3.2081963e-03
  4.0275631e-03
 -8.9137387e-03
 -4.6071010e-03
  8.1144767e-03
 -8.9058955e-04
 -5.9967046e-05
  3.7410844e-03
 -9.7518675e-03
 -6.9560325e-03
  7.1453964e-03
  1.0457356e-02
  2.2703102e-03
 -8.7437090e-03
 -1.5461497e-03
 -4.0545873e-03
  6.6681802e-03
 -6.2652249e-03
  2.9296181e-03
  1.1681485e-02
  8.9500425e-04
  2.0835692e-02
 -2.2756020e-03
  7.1435077e-03
  7.4095367e-03
  4.5289742e-04
  1.3533025e-03
 -9.9373423e-03
 -7.1064204e-01
  1.1918795e-01
 -7.1855567e-02
 -5.0314595e-03
  2.8431790e-03
 -1.7446388e-02
  2.9223971e-04
  1.4965444e-02
 -3.9960467e-03
 -8.8017751e-03
  7.1640718e-03
 -8.7281531e-03
 -4.1694909e-02
  1.2880550e-02
  1.1632402e-02
 -1.3964818e-03
 -7.9147518e-03
 -2.3263341e-02
 -1.7388137e-03
  2.7563442e-02
  1.5005384e-02
  5.8663633e-02
 -1.3792745e-02
  2.1255019e-03
  1.8219924e-02
 -1.8481376e-02
  4.3148752e-03
 -2.8623786e-02
  3.0837202e-04
  2.8671860e-04
 -6.9864658e-03
 -8.3806291e-03
  1.5216677e-02
 -5.6963693e-04
  6.0997051e-03
 -1.1322089e-02
  5.8685555e-03
 -1.8141469e-02
  6.8547279e-03
  4.3805782e-03
 -1.0627500e-02
 -1.1894925e-02
 -1.0331974e-02
  1.0143779e-02
 -2.5499953e-02
 -8.9238514e-04
  2.5103292e-03
 -2.7419100e-02
 -4.2919605e-03
  1.6942987e-03
  1.4599678e-02
 -5.0976365e-03
 -1.4896240e-02
 -1.0616883e-02
 -2.1838984e-02
  1.2237468e-02
  2.4477098e-02
  7.6503986e-03
  1.8725805e-02
 -4.7859205e-03
  1.5068401e-03
 -9.8810047e-03
 -9.6807629e-03
  1.5134273e-02
 -3.2279644e-02
  1.8437196e-02
  1.4002622e-02
 -7.6501477e-03
 -1.5497027e-02
  1.3069090e-02
 -3.2956030e-03
  6.4717196e-03
  1.0963235e-04
 -2.6381891e-02
  2.2317343e-03
 -2.5188018e-02
  1.9510577e-02
  6.2609729e-03
 -1.5879858e-02
 -4.0377956e-03
  6.7074038e-03
  1.5710836e-02
  6.0328776e-03
  1.9027369e-02
 -1.9810544e-01
  1.1973828e-04
  6.4569470e-03
 -1.2560435e-01
 -2.4658905e-01
 -6.5802410e-02
 -5.9068482e-02
 -7.4835410e-03
 -2.4032874e-03
  4.6726692e-01
  3.4034647e-02
 -2.1500409e-02
  8.8409662e-02
 -2.5786800e-02
  6.7690983e-02
  1.1933427e-01
 -2.2772973e-02
  1.5550232e-02
 -7.8355577e-03
  1.8093422e-02
  3.8982004e-02
  1.6086690e-01
  1.8722886e-01
  5.2057747e-02
  6.7824677e-02
 -1.0218510e-01
  2.4249271e-02
  3.1221230e-03
  1.4655189e-02
 -7.6515153e-03
 -1.0318520e-01
  3.8440863e-04
 -6.1578238e-03
  6.9987454e-02
  1.3326941e-03
  2.2198857e-01
  6.3997537e-02
  1.7797926e-02
  5.9269636e-04
  5.0199539e-03
  6.3747004e-02
  2.0870999e-02
 -1.3576444e-02
  1.9246411e-02
 -3.9085370e-02
 -2.7497080e-01
  1.1692621e-02
  2.2372994e-01
 -1.7217854e-01
  1.3510154e-01
 -2.0819379e-03
 -2.9861602e-01
  1.4736030e-01
  2.5051184e-02
  4.9075820e-02
 -1.4478289e-02
  1.1166190e-01
 -1.2572096e-02
 -4.3563675e-03
  3.8925073e-01
  2.9313615e-02
  6.6198688e-03
  2.0457368e-02
  2.7500369e-02
  1.7053382e-01
  1.7620125e-03
  3.0070654e-01
 -2.5802854e-02
  4.3267910e-03
 -1.8888980e-02
  3.7245327e-03
  4.7597489e-03
  6.8650019e-01
 -1.2062343e-02
 -1.5489609e-02
  2.1560701e-02
 -9.7649097e-03
  1.5565720e-02
 -7.4337986e-03
  1.1123983e-02
  4.9092034e-03
  5.7365522e-02
 -3.5933603e-02
 -1.4710940e-02
  1.8484732e-02
  1.5239224e-03
  1.8609541e-03
 -1.0880916e-02
 -4.0799724e-03
 -1.4381991e-03
 -4.2639924e-03
  2.3869313e-02
  3.1350779e-03
  3.7254591e-02
  8.2472488e-03
 -4.4938615e-03
 -1.3032701e-02
 -9.6604340e-03
  2.8005899e-03
  7.2344090e-03
  7.2798547e-03
  8.5175540e-03
  5.1172078e-02
 -6.5811519e-03
 -4.3928856e-03
 -1.0729112e-02
 -7.6698652e-04
 -1.1706585e-02
  8.1041018e-03
 -2.7616143e-02
  2.1813277e-02
  3.8689536e-03
  8.6237378e-03
  1.4827402e-02
  6.5656966e-03
 -7.8794220e-03
 -5.8096712e-03
 -1.3408841e-02
  1.7942861e-05
 -8.8782224e-04
 -4.9217622e-04
 -1.3239226e-02
  1.1572289e-02
 -6.4630606e-03
 -6.8323761e-02
 -2.5101872e-03
 -7.5784228e-03
 -2.3448374e-03
 -6.2414347e-03
 -2.3965187e-02
 -9.4312709e-03
  2.4803649e-03
  4.5979936e-02
 -1.1005683e-01
  2.4642060e-03
  2.2763228e-03
  6.0113473e-03
  4.2562568e-04
  3.7367813e-02
  7.2722979e-02
 -2.2093938e-01
 -3.1836537e-01
 -3.1269109e-03
  1.1834884e-01
 -8.9086741e-03
  6.8919566e-03
 -2.1250089e-01
 -4.9764950e-02
  4.8380601e-03
 -3.1078621e-03
  1.0915176e-01
 -1.3293724e-02
 -4.1393717e-03
 -1.5072194e-01
  5.4438906e-03
 -1.7614478e-02
 -1.8023928e-01
  7.0999311e-03
  7.1280086e-03
  1.4722093e-02
 -1.8963949e-01
 -1.4156960e-02
  7.2502188e-02
  1.2754475e-03
  9.2560360e-03
 -8.7632522e-02
  1.6279910e-02
 -7.2195590e-02
 -5.2784644e-02
 -3.4663621e-02
 -1.7916836e-02
  5.8094831e-03
 -3.3132064e-03
 -7.8359187e-02
  7.9207551e-03
 -1.2961772e-01
 -2.8572088e-01
  8.0475518e-03
  2.8325254e-03
 -1.0221927e-02
 -3.3213648e-01
  1.5302708e-02
  4.8563615e-03
 -6.6990592e-03
 -6.9569831e-04
 -8.5786097e-02
 -1.1601360e-03
  3.0889481e-03
 -6.4390800e-03
  7.1958397e-03
 -1.4031428e-02
  1.3556423e-02
  6.9504684e-01
 -8.4329560e-02
 -1.6871104e-02
 -1.4344254e-02
  9.3338883e-04
 -8.4846048e-03
 -1.0865294e-02
 -1.0191017e-02
 -4.0961243e-02
 -4.8847022e-03
 -5.5051688e-03
 -3.1017950e-02
 -6.1548632e-03
 -8.1190104e-03
 -1.0868145e-02
 -4.8486022e-03
 -6.6597825e-03
 -2.5150464e-03
 -3.0455855e-01
 -1.5818968e-02
 -1.1870071e-02
  5.4458296e-03
  5.5676792e-03
 -8.7131700e-03
  5.2106846e-03
  6.8056397e-03
 -9.9276155e-03
 -9.8784529e-03
  4.4555767e-03
  1.0439276e-02
  9.8750573e-03
  2.5866036e-03
  1.2246205e+00
 -1.0682803e-02
 -4.9943291e-03
  8.9004496e-03
 -2.1610336e-02
 -6.5931909e-02
 -3.4728859e-02
  6.2966808e-03
 -3.7812348e-03
 -8.6003151e-03
 -3.4457119e-03
 -1.6320940e-02
  2.2662522e-03
  2.9201841e-03
  2.3793902e-02
 -2.4252012e-04
 -1.2668320e-03
 -1.3266465e-02
  3.0013872e-04
 -2.7417256e-02
  1.5731497e-02
 -9.5831160e-04
  1.7022885e-02
  3.4507995e-03
 -3.1124237e-03
 -7.1702376e-03
 -1.6549905e-03
  1.1505537e-02
  5.2684261e-03
  1.0540730e-02
  2.4387329e-03
  4.4963700e-03
 -1.3371157e-03
  1.6080685e-02
 -6.1336202e-03
 -1.1125118e-03
  8.6847681e-04
  4.8399881e-02
  2.6094630e-02
  2.2571057e-04
  2.4427408e-01
  1.8809253e+00
 -3.2569534e-01
 -1.4984363e-01
  8.4726095e-01
 -2.9635531e-01
 -1.3785976e-01
 -2.9820228e-01
  1.4216476e-02
  8.8993996e-02
  2.0203985e-01
 -5.1174635e-01
 -2.1241441e-01
 -1.3204016e-02
  3.4092218e-02
  2.2637542e-01
  2.3883283e-01
  7.2004922e-02
  6.5277857e-01
  3.6342025e-01
  6.2130358e-02
  8.7981030e-02
  3.2041928e-01
  1.7967436e-02
  3.3033383e-04
  2.0366755e-01
  2.7335985e-02
  4.8157286e-02
  9.1564678e-02
 -3.1739891e-02
 -1.7980767e-02
 -2.9155850e-01
 -5.6000752e-03
  4.9116574e-02
  2.9048708e-01
  2.0262168e-01
  1.8966872e-03
  6.6098673e-03
  2.0605156e-02
 -4.3333787e-03
  4.7502210e-03
 -2.2153689e-02
 -1.5484964e-02
  2.6340594e-03
  2.7696434e-02
  4.5493089e-02
 -2.1758634e-01
  3.4527472e-01
  4.0256104e-01
  1.0099244e+00
  3.9089888e-01
 -3.4894747e-01
 -1.9625124e-01
 -1.8514772e-01
  2.2626800e-02
 -6.3264165e-03
 -2.6672665e-02
 -1.5390543e-02
 -2.0295745e-01
 -1.7463285e-02
 -1.0783397e-02
 -1.0260021e-01
 -1.0777241e-02
 -9.7143777e-02
 -5.7146784e-02
 -2.3000492e-01
  1.1910794e-02
 -4.6998408e-02
 -4.4547725e-02
  4.4501994e-02
 -1.0628607e-02
 -1.3078910e-01
 -1.7829247e-01
  2.3786385e-01
  3.5699990e-02
 -1.2723432e-03
  3.9873030e-02
 -2.4766967e-02
 -1.9978520e-02
 -1.9417217e-01
 -9.8846648e-03
  1.5845431e-02
 -3.5753183e-03
  1.2184873e-02
 -6.0317316e-03
 -3.8395351e-01
  4.3804165e-02
 -3.0432913e-02
  5.3619640e-03
  9.8088309e-03
 -3.4256715e-02
  2.0751067e-02
 -2.3265064e-02
 -9.4572461e-04
 -7.9517988e-03
 -1.4205591e-03
  2.1916445e-02
  4.8379572e-03
  1.4921308e-02
 -7.9744577e-04
 -3.1028697e-03
  3.9711017e-03
  4.3789260e-03
 -8.1546442e-04
 -9.4388146e-04
  1.8534291e-03
 -1.5250504e-02
  1.3919606e-02
  5.6220958e-04
 -1.2756800e-02
 -5.4265521e-03
 -8.0958251e-03
  7.7218669e-03
 -1.3066810e-02
 -1.1737003e-02
  2.7831725e-03
 -1.9480599e-02
  3.6182236e-02
 -1.3869915e-02
 -1.9900821e-02
  1.8626422e-02
 -3.3342233e-03
  3.3370149e-04
 -1.4081355e-02
 -8.0053639e-03
  2.0984397e-04
 -3.7166197e-03
 -1.5798973e-02
 -1.1509238e-02
 -2.3665950e-02
  1.0710050e-02
  1.0531618e-02
  1.4151345e-01
 -1.4188571e-02
  1.9236470e-02
 -3.3933446e-03
  7.6422252e-02
 -1.0249751e-02
 -3.4652301e-03
  2.5265894e-03
  5.0491625e-03
 -1.7292485e-02
 -7.6125474e-03
 -1.9543794e-04
 -1.7263841e-02
  7.4053821e-03
  4.0336465e-03
  1.6078208e-02
 -1.3100783e-02
  3.8665306e-04
  2.5847657e-03
 -1.2134006e-03
  2.8060040e-02
  3.9306958e-03
  4.3373607e-04
 -3.3357850e-01
 -1.1139854e-02
  9.2492938e-02
 -5.5779357e-02
  1.6124683e-02
 -1.1744585e-02
 -1.5374603e-02
  4.8318203e-03
  1.6468057e-02
  9.0583652e-04
 -7.5849728e-03
  1.5542260e-02
 -2.0935770e-02
  1.0839589e-02
 -9.5548620e-03
  6.6311210e-03
 -1.7099070e-03
 -9.2683733e-04
 -1.2762440e-02
 -1.5384113e-02
  8.9847203e-03
 -4.9724084e-01
 -5.9408233e-02
 -1.2482175e-01
  1.0836926e-01
  1.2992684e+00
  7.3528129e-01
 -5.4864967e-01
 -7.3814146e-02
  2.8003958e-01
  6.7908323e-01
  3.8541266e-01
 -1.6062038e-01
  1.0394571e+00
 -8.4891951e-01
  1.6769176e+00
  7.1965909e-01
 -2.3090182e-01
  1.7948641e-03
  8.9785159e-02
  6.5353209e-01
  2.6048170e-02
  1.5803164e+00
  2.6087466e-01
 -9.3219197e-01
  2.4510014e-01
  3.5239526e-03
  8.1204134e-01
  2.5139681e-01
  1.4862159e+00
  1.2941588e+00
  2.1987599e-03
  2.9358378e-01
 -2.6313707e-02
  3.9413553e-03
 -1.2757243e-02
  8.7194079e-01
  8.6565107e-01
  4.3057296e-01
 -1.5652150e-01
  2.8380257e-01
  2.7656415e-03
 -2.4479209e-03
 -2.2822839e-01
  4.7174070e-02
  1.6422061e-03
  1.0870649e-03
 -3.1951252e-02
  2.3450814e-02
  2.4559107e-01
 -5.4394468e-03
 -1.9334566e-03
 -5.2430951e-03
 -1.2492840e-02
  2.4154286e-03
  3.0274817e-03
 -1.8689269e-03
  2.0763704e-03
 -1.8902560e-03
 -2.1786906e-02
  8.5643679e-03
 -2.9970845e-02
  8.0838818e-03
  6.9510872e-03
 -3.4482542e-02
 -1.3480889e-02
 -1.3320054e-01
 -2.6297031e-03
  5.6121349e-02
  7.1183695e-03
 -9.7735981e-03
 -3.0090327e-03
 -4.3790708e-03
 -8.5972436e-03
 -2.8733797e-02
  2.7796410e-03
  1.3855559e-02
  7.1690680e-04
  8.6081075e-03
 -1.4743432e-02
  3.0425109e-03
 -2.3822660e-02
 -8.9705922e-03
 -9.9344067e-03
 -5.3032389e-05
 -6.5401029e-03
  7.6207728e-04
  2.0254314e-02
 -3.4583125e-02
 -2.3669954e-01
 -5.2759238e-03
  6.7762733e-03
  4.1696543e-01
  3.6979070e-01
 -1.2879105e-01
  7.3668198e-03
 -1.5326223e+00
  8.6194173e-02
  1.6968302e-02
  2.0143930e-02
 -1.7846556e-02
  1.0159790e-01
 -9.4708223e-03
  2.8639993e-01
  2.0112498e-03
 -1.4764007e-02
 -5.2179564e-03
 -1.7650436e-01
  1.0840050e-02
 -5.1412184e-02
  7.3344499e-02
 -4.1259438e-02
  2.9021075e-02
  6.7673303e-02
 -1.9452302e-01
 -2.2305101e-02
  2.5644161e-02
 -3.7891051e-04
 -2.5725434e-02
 -3.9126896e-03
  3.2900780e-02
 -3.9186019e-02
  1.8249111e-02
  4.1725207e-03
  8.0672717e-03
 -3.7395612e-03
 -2.2391185e-02
  2.0086390e-03
 -2.6563918e-03
 -1.1276355e-02
  8.7822685e-03
 -5.5532539e-03
  2.5594542e-02
 -1.7205762e-02
 -1.7337508e-03
 -5.1614451e-03
  1.2934266e-03
  2.6428249e-02
  7.4977051e-03
 -4.5246687e-03
  1.2593805e-02
  1.8382063e-02
 -1.9830871e-02
  2.1790075e-03
 -4.3287207e-03
  7.7647716e-03
  9.7066239e-03
  6.7923754e-03
 -1.6116431e-02
  8.7998416e-03
 -2.2049766e-02
 -4.4412434e-02
  5.6279935e-03
 -2.5115232e-03
 -1.2449411e-02
  2.2594326e-03
 -2.9239673e-02
 -2.3468086e-01
 -1.0291602e-02
  8.9705074e-03
  2.5094375e-03
 -7.1620964e-04
  1.3071878e-02
  5.3814088e-04
 -7.6192934e-03
 -4.1810023e-03
  1.4792625e-02
 -4.6232720e-03
 -7.2462354e-03
  2.7186682e-03
 -1.3332109e-02
 -1.3626334e-02
  3.8837832e-03
  7.7710976e-04
  3.3713407e-03
  2.9385677e-03
 -1.5907770e-02
  8.9432234e-03
  4.7541037e-03
 -1.2749106e-03
  8.7484866e-03
  3.2501160e-03
  2.9533440e-03
 -8.5018035e-03
  4.8136361e-02
  3.4369100e-02
  1.2610154e-02
  6.7164293e-03
 -2.6918291e-03
  6.6220886e-03
 -6.0319742e-03
 -1.2006038e-03
 -1.1654583e-02
 -2.6441602e-02
  2.0408824e-02
 -1.9617243e-04
  5.4764301e-02
  6.2405780e-02
  1.5921088e-02
 -1.4489749e-02
  2.2177994e-02
  3.9857915e-03
 -2.5967879e-02
  1.0058656e-03
  6.0637370e-03
  3.3251988e-04
  3.6868360e-03
 -6.9095022e-03
  2.1627227e-02
  5.7235267e-03
 -3.1003989e-03
 -1.1081607e-02
  5.2947565e-03
  2.2435421e-02
  3.5812499e-03
 -2.1017522e-02
  4.9116090e-05
 -1.0037823e-02
  1.4501358e-02
 -1.7741168e-02
 -3.5143115e-03
  3.1204825e-02
 -2.3196954e-03
  2.7445786e-02
  7.9179462e-03
 -4.3588448e-03
  2.5496827e-03
  1.0343385e-04
  1.4400874e-03
 -1.0286565e-01
 -1.7464176e-02
 -9.1484785e-03
 -4.6095224e-03
  3.6428624e-04
  2.0345498e-02
  7.0915436e-03
 -1.0589523e-02
  2.5552321e-02
  4.0140748e-02
 -5.8751546e-02
 -1.6198525e-02
 -3.5612590e-03
 -9.5943883e-03
 -3.6178168e-03
 -1.8137075e-01
 -1.4353855e-02
  2.9445212e-02
 -2.2642575e-02
  4.1268072e-03
 -8.7262662e-03
  1.0541713e-02
 -2.1502543e-03
  1.3657112e-02
 -1.2447005e-03
  2.7359519e-03
  5.6348662e-03
 -1.8045910e-02
  2.5096459e-02
  2.5919545e-03
  9.7630518e-03
  8.7924292e-03
 -1.0667397e-03
 -3.7971786e-03
  6.4820210e-03
  4.3777411e-04
  5.0543319e-02
  1.1736058e+00
 -2.2734902e+00
 -2.9642281e-01
 -2.2842232e-02
  8.9711566e-03
 -1.4926811e-01
  6.7427037e-03
 -9.5792636e-03
 -9.0498989e-03
  3.4252007e-02
  2.6591632e-01
 -4.9602464e-03
 -1.3686490e+00
 -5.9453928e-01
 -1.1359993e-01
  8.4762480e-03
  3.3714630e-02
  4.8202570e-03
 -8.5886952e-04
 -9.0485690e-03
 -4.7838464e-03
 -6.0952073e-03
  1.3932523e+00
  5.2800337e-03
 -3.3437139e-01
 -1.0533355e+00
  6.7610643e-03
 -2.3094435e-01
  1.8221352e-02
 -5.6498004e-03
  1.6792558e-02
  7.5025791e-01
  2.1053808e-02
 -2.7685893e-01
 -1.5064932e-01
  9.8767541e-03
  2.4615122e-01
  1.4351834e-01
 -4.1156681e-03
  5.0212489e-03
 -6.5030330e-01
 -1.4405017e-04
  3.8835529e-02
  4.1133065e+00
 -9.5454026e-03
 -2.4830294e-01
 -2.4712175e-01
  7.7401367e-03
  5.0862759e-01
 -1.9465481e-01
 -1.1323788e+00
 -1.6039622e+00
 -6.0630041e-01
 -1.7958693e-02
 -8.1424393e-02
 -1.3355683e+00
  1.6314928e-01
 -4.3616518e-02
  6.2997518e-03
  1.8766513e-01
 -1.5562889e-01
  3.7900575e-02
  1.6007625e-01
  2.2337052e-01
 -2.4941657e-01
  7.3771039e-03
  6.6210995e-03
  7.5412017e-01
  2.8054893e-02
  6.6270694e-02
  5.0394010e-02
  2.4647415e-03
  2.9419985e-01
  4.4442452e-02
 -3.1643775e-01
  4.1039288e-01
  4.3124780e-02
 -3.7026605e-01
 -2.5113592e-01
  6.2437247e-02
  2.2219950e-02
 -1.0008854e+00
  1.2356733e-02
  2.5985160e-01
  1.5257761e-01
 -3.6677264e-02
 -3.6651260e-01
 -1.8683493e-01
  3.8634843e-01
  6.1439174e-01
 -6.4793622e-01
  1.6138028e-02
 -8.2827792e-02
  8.8188940e-01
 -8.2442120e-02
  1.3186112e-01
 -1.5947491e-02
  9.3014047e-02
 -1.1840976e-01
  4.3623275e-01
  6.6384178e-01
  7.1046460e-01
 -6.0246371e-02
  2.9916842e-03
  2.3505586e-01
  1.4192672e-01
  3.6894172e-01
 -1.2635130e-03
  2.1649040e-02
  1.0774902e-02
  8.5727260e-02
 -5.4823861e-02
  3.6392587e-01
  2.2619300e-01
  6.8847719e-03
 -1.0212233e-02
 -2.4594542e-02
  2.0855926e-01
 -1.1258144e-01
 -5.5458881e-03
  1.6378485e-02
  8.4027052e-03
  5.4718640e-02
  1.9516711e-01
  2.2233179e-01
  9.4157299e-03
  6.6572741e-02
  3.8838651e-02
 -4.2564822e-03
 -5.4842640e-02
  4.1340818e-03
  1.7544810e-02
  4.4445317e-02
 -1.4283727e-01
  4.0219603e-03
  1.7309239e-02
  2.2328945e-02
 -8.1221879e-02
  3.3843271e-03
  5.5679674e-03
  1.3098700e-03
  6.1090916e-02
 -1.1309773e-02
  3.6434464e-02
  1.3584826e-02
  2.8838346e-02
 -3.0433127e-01
 -2.8409209e-04
 -2.4958756e-02
  3.5541859e-02
  5.2875753e-02
  2.9637304e-03
  1.2876297e-02
 -3.9458675e-03
  3.8132489e-02
 -5.9095416e-03
 -1.0404590e-02
  1.9263208e-04
  5.3582368e-03
  3.6335606e-02
 -5.3924052e-03
  4.5690320e-02
 -2.3746440e-02
 -4.1351125e-02
  2.1038799e-02
 -5.7581607e-03
  9.8937368e-03
  6.7137103e-03
  4.2237611e-03
  6.8658561e-04
 -5.1749930e-02
  4.8175338e-03
 -8.2975170e-03
 -4.6951347e-04
 -1.0311321e-01
  7.0871306e-03
  1.6184249e-03
 -1.9093619e-03
  1.0486863e-02
  7.9678250e-03
  2.0745276e-02
  6.4484170e-03
  1.6739860e-02
  3.9869677e-03
  2.6354776e-04
  6.0887290e-03
 -1.2307735e-02
 -1.0007815e-02
 -1.0592443e-01
 -2.9700330e-01
  3.8124332e-01
  1.1414897e-02
 -1.3658402e-02
 -3.9345138e-03
  9.8827099e-03
  4.5796752e-02
 -1.2611634e-02
  3.2209057e-02
  8.5474262e-03
  9.0355892e-03
  1.6323889e-02
 -1.0300346e-03
  1.6537344e-02
  4.5910641e-03
 -2.9898498e-03
  3.4135277e-04
  3.5294411e-03
  5.5788778e-02
 -2.6726410e-02
  6.7366986e-03
 -7.8526139e-03
  1.4730513e-02
 -4.7956714e-03
  7.6892029e-04
 -4.1981051e-03
  1.0761084e-02
 -3.6147889e-03
 -5.6263702e-03
 -5.7545463e-03
 -1.4143997e-03
  1.2888670e-02
  1.1364248e-02
 -6.2039914e-04
 -2.8440566e-03
  2.0817166e-02
  1.4195595e-02
 -5.2143410e-03
  1.3896024e-02
  3.6422782e-02
 -1.8925782e-03
  1.4955594e-02
 -5.9107584e-01
  2.6442766e-01
 -5.4078525e-01
  1.7263196e-01
  1.1298231e+00
  8.2341260e-01
  8.0793887e-01
  3.9202821e-01
  1.9436961e+00
  2.4021041e-02
  1.5290896e-03
 -3.3230281e-01
  5.8160117e-04
  2.5493935e-01
 -3.9821617e-02
 -1.4791431e-02
  3.0424759e-02
 -8.4705107e-02
 -3.4119472e-01
 -1.4055029e-01
 -5.9975192e-02
 -3.6507890e-01
 -1.0173024e-01
 -5.6248069e-01
 -1.0445351e-01
 -4.9378749e-02
 -9.8105198e-01
  1.1317693e+00
 -7.0402838e-02
  2.3282643e-02
  2.3224758e-02
  1.3365794e+00
 -7.9384178e-02
 -3.2105038e-01
  1.3813172e-01
 -7.5897416e-03
 -7.4664359e-03
 -1.7545834e-02
  8.0046654e-02
 -3.1657757e-03
  8.3922036e-04
 -1.1328031e-02
 -2.0255845e-02
  1.3791558e-01
  8.5973883e-01
  4.8229164e-03
 -3.3466974e-03
 -1.3104016e-03
  1.7795505e-03
 -5.5370620e-03
 -6.7878962e-02
 -1.8298684e-03
 -1.6596897e-03
  7.7404538e-03
 -3.2418112e-03
 -8.5478704e-03
  8.6827595e-03
 -2.8616756e-02
  2.3874603e-03
  1.9267401e-02
  1.1872266e-02
 -9.1249675e-02
  3.0930758e-02
  1.9909510e-02
  3.1361929e-03
  1.0847471e-03
  7.8680776e-02
 -2.4584971e-02
  4.4252845e-03
  7.4004056e-03
  4.5849230e-02
  2.3309631e-02
 -2.6060790e-03
 -2.1336501e-02
  2.9761461e-04
 -3.7132490e-02
  5.0012544e-03
 -3.8180444e-03
  5.9226253e-03
 -1.8965119e-02
 -3.2563119e-03
  1.4759367e-02
 -6.5820301e-03
  5.7968497e-03
 -3.1613652e-04
  7.6808557e-03
  2.3190748e-02
 -1.3331109e-02
  1.8124311e-01
  6.4002210e-03
 -3.3239374e-01
 -1.5361470e-01
 -1.1254358e-02
  6.8381741e-03
  3.4799039e-02
  1.1641281e-02
  6.0429266e-03
  1.6755839e-03
  2.8391089e-02
  1.6177634e-02
  1.9655790e-02
 -2.1652034e-03
 -3.0207876e-02
  3.7017033e-02
 -2.2960309e-02
 -2.2004394e-01
  1.3003513e-02
 -1.0251121e-02
  1.1806498e-01
 -7.0037860e-03
  2.8670100e-03
  2.0460613e-02
 -6.0381060e-03
  3.5148398e-03
  1.3281657e-01
 -6.8170847e-03
 -1.7750584e-02
 -1.6225334e-02
 -6.7971032e-03
  1.8815115e-02
  1.1143837e-02
 -7.8020850e-05
 -2.5104811e-02
 -1.2709564e-02
  7.9580825e-03
 -3.1913563e-03
 -1.4510657e-02
  7.1293400e-03
  1.1144564e-02
 -4.2463844e-03
  5.8622877e-03
  7.4393968e-03
 -6.2228262e-01
 -7.9745159e-02
 -2.2378816e-01
 -2.6191339e-01
  2.9864967e-02
  2.1475926e-01
 -1.2382478e-02
 -1.0686209e-02
 -1.4773842e-02
 -1.9074967e-03
  6.1140035e-04
 -2.8373281e-02
  9.1690207e-03
  1.6038764e-02
  7.8841578e-03
  1.3206379e-02
  1.3036297e-02
  6.8988684e-03
  3.1411860e-03
  2.4747742e-02
 -3.2651301e-02
  1.4586169e-03
 -9.7428663e-03
 -9.4889030e-03
 -4.0897503e-03
 -2.2987742e-02
 -2.3673023e-03
  2.8030241e-01
 -1.9224197e-02
 -1.2559986e-02
  2.1790259e-03
 -2.9157646e-02
 -5.2629625e-03
 -3.4644837e-03
 -8.7235328e-03
 -1.6787556e-01
  2.4251917e-02
  6.5826862e-03
  1.5583611e-04
 -6.8017468e-03
  3.2054745e-03
  3.0488139e-02
 -4.1047387e-02
  1.4824216e-02
 -7.8950191e-01
 -5.4844618e-02
 -7.6697767e-01
  1.7961830e-01
  7.8670427e-02
  6.0742074e-01
  1.8428457e-01
 -1.3187345e+00
  1.9549586e-01
  8.5983723e-02
 -8.6116225e-02
 -2.2526643e-01
 -4.5815656e-01
 -1.1998341e+00
 -5.3205323e-01
  2.8919687e-02
  1.3856493e-01
  3.3574051e-01
 -8.7561095e-01
 -7.5820461e-03
  1.7907539e-01
 -1.4117407e-04
 -3.6098257e-01
 -3.1196636e-01
  1.3543350e-01
 -1.3449518e-01
 -3.6755171e-01
 -7.0708138e-01
 -3.0725378e-01
 -1.2553786e-02
  6.6098124e-03
  2.1892805e-03
 -1.7180848e-01
 -1.8986896e-01
 -1.8614879e-01
 -3.4593530e-02
 -3.6548674e-02
  4.4546206e-03
  2.3819881e-02
 -1.8284643e-02
 -2.7012888e-02
 -1.3225046e-03
 -1.4928233e-02
  1.9960737e-02
  7.1717035e-03
  9.7707557e-03
  1.3020909e-03
  1.1707954e-02
 -1.1328124e-03
 -3.8576615e-03
  4.3430086e-04
 -8.2072895e-03
 -1.2227797e-02
 -3.5258126e-04
  6.3998043e-03
  1.1262749e-03
 -1.2083068e-03
  7.8604463e-04
 -4.0973596e-02
  7.6705762e-03
  7.7174902e-03
 -8.9763524e-03
 -1.2478922e-03
  1.3371738e-02
 -4.7099456e-02
  9.9177156e-03
  5.7147918e-03
 -4.1442504e-03
  8.1890328e-03
 -4.8379856e-03
 -1.1572442e-02
 -4.2399421e-02
  2.3812849e-02
 -1.2102728e-02
 -1.6436610e-02
  3.3397852e-03
 -1.0155579e-02
  1.5587978e-02
  3.6512970e-03
  5.1491894e-05
 -1.6983140e-02
 -5.9908866e-03
 -1.5405911e-02
  4.2542079e-03
  2.8954372e-03
 -5.1711546e-03
 -4.0135873e-03
  1.1854796e-02
  2.9596278e-01
  1.0058980e-01
  3.0108009e-02
 -1.3823487e-01
  5.2007940e-03
 -1.5183941e-02
  5.1819719e-03
 -1.3483549e-02
  2.5696164e-02
  1.1037047e-02
 -3.7513236e-03
 -1.7870223e-03
  4.7156871e-03
 -1.7363710e-03
  2.0133248e-03
  2.7514335e-02
 -1.0634144e-01
 -5.8461051e-03
  1.0906583e-02
  3.6778764e-03
 -2.4801781e-03
  6.2055897e-02
  1.7329764e-02
 -7.5222977e-02
 -3.0095529e-02
  5.4289559e-03
  3.0519718e-03
 -8.7387487e-02
 -1.5052589e-02
 -1.5855493e-02
  1.3459098e-02
  3.6651660e-03
 -9.2520509e-03
 -9.4619096e-04
 -9.0655657e-03
 -3.9292094e-03
  7.3985141e-03
  2.3547683e-02
 -8.5502248e-03
 -9.2419498e-03
 -1.7116716e-03
  2.2311116e-02
  2.8343966e-02
 -3.4763254e-02
 -1.0318007e-01
 -8.9415386e-02
 -3.1226466e-03
  2.1257028e-02
 -2.7941116e-03
 -1.8858576e-01
  1.4799843e-03
  5.6397684e-02
  1.2092505e-02
 -1.2912807e-02
  1.1211299e-01
 -1.6968080e-01
  2.5662416e-04
  1.4126669e-01
 -7.0267804e-03
 -2.2951346e-03
 -1.0545803e-02
  5.3186663e-03
 -7.1575560e-02
  5.9242602e-02
 -2.5402404e-02
 -3.8006946e-02
 -1.5352378e-03
 -7.5807692e-03
 -1.3484411e-02
  6.2055327e-03
 -5.2884873e-04
  9.1280930e-02
  1.4703737e-02
 -1.2236003e-02
 -1.0406170e-03
  1.9935496e-02
 -9.5851263e-03
 -1.3710691e-01
  1.6563479e-02
 -1.6554326e-02
 -2.2663902e-02
 -6.8450845e-03
 -9.4411587e-03
 -5.0140034e-02
  2.3336928e-02
  8.9055607e-03
 -2.2393562e-02
  8.7793991e-03
 -1.9084041e-01
  5.2180376e-02
 -1.1906234e-04
 -4.4489712e-02
  1.5914957e-03
  5.1612280e-02
 -8.8167414e-03
 -3.4607216e-03
 -6.7013856e-03
 -1.5354126e-02
 -3.3117975e-03
  4.3694861e-05
  1.1977190e-03
 -3.3038668e-02
  1.0193939e-03
  1.0377334e-02
 -1.0671155e-04
  1.5060843e-03
 -1.3137880e-02
 -1.0352392e-02
 -6.2998859e-03
 -7.6410361e-05
 -1.3960248e-03
  1.8300410e-02
 -3.5665479e-02
  6.2006186e-03
 -1.8562390e-02
  2.2765363e-03
 -8.5962433e-03
 -1.2870958e-02
  4.7032186e-04
  1.4111374e-03
  1.8021243e-02
  1.2424832e-02
 -3.5440922e-03
 -2.6723722e-02
 -1.0694180e-02
  3.5262883e-02
  1.0559173e-02
  1.8963242e-02
 -2.7197772e-03
 -3.3217847e-02
  4.4278954e-03
 -2.4655405e-02
 -3.4703012e-04
  9.8637054e-03
 -5.8162455e-03
  6.7199576e-01
 -9.2477892e-03
 -3.0026680e-02
 -3.5636802e-04
  3.1292227e-03
  4.4993125e-05
 -2.0964054e-02
 -8.6544286e-03
  7.6007243e-05
  2.6957808e-02
  7.3345281e-02
 -1.4267988e-02
 -1.9561886e-03
 -6.1010304e-03
  7.1890941e-03
 -2.7977098e-03
 -2.3424195e-04
  6.0009879e-01
  2.4734146e-03
 -1.3357235e-02
 -2.0601675e-02
  7.4764058e-02
  3.6964435e-03
 -4.0722317e-03
  1.0761081e-03
  1.0623287e-02
 -1.9129841e-03
 -9.6240193e-03
  2.4410585e-02
 -1.4291693e-02
 -1.1325588e-02
  2.2018226e-02
 -1.5858613e-02
 -5.5617159e-03
 -1.2317648e-02
  5.4485472e-03
  3.9831172e-03
  1.2403978e-02
 -1.7889092e-03
 -1.1333487e-02
  2.3428028e-02
  4.3762242e-03
 -5.7611386e-03
  1.8195590e-02
 -8.3616478e-03
  2.6004463e-03
  2.2717930e-02
 -5.5296007e-03
 -7.1540223e-03
 -3.1945975e-03
  1.2739773e-03
 -6.2338305e-03
 -4.8778951e-04
  2.3743634e-03
 -1.0924972e-02
  1.3068188e-02
  4.2099012e-03
  7.9201479e-03
 -7.1889115e-03
  5.5117253e-04
  7.3867070e-04
 -4.0207691e-03
  7.6797660e-03
  1.1860395e-03
  1.3592215e-02
  2.6546845e-03
  6.6266879e-03
 -2.3547574e-03
  1.2534440e-03
 -2.2510583e-02
  1.1389651e-02
 -4.1066810e-02
 -5.6430753e-03
  4.6808612e-02
 -1.1633922e-03
  1.4038434e-02
 -2.6688406e-03
  4.0989565e-03
  4.7015073e-03
 -4.3650367e-03
  9.9900179e-04
 -1.6258767e-02
 -1.4336657e-03
 -7.1439571e-03
  2.3832304e-02
 -4.8328480e-03
 -7.7168252e-03
 -1.1144985e-02
  1.1051331e-02
 -1.8109798e-03
  6.9632013e-03
 -2.7795240e-02
 -4.1966463e-04
  9.6233562e-05
 -1.5848387e-02
  1.1288363e-02
  3.1009095e-03
 -5.9731961e-03
  7.8018266e-04
 -4.0230374e-03
 -1.1379171e-02
 -6.8322574e-03
 -4.5291418e-03
  7.5698504e-03
 -4.6493858e-03
  7.6302309e-03
  1.0091013e-03
  1.3660118e-03
 -4.9446337e-03
 -1.0491863e-02
 -7.7464520e-03
  6.4538363e-03
 -6.8309642e-03
  5.2231867e-03
 -8.7747499e-03
 -4.6156485e-02
  2.3871025e-02
  1.4823537e-03
  1.6677000e-03
 -6.4473314e-04
  1.8301241e-02
 -1.8573935e-03
 -7.5786500e-03
  7.5475918e-04
  3.4011405e-02
 -1.7259261e-03
  3.1082011e-03
  5.3626252e-05
  2.5099598e-02
 -3.4027052e-01
 -2.4500553e-01
  2.6496819e-01
  5.0933063e-01
 -1.8992606e-03
 -2.3280117e-01
  9.5511684e-03
 -1.5063397e-02
 -3.5072364e-02
  1.7945517e-02
  3.9779179e-02
  1.0934198e-01
  2.6193004e-02
 -3.6805965e-02
 -3.1373745e-03
  3.6877736e-02
  6.2317224e-03
 -6.9454438e-03
  2.2301553e-02
 -8.1823708e-04
  1.9484291e-02
  2.7928972e-03
  3.9935573e-03
 -3.7347761e-03
 -1.7426113e-03
 -9.6660024e-03
  3.9696682e-02
 -2.3911506e-02
 -1.5515301e-02
 -5.0131991e-03
  2.2120938e-02
 -2.3676710e-02
  1.7906681e-03
  4.3389282e-05
  2.7849982e-03
  1.0289735e-02
  1.1000369e-02
 -4.4729109e-03
 -7.7622500e-04
  5.7036686e-03
 -2.5481617e-03
 -4.7207717e-04
  3.9207157e-02
 -5.1960128e-04
  1.4305055e-01
  5.4978229e-02
  3.4471735e-01
 -1.7813097e-01
 -5.2176849e-03
  1.9014824e-02
  1.0045113e-02
  3.9379466e-02
  1.5792977e-02
  1.4092528e-02
 -1.6270758e-01
  4.3638530e-01
 -1.3668837e-01
 -7.9440497e-02
  2.3089182e-02
  3.3955805e-02
 -2.8172280e-03
 -9.4096502e-03
  1.7354974e-01
 -9.1565765e-02
  8.5015586e-03
  1.0689115e-01
  6.3616857e-02
  3.7399149e-03
 -3.0747902e-01
  1.6423658e-01
  5.1223163e-02
 -5.1704317e-02
  3.0491655e-03
  4.2035547e-01
 -3.0684788e-02
  3.1281349e-03
  1.5868205e-01
  3.2610349e-02
 -7.7457890e-02
  1.3664695e-02
  1.8765843e-02
  7.1376166e-03
 -1.5231838e-02
 -3.7021540e-02
  7.8538708e-02
  5.1896209e-03
  2.4519781e-02
 -1.4216647e-02
  3.8936874e-04
 -7.8324368e-03
 -1.7270668e-01
  3.7164278e-03
 -3.2216776e-04
  2.8187204e-03
 -1.7779909e-02
 -2.0379696e-02
  5.0236662e-03
  8.0003776e-03
 -2.2908128e-03
 -6.0712076e-03
  1.4078924e-02
  1.3938224e-03
 -3.8106053e-03
  4.1090715e-04
 -1.2242566e-01
  1.1779862e-02
 -9.7823683e-03
  1.1453573e-02
  5.7995352e-03
 -2.7225702e-04
  1.0315951e-02
 -1.1893815e-02
  1.3722251e-03
 -8.8247266e-03
  1.9590838e-02
  2.1231030e-03
 -1.6112004e-03
 -3.8034301e-02
 -8.5067376e-03
  1.5899953e-02
  1.1769670e-02
  2.1444546e-02
 -4.7504627e-03
 -4.7257199e-04
  1.6701119e-02
  2.7598594e-03
 -1.0650874e-02
 -1.3277473e-02
  1.8796932e-02
  4.4745933e-03
  3.1001650e-02
 -8.1889899e-03
 -4.1753355e-02
  1.7767996e-02
 -5.1729269e-02
  1.2849356e-01
 -9.0786204e-02
 -6.0148381e-02
 -5.7381675e-02
 -8.5960068e-02
  1.4879417e-01
 -2.5130108e-01
 -4.9591729e-01
 -1.0501192e+00
  2.9667321e-01
 -2.9679257e-01
  2.4155566e-01
 -5.9623873e-01
  2.7756882e-01
  9.8325543e-02
 -3.8456818e-01
  8.7214828e-02
  5.0004488e-01
 -1.5009537e-01
 -8.7882327e-03
 -2.4899741e-01
  5.1743232e-02
 -2.8439021e-01
 -2.5902493e-02
  3.2382399e-01
  1.2880309e-01
 -1.6467462e-01
  6.9180125e-01
 -5.0284885e-02
 -4.3429062e-01
 -6.5145153e-01
  3.0095205e-01
  1.0768878e-03
 -1.1034773e-01
  9.8243766e-03
  1.5807492e-01
 -1.3754510e-03
 -8.0518678e-02
 -2.9531345e-03
 -7.2617754e-02
  1.5412720e-02
 -9.2084721e-02
  1.0618927e-03
  1.6128605e-02
  2.5830898e-01
 -3.6958251e-03
  2.1225980e-01
  3.1912220e-03
  3.1201335e-02
  1.4791493e-01
  5.5197239e-02
 -1.1550640e-01
  4.5694828e-01
  1.0425531e-03
  6.6508481e-05
  4.8929978e-02
 -1.9085152e-02
  2.8207859e-03
 -3.5804931e-02
  2.7399933e-01
 -6.6988289e-02
  1.6108377e-01
  1.5860829e-01
  1.8802920e-02
  3.9099124e-03
  4.8297757e-01
  7.9365470e-02
  1.5997943e-02
 -1.1181318e-01
  8.6019770e-04
  1.6310632e-04
 -1.4020097e-01
 -4.9652789e-02
  3.7703317e-02
  1.7161861e-01
 -9.1101192e-02
  5.4907415e-02
  1.8720578e-02
  2.5458092e-02
 -5.6245651e-02
  6.5086107e-03
 -1.4388561e-02
  1.2919756e-03
  1.0904969e-02
  4.2038495e-03
  4.7286227e-03
 -2.0338979e-02
  3.9742596e-02
  1.8449115e-02
  4.7643720e-03
 -2.5164185e-02
 -3.8208058e-03
 -1.7704039e-03
 -1.1431079e-02
  7.1835234e-03
  7.7787344e-03
 -2.4870366e-01
  3.4539227e-03
 -1.7309932e-02
 -5.2915588e-02
  5.9168930e-03
 -9.8137278e-03
  4.1560791e-03
 -9.4512366e-03
  2.3252875e-02
 -1.1219684e-01
  1.5069271e-02
  1.6326848e-02
 -3.2820844e-03
 -1.1717570e-02
 -2.7867228e-02
 -1.3761783e-02
  2.5360473e-03
 -1.6914397e-03
  1.1655742e-02
 -2.3523651e-02
  7.9738116e-03
  1.9599348e-02
 -7.2481092e-03
 -2.1215654e-03
  2.6197943e-03
  1.1307951e-03
 -9.9441288e-03
 -4.4243438e-03
 -6.9373799e-03
 -2.0449419e-02
  1.1701569e-02
 -3.6278542e-02
 -6.2143160e-03
 -1.5187570e-01
 -3.5872208e-03
 -1.8270843e-02
  1.0104603e-02
  1.8658392e-02
 -1.0168646e-02
  3.7000575e-03
 -6.2139872e-03
  7.9346262e-02
 -6.9916011e-03
  1.8963562e-02
  1.0913718e-02
  4.4275941e-03
 -3.1106989e-03
 -8.6929672e-04
 -1.9156056e-03
  4.8944857e-03
  1.4834364e-03
  9.2353700e-03
  1.4467496e-02
 -3.4256883e-02
 -2.3036469e-03
  4.8301807e-03
  1.1255343e-02
 -1.8161371e-02
  1.8803263e-02
 -2.6541848e-02
 -2.3408445e-02
 -2.1712808e-03
 -1.7572382e-02
  7.7185733e-03
  6.4960546e-03
 -3.7399344e-02
  3.1331475e-03
 -2.2810646e-03
  8.3735967e-03
 -9.9323504e-04
 -1.0638435e-03
  4.5431682e-04
 -7.0304004e-03
  9.3768700e-04
  1.8832365e-03
  4.5197331e-03
 -6.1832936e-03
  2.3644492e-03
  2.3192568e-02
 -2.5539729e-03
  1.9275963e-02
  1.4072335e-03
 -3.7044873e-03
 -2.0117720e-03
 -4.0969513e-03
  8.0879554e-03
 -5.5529915e-02
  6.1952099e-03
  1.3266319e-02
 -2.7910529e-02
  2.0941112e-02
 -4.0082512e-03
  1.2030616e-02
  1.3283105e-02
  9.1655720e-03
  1.2213017e-02
 -1.0969344e-02
 -1.2638519e-02
  1.5061401e-02
  1.5370286e-01
 -2.0684717e-04
  7.5143352e-03
  1.6616220e-02
 -2.5515014e-02
  9.1533707e-03
 -5.5519734e-03
  3.8881391e-02
  1.2280060e-02
 -1.6657963e-02
 -1.2326979e-02
  4.0590940e-03
  5.3166720e-04
  7.5059943e-03
 -6.5057212e-03
 -4.4677919e-04
  2.7170129e-02
 -4.0066880e-03
  2.7826144e-03
 -2.8486119e-04
 -7.4130893e-03
  7.7166879e-03
  1.5543985e-02
 -2.2635702e-03
  4.3418235e-03
  7.8327646e-03
  3.2197248e-02
  1.0887252e-02
  4.8910347e-03
 -5.9978422e-03
  9.9504897e-03
  4.8357099e-03
  9.1152228e-03
  3.9741397e-05
 -1.3185748e-03
  1.1268187e-02
 -3.0709740e-02
  3.6389588e-03
  8.5895313e-03
  1.7693171e-02
  1.1097008e-03
  1.5882133e-02
  6.8608229e-03
 -1.5224328e-02
  9.0686809e-03
  1.5261643e-02
  7.8844167e-03
  7.2265062e-03
  1.7119886e-03
 -3.9510326e-03
  2.0525265e-03
  1.1030029e-02
 -5.4313643e-03
 -1.2017667e-02
 -1.8740185e-03
  1.4086476e-03
  1.0230943e-02
  3.2295692e-03
 -1.5903519e-02
 -8.7206438e-03
 -4.7651939e-03
 -5.0628129e-03
 -1.1339189e-02
 -9.6154567e-03
 -2.7225364e-02
 -2.9085875e-02
  3.5515716e-03
  2.5982402e-02
  7.5541586e-03
  6.0187960e-03
  3.7321173e-02
 -7.2774231e-03
  6.5510832e-03
  1.7415976e-02
 -6.5629506e-03
  8.3841281e-03
 -1.0847059e-02
 -5.3980374e-03
  1.9802542e-03
 -1.3836462e-04
 -6.8933158e-03
 -2.4635414e-02
 -1.9477418e-03
 -5.9171375e-03
  6.7268871e-03
 -3.6093839e-03
 -9.0934327e-03
 -7.4157752e-03
  1.1623052e-03
 -5.4913010e-03
  2.0569526e-02
 -1.2895683e-02
 -1.0013884e-01
 -1.8765940e-03
 -5.8051795e-03
 -4.7801137e-02
 -3.8923281e-01
  1.6770318e-02
  4.2168319e-02
 -3.9579985e-03
 -1.0009088e-01
  2.0366766e-02
  2.9810064e-03
  1.2982189e-02
  2.9823599e-02
  6.6968421e-03
  1.1154264e-02
 -8.1632361e-03
 -9.8780300e-03
 -1.4000172e-02
 -4.2329889e-02
 -1.9082991e-02
 -2.1825469e-01
 -4.3242967e-01
  2.7307856e-01
 -9.0323128e-02
 -2.3263175e-02
  2.0055552e-01
 -5.2150464e-01
  4.2702758e-01
  5.8630411e-02
  7.2219843e-01
 -5.0876504e-01
 -2.7067491e-01
  1.2118123e-01
  4.8544023e-02
 -7.4600339e-02
 -4.6628337e-02
  2.9762807e-01
 -1.6695613e-01
  6.4472482e-02
  2.8020063e-01
  2.4841747e-01
  2.6891190e-01
 -7.9992425e-04
  4.9473974e-01
  4.0932808e-02
 -5.1789850e-02
 -2.3108594e-01
  1.8886358e-01
 -6.5061428e-02
  2.5530347e-01
  1.0945744e-01
  2.1702465e-02
 -1.4904094e-02
 -1.5081000e-03
  1.2844738e-02
 -1.7648809e-02
 -3.6822606e-02
  9.0807828e-04
  1.0893165e-01
 -2.7677489e-02
  1.2341108e-01
 -2.8529861e-03
  2.5455976e-02
  1.9979343e-02
  1.7911702e-02
 -1.8869707e-02
  3.0324899e-03
  8.1503205e-03
  5.1298816e-02
  5.1302006e-03
 -5.6413021e-03
  2.0032998e-02
  2.1896157e-03
  1.4610662e-02
 -6.8671741e-02
 -5.5589061e-04
  8.4217917e-03
  1.2385483e-02
 -7.3585282e-03
 -2.4224639e-02
  4.3264790e-03
  9.0624169e-03
 -7.3765212e-04
  5.5451253e-03
  1.2605367e-03
 -8.8712610e-03
 -4.1385917e-03
  1.2117785e-02
  1.3005505e-02
 -6.4423904e-03
 -6.1770044e-03
 -2.8395541e-03
 -2.5614020e-03
 -1.0285403e-02
 -1.2267438e-02
  5.7052630e-03
  3.9703054e-03
 -1.3259845e-02
  1.5068353e-02
  1.5846036e-02
  1.6506197e-02
  2.3888187e-03
  5.6747265e-02
 -4.5001507e-03
 -1.3603025e-02
 -6.3004396e-03
  2.6311884e-02
  2.5226425e-02
 -1.9398935e-02
 -1.2260932e-02
  1.5303396e-02
 -3.0709893e-02
 -3.0803652e-02
  4.4927225e-03
 -3.3936761e-03
  3.2461586e-03
  1.7629589e-03
 -1.6829383e-02
  1.8891882e-02
 -1.9245021e-04
  1.5501000e-03
  3.4413391e-03
 -4.0931799e-03
  3.7380189e-02
  1.3383029e-02
 -2.1040238e-02
  1.0436382e-02
 -2.1114271e-02
  5.2718408e-03
  4.2787753e-03
 -4.1218377e-03
 -2.8829598e-03
 -1.7236775e-02
 -1.7392211e-02
  3.2389272e-02
 -4.2592911e-03
  7.0343176e-03
  3.1031333e-03
  1.5294542e-02
 -7.5468067e-03
  4.3508220e-03
  1.5713044e-02
  1.9346099e-02
  1.7297896e-02
  1.5642121e-04
  6.9950116e-03
  1.1971084e-02
 -3.4752439e-03
  8.0203377e-03
 -7.2131287e-03
 -6.1450988e-01
 -2.2598099e-02
 -4.6206591e-01
  1.2084285e-01
  1.4535129e-02
 -6.3102297e-03
 -4.2122933e-03
 -1.2795854e-02
 -4.8366185e-02
  7.7900896e-03
  8.1848763e-03
 -3.6285717e-02
  3.7361827e-02
  4.7234665e-03
 -1.2915897e-02
 -1.4454297e-02
  1.8703153e-02
  1.0733918e-02
 -7.8029968e-03
  9.4144814e-02
  1.5731873e-02
  7.6638153e-03
 -2.2204801e-02
 -2.4235131e-02
  5.4128519e-03
 -6.9475039e-03
 -1.5636614e-02
  1.2370306e-02
 -2.5222304e-03
  1.1646990e-02
  1.2699801e-02
  3.5046944e-03
 -1.2097136e-02
 -3.1047475e-03
  6.4011700e-03
 -1.0039202e-03
  1.8441429e-02
  1.7693684e-02
  1.0618580e-02
  1.4050840e-02
  3.0651160e-02
 -2.0119494e-02
 -3.7145652e-03
  4.9241325e-03
  2.9493484e-03
  1.0928403e-01
  2.0810974e-01
 -7.1676299e-03
 -7.4607581e-03
  2.1945775e-02
  8.5777789e-03
 -1.1141647e-02
  4.2823423e-02
 -1.2831318e-02
 -5.4719001e-02
  2.0733865e-01
  4.0459348e-04
 -1.3338723e-02
  3.8964961e-02
 -3.5341482e-03
 -3.0100450e-03
 -3.4649152e-02
  1.3229543e-01
 -7.1841165e-02
  7.2976272e-04
  1.3659068e-03
  1.1475248e-01
 -3.1040506e-03
 -2.4991671e-03
  5.1674146e-02
  5.9276477e-02
  1.9399037e-03
 -1.5561369e-02
 -4.4349348e-05
 -9.0388685e-02
  2.1050293e-02
  6.3343057e-03
 -2.0863989e-04
 -6.2768152e-03
  6.4140288e-03
 -1.1171836e-03
 -1.9857567e-02
 -8.6887134e-04
  2.5822222e-02
  2.6590892e-03
  8.6983638e-03
  2.7513489e-02
 -3.7611712e-02
  9.4507961e-03
 -1.0261882e-02
 -8.5843951e-01
 -1.3799235e-01
  2.0135972e-03
  1.2373984e-03
 -1.8699473e-02
  3.2823137e-03
 -1.0496246e-02
 -6.3620661e-03
 -8.6360704e-04
  1.9693817e-03
  5.6978891e-04
  3.0588266e-04
  2.5525039e-02
  8.9696236e-04
  5.6335321e-03
  3.5223849e-03
  4.1480134e-03
 -1.6385801e-02
  6.5665552e-03
 -2.2574298e-03
  2.2753237e-03
  7.7748271e-03
 -2.7709685e-02
 -1.5758104e-03
  4.2236533e-02
  2.2152374e-03
  1.2935367e-02
 -5.9935742e-04
  1.1358739e-02
  9.4598457e-03
  9.7249374e-03
  8.0896374e-03
 -2.8250543e-03
  9.1695087e-03
  1.3641656e-02
 -1.0471280e-02
 -1.0885600e-02
  2.9990571e-03
  1.2734644e-02
  2.6310656e-02
  3.1167448e-02
 -2.9983988e-02
 -6.0613298e-01
  3.3498526e-02
 -1.1552805e+00
  9.3188477e-01
 -8.0832429e-03
  6.0595345e-01
 -1.5565850e-01
 -1.2517831e+00
  4.5315126e-01
 -1.3961153e-01
  2.9202558e-02
 -2.7803665e-01
  1.8037753e-01
  3.7030070e-03
 -6.2763593e-03
 -2.5752568e-01
 -3.2183051e-02
  1.4460583e-03
 -3.8833010e-01
 -3.0974662e-03
 -1.1921495e+00
 -3.9971021e-01
 -9.2755370e-02
 -9.8158881e-02
 -1.0863028e-01
 -2.0965807e-01
 -1.6629659e-02
  1.5856240e+00
 -1.5312665e-02
 -1.2919455e-03
  1.4449158e-01
  8.7615266e-02
 -1.2769309e-01
 -1.1708735e-01
  8.5531816e-02
 -4.9459310e-03
  1.1316692e-03
 -2.9183550e-02
  2.9538199e-02
  8.3823502e-03
 -2.0253448e-02
 -2.3476344e-03
 -2.1802967e-03
  1.7213192e-03
 -7.9392577e-03
  1.1022528e-01
  2.5127774e-01
 -1.0433707e-01
 -2.7974669e-03
  3.9162608e-03
  1.5987976e-03
 -3.5055862e-03
 -5.6498013e-03
 -5.3398975e-04
 -1.7953647e-02
  1.4801387e-02
 -1.6464722e-01
  8.9181541e-04
  5.3010983e-03
  3.7237797e-02
  1.5541327e-01
  4.6596013e-04
  2.0049922e-02
 -3.2980402e-03
  1.8944887e-02
 -3.4909563e-03
  5.3948914e-03
 -4.2401338e-03
 -2.7595439e-03
  7.6363287e-03
 -4.6358914e-03
 -3.5452537e-02
 -5.6106210e-02
 -8.0542723e-03
 -3.2457367e-02
 -8.3889570e-03
  1.4540860e-02
  3.4326393e-02
 -1.1642633e-02
  2.1665366e-02
 -3.1028194e-03
 -4.8415419e-03
 -4.5081470e-02
 -1.0284717e-02
  1.4064847e-03
 -1.6189272e-02
  1.5735922e-03
 -8.2094096e-02
 -7.0613250e-02
  3.5601635e-02
 -9.6409112e-01
  8.9630204e-01
 -2.6310042e-03
 -7.9280543e-01
 -1.8039694e-03
 -1.5377140e-02
  1.5216437e-04
 -6.2276521e-03
 -4.4319280e-03
  1.7046541e-02
  1.9532643e-02
  3.2201171e-02
  1.5973564e-02
 -2.7575517e-02
 -2.3441280e-03
  2.3713527e-02
  1.4146939e-02
 -4.4496725e-03
  1.6404171e-02
  1.5251439e-02
 -3.9712481e-02
 -2.4634397e-02
  9.6716434e-03
 -8.3982199e-03
  8.5837878e-03
 -1.5531420e-02
 -2.5922703e-03
  1.8834637e-03
  2.8927641e-03
  2.0694161e-02
  7.3816762e-03
  1.7455315e-03
  7.6316297e-02
  1.5492174e-02
  1.3513715e-02
 -7.2151572e-03
 -1.2476269e-02
  7.5720754e-03
  1.8129064e-02
  9.8306751e-03
 -1.2414562e-02
 -3.0071275e-02
 -1.6111132e-02
  2.0670036e-02
 -4.9419072e-02
  2.1895126e-02
 -5.5880453e-03
  9.0071009e-03
  3.5341959e-02
  7.0814807e-03
  5.9116594e-03
 -6.7396471e-03
  7.6661343e-03
 -8.3077123e-04
  4.8613804e-03
  2.5441691e-02
  1.0133087e-02
  9.2973784e-03
 -3.2725942e-04
 -1.5258867e-02
  2.6148509e-02
  5.0249556e-03
  1.0205787e-01
  1.9735303e-02
 -6.5779784e-03
 -1.1439845e-02
 -9.3437564e-03
  2.1478347e-02
  2.9966719e-03
 -1.9550985e-02
  1.2009654e-03
  2.5891380e-03
  2.9087297e-03
 -5.9157787e-03
  6.7303143e-03
  2.0953931e-02
 -1.7171539e-02
  1.3055712e-02
  3.6191043e-02
  2.0483823e-03
  1.0757157e-02
  1.4151266e-02
 -2.2956138e-03
  1.1652676e-02
  1.4494383e-02
 -1.0448504e-02
 -2.1723071e-02
 -4.8854131e-02
  6.3933125e-03
 -1.2252197e-01
  1.6199246e-03
 -1.0635742e-02
  7.0137028e-03
  1.7797456e-03
  1.5113290e-04
 -4.5929882e-03
  6.3445400e-03
 -5.6568176e-02
  6.8514481e-02
 -1.9972267e-02
  3.3571781e-04
 -1.7195264e-02
 -2.0869123e-02
  2.7564093e-03
 -2.8729714e-02
 -9.9032023e-04
 -3.8671652e-03
  1.1518520e-03
  1.1032424e-03
 -4.1467410e-02
 -4.1904259e-03
 -7.9460992e-03
  8.5175119e-02
  8.7486785e-03
 -1.1224195e-02
  9.2942743e-03
  2.6294265e-02
  8.8113872e-03
 -1.0404281e-02
 -8.4435027e-03
  1.8358780e-02
  3.3097749e-03
 -2.5234591e-02
  2.8040644e-03
  7.0385551e-03
 -1.5718259e-02
  1.3033981e-02
  1.4678771e-02
 -1.6480919e-02
 -1.1840066e-02
 -1.0700096e-02
 -1.5099924e-02
  9.6317120e-03
 -8.2548074e-03
  5.4445826e-03
 -1.1370161e-02
  1.2804497e-03
 -1.6023465e-02
 -4.5123536e-02
  1.8900417e-03
 -3.2675450e-03
  3.7848246e-03
  7.7811349e-04
  2.9770453e-03
 -4.0543219e-03
  7.2332839e-03
 -4.4931304e-03
 -3.9893915e-03
  2.0294232e-02
  2.2216868e-02
 -1.0059926e-02
  1.0826163e-02
 -2.8150885e-03
 -8.1594940e-03
 -7.2267037e-03
  3.0904112e-04
 -1.6606767e-02
  1.2231525e-03
  9.9924356e-03
 -6.1902325e-03
 -1.7860815e-03
 -1.3256239e-02
 -8.1287269e-03
 -1.6934662e-03
  2.0257480e-04
 -7.7742757e-03
  8.1481338e-03
  4.3721646e-03
  2.1421630e-03
  1.8441668e-02
 -1.6777962e-02
  2.0811863e-02
 -1.0697713e-02
 -4.6326374e-03
 -7.6420112e-03
 -5.4185395e-03
  1.0712611e-02
 -4.3561123e-03
  6.6924822e-03
  3.2850936e-02
  6.9004642e-03
  4.5742048e-03
 -1.1955058e-02
  8.4514040e-03
  2.4884758e-03
 -4.2423455e-04
  4.4188462e-04
  3.9712869e-02
  5.9017758e-03
 -1.7320856e-02
 -3.6958794e-04
  1.0402661e-02
  7.0123672e-03
  1.2250781e-02
 -2.9534972e-03
 -7.1303863e-03
 -3.4405086e-03
  3.0791233e-03
  1.3803376e-03
 -8.8763889e-05
  3.6330761e-03
 -2.0951493e-02
  2.1907925e-03
  5.7448177e-03
  2.5554604e-03
  4.1862340e-03
  3.8561339e-03
 -2.1639401e-02
 -1.0672820e-02
 -1.5788021e-02
  6.7889490e-03
  4.9438304e-03
 -7.4344585e-03
 -7.6674968e-03
 -3.8688711e-04
 -5.5426564e-03
  7.2317588e-04
 -2.1171838e-02
 -1.2609420e+00
 -1.3559121e+00
  3.4546793e-01
 -1.7241962e-01
  1.7837404e-01
 -1.4128118e+00
  3.6469717e-02
 -7.5641401e-02
 -1.3432531e+00
  2.7776706e-01
  5.1609892e-01
  6.2997091e-01
  1.1184883e+00
 -6.2419164e-01
 -1.5896468e+00
 -3.7256998e-01
  5.6681979e-01
  9.4254375e-01
 -1.2378386e-01
 -1.6808985e-01
  1.8139990e-01
 -8.4963077e-01
 -4.5211127e-01
 -1.8985203e-02
  3.7165391e-01
 -3.0043164e-01
  1.0773164e+00
 -3.3354279e-01
 -6.6648418e-01
 -3.1393304e-01
 -3.6609732e-02
  5.0326669e-01
 -7.2127473e-01
 -8.7919205e-02
 -3.5628799e-02
 -1.2812003e-02
 -4.4955233e-01
  4.4654157e-02
 -4.8444235e-01
  1.0705656e-02
 -3.9968966e-03
  1.6776121e-03
  5.7626444e-01
 -6.8185441e-02
 -9.4705760e-01
  9.3561346e-03
 -7.1132255e-01
  1.4579147e+00
 -4.0510437e-03
 -9.5370114e-01
  1.1365179e+00
 -8.4266847e-01
  2.7659867e+00
  5.1438771e-02
 -7.5821537e-03
 -5.0559431e-01
  9.4151795e-03
  1.4440812e+00
 -1.3566744e-01
 -8.9575788e-03
  1.0287732e+00
 -6.0054351e-02
 -4.0277889e-01
 -7.6342151e-03
  5.6089294e-01
 -1.0745430e-02
 -1.5605068e-02
 -1.6059566e-01
 -2.8605761e-02
 -1.4673771e-01
 -2.7634287e-02
  1.4162692e+00
  5.8740488e-04
  1.0525517e-02
  4.2553681e-01
 -9.0249932e-01
 -2.8576126e-02
 -2.6688713e-01
  6.6302496e-01
  5.3080549e-03
 -1.1671171e-02
 -2.4006872e-02
 -3.4138444e-04
  7.0545347e-03
 -1.1524161e-02
  2.8207868e-01
 -8.3175525e-02
 -3.9332337e-04
 -4.1373515e-01
 -4.8704292e-03
  3.2084227e-01
  1.2895790e-01
  1.4567882e-02
 -5.3854425e-02
 -7.0730679e-02
 -2.8595496e-02
  1.4092678e-01
  5.1343110e-03
 -5.3514615e-03
 -5.4923590e-02
 -3.7513943e-03
  1.4970331e-01
 -4.5595397e-03
 -1.5339874e-02
 -3.1917199e-02
 -4.1169897e-03
 -1.1599669e-01
  6.0638830e-02
 -2.0685314e-01
  8.7520573e-03
  2.0352877e-03
  5.8467016e-03
 -1.6434671e-03
 -1.7505787e-02
 -1.1531614e-01
  4.6084788e-02
  2.8060673e-02
  1.7748229e-02
  1.0461029e-01
  1.1827541e-03
  1.2942936e-03
 -7.9334743e-02
  2.6052626e-02
 -6.2703616e-03
 -2.3570506e-02
 -7.5760800e-03
  1.9293937e-03
  1.9602310e-02
 -1.3744298e-02
  2.8591387e-02
 -1.0595490e-02
  2.8801612e-03
 -3.5782915e-02
  6.6388666e-04
 -7.2409511e-01
  1.6974291e-01
 -8.9937806e-02
  3.1959984e-01
 -7.4425884e-02
  6.1649559e-03
  4.7912620e-02
  4.9629509e-03
  1.3730129e-02
 -4.2620149e-02
 -1.5136863e-01
 -2.3561763e-02
 -4.9807280e-02
 -5.3419728e-02
  3.2456373e-03
  4.7556781e-03
 -1.3821660e-02
  3.6021064e-03
  1.1375856e-01
 -9.8651480e-03
 -6.2024198e-02
 -4.8296358e-03
 -1.7024509e-03
  2.3863816e-03
 -6.9177717e-02
 -4.7590337e-03
 -1.2167909e-03
 -1.5350995e-03
 -8.0859731e-04
 -2.0563064e-02
 -3.6243290e-02
  4.3439567e-03
 -2.6490218e-03
 -1.1248829e-02
 -9.9919908e-02
 -1.8242829e-02
  6.2179514e-03
  3.1963428e-03
 -6.9559172e-02
  1.4083997e-02
  5.9036154e-04
 -9.5343469e-03
 -6.2962979e-01
  3.9318791e-03
  1.4285464e+00
  1.4060987e-02
 -4.0363576e-03
 -6.6602059e-02
 -3.7392992e-01
 -2.4931822e-03
 -6.2663108e-04
 -2.4733101e-03
  2.7353268e-02
 -9.1917324e-04
  7.3321932e-03
 -1.5216422e-02
  4.7284197e-03
  6.5691662e-03
  1.7832636e-03
 -2.7934536e-02
 -1.4947776e-02
 -6.0669072e-02
 -8.4607070e-04
 -4.1727694e-03
 -2.4265836e-03
 -5.1664542e-02
 -1.8873672e-03
 -7.6106442e-03
  1.1997663e-02
 -3.2682305e-03
 -2.1448778e-03
  7.6225204e-03
  3.3198546e-03
  3.0447431e-03
 -2.7885709e-03
 -2.6782025e-03
  1.0212664e-02
 -2.0666071e-03
  4.4401968e-03
  1.3570474e-02
 -5.1844395e-03
  8.1759586e-04
 -4.7426176e-05
  8.2323998e-03
  2.0391777e-02
  2.4235824e-03
 -4.5317475e-02
  9.1257924e-01
 -1.7710647e-01
  2.6068714e-01
  2.1462733e-01
 -1.3309223e-02
  7.7670872e-01
  1.0846618e-02
  8.3951086e-02
 -2.2693984e-02
 -9.3862957e-01
  2.6480389e-01
 -2.3782983e-01
 -1.0749193e+00
 -2.4021137e-01
  2.0506848e-01
 -8.2263909e-03
 -7.6240432e-01
 -8.9804409e-04
 -2.1990761e-01
  3.4071538e-01
  1.7943041e-01
 -8.6380821e-03
  1.6639136e-02
 -9.6158847e-02
  1.3475968e-01
 -7.7755362e-02
 -7.4014521e-01
 -1.3325288e-02
  5.8229566e-03
 -6.3617930e-02
  9.5332384e-01
  2.8114799e-01
  1.7552547e-02
 -5.2067373e-02
  2.3081217e-02
  1.0174473e-03
  1.6641552e-02
 -5.1232204e-03
 -4.8142010e-03
  2.1764442e-02
 -3.4747548e-02
 -5.4515344e-03
 -4.2280327e-03
  7.3221987e-01
 -1.6323743e-02
  1.2805232e-01
 -3.8901934e-01
 -7.5830066e-01
 -1.8191479e-01
 -2.2745597e-01
 -7.3974721e-02
 -4.7848765e-03
  1.8539106e-02
 -9.4528574e-01
 -1.8804589e-02
 -4.2311586e-02
 -2.6487571e-01
  1.0453727e-01
  9.4592705e-02
  4.2480206e-01
  4.8878455e-01
  3.5858172e-01
 -7.1085431e-02
  1.5129744e-01
  4.9705404e-01
  2.4187848e-02
 -6.8645976e-02
 -3.4839943e-01
 -2.2007131e-03
  5.4018694e-01
 -1.7691132e-01
  5.2162003e-02
 -9.9765949e-02
 -1.2722660e-03
 -8.4758215e-02
  1.1801980e-02
  1.7267887e-02
  3.2766745e-03
  1.7112623e-01
  2.2919669e-03
  2.1442316e-02
 -2.2962087e-01
  6.0981261e-03
 -4.1040890e-03
  5.6454748e-02
  7.0024561e-04
 -2.1751400e-02
  6.5275123e-03
  1.4003026e-02
 -1.5290204e-02
 -5.2799527e-03
  1.2333789e-03
 -1.4693419e-02
  1.8316567e-02
  9.9925213e-03
  3.1465977e-02
 -3.1995699e-03
  1.8738588e-02
  8.4090596e-03
  3.5715045e-03
 -3.0824918e-02
  3.4607823e-03
 -1.1498186e-02
  1.0028688e-02
  5.2982918e-03
  3.0052890e-03
 -3.8590241e-02
  4.2252843e-03
 -5.6158034e-03
  6.2287836e-03
 -7.6463884e-03
  2.6129646e-02
  1.2056354e-02
 -4.6385903e-02
 -2.2688687e-02
  5.0569433e-03
  8.9207683e-03
  3.3950494e-03
  1.6338386e-02
 -3.0946333e-03
 -1.7072547e-02
  2.3156903e-03
  9.1895824e-03
  9.3624019e-04
  9.4981985e-03
  4.3063713e-03
 -1.1135364e-02
 -7.5197034e-03
  1.2166904e-03
  9.3653370e-03
 -4.0079453e-03
 -9.7764824e-03
  1.2764585e-02
 -3.3098306e-03
 -1.9407958e-02
 -2.1892445e-01
 -2.3090851e-03
 -1.1624023e-04
  5.3453539e-04
  2.7683401e-03
  6.3846698e-03
 -1.4308337e-02
 -1.0724086e-02
  6.2737851e-03
  2.9082866e-03
 -6.4360462e-03
 -2.0091017e-03
  7.3315389e-03
  6.9094943e-03
 -1.5653597e-02
  2.0528380e-02
 -1.2171944e-03
  6.9685620e-03
  1.7167248e-02
  1.0634742e-02
  1.1423407e-03
  1.0930545e-02
 -1.5526947e-02
 -1.7092384e-02
 -2.9707043e-03
 -3.3178939e-03
  1.0197193e-02
  3.4667710e-03
  1.2662219e-03
  3.3036970e-02
 -9.2886081e-03
  2.1344868e-02
  3.6245819e-02
 -8.7519828e-04
 -7.3905145e-03
 -3.7900871e-04
  1.6491136e-02
 -5.7542324e-03
  3.4386581e-03
  5.1150466e-03
 -1.5853293e-01
 -1.2592158e-01
 -1.8309605e-01
  3.8266745e-03
  1.9823425e-03
 -1.4418994e-01
 -6.0596080e-03
 -5.2589104e-02
  2.9975777e-02
 -2.0828106e-01
  1.3779205e-01
 -2.8509051e-01
  4.7644768e-02
  3.7803403e-01
 -9.0220332e-02
  1.0408429e-02
  7.9857158e-03
  4.8673071e-02
 -1.9260940e-01
  7.1964581e-03
 -2.1143596e-01
 -3.5383822e-03
 -6.7960836e-02
 -6.4254962e-03
  5.5804192e-03
 -3.3345729e-02
 -3.4980893e-03
  2.4753268e-01
 -1.7086927e-02
 -9.0973859e-05
  1.3335034e-01
  5.7141362e-03
 -1.3373488e-01
 -6.0601223e-01
 -3.0629286e-03
  1.0304542e-02
  2.7921032e-02
  8.8308454e-03
  1.9762406e-02
  2.1554220e-03
 -2.9402435e-02
  3.8150926e-03
 -1.9520754e-02
  3.8452516e-03
 -5.1164472e-01
 -2.5080100e-01
  2.3168835e-01
  1.0823302e+00
  1.0243847e-02
 -6.0400701e-01
 -7.3140431e-03
  1.9773545e-02
 -1.1549225e-01
  4.1059401e-02
  1.6064532e-02
  4.8570540e-02
  6.8865772e-03
 -2.6484881e-02
 -5.0141655e-02
 -7.4590561e-03
  2.5520404e-03
  2.2827096e-02
  8.8104093e-03
  4.1012436e-02
 -2.4765313e-02
 -4.8516355e-03
 -5.2618100e-03
  2.2908649e-03
  2.8850043e-03
  2.8458531e-03
  3.0311121e-02
 -3.6323626e-02
  2.1137644e-02
  3.9055943e-04
 -8.3734374e-03
 -7.7424794e-03
 -1.6896531e-02
  7.3887389e-03
 -2.6189767e-02
 -1.2201114e-02
 -2.0572867e-02
  9.9922335e-03
 -1.6729883e-03
  5.1516661e-04
  1.5745549e-02
 -4.5503415e-03
  3.1216616e-02
  1.0973733e-03
 -4.0318239e-01
 -6.4590311e-01
  8.3818233e-01
 -5.5703349e-02
 -1.5422158e-02
  4.6761699e-02
  1.5653351e-02
 -5.0509334e-02
  1.1987886e-02
  3.3542526e-01
  6.0309343e-02
  9.7103462e-02
 -1.7731720e-01
 -6.4825185e-02
  1.0631042e-02
 -1.4179796e-02
  1.3982567e-01
  1.3762286e-01
  3.8348019e-01
  4.2760642e-03
 -6.9138003e-03
  1.1715996e-02
  1.5100604e-02
 -1.8226543e-01
 -3.2661766e-01
 -5.2657048e-03
  1.2827608e-01
 -1.8741919e-01
  3.8784430e-03
  1.1575188e-02
 -1.8742997e-02
 -1.2829405e-03
 -5.1364940e-01
  5.4846797e-03
 -1.2015766e-02
 -6.9242408e-03
  8.8325853e-04
  2.2339788e-03
 -3.4942925e-02
  1.1575222e-03
  2.9484639e-02
 -3.2067005e-02
  1.1281058e-02
  8.6992979e-05
 -3.5366628e-02
  8.6490605e-03
 -1.7937250e-02
  1.0623935e+00
 -3.4197766e-02
 -1.4137998e-03
  7.4054538e-03
 -2.4024430e-01
 -9.3409596e-03
  3.5163142e-02
 -3.3570293e-02
 -2.6131446e-02
 -2.6679938e-03
  1.1620729e-02
  3.5592203e-04
  5.0594443e-01
  1.1046308e-01
 -6.7994813e-04
  1.3456622e-01
  1.9677038e-01
  6.4972923e-03
 -1.4225915e-02
 -5.6919730e-03
  2.1558871e-02
 -9.7294366e-03
 -5.4750156e-01
  4.3427482e-02
  8.6726593e-03
  9.3012722e-03
  1.0426678e-02
  3.8362721e-03
  6.1478394e-01
  2.9340779e-02
  7.1373314e-01
 -3.0493420e-03
 -1.9668864e-01
  3.5677636e-03
 -2.9307448e-03
 -8.9674485e-01
 -8.3316565e-01
 -1.4260784e-01
 -4.0392229e-01
  4.8432294e-01
  3.8594350e-01
 -5.3203743e-02
  1.3511110e-02
 -6.4025177e-03
 -9.4786078e-02
  2.5083426e-01
 -6.8617269e-02
  4.3030259e-01
  1.8606021e-01
 -1.3800968e-01
 -4.2039880e-01
  4.3784954e-02
  2.5769213e-01
 -2.3955442e-01
 -5.8626801e-01
 -1.3373287e-02
  1.8396224e-01
 -3.4494841e-01
  7.0283383e-02
 -1.9754662e-01
  9.5408335e-03
  4.8188265e-02
  1.2159432e+00
  6.6915202e-01
  2.8962275e-02
 -8.6305457e-01
  5.6336856e-01
 -8.7972924e-02
  4.4168695e-03
  4.4034008e-02
  7.0508644e-02
  3.4243476e-03
  1.9078535e+00
  8.3186440e-02
  9.0204775e-02
 -1.7463522e-01
  3.0291897e-01
  7.7429213e-02
 -3.9283535e-01
  2.3770280e-01
  5.7159495e-01
  1.2305201e-01
 -2.5499263e-01
  1.4360495e-02
 -3.3295248e-03
  2.5757291e+00
 -4.7571397e-01
 -3.9347923e-01
 -9.7059935e-01
  5.7713217e-01
  3.5096925e-01
  5.4073834e-01
  3.9628033e-02
  4.4376153e-02
 -5.1856112e-01
  9.8685664e-01
  6.2004232e-01
  2.9699569e+00
 -2.8764188e-02
 -1.6067218e+00
  6.8151909e-01
  2.0817566e+00
  5.4143643e-01
 -5.1498288e-01
  6.2615228e-01
  4.0111236e-02
  9.8019040e-01
  2.7703741e-01
 -2.0636218e+00
 -1.3235991e+00
  1.1230154e+00
 -5.4685414e-01
 -8.0749941e-01
 -3.9032470e-02
 -1.6231626e+00
 -5.7176185e-01
  2.2685504e+00
  2.1370065e-01
  3.5573420e-01
  4.0084159e-01
 -3.5073617e-01
 -2.2122383e+00
  5.6300074e-01
 -9.5108730e-01
 -8.7906778e-01
  6.7390013e-01
  9.3013155e-01
 -6.6259348e-01
  2.5911912e-01
  1.3040479e+00
  3.7771365e-01
  3.9540982e-01
 -7.5050950e-02
  1.6979306e+00
  1.5573713e-01
 -2.0580727e-01
  1.6631224e+00
  8.9474870e-03
 -1.6913666e-01
 -9.5427442e-01
  6.3809419e-01
  5.6903988e-01
  5.4063267e-01
 -2.6641075e-02
  3.5465038e-01
  4.6242166e-02
 -4.7973251e-01
  1.2259535e-02
  8.6183536e-01
  8.6198562e-01
  1.6421312e-01
  9.9978727e-01
  3.1058604e-01
  1.0317888e+00
 -1.1729752e-01
  1.1723430e-02
  1.4804226e+00
  6.4430609e-03
 -9.6399203e-02
 -7.0676086e-03
 -1.2571505e+00
 -7.1690202e-01
 -1.7337524e+00
 -3.6925077e-02
 -4.3254009e-01
 -1.0680758e+00
 -4.9403778e-01
  2.7637026e-01
  2.8915377e+00
  4.3189265e-02
 -2.6725670e-02
  8.2547212e-01
 -2.9992983e+00
 -7.9933643e-02
  1.2031143e+00
 -3.5800570e-01
 -2.4510479e+00
 -6.6387540e-01
 -1.1782881e-01
  3.2407385e-01
 -2.4169866e-02
  4.5605555e-02
 -7.4559915e-01
 -1.9155711e-02
  3.2298155e+00
 -8.6944360e-01
  1.8276908e-01
  8.4593128e-03
  2.3659909e-02
 -2.9309221e-02
 -6.9199783e-01
  5.9822839e-01
  2.3184736e-01
 -1.7967232e-01
 -4.1323820e-01
  2.4958034e-01
 -6.5458739e-01
 -3.3549303e-01
 -6.4365304e-01
  2.8631531e-02
  3.0939049e-01
 -6.1513972e-03
  8.6893237e-01
  3.4654203e-01
 -7.0904565e-01
 -1.1104397e+00
 -3.8737475e-03
  3.5013512e-02
 -6.5003566e-02
  2.5970751e-01
 -7.0354462e-02
  5.0389633e-02
 -3.0938874e-03
 -3.9216349e-01
 -4.9366683e-01
 -2.4661498e-02
 -7.7785254e-01
  1.1467464e-01
  3.2648805e-03
  1.2964435e+00
 -6.8216324e-01
  3.2246139e-02
 -8.4906572e-01
  5.7632983e-01
 -6.8014771e-01
 -2.2075796e-03
 -2.3274380e-01
  1.0393374e-02
 -6.6069305e-01
  4.3515882e-01
  3.3824146e-01
  1.5210924e+00
 -7.4464065e-01
  1.8000495e-02
 -6.3448809e-02
  5.2062702e-01
 -1.8113949e+00
 -3.3553335e-01
 -1.8771263e+00
 -1.3048866e-02
 -2.5502114e+00
  5.1877707e-01
  3.2759020e-01
  5.4226875e-01
 -9.7305244e-03
  1.9812856e+00
 -7.7862307e-02
  7.5481795e-02
  8.2211536e-01
  2.8005543e-01
  7.9022884e-01
  4.9548082e-02
 -2.2304028e-01
  6.6560590e-01
 -8.0043751e-01
 -6.3931054e-01
 -4.3838748e-01
 -8.2927421e-02
 -5.0864937e-03
  2.4383268e-03
 -8.3539724e-02
  4.4228714e-03
  9.4227241e-03
 -3.1393442e-01
  2.7273333e-01
  3.8240254e-01
  1.4327554e+00
 -4.1882592e-01
 -1.6904230e+00
 -6.0244870e-01
  2.4366774e-01
  4.2353692e-03
 -3.8315868e-01
  1.1864833e-02
 -1.0879133e-02
 -5.2068734e-01
 -6.2127119e-01
  6.9156133e-02
 -6.9214788e-04
 -5.2856880e-01
 -2.2994515e-01
  2.6723506e-02
 -3.9071476e-01
  1.6724502e-01
  4.0615179e-02
 -1.2781009e-02
  3.9126322e-01
 -5.7752099e-02
 -1.6449302e-02
 -5.4849863e-01
 -8.8945860e-01
  9.5898725e-02
 -1.1195998e-01
  4.1428208e-01
 -6.2024474e-01
 -3.5310216e-02
  4.9456334e-01
 -1.3898590e-01
 -3.8859099e-01
 -1.4695067e+00
 -2.0592735e+00
  5.7450628e-01
  7.4387282e-01
 -7.5879805e-03
 -2.2534356e+00
  1.1781242e+00
  9.5426017e-01
  2.5772800e+00
 -5.5858815e-01
 -1.9396964e-04
  7.9229343e-01
  1.6015831e+00
  1.9167560e-03
  6.6995266e-04
  1.5343556e+00
 -6.8503821e-01
 -2.3527921e-03
  6.2565007e-03
  8.3730924e-01
 -9.7330594e-01
 -5.0034937e-03
 -2.6097532e-02
  4.1972084e+00
  2.6755228e+00
 -9.6872021e-03
 -6.4516947e-02
  6.1255372e-01
  7.2433487e-02
  5.9620029e-01
  2.1832910e-01
  5.3837168e-01
 -2.3439988e-03
 -2.6367090e-03
 -5.8495086e-01
 -9.2752248e-02
  5.8172274e-01
  1.1756798e-01
 -8.7254032e-02
  1.1913623e+00
  3.2255015e+00
 -7.2791286e-02
  2.6473927e-01
  1.1497044e-01
  5.1606148e-01
 -3.5854406e-03
 -2.2857629e-01
  1.7012438e+00
  1.3150054e+00
 -8.1227077e-03
 -7.7669229e-03
 -1.4511864e-01
  1.5231732e+00
 -5.8198411e-02
 -2.5041258e-02
  1.3684270e-01
  5.9328794e-01
  3.5564113e-02
 -1.1048318e-02
 -3.5975921e-01
 -1.9970673e-01
  8.4297538e-01
  1.4417799e-01
  5.3022653e-01
  1.7281406e-01
  8.3475644e-03
 -1.1452518e-03
 -9.0360945e-01
 -7.1126038e-01
 -5.4037851e-01
  1.8842947e+00
  8.6176926e-01
 -2.8325973e-02
  1.0272480e+00
  3.0884368e-02
  3.4526064e+00
  1.2003456e+00
  2.8879626e+00
 -5.3484994e-04
 -1.5681683e+00
 -6.7273919e-03
 -2.3627453e-02
 -2.6370937e-03
  2.8133424e-02
 -9.7356778e-01
 -4.5051917e-02
 -6.6426396e-01
  1.7149560e+00
  9.1374046e-01
 -3.7377334e-01
  8.3291793e-01
  7.5714119e-02
 -7.0879799e-01
  1.2573896e-01
  2.0399387e+00
 -2.3904619e-01
 -1.3213806e+00
 -1.1961567e-01
 -1.6574617e-03
 -1.4222594e+00
 -1.5460705e+00
  8.0470157e-01
  9.4110876e-02
 -1.2237354e-01
  3.8444686e-01
  1.1179966e-01
  1.1847209e-01
 -7.3521602e-01
  9.4982576e-01
 -9.9982935e-01
 -9.8708877e-03
 -3.8010857e-01
  6.7757285e-01
  9.9107957e-01
 -6.1403224e-03
 -6.1010605e-01
 -1.4961036e-01
  1.5031970e-02
  3.7664524e-03
  8.1341892e-01
  5.5600893e-02
  6.5912463e-02
  1.0552369e-02
 -1.7634320e+00
 -7.9644537e-01
  5.3456396e-02
 -3.3954683e-01
 -7.6374888e-02
 -5.7202774e-01
  1.0629277e-01
 -2.5441438e-02
 -1.3542078e-01
  1.3803194e+00
  2.6413426e-01
  2.0207746e-01
  7.8762513e-01
 -1.4039829e+00
  1.0819457e-01
 -4.8793876e-01
  6.7666370e-01
 -1.9751170e+00
  1.6566118e-02
 -2.3558687e-03
  1.2363157e+00
  6.5572327e-01
  4.1334253e-02
  3.6568899e-02
 -1.9466951e+00
 -4.2032665e-01
  2.6818207e-01
 -6.5294302e-01
 -1.3497713e-01
  4.8147458e-01
 -9.0768166e-02
  3.9615065e-02
 -6.4510718e-02
  3.4719542e-02
 -1.1643686e-01
  1.6180167e-01
  1.1549432e+00
 -1.0212617e-01
  1.3362181e-01
 -1.4708613e-01
  6.1606264e-01
  1.1679608e-01
  8.7437645e-04
  1.3622220e-01
  1.1800427e-02
 -1.5090055e-02
  6.4861630e-03
  1.1739435e-02
  1.2108113e-01
  3.4114590e-01
 -9.9461544e-01
 -3.9674312e-01
  3.5894397e-01
  3.6318317e-01
  3.0918255e-02
  4.6111265e-01
  4.1144688e-02
 -3.5072461e-01
  2.5216922e-02
  1.4785694e-01
 -6.0990292e-01
  5.1538342e-01
  4.4939974e-01
 -4.0263463e-02
  1.3083443e-02
  2.8404605e-01
  3.1064165e-01
 -1.4295480e-01
  1.9579709e-01
  1.0769840e-01
 -1.3174813e+00
  3.3642575e-02
  6.7020905e-01
  3.3873536e-02
  1.9022042e+00
 -1.2721832e+00
  1.4068602e-01
  2.4259451e-01
  4.4614798e-01
 -6.2496219e-02
 -6.4407252e-03
  3.1848893e-01
  5.8730227e-01
  2.9877451e-01
  8.4789109e-01
 -1.6912136e-02
 -8.8079423e-01
  1.8291548e+00
 -2.0456737e-02
  2.6630846e-01
 -1.0872185e+00
  8.6648786e-01
  2.1234156e-01
 -1.5284331e+00
  6.4902228e-01
  5.5616820e-01
  2.0648813e-01
  8.3021492e-01
  7.9664975e-01
 -1.3333099e-01
 -8.5817331e-01
 -1.6095452e+00
  1.0045999e-01
  9.3716985e-01
  3.5421553e-01
 -1.2130915e-01
  2.0172967e-01
 -2.3378522e+00
  3.2659099e-01
  1.4233966e+00
  1.7257402e+00
 -8.9757311e-01
  9.7192526e-01
 -3.3800185e-01
 -3.2577157e-01
  2.0906930e+00
 -1.2875253e+00
  3.9401144e-01
 -1.1340513e+00
 -3.0720504e-02
 -2.5362780e+00
 -5.3541120e-02
 -1.3227242e-01
 -7.2369939e-01
  5.9081417e-01
  9.8574430e-01
 -2.5154442e-01
 -5.2316659e-03
  8.8999754e-01
  5.1077330e-01
 -1.2532566e+00
 -6.8310249e-01
 -7.5038455e-02
  4.7957352e-01
  6.8474874e-02
 -1.0067273e+00
  9.2379756e-02
  3.0680659e-01
  1.7642972e+00
 -1.2848945e+00
 -1.9459322e-03
 -4.8256703e-02
  1.0996307e+00
 -1.5596461e-01
 -1.3023257e+00
  9.5628077e-01
 -8.8125378e-01
  3.6558557e-01
  1.7340146e-01
  1.7053167e+00
  6.0293250e-02
  3.2540792e-01
 -1.0039016e+00
 -2.0504067e+00
 -2.6772771e-02
 -7.7377027e-01
  1.0959322e+00
  1.1902813e+00
  1.7998145e+00
  1.0216287e+00
  5.3918916e-01
 -1.4044788e+00
 -7.3013455e-02
 -1.2598327e+00
  8.2928874e-02
 -1.6326590e+00
  3.9483774e-01
  2.6274022e-02
  8.5387093e-01
  1.4158159e+00
 -5.7533201e-02
  1.6436958e-01
  1.5866913e+00
  4.9133512e-01
  1.5968679e-02
 -1.2087806e+00
  1.2199157e+00
 -5.4935485e-01
  1.6305395e+00
  7.2441190e-01
  4.9074543e-01
  4.0966034e-01
  1.8652072e+00
 -6.4741515e-02
 -2.8331834e-01
  1.4907774e+00
  2.6722395e-01
 -3.1195948e-01
 -3.2031870e-01
  9.2805940e-01
 -4.6299529e-01
  1.6009729e-02
 -2.1377480e-01
  2.9568142e-01
 -4.1445875e-01
  5.9727615e-01
 -1.8054441e+00
  7.1515924e-01
  3.9774093e-01
 -5.6053889e-01
 -2.3910624e-01
  3.0222809e-01
 -6.6158307e-01
 -4.8803040e-03
  2.1297266e-01
 -4.8935369e-02
 -3.8132834e-01
 -1.5779428e-02
  7.8936607e-02
  1.1223170e+00
 -8.8581532e-01
 -4.7930181e-01
 -6.2571907e-01
 -1.7412230e-02
  1.6585577e-01
 -1.8443188e-02
  2.6674345e-01
  2.0362203e-01
 -5.2298445e-01
 -4.8194498e-01
 -4.0997434e-01
  3.5073787e-01
 -1.5804055e+00
 -5.8931126e-03
 -4.8456937e-01
 -6.6184998e-03
 -3.5033256e-01
 -9.3865059e-02
  1.8448536e-01
  9.8755568e-01
 -1.3921874e-02
 -1.9310994e-01
  1.9152831e-01
 -1.6596848e-01
 -8.8075137e-01
 -2.2214428e-02
  1.2942462e-02
  5.9817582e-02
 -7.4473071e-01
 -4.2489275e-01
 -4.7481465e-01
  1.4017990e-01
 -3.5029855e-01
 -2.0252002e-02
 -1.6515836e-01
  1.1245035e-02
 -1.3382506e-02
 -1.6430506e-01
  4.8664406e-01
 -1.2540380e+00
  5.9672892e-01
 -1.3927604e+00
  1.0015958e-01
 -7.3032486e-01
 -5.1563244e-02
 -6.2480807e-01
 -2.1717532e-01
  4.6800816e-01
  2.1320088e+00
  1.3688502e+00
 -3.7056860e-01
 -9.2016518e-01
 -5.3793740e-01
 -3.6064572e+00
 -4.8803850e-03
 -1.9985527e-01
 -1.6305437e+00
 -1.6603005e-01
 -3.2402864e-01
 -6.3712709e-02
 -9.9322468e-02
  2.4862661e+00
  8.7904578e-01
 -1.4071773e+00
 -2.5977778e-01
 -9.8082489e-01
  9.2129931e-02
  2.4521816e-01
 -6.3876504e-01
 -1.4130225e+00
 -4.0340073e-02
 -5.7205915e-01
 -9.1092223e-01
  1.7621033e-02
 -3.8299855e-02
 -8.5879982e-01
  1.4201705e-02
 -5.5572968e-02
  4.7984010e-01
 -7.6454383e-01
 -6.3050932e-01
 -7.6917577e-01
 -1.3527165e-01
 -1.8977259e-01
 -1.0563030e+00
 -4.4753724e-01
  7.9358285e-03
 -2.1135223e-01
 -7.2884309e-01
 -5.8576263e-02
  1.5988770e+00
 -4.5782900e-01
  1.6457402e+00
 -1.3921319e+00
 -4.4234607e-01
  1.3292522e+00
  6.9994938e-01
 -3.5130490e-02
  3.6714816e-01
 -5.6631768e-01
 -1.6360821e+00
  1.8736398e-01
 -4.9260667e-01
  1.2390505e+00
  1.6984741e-01
 -1.5857476e+00
 -5.9052229e-01
  2.5091312e+00
  1.0994492e+00
  7.8840888e-01
  9.0661359e-01
 -6.5090764e-01
 -1.4795691e+00
 -1.8940707e+00
  9.7538751e-01
 -2.6093934e-02
 -2.1480185e-01
 -2.2081094e-02
 -2.0729247e-01
  9.1742255e-02
 -1.1351998e-01
 -4.0295681e-01
  3.3344217e-02
  5.0787781e-03
 -1.1031394e-01
 -3.2161611e-01
 -1.4335904e+00
  7.8488439e-02
 -2.3872717e-01
 -5.3874534e-01
 -2.2579658e+00
  1.6810605e-03
 -5.4312634e-01
 -2.1312368e-01
 -1.2850906e+00
  2.2111398e-03
 -5.5129838e-01
 -9.7389579e-01
 -2.4474511e-01
 -5.8669895e-01
 -2.9522574e-01
 -4.0951851e-01
 -1.1718801e+00
 -1.5398629e-01
 -9.6321918e-02
 -9.5488898e-02
 -2.8238738e-01
 -2.5711522e-01
  1.0391719e+00
  5.4939198e-03
  8.6493266e-01
 -1.1923913e+00
 -6.5125036e-01
 -2.2480838e+00
 -4.9519297e-01
 -1.2802850e+00
  1.7401110e+00
  3.3113059e-01
  1.0315447e-01
  1.1642172e+00
 -5.7262689e-01
 -1.1256478e+00
 -4.7589973e-01
  1.2301857e+00
 -2.2630401e+00
 -3.0770316e+00
 -5.5793512e-01
 -2.4011509e+00
  1.2915320e+00
 -6.3727915e-01
 -4.8704557e-03
 -6.6359448e-01
  6.4670444e-01
 -1.5095148e+00
  1.7154542e-01
 -1.3751447e+00
  6.2132514e-01
 -3.0729896e-01
 -1.4182121e-01
 -2.0285773e-01
 -6.3344233e-02
 -3.7444237e-01
  3.5026976e-01
 -4.2764422e-01
  7.6796644e-04
  4.7834721e-01
  6.0229963e-01
  3.8810089e-01
 -2.6418304e-01
  1.0157872e+00
  4.2632282e-01
 -3.0470946e-01
  2.5768315e-02
  9.8763043e-01
  9.3022209e-01
  1.0847429e+00
 -6.7201197e-02
  1.0444053e+00
  2.4990385e+00
  2.0991683e+00
 -1.6300440e-02
 -3.7079910e-03
 -2.4393911e+00
 -1.5895489e+00
  1.4794682e-01
  9.0240127e-01
 -9.5100872e-02
  5.3802925e-01
 -1.0863400e+00
  6.9635040e-01
  2.3621008e+00
  2.6662545e+00
  4.6562973e-01
  4.0900484e-01
 -4.1409636e-01
 -8.7244523e-01
  2.5885066e-01
  8.5914916e-01
 -8.1259757e-01
 -8.6810040e-01
  2.2943552e-01
  1.0742024e+00
  5.3507745e-01
  9.1175884e-01
 -4.5416199e-02
  3.6974084e-01
  1.0613070e+00
  4.5786709e-01
  4.3005222e-01
  7.9706800e-01
 -2.3992336e-01
 -1.1097400e+00
 -4.7956549e-02
  7.8829998e-01
  3.6945957e-01
  3.5995358e-01
 -4.8838994e-01
  2.8523439e-01
  9.0109056e-01
  1.9147749e+00
 -7.7852410e-01
  9.2105514e-01
  6.2964857e-01
  1.3748171e+00
 -2.5496802e-01
  3.0366752e-01
  3.6094967e-01
 -2.0773396e+00
 -2.4138074e-01
 -3.5968292e-01
 -8.5235434e-03
 -4.9656591e-01
 -2.5567815e-01
  1.4596437e-03
 -7.0025936e-02
  1.2631056e+00
 -1.9253730e-03
 -4.0595180e-01
 -3.5106814e-01
 -1.0407621e-01
 -8.4516697e-02
 -7.3809400e-02
 -1.6516863e-01
  1.1770697e+00
 -8.3715916e-01
 -5.2228462e-02
  5.2629375e-01
  3.1024437e+00
  6.4269716e-01
 -2.3553927e-01
  4.9715549e-01
 -1.3039814e+00
 -9.0734288e-03
 -4.6253311e-03
 -6.0674466e-02
 -2.5413682e+00
 -1.0933008e+00
 -2.6434541e-01
  3.5072502e-02
  8.9583814e-02
  4.8523927e-01
 -4.5588214e-04
 -1.4944395e+00
  2.1247590e-01
 -7.3317856e-02
 -2.6123460e-02
 -4.9119082e-01
 -7.8723729e-02
 -6.2000173e-01
 -3.0682501e-01
  2.7746159e-01
 -3.3162624e-01
 -1.4920518e-01
 -1.0916021e-01
  4.4690406e-01
  4.5379305e-01
  1.9196425e-02
 -8.3230570e-02
  1.7928956e-02
  1.7928956e-02
  1.7928956e-02
  1.7928956e-02
  1.7928956e-02
  1.7928956e-02
  1.7928956e-02
  1.7928956e-02
  1.7928956e-02
  3.4313183e-02
  3.4313183e-02
  3.4313183e-02
  3.4313183e-02
  3.4313183e-02
  3.4313183e-02
  3.4313183e-02
  2.7671870e-02
  2.7671870e-02
  2.7671870e-02
  2.7671870e-02
  2.7671870e-02
  2.7671870e-02
  2.7671870e-02
  1.3580502e-02
  1.3580502e-02
  1.3580502e-02
  1.3580502e-02
  1.3580502e-02
  1.3580502e-02
  1.3580502e-02
  5.7021868e-03
  5.7021868e-03
  5.7021868e-03
  5.7021868e-03
  5.7021868e-03
  5.7021868e-03
  5.7021868e-03
  1.1793899e-02
  1.1793899e-02
  1.1793899e-02
  1.1793899e-02
  1.1793899e-02
  1.1793899e-02
  1.1793899e-02
