nep4 2 Cu Se 
cutoff 7 5 100 44
n_max 8 6
basis_size 12 12
l_max 4 2 0
ANN 50 0
 -3.1210890e-02
  4.1128644e-01
 -4.3035235e-02
 -6.0242675e-02
  9.5387989e-01
  2.8958705e-01
 -2.7992073e-01
 -8.9321360e-02
  1.4592588e-01
  2.5594640e-01
 -8.3630346e-04
  3.2436673e-02
 -3.5739899e-01
 -2.2364963e-02
  3.5492417e-01
 -9.3694046e-02
 -8.2152151e-03
 -2.9156692e-03
 -3.6964768e-01
 -1.7285797e-01
  3.4436110e-01
 -2.2250894e-01
  3.2371711e-03
 -7.9881206e-02
 -5.8261298e-02
 -7.0534073e-02
  1.1702933e-01
  7.4109755e-02
 -1.8737996e-01
 -8.0081619e-02
  7.7313364e-02
 -2.4042198e-01
 -5.5920236e-02
 -9.9943049e-02
  1.5776590e-01
 -2.6075125e-02
  1.2365704e-01
  2.7210408e-01
  2.4820363e-02
  9.5637426e-02
 -1.6261415e-01
  1.6122809e-01
 -1.2558188e-01
  2.1066124e-02
  9.7345479e-02
 -8.3277203e-02
  1.0521112e-01
  3.6814395e-01
 -2.3459017e-01
 -2.3341215e-01
  3.9735186e-01
  3.2192022e-02
  9.4621874e-02
 -1.9637062e-01
 -3.5125148e-01
  3.6341137e-01
  4.6767808e-02
  1.0746611e-01
  5.6953728e-03
 -2.6642352e-02
  1.9996930e-02
 -3.3843961e-02
 -4.1673481e-01
 -1.5163769e-01
 -1.8763614e-01
 -2.3386337e-02
 -2.6987663e-02
  3.6902940e-01
 -2.1890202e-01
  9.4147220e-02
 -2.0910384e-01
  2.7637121e-01
  2.6371530e-01
 -2.4598284e-01
  2.9746337e-02
 -1.1129130e-01
 -1.1086023e-01
 -6.3509095e-01
  1.3461326e-01
 -5.6487646e-02
 -4.0061478e-02
  9.9127121e-02
  1.0262356e-01
 -2.4934652e-01
 -1.0859792e+00
 -3.1088609e-01
  2.4516386e-01
 -4.2663923e-01
  1.3497820e+00
 -5.3418493e-01
 -1.4029638e+00
  2.8850022e-01
 -1.6084760e-01
  8.7089621e-02
  9.0763897e-01
 -1.0922236e-01
 -1.0226828e+00
 -2.3402417e-01
  1.3953973e-02
  4.2527154e-02
  5.3797323e-02
  8.7668449e-01
 -4.1758808e-01
 -4.2948103e-01
 -6.1754209e-01
  1.6973810e-01
 -1.9127236e-01
  3.9465958e-01
 -1.1409684e+00
 -1.7838062e-01
 -2.4109422e-01
  8.1563002e-01
  7.0421480e-02
 -1.0164467e-01
 -2.1171807e-01
 -8.0136812e-01
 -2.5859749e-01
 -3.7380731e-01
 -1.1876959e-01
 -2.8194043e-01
 -1.2341434e-01
 -5.0524719e-02
 -4.3016604e-01
 -1.7066845e-01
  4.0395997e-02
  2.0175368e-01
  4.9199820e-02
 -8.8730365e-02
 -1.1954051e-01
 -3.3418325e-01
  2.4023471e-02
 -2.8773034e-01
  5.8188426e-01
 -3.8877076e-01
 -2.3138151e-01
  6.5524602e-01
  1.9993538e-02
  9.1201866e-01
  9.2171532e-01
 -2.5012270e-01
 -7.0938754e-01
 -3.2393913e+00
 -6.1355627e-01
  4.6390641e-01
 -3.2488935e-02
  1.4565538e-01
 -1.8162009e+00
  8.7896889e-01
  3.4853064e-02
  2.1916094e-01
 -4.4262654e-01
 -4.0210888e-01
 -5.1068234e-01
 -1.8863432e+00
  4.7284904e-01
  1.3076364e-01
  5.7186641e-02
 -4.9561140e-01
 -4.8550717e-03
  7.4901849e-01
 -1.8532892e-01
 -1.3171871e+00
  3.7001294e-01
 -4.1598067e-01
 -1.0323853e+00
 -1.0113089e+00
 -1.4267920e-02
  1.3461328e-01
 -2.1198033e-01
 -1.5001693e-03
  4.2428619e-01
  8.4239972e-01
 -8.6018753e-01
 -8.0595374e-01
  3.9180243e-01
 -3.3866429e-01
  1.0606013e-01
  4.9120957e-01
  1.4592534e-02
  1.0840870e-01
 -7.6962024e-01
 -1.0213112e-01
  5.3633058e-01
  8.9692384e-01
 -7.7097274e-02
  2.7789805e-02
 -3.5686694e-02
  3.9181501e-02
 -1.7879143e-01
  7.5473703e-02
  1.4056966e-01
  1.1989523e-01
  2.5607395e-01
  3.7056357e-02
 -4.6180304e-02
 -1.5814035e-01
 -4.8199317e-01
  3.2750916e-02
  5.5323347e-02
  7.8383669e-02
  4.9081904e-01
 -1.2211442e-01
 -2.7311257e-01
 -1.8569246e-01
  3.0414915e-01
  2.9235685e-01
  4.2354234e-02
  5.9638716e-02
 -1.7153570e-01
  3.9108835e-02
 -3.7562203e-02
  2.3185083e-01
 -7.3678493e-02
 -2.9658079e-03
  4.3802451e-02
  2.4732995e-01
  1.5996847e-01
 -4.5741618e-02
  1.8221685e-01
  4.7327749e-02
 -1.4888557e-02
  1.4909725e-01
 -2.8847307e-01
  3.0833322e-01
  2.5222987e-01
 -5.4024458e-02
  1.5205912e-01
 -1.4185396e-01
 -1.1462155e-01
 -5.5577360e-02
 -9.2008770e-02
 -2.8238004e-02
 -3.3785796e-01
 -8.4086731e-02
  2.7691644e-01
  1.3200356e-01
 -1.8866029e-01
  3.2466829e-02
  5.0403368e-01
  7.1724430e-02
 -3.8420328e-01
  2.5152501e-01
 -3.1640410e-01
 -9.1002859e-02
 -1.7587943e-02
 -2.7071354e-01
 -6.3151842e-01
  1.9202554e-01
 -4.3049835e-02
 -5.6589967e-01
  5.3929615e-01
 -4.3682343e-01
  2.0750704e-01
 -5.9100553e-02
 -1.5402542e-02
  1.5729183e-01
 -7.1848109e-02
 -2.2474062e-01
 -2.0854802e-01
  1.4645042e-01
  2.3414083e-01
 -1.1297178e-01
 -9.2702255e-02
  3.0153953e-02
  3.3574378e-01
  6.2236283e-02
  5.0217140e-01
  7.7380866e-02
 -9.8728144e-01
  1.2282521e-01
  1.3131103e-01
 -4.4050959e-01
 -7.5864829e-02
 -2.9891834e-02
  7.0729756e-01
 -5.4646678e-02
 -2.7983549e-01
 -3.2212776e-01
 -1.4510499e-01
  5.1371777e-01
 -1.5437397e-01
  8.5734898e-01
  4.8037979e-01
  9.3145743e-02
 -5.0134052e-02
  2.3420162e-01
  8.1770855e-01
 -2.2469603e-01
  7.8494668e-02
  2.1269733e-01
  2.2382414e-01
 -7.9883158e-01
  6.3095242e-03
  3.2706597e-01
  8.7572336e-02
  3.1083873e-02
  1.3807356e-01
  3.2202989e-01
 -4.1886121e-02
 -2.2860716e-01
  8.6432211e-02
 -1.1872197e-01
  1.2867141e-01
  5.4114670e-02
 -4.7606769e-01
 -3.7843782e-01
  2.9708457e-01
 -4.7642294e-02
 -2.0495640e-01
 -2.5846541e-01
  2.6106942e-01
  2.6303124e-01
  8.1550694e-01
 -3.1580743e-01
  1.6245368e-01
 -1.5246019e-01
  2.6583422e-02
 -2.9518807e-01
  6.6595018e-02
  1.1462048e-01
  2.4716774e-01
 -2.6415148e-01
  4.6460778e-02
  1.3244341e-02
  2.7739024e-01
 -9.3020964e-01
  5.6563996e-02
 -1.6003817e-01
 -8.4595624e-03
  4.7758046e-01
  1.4349291e-02
 -3.4435201e-02
  1.9304976e-01
 -2.3349126e-01
  2.2921462e-02
  1.3528472e-01
  5.1389641e-01
  1.2831545e-01
 -6.8748288e-02
 -1.9207385e-01
  1.1011572e-01
 -1.4984617e-01
 -9.3084253e-02
  3.0403905e-02
  1.7070639e-01
 -1.2129842e-01
  3.2421947e-01
 -5.4765433e-02
  1.8721905e-01
  2.8563369e-02
  3.5317607e-02
 -1.9199634e-01
 -4.8672773e-02
  5.0103165e-02
  1.1222534e+00
  7.4582651e-02
 -9.7867679e-03
 -1.9097416e-01
  4.2154904e-02
  1.1712574e-01
  1.2800739e-02
 -3.1433854e-02
  2.9019335e-01
  2.6220798e-02
  1.9870877e-01
  2.7550334e-01
  1.6864811e-01
  2.1588747e-01
 -4.9426366e-02
  1.6056083e-02
  6.0003281e-02
  1.9285639e-01
 -4.8104525e-03
 -2.2634904e-01
  4.3933222e-01
 -1.1059166e-01
  4.2080417e-02
 -7.1520008e-02
 -1.5231045e-01
  1.0029222e-01
  2.3062402e-01
  8.2457289e-02
 -2.0293237e-01
 -5.5067796e-01
  2.0009229e-01
 -7.7055708e-02
  1.2379741e-01
  4.6077665e-02
 -9.5063791e-02
  3.8727733e-01
 -2.5029975e-01
  8.5988559e-02
  3.7903333e-01
 -2.4155575e-01
 -3.8368978e-02
 -5.0112985e-02
 -3.0195296e-02
  3.6031818e-01
 -1.7230082e-01
 -2.2275941e-01
  6.1631602e-01
 -3.3647940e-02
 -1.4717725e-01
  2.6393694e-01
 -5.5309069e-01
 -5.5583632e-03
 -6.0690671e-02
 -1.1098911e-02
  1.1925864e-01
 -1.7441659e-01
  6.1728232e-02
  2.9806718e-01
 -4.9548200e-01
  2.0386595e-01
  7.0885427e-02
  1.7586650e-01
  3.7200892e-01
  8.3148545e-01
 -5.8581829e-01
  6.3820794e-02
  1.1428660e-01
  3.2252705e-01
  2.2021325e-01
 -1.9798592e-01
  1.7591977e-01
 -1.8275987e-01
  3.7333268e-01
 -1.7478282e-02
 -1.9783573e-02
  6.9321200e-02
 -1.3716656e-01
  1.0164558e-01
 -7.6413512e-02
  1.3966459e-01
 -7.8202717e-02
  5.3629033e-02
  3.2718722e-03
  5.2454691e-02
 -1.2921412e-01
  1.0689229e-01
 -1.2959316e-01
 -1.3456628e-01
 -8.2015336e-01
  8.5397348e-02
  5.3025454e-01
 -2.2503169e-01
 -1.4803557e-01
 -1.0382156e+00
  5.1402223e-01
  1.5202186e-01
  2.1786673e-01
 -9.0753376e-01
  1.0083377e-01
  3.2672954e-01
  9.7374953e-02
  5.5912095e-01
 -3.2141677e-01
 -3.2171240e-01
  2.8659225e-02
 -3.3077431e-01
  1.7421132e-01
  1.0101157e-01
  3.8473839e-01
  2.1392848e+00
 -2.5156569e-01
  3.3004206e-01
  2.8507453e-01
  2.7881467e-01
  5.0843790e-02
 -3.3888403e-01
 -1.1001913e-02
  1.9094110e-01
 -3.2935596e-01
  4.5419452e-01
 -2.0606013e-01
  2.8726734e-02
  1.5762986e-01
  5.0238651e-01
  2.2511177e-01
 -4.3076416e-03
  1.6809338e-01
  4.1056592e-02
 -6.7806162e-02
 -4.2275164e-02
  4.7229201e-02
 -1.5199989e-01
  3.1031463e-03
 -2.8120849e-01
 -9.3040711e-01
  1.4967149e-01
  1.3368899e-01
 -6.0144937e-01
  6.9860071e-02
 -2.3079799e-01
  9.8441280e-02
 -2.4012601e-01
  4.3499753e-02
  4.9432456e-02
  9.3455538e-02
 -1.8894836e-01
 -1.5141916e-01
 -5.3219978e-02
  9.4370432e-03
 -6.8017013e-02
  3.3011213e-03
  1.8563077e-02
 -1.4908788e-01
 -2.9172206e-01
  2.7287549e-01
 -2.2894573e-01
 -1.4163139e-01
  1.2523118e-02
  1.7903106e-01
 -6.7990169e-02
 -7.3657647e-02
  6.6473216e-02
  7.3261224e-02
 -6.2890030e-02
 -5.0175411e-01
  6.8121471e-02
 -1.2184724e-01
 -2.1497291e-01
 -8.9788862e-02
  4.8462227e-02
  4.9664038e-01
  1.8582180e-01
  4.0078681e-02
 -8.0417842e-05
  1.1153706e-01
  1.1449269e-01
 -1.1335926e-01
 -3.4171590e-01
  1.6926275e+00
 -2.8376275e-01
  2.9887456e-02
 -4.9522644e-01
 -7.5063154e-02
 -8.7511346e-02
  1.1560510e-01
 -1.3270286e-01
  1.4285839e-01
  2.6433885e-02
  5.3384905e-03
 -1.0111998e-01
 -3.6828909e-02
  1.4032413e-02
 -3.2319307e-02
 -1.9089451e-02
 -6.2999904e-02
  5.0070960e-02
  3.0187380e-01
 -1.6752660e-02
  1.0179321e-01
  2.1367905e-01
 -2.8349515e-02
  8.8021368e-02
  2.9531997e-01
  1.5353779e-01
  5.7770953e-02
  8.1955984e-02
 -9.8530099e-02
  6.1022267e-03
  2.2924867e-01
  4.7579056e-01
 -1.4735073e-01
  2.1664749e-01
 -4.4007882e-02
  1.8103264e-01
 -2.8671607e-02
 -7.0458718e-02
  3.7654871e-01
 -1.4144139e-01
 -6.7936994e-02
 -1.6268605e-01
 -1.1966999e-01
 -4.4209532e-02
  7.7322918e-01
 -1.4327824e-01
  2.6814904e-02
 -1.0319730e-01
 -1.4432061e-02
 -1.4342053e-01
 -1.0657668e-01
  1.4085716e-01
 -1.3417298e+00
 -2.3751168e-01
 -7.9159439e-03
 -1.3020958e-01
  1.7070180e-01
 -1.3875960e-01
 -9.1478765e-02
  3.6821637e-01
 -1.8275140e-01
  5.0724983e-02
 -7.5371535e-03
  6.2293407e-02
  1.7238742e-01
  2.9227778e-02
 -6.6264439e-03
 -8.1194989e-02
  2.1211836e-02
 -2.8014576e-01
  2.5164026e-01
  3.3081663e-01
 -1.9078337e-01
  4.1598044e-03
  6.0146195e-01
  4.2546526e-01
  3.3140478e-01
  8.4544934e-02
  1.8686265e-01
  3.8019396e-02
  1.0905833e-02
 -4.2680629e-02
 -7.2443247e-02
  4.1487962e-02
 -1.5511656e+00
 -1.3950566e+00
 -1.9357383e+00
  8.2108706e-02
 -4.1876039e-01
 -1.0451521e+00
  1.2518051e-01
  8.4920800e-01
 -4.7475230e-02
  7.8217185e-01
  2.1497895e-01
  7.0064582e-02
 -6.8018315e-03
 -1.6135193e-01
  9.2975169e-01
  4.4789642e-01
 -1.1943156e+00
  5.3918004e-01
 -1.3727187e-01
  2.0412882e-01
 -1.0414562e-01
  5.8347327e-01
  6.7474860e-01
 -9.8096436e-01
  7.3456973e-02
 -1.5514805e+00
 -3.2282993e-01
  3.5829403e-02
  2.3507643e-02
 -3.2987785e-01
 -5.5864803e-02
 -1.3556391e-01
 -1.5065912e-02
  6.4807937e-02
  8.0738235e-03
  1.1901437e+00
  5.1164091e-01
 -1.8165603e-02
 -1.8587866e-01
 -8.3176416e-01
 -1.3023728e-01
  2.1571045e-01
  5.1853117e-02
  4.5857030e-01
  3.1969148e-01
 -3.6696151e-02
  4.7036074e-02
  5.2011825e-02
  5.3815776e-01
 -9.4891183e-02
 -2.2581384e-01
  6.2889466e-03
  3.5975856e-01
  4.4396386e-02
 -8.5147023e-02
  3.5167083e-01
  4.5976870e-02
 -6.7900598e-02
  1.7027619e-01
 -2.0231923e-01
 -8.4054098e-02
 -4.8030886e-01
 -1.8622608e-01
 -2.7194293e-02
  1.0798901e-02
 -9.7386152e-02
 -3.8067281e-01
 -2.1783479e-01
 -5.5805989e-02
 -4.8786905e-02
  4.5119226e-01
 -3.2322261e-01
  1.7518744e-02
  2.6578227e-01
  2.1630581e-01
 -1.0911749e-01
  7.6565206e-02
  1.6091341e-02
 -1.8609115e-01
  4.5290660e-02
  6.6774294e-02
  1.8649723e-02
 -1.8981186e-01
  3.1941396e-01
  1.9749105e-01
 -1.7325842e-01
  2.4125114e-02
 -1.0408746e-01
 -6.5714262e-02
 -2.4264190e-01
  1.7899363e-01
  1.9326206e-01
 -9.5858932e-02
  1.4295803e-01
  4.1491333e-02
  2.7926064e-01
 -1.0875989e-01
  1.4292824e-01
  7.0304245e-01
 -2.2278076e-02
 -2.4353869e-01
  1.5652828e-01
  1.3120432e-01
 -2.3931324e-01
 -1.8815124e-01
  3.7049186e-01
 -3.8913390e-01
 -2.9040271e-01
  2.0593304e-02
 -2.6185364e-01
 -1.2149849e-01
 -5.3180540e-01
  2.3337398e-02
 -3.5101652e-01
  4.0190596e-02
 -2.6364816e-02
 -8.2646497e-02
 -2.2255245e-01
 -1.2055236e-02
 -3.3413213e-01
 -6.5272376e-03
 -1.1993454e-01
 -8.0324806e-02
 -4.5313951e-02
 -1.9736594e-01
  1.1304650e-01
  1.1288467e-01
  2.7446697e-02
 -4.5191711e-03
  1.6646363e-01
 -8.1676707e-02
  1.4841293e-01
  1.5052898e-01
 -4.5144457e-01
 -2.2239244e-01
  1.1315431e-01
  8.0682164e-01
 -1.9741096e-01
  2.8071022e-01
  9.8296262e-02
 -3.0148014e-01
  1.0598464e-01
  2.1090469e-01
 -1.3297434e-01
 -3.5779861e-01
  6.5363419e-01
 -1.1893589e+00
 -3.5921377e-01
 -2.8651693e-01
  3.2924977e-01
 -2.7038169e-01
  6.9983296e-02
  7.6071456e-02
  2.2991516e-02
 -9.4794020e-02
 -2.0921895e-01
 -1.4512745e-01
  5.0142866e-01
 -1.0497154e-01
  5.4905522e-01
 -2.8129175e-01
 -1.6834067e-01
  3.1748775e-02
  9.6132755e-03
 -3.4073216e-01
  2.8297523e-01
  1.8635443e-03
 -3.8561780e-02
  2.7630994e-01
  2.3152225e-01
 -5.3144898e-02
  1.0969801e-01
 -2.5134403e-02
 -2.2101267e-01
  2.1977520e-01
  3.7186670e-01
  5.5677712e-01
  2.9187918e-01
 -1.1589568e-01
 -4.9385294e-02
  2.9109416e+00
 -3.1040692e-01
 -2.1262017e-01
  9.3511924e-02
  1.6845295e-01
 -3.6462538e-02
 -2.1974877e-01
  8.9332610e-02
  1.3481948e-01
  4.0275916e-01
  3.7553608e-02
 -1.4205340e-01
 -2.3555653e-01
 -2.4172444e-02
  2.3690802e-01
 -1.9508228e-01
 -5.5428091e-02
  4.0741339e-02
  1.6633567e-01
 -2.3712826e-01
  6.6498742e-02
  2.5233055e-02
  8.6597865e-04
  5.7311673e-03
  1.8034948e-01
  9.8835282e-02
  5.4224175e-01
  3.9419565e-02
 -1.0356944e-02
 -1.7906904e-01
 -2.5942078e-01
  2.4203394e-02
  8.1399068e-02
  4.9228981e-02
 -1.8067248e-01
 -5.6971096e-02
  4.3447781e-02
  6.9164466e-03
  3.1573698e-02
 -5.4218274e-02
  9.7688183e-02
  2.9860383e-01
 -1.0609075e-01
  1.3808048e-01
  1.6774029e-01
  6.4862803e-02
  5.2639943e-01
  7.5140625e-02
  1.8163341e-01
  6.4731026e-01
 -2.6060245e-03
 -1.3940813e-01
 -6.2265951e-02
 -5.8377869e-02
  1.9989099e-01
 -3.3239284e-01
 -2.5726663e-02
  1.0368326e+00
  3.5585457e-01
  2.7470952e-01
 -3.7220716e-02
  1.4077988e-02
  9.3083724e-02
 -2.6085109e-01
  3.2416731e-04
  1.3266014e-01
 -1.6121602e-01
 -2.6963478e-01
 -1.5449604e-02
  6.5936618e-02
 -3.3928938e-02
  1.2524806e+00
  2.7781289e-02
 -2.6623699e-01
 -9.2234060e-02
 -3.9966412e-02
 -2.2715634e-01
  2.5996301e-02
 -9.4753563e-02
  7.7239916e-02
  3.2100838e-01
  2.4226713e-01
  2.4145426e-01
 -3.3914292e-01
 -2.6974091e-01
  3.9214936e-01
  1.9178174e-01
 -2.5005862e-01
 -2.6784453e-01
 -5.6425560e-02
 -2.6952837e-02
 -2.0450290e-02
  2.2879006e-01
  1.6363822e-01
  1.0184813e-01
  2.9955229e-01
  3.2325608e-01
 -4.0880136e-02
 -7.9343557e-02
  2.0241840e-01
 -2.4241947e-02
  3.6523223e-02
  4.8889868e-02
  3.8504237e-03
 -1.1231475e-01
  2.3570433e-01
 -2.3191278e-01
 -2.2909868e-01
  5.5225873e-01
 -2.1451838e-02
  1.4474438e-01
 -1.7707860e-01
  3.5234776e-01
  6.5665191e-01
 -3.0586216e-01
 -6.1887318e-01
 -1.3199580e-01
 -1.4951622e-01
  1.0563331e-01
 -2.6801556e-01
  5.7093453e-02
  3.7322804e-02
  1.9413488e-01
  2.0569953e-01
  1.1481197e-01
  1.0085092e-01
 -5.0969578e-02
 -7.1244217e-02
 -1.5092435e-01
  3.5845631e-01
  1.3614532e-01
 -2.9022984e-02
  2.6720521e-01
  1.6507678e-01
 -5.0061867e-02
  2.7605869e-02
  6.8777658e-02
 -1.3641399e-01
 -7.8698084e-02
 -1.8190736e-01
 -2.8852484e-01
 -5.3709850e-02
  1.1549002e-01
 -1.5265575e-01
 -8.6206257e-02
  7.3974729e-02
 -2.1430811e-01
  5.0025743e-01
 -1.1288550e-01
  8.7179917e-01
  7.7654928e-02
 -4.2427310e-01
  2.2219819e-01
 -1.4080091e-01
 -6.3368335e-02
 -1.7885914e-01
 -1.1473794e-03
 -4.2216778e-02
 -8.6185552e-02
 -2.5334079e-02
 -1.8589374e+00
  1.7812032e-01
 -6.8510324e-02
  3.1413275e-01
 -1.2354936e-01
 -8.8003859e-02
  2.8660157e-01
  1.9708773e-01
 -1.3811581e-01
  5.2539181e-02
 -1.5704571e-01
 -1.6024835e-01
 -1.1576633e-01
 -4.0617558e-01
 -3.1990349e-01
  1.1667106e-01
 -5.1001072e-01
  6.5050209e-01
 -2.0410169e-02
  1.4628431e-01
  2.5822291e-01
  7.6673612e-02
 -1.5492843e-01
  4.9317783e-01
  1.3548611e-01
  3.7509722e-01
 -3.0824015e-01
  6.7550704e-02
  2.3204966e-02
 -3.1848973e-01
 -1.0362789e-03
 -1.4994997e+00
 -3.0987691e-02
 -3.9445069e-01
  1.0779653e-01
 -4.9232487e-02
 -1.5100560e-02
  1.6203234e-01
 -3.3350194e-01
 -3.7267238e-01
 -9.2143297e-02
 -5.9663195e-02
 -1.1053529e-02
  2.1050774e-01
 -3.2338652e-01
  8.4832370e-02
 -7.5478144e-03
  5.5765979e-02
  1.8806793e-02
  3.3146990e-03
  2.8591722e-01
  6.6027924e-02
 -1.8300772e-02
 -1.5881518e-01
  3.4863231e-01
 -2.2958357e-02
 -2.4635142e-01
 -2.6154050e-01
 -1.4270614e-01
  1.6617900e-01
  3.6934087e-01
  1.0960121e+00
 -5.0971931e-01
 -8.7646961e-02
  7.1321517e-01
  8.8998193e-01
  2.9380089e-01
  3.5817763e-01
  4.8054221e-01
 -1.5263787e-01
  3.0218247e-01
  3.4602106e-01
 -1.5593819e-01
  1.4973159e+00
  6.6677839e-02
  1.7740717e+00
  1.2967510e+00
  7.1589977e-01
  3.0644793e-02
 -1.0918137e-01
  8.2406253e-01
  1.0669913e+00
  1.9518232e+00
 -2.8785259e-01
  1.8996245e+00
  1.6095205e-01
 -6.3549638e-01
 -1.2342198e-01
  5.3881869e-02
  3.7012231e-01
 -9.4592732e-01
  1.3232567e+00
  2.9643008e-01
  1.1433619e-01
 -2.6373073e-01
 -9.9436194e-02
 -1.1133154e-01
  1.8042703e-01
  7.5700350e-02
  8.2563974e-02
  1.6593836e-02
 -1.5789866e-01
 -8.8341981e-02
 -1.3448963e-01
  2.5162271e-01
 -3.0596417e-01
  1.5186617e-01
  1.3452969e-01
 -3.0577466e-01
  6.0018457e-02
 -1.3453613e-01
  1.8452057e-01
 -2.5898489e-01
  2.0809245e-01
  6.3198678e-02
  1.4673851e-01
  1.6750666e-01
  5.9363544e-02
 -4.5984387e-01
  3.4514579e-01
 -1.0151428e+00
 -2.7612445e-01
 -6.8156108e-02
 -3.1001374e-02
 -1.2906277e-01
 -6.5790482e-02
 -5.1106197e-01
  6.9494359e-02
  8.7447958e-03
 -9.6104681e-02
  1.1505730e-01
 -1.6314013e-01
 -9.0851963e-02
  1.2787327e-01
 -4.1566830e-02
 -1.2962433e-02
  2.7331261e-02
 -3.0823225e-01
 -3.0435801e-01
 -5.7535905e-02
  2.8829709e-01
  1.8869893e-01
 -2.6960579e-01
 -3.9051682e-02
  2.2461863e-01
  4.3514031e-01
 -2.7381954e-01
 -1.3009986e-01
  3.3126679e-01
  5.3899062e-01
  4.3120342e-01
 -4.4410932e-01
 -1.9644363e-01
  3.3762738e-02
 -1.2564263e-01
  1.0913296e-01
 -2.3507595e-01
 -4.6780553e-01
 -4.7267011e-01
  4.9680573e-01
  1.8869779e-01
 -1.9783676e-01
 -4.2327753e-01
 -4.4310001e-01
 -1.0444441e-01
  5.6782879e-02
 -2.2368781e-01
  3.0880308e-01
  3.2679519e-01
  5.5108970e-01
 -2.9635659e-01
 -6.7747861e-02
 -7.1676850e-01
  2.0530896e-02
  2.6532838e-01
 -3.4318659e-01
  7.6290831e-02
 -3.4119371e-02
 -3.6131732e-02
 -5.5309922e-01
  1.0873301e-01
 -1.0810901e-02
 -5.0623812e-02
 -3.1851572e-01
  1.4031537e-02
  5.8850255e-03
 -5.9875548e-02
  3.1352597e-01
 -1.1011844e-01
  2.9107624e-01
 -1.6127139e-02
 -1.7931801e+00
 -1.4629761e+00
 -1.4272556e+00
 -3.9324783e-02
  1.3626871e+00
 -1.1337571e+00
  1.3883396e+00
 -4.9357992e-01
 -3.0517879e-01
 -4.9681023e-02
  1.1727436e+00
  6.2294666e-02
  2.5427505e-01
 -2.6378596e+00
  2.7381563e-01
 -4.9991724e-01
 -9.7939724e-01
  8.5780376e-01
  1.8470682e-01
 -2.6125571e-01
 -5.3739244e-01
  4.7782317e-01
 -8.1599289e-01
 -4.6392170e-01
  8.0261022e-01
  6.1926550e-01
  1.8011607e-02
 -1.0293654e+00
  9.7445339e-02
 -6.5339839e-01
 -6.1583363e-02
 -4.9008685e-01
  5.5909181e-01
  5.8840692e-02
 -7.7817395e-02
  3.4190270e-01
 -5.5165714e-01
 -3.6441383e-01
  3.1491145e-02
 -2.6125637e-01
  1.5238050e-01
  7.0646983e-03
 -6.8999946e-02
  7.6264232e-02
 -5.5963002e-02
  7.6790345e-01
 -8.2871842e-01
 -8.5917115e-02
  2.0624475e-01
  1.1591278e-01
  5.0367452e-02
  6.2013753e-02
  5.4164648e-01
 -1.1914033e-01
  7.2468996e-02
  4.9935635e-02
 -1.8681742e-01
 -2.0956723e-01
  1.1640885e-01
 -1.6076446e-01
 -2.4276194e-01
 -3.3708826e-02
  1.2095755e-01
  1.1545466e-02
 -4.0038824e-03
  1.5330178e-01
  1.0901961e-01
 -6.1852630e-02
  1.7006315e-02
  1.2897022e-01
  1.8075025e-01
 -2.1816047e-01
 -6.8266135e-01
  4.7915578e-02
  9.7474247e-02
 -1.3333157e-01
 -2.9347727e-01
  9.2598610e-02
 -1.3602443e-01
 -1.2815909e-01
 -5.0288022e-02
  1.6734548e-02
  8.0200362e-01
 -1.2340882e-01
  9.3783766e-02
 -1.4384153e-01
  8.2144246e-04
  9.6812099e-02
  1.8381994e-02
  5.5625415e-01
  1.2332517e+00
  1.0525643e+00
  2.7828929e-01
  1.0687282e+00
 -3.2331175e-01
  2.5948754e-01
 -4.4883285e-03
  9.9798781e-01
 -2.5144604e-01
 -2.3369600e-01
  2.4199386e-01
  6.2244497e-02
 -2.8890502e-01
  6.1737484e-01
  2.2905147e+00
 -3.2471099e-01
 -5.6586111e-01
 -3.4379056e-01
  2.7787101e-01
  4.1498344e-02
 -7.3246688e-01
 -5.8731887e-02
 -4.8596525e-01
 -1.2146860e+00
  9.1104895e-01
  2.1743432e-01
 -6.5735185e-01
 -2.0476345e-02
 -1.9638479e-02
  3.5744429e-01
 -6.2807240e-02
 -4.7647074e-02
 -1.6312657e-01
  8.1907958e-03
 -3.3730611e-02
 -1.3915217e-01
 -2.1495917e-01
  8.8568144e-03
 -1.2469438e-01
  3.0302188e-01
 -7.5869650e-02
  3.0132580e-01
 -1.2096599e-01
 -6.3489300e-01
 -1.3256952e-01
  5.6144349e-02
 -1.6695504e-01
 -2.3087715e-01
  3.6247534e-01
  1.0210442e-01
 -8.5105874e-02
 -1.8925758e-01
  2.3829427e-01
 -8.3629571e-02
 -1.8423887e-02
 -2.5746030e-01
 -2.2934686e-01
 -1.3322319e-02
  2.9980347e-01
  3.9821908e-01
  6.3879892e-02
  1.3442071e-01
  2.6285431e-01
  5.4345224e-02
 -4.4192001e-03
 -3.0406751e-02
 -1.3469699e-01
  9.3518853e-02
 -3.7516335e-01
 -1.7565334e-02
  4.3835399e-01
  4.1030660e-01
 -2.3384163e-01
  1.1418213e-01
  3.0299567e-02
 -2.6994842e-01
 -2.9588798e-01
 -1.0395448e-01
  3.9061025e-02
  2.6644689e-01
 -1.3532485e-01
 -3.5922818e-02
 -7.3522359e-02
  3.8980141e-02
 -4.0762067e-02
 -8.4550478e-02
 -1.0809465e-01
 -1.4839246e+00
 -1.0924271e-01
  1.5380673e-01
  4.5478150e-02
  4.2340231e-01
  8.2707211e-02
 -9.0054476e-01
 -3.6671662e-01
 -3.0354285e-01
 -2.0162344e-02
 -2.2794212e-01
 -5.4077439e-02
 -4.3809104e-01
 -1.6394596e-01
 -1.6470578e-01
  8.0987370e-01
 -1.2284606e-02
  1.5191771e-02
 -8.7752827e-02
  1.4117250e-01
  2.2844407e-01
  2.5516334e-01
 -4.9181774e-01
 -1.0071132e-01
  2.8567109e-01
 -5.3912252e-02
  2.8406286e-01
  6.3105011e-03
  4.8912048e-02
  1.2327950e-02
 -1.4737788e-01
 -2.4306428e-01
 -2.0500961e-01
 -2.9166216e-01
  8.3739154e-02
 -4.1577723e-03
 -1.0634701e-01
  3.4941924e-01
  3.6907330e-01
 -8.5577682e-02
 -1.9150983e-01
 -3.4871987e-01
 -1.3767746e-01
 -9.6516535e-02
 -3.6128888e-01
  7.9324916e-03
  2.7228114e-01
 -1.7403901e-01
 -2.9724571e-01
  4.4448277e-01
 -1.9953224e-01
 -1.8467131e-01
  3.0769718e-01
 -3.5519135e-01
 -1.2343051e-01
 -8.4438175e-04
  1.5785653e-02
  3.3625558e-01
  1.9981090e-02
 -2.7658027e-01
 -2.2331245e-01
  1.6247579e-01
  1.7848249e-01
 -5.1694259e-02
 -2.4763310e-01
 -5.0242585e-01
  4.4503167e-01
  4.4826528e-01
  5.5340809e-01
  2.9312235e-01
 -7.7767938e-02
 -3.5494033e-02
  3.3409547e-02
  1.0138884e-01
 -3.5690838e-01
 -4.5629787e-01
  1.1055309e-01
 -6.9420999e-01
  2.4058254e-02
 -1.0363347e-01
  2.1117614e-01
  6.0753301e-02
 -1.4021496e-01
 -1.4406418e-02
  3.2569554e-01
  1.7714058e-01
  3.6790591e-02
 -1.8581953e-03
 -7.9877079e-01
  1.8685083e-01
 -8.5842185e-02
 -3.0439904e-01
  5.2993421e-02
 -5.5603780e-02
 -1.1142302e-01
 -1.0069702e-03
 -4.6739299e-02
 -2.0428412e-01
 -2.5912724e-03
 -3.4098737e-02
 -1.4271973e-01
 -9.6838117e-02
  5.4565713e-02
 -1.5089288e-01
  1.2811628e-01
 -5.6877546e-02
  3.7976199e-01
  6.2277138e-02
 -2.9406870e-02
 -2.3668554e-01
  4.1832232e-01
 -1.1552863e-02
  4.5192957e-02
 -1.6095368e-02
  2.0727322e-01
  8.1576645e-02
 -1.0244627e-01
  1.8399037e-02
 -4.9925137e-01
 -7.8342117e-02
 -3.3109058e-02
 -1.6421866e-01
 -5.4881476e-02
 -1.3973342e-01
  5.2606564e-02
  2.4997112e-01
 -5.5817388e-02
 -1.5454508e-01
  3.0503422e-01
  3.8682476e-02
 -5.1239144e-02
 -2.0339970e-01
  1.6589321e-01
 -1.2887011e-01
  3.6123052e-02
 -2.6296911e-01
  1.8576291e-01
 -1.3375115e-02
 -4.9384564e-01
 -3.6879271e-01
  2.4829400e-01
  1.0964997e-01
 -1.5683830e-02
  1.0383664e-01
 -2.2399160e-01
  2.4233237e-03
  1.1036407e-01
  1.5100861e-01
  1.0287296e-04
 -9.6534699e-02
  4.7154091e-02
 -2.5332585e-02
 -9.5265493e-02
  3.6095935e-01
 -1.3215752e-02
  6.7450970e-02
 -3.5697037e-01
  9.5627956e-02
  1.0466574e-02
  3.1844229e-02
 -9.5541932e-02
  3.4421000e-01
 -3.8701057e-01
  2.8622307e-02
  1.1630620e-01
  3.0551165e-02
 -1.1100376e-01
  2.4098268e-01
  5.6444608e-02
  3.9221105e-01
  1.1981612e-01
  4.6076449e-03
  2.4388157e-01
  2.2133163e-01
  3.0768156e-02
  4.4791579e-02
 -4.6891794e-01
  4.9794805e-03
  1.7196490e-01
 -5.9734561e-02
  1.1871681e-01
 -3.2742377e-02
  1.6261704e-01
  7.6603830e-02
  9.2282183e-02
  2.2404413e-01
  9.2075266e-02
 -3.0174154e-01
  6.7320891e-02
 -4.1081691e-01
  1.6272369e-01
  8.6549684e-02
  8.3320595e-02
  4.0871376e-01
 -9.0248138e-02
 -1.5068856e-01
  1.0507026e-01
 -6.1951999e-02
 -2.3746882e-01
  1.9229509e-02
  9.3959622e-02
 -1.0490440e-01
 -9.6929796e-02
  3.9275801e-01
 -1.1354984e-01
  1.1879117e-01
  3.9429292e-01
 -3.1507710e-01
  1.7640444e-02
 -1.4770283e-01
 -7.7461407e-02
 -2.9463086e-02
  3.3472919e-01
 -2.3954928e-01
 -1.8403295e-01
 -1.2110030e-01
 -3.7797719e-01
 -7.5583577e-01
 -2.1930362e-01
  2.8629956e-01
 -1.3712907e-01
 -1.0737719e-01
 -3.8761102e-02
 -4.2576864e-01
  3.8879076e-01
  3.6616415e-02
 -5.7313334e-02
  6.4847589e-02
  1.4553571e-01
  8.2733117e-02
 -2.1049470e-01
  1.3652081e+00
 -3.6845058e-01
 -1.2460954e-02
 -2.8269568e-01
  1.2099005e-01
  7.1317244e-01
 -1.2907699e-01
  4.9817190e-01
  1.3724719e-01
 -3.4731826e-01
 -1.5230058e-01
  1.7271060e-03
  4.1887072e-01
  1.3204486e+00
 -4.9107030e-02
  1.1267669e-01
  1.3370314e-01
  7.2313808e-03
  2.7142441e-01
 -8.8722803e-02
  3.3627841e-01
 -3.2683495e-01
  3.5061251e-02
  3.1945711e-01
  5.1326066e-02
  1.0335745e-01
 -1.4024688e-01
 -8.6939082e-02
  2.2470124e-01
 -7.8029335e-02
 -5.8921684e-02
  3.9070435e-02
 -4.5696232e-03
  2.8867403e-01
 -2.7570397e-01
 -6.1469501e-01
  2.5178539e-02
 -4.9152651e-01
  4.6567209e-02
 -1.1599623e-01
  3.5860971e-02
 -1.0452195e-01
 -1.1088225e-01
 -3.4522441e-01
  3.0345723e-02
  4.0080369e-01
  5.3152926e-02
  3.2553405e-02
 -3.3028442e-01
  2.4658475e-02
 -2.9447922e-01
  6.2691569e-01
 -5.3036815e-01
 -3.2103199e-01
  7.3965669e-02
 -1.0590993e-01
  5.4093666e-02
 -7.1214455e-01
  4.2057753e-01
  2.7425611e-01
 -1.2081705e-01
 -5.8001511e-02
  1.1204435e-01
  7.1783632e-02
  3.7956528e-02
 -4.7248006e-03
 -2.0439881e-01
 -8.6547725e-02
 -4.2520490e-02
 -4.2663667e-01
 -3.5797454e-02
 -6.8405598e-02
  8.8851184e-02
  2.2147319e-01
  1.7284931e-01
  1.0258049e-01
  1.3837495e-01
 -4.1967651e-01
  1.4452882e-01
  2.2948588e-01
 -3.2291476e-02
 -4.2642215e-01
 -1.5553457e-01
  3.8245773e-01
  1.2671199e-01
  1.3596180e-01
  4.2566958e-01
 -2.6536903e-01
 -3.2634329e-02
  4.6781477e-02
  2.3403424e-01
  3.5978407e-01
 -7.1803324e-02
  2.9039091e-01
 -3.6607575e-01
  1.5785038e-02
  9.4414633e-03
 -2.1745589e-01
  1.2487435e-01
 -3.0179946e-02
  1.2910077e-01
 -2.2338851e-01
 -3.8965654e-01
  5.9552714e-02
  3.9161261e-02
 -6.9536395e-02
 -1.0006621e-02
 -6.2564649e-02
  1.4438691e-02
  3.4050620e-01
  2.2054434e-01
 -4.8951454e-02
 -1.2624009e-01
 -1.3909671e-02
 -1.8608551e-01
  3.0944508e-02
  6.9739677e-02
 -6.4034390e-01
  1.9500485e-01
 -3.7221515e-01
  4.0741912e-01
 -4.1005418e-01
  5.5267954e-01
 -3.1666890e-01
  4.3099385e-01
 -2.1201450e-02
 -2.6309010e-01
  3.8460183e-01
 -6.8341923e-01
  1.1932904e-01
 -4.2775586e-01
  3.1638954e-02
 -1.9194920e-01
  6.8197656e-01
  6.4992607e-02
  1.6993165e-02
 -1.1520912e-01
  3.2948029e-01
  6.8020791e-02
  3.3646604e-01
 -2.0318556e-01
  5.8652915e-02
  2.0706384e-01
  6.3131727e-02
 -1.2530440e-01
  2.6837918e-01
  6.4359225e-02
 -3.2992998e-01
 -1.4649041e-01
  1.0836914e-01
  8.0167383e-02
  8.3376817e-02
 -2.6481351e-01
  1.1130707e-01
  8.3685704e-03
  1.0508330e-01
  1.3360190e-01
 -4.1563768e-02
  2.8514080e-02
 -4.0252447e-02
 -9.7850814e-02
  4.2266838e-02
 -1.8672788e-01
 -2.9912058e-01
 -1.4021078e-01
  1.4211726e+00
 -1.2480518e-01
  1.3050171e+00
  2.3462577e-01
  1.6444401e-01
 -4.7396138e-01
  7.1691588e-02
 -6.3686955e-01
 -2.2516797e-01
  2.2690790e-02
 -2.5606066e-01
  5.2172080e-02
 -2.5922483e-01
 -2.5420561e-02
  7.0420936e-02
 -3.0302623e-01
  1.5068869e-01
 -1.6389385e-01
  9.2919441e-03
  4.8970167e-02
  1.4966753e-01
  3.8875975e-03
 -2.9450299e-02
  1.5012093e-01
  6.6017456e-02
 -2.1179754e-01
 -5.7142813e-02
  1.0553980e-01
 -4.2456797e-01
 -1.1892298e-02
  1.0731339e-01
  2.1084201e-01
 -2.8414413e-01
  9.3458854e-02
 -3.3216646e-01
 -3.8066843e-01
  1.3696150e-01
 -2.3237630e-03
 -8.4147409e-02
  1.3493836e-01
  2.1169652e-01
  2.0865047e+00
 -8.5104913e-02
  3.4064617e-02
  9.2850274e-01
 -7.1106167e-03
 -2.6887339e-01
 -3.3938241e-01
  2.7696037e-01
  7.2024427e-02
  6.2822796e-02
 -3.6224845e-01
 -5.3620827e-01
 -1.5711349e-01
  4.2832017e-01
  1.6670115e-01
  2.6232141e-01
 -1.9967404e-01
  3.6045125e-01
  2.6529515e-01
  1.0220564e-01
 -2.6028994e-02
  5.6315541e-01
 -1.2929727e-01
  4.2980473e-02
 -4.0374488e-02
  1.3540688e-01
 -1.0589008e-01
  2.3332006e-01
  1.3617238e-01
  1.7432562e-01
 -3.1561963e-02
 -9.2481881e-02
 -7.8733459e-02
  2.1971153e-01
  1.1504894e-01
 -2.1757396e-01
 -8.2512582e-03
  1.5930583e-01
  5.7125233e-02
 -1.3483067e-01
 -8.2845077e-02
 -1.3391957e-01
 -1.4475434e-01
 -5.5113739e-01
 -2.0458177e-01
 -5.3912461e-02
 -1.9813752e-01
  5.6151509e-01
  9.0198046e-01
  1.2947038e-01
 -3.0175993e-01
 -3.7555897e-01
 -8.4614503e-01
 -4.0831320e-02
  2.3166060e-01
  2.3233812e-01
 -7.1610236e-01
  6.0363580e-03
 -2.5411889e-01
  1.3020588e-01
  1.4007825e-01
  1.2152573e-01
  1.3682091e-01
 -7.9718061e-02
 -2.2026509e-01
  8.6502135e-02
 -5.1600859e-04
  2.1121950e-01
 -1.6737406e-01
  1.5324551e-01
 -2.5804570e-01
 -2.2772814e-01
  9.5159538e-02
 -3.2110594e-02
 -3.0665624e-01
 -5.4177679e-02
  1.1558323e-01
  2.9877177e-01
 -1.8117484e-02
 -5.6868598e-02
 -5.6262016e-03
 -3.2434598e-01
 -1.1083371e-01
  5.2883148e-01
 -1.4422993e-01
 -6.6461548e-02
  1.1352398e-01
 -2.5795582e-01
 -2.7028525e-01
  4.3716142e-01
 -2.6141617e-01
  1.2510011e-02
 -2.9355621e-01
 -3.4702338e-02
 -6.3409992e-02
 -4.7881418e-01
  2.1385050e-01
  9.4419517e-02
 -2.4112941e-01
  1.9113348e-01
 -1.3078372e-01
 -9.1873795e-02
  2.3272516e-02
  4.2225817e-01
 -1.0467815e-01
 -1.0786322e-01
 -3.5297159e-02
  3.3526301e-02
  3.1974790e-01
  5.3021735e-01
 -1.9625761e-01
 -8.2299076e-03
 -6.2691420e-02
 -1.9835629e-02
 -3.4379379e-03
 -7.4929791e-03
 -2.2107163e-01
  4.2893860e-02
 -6.2714338e-02
 -1.3973886e-01
  2.3422465e-01
  1.6874684e-01
 -4.1406888e-01
 -1.9372964e-01
 -1.2163847e-01
 -6.8084717e-02
  3.1157875e-01
 -2.7338913e-01
  3.7601909e-01
  1.6799277e-01
  2.6649356e-01
 -9.7302109e-02
 -2.2250448e-01
 -6.7643806e-02
 -2.7596277e-01
 -1.5704721e-01
 -9.5296305e-01
 -3.8136903e-02
 -1.3852142e-01
  2.4237758e-01
 -8.4866568e-02
 -2.7503388e-02
  2.3864355e-02
 -8.7649271e-02
  2.6305032e-01
 -3.5476588e-02
  4.9830973e-02
 -5.1387839e-02
  1.1120548e-02
  2.3359254e-01
  2.0652686e-01
 -3.0752135e-02
  8.5799903e-02
  3.6063591e-01
 -5.8282977e-01
 -6.2569380e-01
 -1.3498111e-01
  3.2937455e-01
 -9.4075300e-02
  9.5254377e-02
 -1.9250201e-01
  9.1015650e-03
  9.0219617e-02
 -1.2057175e-01
  3.4605261e-02
 -4.0111935e-01
  2.7257758e-01
 -2.9450393e-01
  7.5930983e-01
 -3.4196612e-01
 -1.7673753e-01
 -1.8097833e-01
 -2.3809008e-01
  1.1512987e-01
  1.0963481e-01
 -4.0690532e-01
  3.9210636e-02
 -1.0326125e-01
  1.0225684e-01
  1.2989221e+00
  8.6240178e-01
 -4.6958590e-01
 -1.4282408e-01
  3.2682070e-01
  1.8067910e-01
  5.8156562e-01
 -4.0302936e-02
  1.4244106e+00
 -1.2043486e+00
  2.0391297e+00
  3.1990203e-01
 -4.1560081e-01
  1.7527393e-01
 -1.0756922e-01
  1.1515470e+00
 -7.7891489e-03
  1.4352784e+00
  2.6753908e-01
 -1.3250090e+00
  1.7676707e-01
 -1.0291613e-01
  2.0125248e+00
  3.1902379e-01
  1.4101691e+00
  1.3869298e+00
  2.9497461e-02
  3.9035738e-01
  1.1196315e-02
  1.1927288e-02
  3.5996012e-02
  5.2228695e-01
  6.4769423e-01
  8.1238824e-01
 -8.5673310e-02
  2.1572423e-01
 -5.3825939e-01
  6.7931682e-02
 -1.9150247e-01
  1.3200469e-01
 -4.9971957e-03
 -1.6708124e-02
 -1.8115991e-01
  1.6082491e-01
  8.0805701e-01
  3.8860786e-01
  2.5582296e-01
  2.8863057e-01
  7.8624263e-02
 -1.2577364e-01
 -2.2032349e-01
 -8.4522605e-02
  2.1604028e-02
  1.3687544e-01
 -1.7262952e-01
 -8.3883740e-02
  5.0535426e-03
 -6.6654176e-02
  1.4826575e-01
 -9.1623869e-03
  2.2777912e-01
 -1.5363952e+00
  2.8787124e-01
 -7.8093983e-02
  1.5948988e-01
 -6.6480249e-02
  4.9628366e-02
 -7.9318210e-03
 -5.4552354e-02
 -1.9212082e-02
  1.8027252e-01
  6.1719604e-02
  1.0833525e-01
  1.2776399e-01
  7.1597509e-02
 -9.7122543e-02
 -3.5907006e-01
 -1.7572701e-01
 -3.1078234e-01
  1.3785093e-01
 -1.3010448e-01
 -5.9140617e-01
  7.4509710e-02
 -1.3913767e-01
 -4.0641579e-01
  2.1826170e-01
  5.4326262e-02
  5.7505453e-01
  3.5793075e-01
 -7.7661699e-01
 -6.5529513e-01
 -1.7190610e+00
 -2.0120992e-01
  9.2330851e-02
  2.6150394e-02
 -7.5693136e-01
 -1.6264844e-01
  2.4677619e-01
  3.5844323e-01
  6.9034541e-01
  9.3254976e-02
  1.6292410e-01
 -2.4071163e-01
 -5.1341844e-01
 -2.8076787e-03
 -2.0871900e-02
  1.7764460e-02
  2.2080654e-01
  2.0323734e+00
 -8.7654348e-03
 -7.9953238e-02
 -1.1345664e-01
 -1.2776488e-01
 -5.0929135e-01
 -3.0227217e-01
 -5.5804498e-02
 -1.4052011e-01
  1.5270292e-02
  1.2077357e-02
  7.6170963e-01
  9.5655940e-02
 -6.7565523e-02
 -2.1819575e-03
 -5.7094388e-02
 -7.3074520e-02
 -4.1458132e-03
 -2.3166510e-01
  1.0832353e-01
 -3.2204080e-01
  1.4900893e-01
  3.5631418e-02
 -2.1758862e-01
 -2.3463313e-02
 -2.2338732e-01
  4.8127148e-02
 -2.2922347e-01
 -2.6043514e-03
  2.4708097e-01
  5.5020578e-02
 -1.9133656e-01
 -9.5988266e-02
 -1.9155008e-01
  1.7309693e-01
  4.8841482e-01
 -1.3207373e-01
  1.1182836e-01
  3.5998676e-02
  1.3486579e-01
  1.5352602e-01
 -1.2691216e-01
 -1.7927548e-01
  9.3545370e-02
 -3.8384342e-01
  3.1661648e-01
  1.2023945e-01
  2.1979511e-01
  3.1229109e-01
  9.2898302e-02
  1.1559307e-02
  2.2049537e-01
 -4.7730286e-02
 -2.9479545e-03
  1.9595116e-02
 -2.0715748e-01
  1.0500887e-01
 -2.5332496e-03
 -5.1114950e-02
 -1.8913649e-01
 -2.2615136e-01
 -1.0357270e-01
 -1.0004751e-01
  1.7839636e-01
 -3.2413805e-01
  2.3615442e-02
 -2.3067838e-01
  1.4791627e-01
 -1.5291739e-01
 -1.7719857e-01
 -3.9885232e-01
  1.5205149e-01
  3.6463219e-01
  1.4030932e-02
  2.3111087e-01
 -1.1741744e-01
  1.3963325e-01
 -7.8149551e-01
  5.2998360e-02
  6.7526221e-02
 -4.3736726e-01
  3.4988880e-01
  2.1474102e-01
  6.2169790e-02
  4.8106700e-02
  1.0439201e-01
 -9.8726958e-02
  8.4133662e-02
  2.2934002e-01
  1.0589742e-01
  7.7196188e-02
  8.2483739e-03
  3.2326195e-01
  7.3620096e-02
  7.6483071e-02
 -1.3360383e-01
 -4.2799568e-01
 -9.4499603e-02
 -1.2802449e-01
 -1.7109954e-01
 -2.3851502e-01
 -1.9637818e-02
 -4.3232009e-01
 -1.2767775e-01
  3.3545265e-01
 -5.0072074e-03
 -3.4148285e-01
  1.6283527e-01
  4.4178262e-01
  3.4468643e-02
 -4.4128191e-02
  2.5990317e-02
 -4.5428269e-02
 -1.1175594e-01
 -1.6860585e-01
  1.9139259e-01
 -1.4050132e+00
 -1.7809838e-02
  1.1324843e-01
  3.1545347e-01
  1.7677523e-01
  7.1553625e-02
 -8.2857901e-01
 -3.0985737e-01
  3.4362277e-01
 -3.5618028e-01
 -1.2766100e-01
 -2.3418643e-01
  5.1041573e-02
 -1.9451888e-01
  7.8972742e-02
 -6.9054806e-01
 -3.7216926e-01
 -2.5776577e-01
 -7.1128644e-02
  5.6798810e-01
 -6.7402996e-02
 -7.5815447e-02
  9.7349308e-02
  4.6554279e-02
  1.9095290e-02
 -2.0585725e-01
 -1.3237284e-02
 -2.7701611e-02
 -1.6510856e-01
  1.3172030e-01
  8.0095559e-02
  2.2176070e-02
  1.5278946e-01
 -7.5163692e-02
 -2.4511825e-01
  1.1840547e-03
 -1.7829832e-01
  1.8573918e+00
 -2.3066778e+00
 -3.1652030e-01
  1.3048266e-01
  1.6586852e-01
 -1.5286008e-01
  8.3565572e-03
 -2.1980954e-02
 -8.0083907e-01
  3.0835098e-02
 -7.4748605e-02
  6.1623204e-01
 -1.3854260e+00
 -6.1926883e-01
 -7.2043085e-01
  5.7489854e-01
 -1.1021417e-02
  3.2748476e-01
  1.7945889e-02
 -2.3932716e-02
  8.3150752e-02
 -1.2908560e-01
  1.4277580e+00
  2.0362557e-01
 -4.9003288e-01
 -1.0547938e+00
 -1.7837742e-01
 -2.1985458e-01
  1.2592822e+00
 -9.4882198e-02
 -9.1236457e-02
  8.5176188e-01
  1.5816299e-02
  4.5188707e-01
 -9.1504443e-01
  3.5026636e-02
  2.8999996e-01
  8.5535988e-02
 -1.8433645e-02
 -9.6761417e-03
 -7.5275135e-01
 -8.5278928e-01
 -1.9190845e+00
  4.1624246e+00
  6.6152021e-02
  1.6020475e-01
 -4.6272096e-01
 -6.4883620e-01
  4.8099846e-01
 -1.9325763e-01
 -8.0834138e-01
 -1.6243197e+00
 -5.6338871e-01
  6.0391098e-02
 -4.9898598e-02
 -1.2845203e+00
  1.3174154e-01
 -6.6377758e-04
 -1.0066133e-01
  1.5538746e-01
 -1.2469567e-01
  3.3913840e-02
 -6.4598501e-01
  1.9923013e-01
 -2.8732267e-01
 -3.2214079e-02
 -9.2017844e-02
  4.5857558e-01
  2.7529062e-03
  3.9047312e-02
  8.0868863e-02
 -7.2814175e-03
  2.8339875e-01
  6.1758459e-02
 -2.6775393e-01
  3.7641183e-01
  1.1784644e-01
 -3.5152271e-01
 -1.1360209e-01
  5.1509414e-02
  3.3166099e-02
 -9.0609795e-01
  1.3060669e-02
  1.9386213e-01
  1.2064886e-01
  2.4004232e-02
 -1.1113241e-01
 -1.7350231e-01
  3.6901024e-01
  4.3914452e-01
 -5.5218548e-01
  7.4843563e-02
 -1.7286071e-01
  8.1426281e-01
 -7.0214249e-02
  1.0027621e-01
 -4.6238219e-03
  2.2638300e-02
 -1.0627051e-01
  4.5985928e-01
  5.7366663e-01
  9.1956329e-01
 -5.4341666e-02
 -4.2188607e-02
  2.3072511e-01
  2.1127511e-02
  4.8553345e-01
 -1.3454486e-02
 -1.5295810e-01
  1.5946062e-02
  2.6672146e-01
 -3.7861004e-02
  3.2594430e-01
 -1.4614604e-01
 -1.3001382e-01
 -7.4003994e-02
 -1.5676065e-01
  1.1173150e-01
 -1.1182033e-01
  1.2443724e-01
  6.0797101e-01
  1.4490350e-01
  2.6769035e-02
  1.3995947e-01
  9.0089990e-03
  4.3540350e-01
  5.1499677e-01
 -1.3083415e-01
 -5.4168808e-01
 -2.9314092e-01
 -6.1935186e-03
  2.4806422e-01
  3.8490680e-01
  1.8418161e-02
 -1.2796216e-01
 -2.1646410e-01
 -1.2273022e-01
 -1.8965304e-01
 -1.8668005e-01
 -3.7046641e-02
 -2.0269693e-01
 -1.1524175e-01
  2.0818073e-01
  2.6101568e-01
  1.5728289e-01
  1.1661277e-01
 -1.0222995e+00
  2.4962860e-01
 -1.3280191e-01
  2.2269187e-02
  5.2952208e-02
  1.4490771e-02
 -1.1893991e-01
  5.4932132e-02
  2.9158652e-02
  1.5913980e-01
 -5.6380007e-02
  5.4261461e-02
  7.1200639e-02
 -3.6788595e-01
  6.9376886e-02
 -2.6099196e-01
  2.9361269e-01
 -2.8951980e-02
  9.7482562e-02
 -1.4332706e-01
 -4.7835320e-01
 -3.1522788e-02
 -7.2897114e-02
  1.9793327e-01
 -2.1262094e-02
  3.9588663e-01
 -2.1451564e-01
 -1.7979032e-01
 -4.1111335e-01
 -3.8875848e-01
 -6.8875647e-01
 -2.6904088e-02
 -1.7551275e-01
 -6.3871942e-02
 -8.3554491e-02
 -1.0294934e-01
 -3.1077914e-02
  1.0611340e-01
 -1.6846985e-01
  2.5830135e-01
 -8.8562362e-02
 -7.2006685e-01
  5.7386342e-02
 -8.2008171e-01
  3.9031205e-01
 -2.4025831e-02
  2.1234705e-01
 -1.8655838e-01
 -4.0808722e-01
 -3.5732642e-02
  8.4645443e-02
 -1.1902139e-01
 -1.4188445e-01
 -5.6218833e-01
 -9.8813459e-02
 -4.2171711e-01
 -1.9567890e-01
  1.2078184e-01
 -4.6753753e-02
  4.8039548e-02
  2.5908506e-01
 -2.1152689e-01
 -7.3893368e-01
  1.5700507e-01
 -2.7715933e-01
 -1.2745674e-01
 -1.6443716e-01
 -1.3415713e-02
  5.5566967e-02
 -2.5433278e-02
 -4.2870928e-02
  1.8825546e-01
 -1.1667499e-01
  6.4436361e-02
 -5.6048483e-02
 -8.4105439e-02
 -7.3164456e-02
  6.6741556e-04
 -9.2512749e-02
  3.3927005e-02
 -3.0499640e-01
 -1.2434003e-01
  2.8164303e-02
 -9.2086010e-02
 -5.0731045e-01
 -5.8436823e-01
  4.1848463e-01
 -4.6583065e-01
  2.7793187e-01
  1.1492106e+00
  8.5007387e-01
  6.3441795e-01
  5.1310688e-01
  2.0738895e+00
  6.4705104e-02
  3.2197851e-01
 -1.0167049e+00
 -8.8868789e-02
  3.4539917e-01
 -2.3081444e-01
 -4.3963608e-01
  1.2357517e-01
 -1.6719900e-01
 -2.9679573e-01
  2.3954995e-01
 -4.9409023e-01
 -2.7603248e-01
 -4.5046625e-01
 -5.2323186e-01
 -1.2292279e+00
 -8.0400348e-01
 -2.9295835e+00
  1.9045519e+00
  2.5032977e-02
  1.7575422e-02
  6.8955290e-01
  1.4493324e+00
 -1.6025777e-01
 -9.0252709e-01
  4.8455539e-01
  1.3761833e-01
  1.6606167e-01
 -8.2634777e-02
  5.3533369e-01
 -2.5082055e-01
 -5.6656055e-02
 -1.9896889e-01
 -1.0553471e-01
 -2.9912201e-01
  8.5051453e-01
 -1.0570998e-01
  5.0144953e-01
  5.6287855e-02
  1.6322881e-02
 -2.8259084e-02
 -6.3529320e-02
  1.9902337e-02
 -5.0019693e-02
  2.0842002e-01
  5.9913415e-02
  3.3874279e-01
  1.0329609e-01
 -3.3821744e-01
  1.9004215e-02
  5.2635753e-01
  9.7829297e-02
 -1.3690409e-01
 -2.9286426e-01
  2.0024166e-02
 -5.1647574e-01
  1.4814113e-01
  2.0298459e-01
 -3.5740744e-02
 -3.6231390e-01
 -2.1211445e-01
  2.9912919e-01
  1.8829621e-01
  3.7925738e-01
  1.0758725e-01
 -8.4878832e-02
  3.4631705e-01
 -1.5953202e-03
  9.5705599e-02
  5.7646886e-02
  1.2341589e-01
  3.2422996e-01
  4.4461146e-01
  2.2414891e-01
  2.0871058e-02
  4.1618124e-02
 -1.0293503e-01
 -3.3755594e-01
  2.5867417e-01
  2.8237465e-01
 -2.3905060e-01
 -6.4313322e-01
 -5.7150757e-01
 -1.6385323e-01
 -2.0161435e-01
  9.4455350e-03
 -1.5323290e-01
 -2.1985726e-01
  5.5087570e-02
  9.9847086e-02
 -4.9788836e-02
 -3.0349761e-01
 -5.4199582e-01
 -6.4018287e-02
 -1.2214627e-01
  1.9445658e-01
  5.1211871e-02
  3.8920630e-02
 -5.7916187e-02
  2.4441420e-01
  4.0106401e-01
  1.5127823e-01
  4.0811107e-01
 -1.6811770e-01
 -5.1933687e-02
  2.1145806e-01
 -3.0581480e-02
 -3.2349151e-01
 -9.5364004e-03
 -2.6213467e-01
 -1.8806942e-01
 -3.7951767e-03
  1.1162284e-02
 -1.8439140e-02
 -1.1639221e-02
  6.3560084e-02
 -5.2297279e-02
 -5.9590194e-02
  2.0541623e-01
  2.7324322e-01
 -1.4857447e-01
  1.8270321e-02
  1.7596601e-01
 -1.4774261e+00
 -2.2130531e-01
 -1.9553711e-01
 -4.9101323e-01
  1.4667995e-01
  2.2839123e-01
 -3.3146116e-01
 -1.6589616e-01
  3.1407127e-01
  3.7432075e-02
  7.8163125e-02
  3.5800070e-02
  1.3709149e-01
  6.2029642e-01
  1.6166641e-01
  6.5257639e-02
 -7.1703458e-01
 -2.2735064e-01
 -3.7488393e-02
 -8.9394219e-02
 -7.8576744e-02
 -7.0928529e-02
  1.2213831e-01
  2.4706246e-01
 -9.8411351e-02
  5.3681648e-01
 -2.3614009e-01
  2.2257590e-01
 -3.1303385e-01
  8.9133799e-02
 -5.7218438e-03
  2.2078741e-01
 -1.1553390e-01
 -1.8027228e-01
 -1.7088238e-02
 -2.2506484e-01
 -4.4475388e-02
 -3.2722658e-01
  3.9488184e-01
 -4.9565520e-02
  7.5125560e-02
  5.2181637e-01
  2.4208748e-01
 -3.6396188e-01
 -7.3926753e-01
  8.4891077e-03
 -7.5138783e-01
  1.8971017e-01
  3.3920340e-02
  5.5187368e-01
  3.8139486e-01
 -1.3733600e+00
 -8.3487920e-02
  1.5049903e-01
 -3.5887837e-02
 -5.1251745e-01
 -4.6910954e-01
 -1.1673836e+00
 -5.5366451e-01
  2.7875274e-01
  4.1764775e-01
  5.8445221e-01
 -1.0609517e+00
 -3.5520002e-01
  4.6066338e-01
 -2.7482367e-01
 -9.9352986e-01
 -4.9570209e-01
  9.4068241e-01
 -6.8466067e-01
  1.1174722e-01
 -6.5530676e-01
  4.3119848e-01
 -1.4918400e-01
  1.1783054e-01
  1.1393220e-01
 -5.8797276e-01
  2.8770911e-02
 -5.9993334e-02
 -1.9477145e-01
  2.3918286e-01
  1.1642696e-01
 -2.9292843e-01
 -6.5140665e-02
 -2.2194470e-01
  3.4129140e-01
 -5.0462794e-01
 -5.1759360e-03
 -6.0022093e-02
  2.3951788e-01
 -1.1802306e-01
 -1.1599330e-02
  9.3714148e-02
  4.3372169e-01
  2.0858388e-01
 -3.4275379e-02
 -5.8411825e-01
  8.2021832e-02
  7.7195920e-02
  8.8957407e-02
 -6.5495908e-02
 -1.3270892e-01
  3.4094521e-01
 -8.1729725e-02
 -8.9813270e-02
  6.9102943e-02
 -8.3151318e-02
 -4.3747783e-02
  3.4920034e-01
  1.8056968e-01
  6.2781878e-02
 -1.5416583e-01
 -7.3742099e-02
  8.0452308e-02
 -3.1482372e-02
 -4.0912122e-02
 -3.0451508e-02
  9.5990159e-02
 -2.5031772e-02
 -4.6984118e-01
 -1.8320288e-01
  2.1519563e-01
 -4.1447553e-01
  1.3632290e-03
 -1.3743879e-01
 -1.0288402e-01
  1.0670692e-01
 -2.0628922e-01
  6.7333505e-02
  2.8823751e-01
  2.7752158e-01
  2.4946064e-01
  3.7175849e-01
  9.3069637e-01
 -5.9410878e-02
 -1.8607773e-01
 -3.1382495e-01
  9.5608011e-02
 -3.1770390e-01
  3.3114398e-01
  2.3353517e-01
  9.0907343e-02
 -1.0602975e-02
  2.3963089e-01
 -1.4122891e-01
  3.8703969e-01
  7.3849186e-02
 -1.5010113e-01
 -3.9515886e-01
 -1.0622692e-02
  1.8356474e-01
 -4.3026987e-02
 -1.7749791e-01
  1.3793060e-01
  3.4141216e-01
 -1.1478539e-01
  2.1385860e-01
  8.9934347e-03
  1.0227706e-02
  5.1418841e-03
  2.4431312e-01
  1.4168197e-01
 -1.3092689e-02
 -4.6621233e-02
  1.8934505e-01
  3.3891678e-01
 -1.8150701e-01
 -1.0736480e-01
  1.9567402e-01
 -7.7484727e-02
 -2.3792851e-01
  1.7619478e-03
  1.1251364e-02
  2.9000735e-01
  1.7475411e-01
 -1.4479714e-02
 -4.1890270e-01
 -1.7541754e-01
  4.2079210e-01
  1.6297168e-01
  1.4012434e-01
 -3.2541990e-01
 -1.6295782e-01
 -1.4618251e-01
  8.1598565e-02
 -2.1290815e-01
  2.6839668e-01
 -8.6510748e-02
 -3.2642999e-01
  2.0537439e-01
 -1.1017041e-01
  4.6574011e-02
 -2.3620756e-01
  5.6731712e-02
  2.5493491e-01
  8.4096923e-02
 -1.4747858e-01
  1.9438888e-01
  6.1593760e-02
  9.6815974e-02
 -7.2740279e-02
 -2.0550647e-01
 -4.9682099e-01
  1.2496754e-01
  4.9347299e-01
  3.3932334e-01
 -3.2595506e-01
 -3.5213172e-01
  5.6929134e-02
 -3.1517008e-01
 -1.6017716e-01
 -1.4785074e-02
 -4.9852982e-02
 -1.8552464e-01
 -8.4041610e-02
  9.7371861e-02
 -1.9989967e-01
 -1.5245527e-01
 -6.1102282e-02
 -3.7152791e-01
  1.1182677e-01
 -3.5858631e-01
  2.9910749e-01
  1.0056760e+00
 -1.7613004e-01
  4.8132491e-01
  9.6969560e-02
 -5.2710876e-02
  1.4677677e-01
  4.1338649e-01
  5.6482881e-02
  4.7158957e-02
 -1.4814360e-01
 -1.1276495e-01
 -1.9405650e-01
  1.0513623e-01
  1.3557670e-01
 -1.7746010e-01
  3.2135245e-01
  1.2365669e-02
  2.3123193e-01
  1.1651205e-02
 -6.3977361e-02
 -2.3513809e-03
 -6.1624259e-02
 -2.7697223e-01
  7.1597542e-03
 -2.5732096e-02
 -4.7716761e-01
  5.5018775e-02
 -1.7573728e-01
  4.6153581e-01
  7.0869707e-02
 -7.6010309e-02
 -4.1947961e-03
  2.9479164e-01
  1.4986151e-01
  2.9590216e-01
 -1.1493377e-01
 -4.1991591e-02
  2.0584334e-02
 -1.6611960e-02
  5.2081030e-02
  3.6012509e-01
  9.8849405e-03
 -2.4038972e-01
  7.6176137e-02
  6.7313242e-01
  5.7380654e-02
 -2.4777431e-02
 -3.0714726e-01
  4.1096652e-01
 -3.5702768e-01
 -2.8709432e-01
  3.1208959e-01
  1.9467595e-01
 -8.3827265e-02
  8.6861752e-02
  1.3792394e-01
 -2.0134835e-01
  4.4569910e-01
 -3.8314816e-01
  1.8958783e-01
  1.4830232e-01
  8.7235349e-01
  1.2255988e-01
  6.1351482e-02
  3.7796702e-03
  2.1109772e-01
  7.4896850e-02
  6.0127385e-02
 -1.5630803e-01
  1.6932781e-01
 -2.7097777e-02
  1.0046940e-01
 -3.3698240e-01
 -3.6521354e-01
  3.1316581e-01
 -6.9397099e-02
 -1.2779731e-02
  8.8385288e-03
  5.2682914e-02
  1.6639799e-01
 -2.8606346e-02
  2.6248991e-03
  1.5428382e-02
 -5.9010014e-02
 -1.7716168e-01
 -6.8535291e-02
 -1.6200852e-01
  2.6535538e-01
  2.6448277e-01
 -4.6848673e-01
 -4.9463695e-01
  9.9873292e-01
 -7.4523866e-02
  9.6366361e-02
 -3.4555059e-02
 -2.7126700e-01
  4.7894899e-02
  1.2239767e-01
  2.4393037e-01
  3.1237781e-02
 -1.4988324e-01
 -1.8027008e-02
  3.3929396e-01
  7.5018853e-02
 -6.7394674e-02
  1.1480106e-01
 -1.5766738e-01
  6.5008879e-02
  3.2496095e-02
 -2.2775687e-01
  4.2390637e-02
  1.6219030e-01
  1.0399619e-01
  1.8338430e-01
 -3.0458119e-02
 -8.2486067e-03
  2.9764229e-02
 -2.1570191e-01
 -4.2783577e-02
 -1.0846563e-01
 -5.7095468e-01
  2.8636408e-01
  3.4701982e-01
  9.0242445e-02
  1.8069302e-01
  1.0951097e-01
  6.0780138e-02
  2.4558352e-02
 -1.6239252e-03
 -3.0545944e-01
  4.3846044e-01
  1.1117795e-01
 -3.3781832e-01
 -6.5650590e-02
  1.4366800e-01
  5.5806495e-02
 -6.4789876e-02
  5.3030646e-01
 -2.5925228e-01
 -3.8111381e-02
  1.0141338e-01
  1.2019227e-01
  1.8398190e-01
 -1.6751704e-01
 -2.5430542e-01
  9.5623776e-02
  7.6284148e-02
 -9.4404534e-02
  1.2897143e-01
 -8.3347354e-03
  3.8165957e-01
 -7.5394139e-02
  5.8368601e-02
 -3.4547627e-02
 -2.6387310e-01
 -2.1895412e-01
  7.1291253e-02
 -1.2268056e-01
  2.9017872e-04
  7.9323187e-02
 -2.4232137e-01
  3.8197290e-02
  7.2049402e-02
  7.8740284e-02
  1.2247933e-01
  1.6094774e-01
  2.0025653e-01
  3.4886721e-01
 -9.4420224e-02
  1.7799094e-02
  1.3750738e-01
  2.4859284e-01
 -2.6556465e-01
 -8.3363496e-02
 -8.3628349e-02
  8.7577468e-01
  1.5156386e+00
 -3.3525792e-01
 -5.4499489e-01
 -1.5975572e-01
  3.1441548e-01
 -3.7159503e-01
  5.7519291e-02
 -4.0421672e-02
 -1.5136719e-01
  4.1000393e-01
  1.1991145e-01
  5.9697125e-04
  9.3262322e-02
 -3.6673978e-01
 -1.5282913e-01
 -6.1093714e-02
  1.7699055e-02
  4.8205346e-02
 -1.2912560e-01
 -4.6064749e-01
 -1.1187151e-01
 -2.3661831e-01
 -2.6186589e-02
  1.5530880e-01
  1.2695244e-01
  3.1469244e-01
  3.9596010e-02
  1.1341757e-01
  1.0657909e-01
  6.5778002e-02
  5.9916336e-02
  3.4873158e-01
 -8.2594216e-02
 -1.8506008e-01
  1.1649153e-01
 -2.5203457e-02
  1.0581669e-01
  2.5981379e-01
  7.0575260e-02
  3.0892435e-01
  5.8346033e-02
  3.4854006e-02
 -1.5039394e-02
  3.7716490e-01
  2.8759651e-03
  1.1114450e-01
 -3.4041330e-01
 -2.9605158e-02
  4.6145701e-01
 -1.4399186e-01
 -2.1733050e-01
 -3.5210609e-01
  2.9310614e-01
 -1.4446130e-01
 -1.1584630e+00
  2.5873506e-01
  1.1027392e-01
  5.1497053e-03
  1.0697119e-01
  1.3027845e-01
  5.7947434e-02
 -7.6400891e-02
  3.3657607e-01
  8.2208663e-02
 -7.2322212e-02
 -3.2516118e-02
  1.9800948e-01
 -3.1767368e-01
 -4.6415398e-01
 -5.5698678e-04
  3.4172967e-01
  7.0955284e-02
  2.0119131e-01
  5.2953094e-01
  3.7998933e-01
 -3.1348103e-01
  5.9282124e-01
  1.6723402e-01
 -3.2108750e-02
  7.6152720e-02
  2.3698843e-01
 -3.4860808e-01
  1.2302417e-01
  2.1409357e-01
  1.7257862e-01
 -6.9143996e-02
 -4.9059719e-01
 -5.2171642e-01
 -4.4940181e-02
  1.6303141e-02
  3.3677131e-02
 -1.7962636e-02
  4.3892369e-01
 -3.7988877e-01
 -1.5771350e-01
  1.8152641e-03
  1.1412326e-01
  1.5151307e-01
 -3.1233099e-01
 -4.4842355e-02
 -1.0224903e-01
 -3.2197765e-01
 -1.9102979e-02
  6.7999229e-02
  1.7517017e-01
 -1.0177214e-02
 -6.4937077e-02
 -1.3913643e-01
 -1.0653269e-01
 -8.2690082e-02
 -1.0143396e-01
 -1.4119300e-01
 -8.1431620e-02
 -1.9678205e-01
 -1.6908985e-01
 -4.4388568e-01
 -1.9372279e-02
  9.2730850e-02
 -7.6976396e-02
 -9.0288229e-02
 -1.3463748e-01
 -4.4799753e-02
 -5.3333566e-02
 -5.0665921e-01
 -7.7434722e-03
  4.6351783e-02
  8.3914526e-02
  1.6947845e-01
 -4.0661916e-04
 -1.3950412e-01
  1.0996176e-01
  5.4820936e-02
  1.7716393e-01
 -5.0599682e-01
 -4.0106136e-02
 -4.4082254e-02
 -2.6255408e-01
  1.2832746e-01
 -4.6067667e-01
 -5.7713783e-01
 -5.9877878e-01
 -3.6224414e-02
 -3.2442194e-01
  1.0289985e+00
 -4.5153719e-01
  9.3660213e-02
 -1.1702937e-01
 -6.5366760e-02
  2.0551953e-02
  8.0860984e-01
 -1.0155249e-01
  7.1124107e-02
 -2.7333844e-02
  7.2128505e-02
 -2.3673858e-02
  1.9517992e-01
  2.4555750e-01
  2.1718310e-02
  1.5619108e-02
  2.1837226e-01
 -2.9491702e-01
 -5.4707420e-01
 -1.0620021e+00
  1.9609334e-01
  9.6539311e-02
 -1.0595170e-01
  2.1882004e-01
  3.0743682e-01
  1.1709509e-01
 -4.2050466e-01
  9.8363161e-02
 -7.6709740e-02
 -2.0226578e-01
 -9.7795981e-01
 -1.3162790e-01
  1.7047789e-02
  3.6667591e-01
 -1.4398021e-01
  1.8572274e-01
  1.1552987e-01
 -1.5281646e-02
  2.2651370e-01
 -3.8528159e-02
  3.0823380e-02
  1.8990594e-01
  1.6853184e-01
  1.9179545e-02
  5.5568784e-02
  5.4571116e-01
 -3.9356519e-02
  2.6521839e-02
  2.6657706e-01
 -6.1990514e-02
  9.2110753e-02
 -1.9337040e-01
  4.8442620e-01
 -1.3150769e-01
  5.2592432e-01
  2.2527699e-01
 -2.4857317e-01
 -1.0169607e-01
 -2.5008434e-01
  1.1533702e-02
  3.4977168e-01
 -3.2536232e-01
  3.1700049e-02
 -2.9908243e-01
  1.7674863e-01
  1.3723439e-02
  2.8242373e-01
  3.0387974e-01
 -3.1351414e-01
 -5.2433312e-02
 -1.1133624e-01
  4.0821764e-01
 -2.5967377e-01
  3.9573595e-01
 -2.4529811e-02
 -4.2528767e-02
 -2.5428319e-01
  1.0008024e-01
  1.1961178e-01
 -3.2222128e-01
 -4.0398726e-01
  1.0258929e-01
 -2.0591959e-02
 -1.4620027e-01
  2.4235392e-01
 -4.1037819e-01
  2.4770324e-01
 -2.6202891e-03
 -3.0426878e-01
 -1.4645234e-03
  5.0755166e-03
 -1.4003243e-01
 -5.2271533e-01
  2.0267616e-01
 -2.0106667e-01
 -2.0944209e-01
  2.9387128e-01
  3.5928625e-01
  2.8260490e-01
  1.5333633e-01
 -1.4309250e-02
  1.8715265e-01
  2.2450528e-01
 -2.0144137e-02
  7.3852345e-02
  1.7671651e-01
  9.6390456e-02
 -1.9364408e-01
  3.8002735e-01
  1.3631862e-01
 -6.9590323e-02
 -2.6391682e-01
  2.7565268e-01
  2.9442728e-02
 -9.7099647e-02
  1.7519367e-01
  1.2489823e-01
  4.6737943e-02
 -4.4537207e-01
  3.9310739e-03
  2.0488301e-01
  1.3592793e-01
 -7.8724645e-02
  1.6732955e-01
  1.6855635e-01
  1.5420306e-01
 -1.3489209e-02
 -1.1832318e+00
 -3.1626947e-02
  1.2850899e-02
 -4.7729537e-02
  2.8228152e-01
 -6.7469999e-02
 -7.9919025e-02
  2.3078139e-01
  1.5548545e-01
  4.9781110e-02
  1.1352632e-01
 -1.6791092e-01
  4.1782185e-03
  3.0073947e-01
  2.9327908e-01
  1.6557027e-01
 -2.9593536e-01
 -3.1549796e-02
 -5.5447650e-01
  1.2584527e-01
 -7.8069516e-02
  1.0154607e-02
  3.7685525e-01
 -1.0244638e-01
  5.0296724e-02
  2.2246431e-01
 -1.2805741e-01
 -2.3470860e-02
  5.0049685e-03
  1.4792651e-01
 -5.5745333e-02
  1.2016039e-01
 -8.1548812e-03
 -7.2555333e-02
 -1.7200397e-01
 -6.5463565e-02
 -3.8169348e-01
 -4.5350325e-01
 -4.4153020e-01
  6.2053107e-02
  2.6249018e-01
 -1.0337462e-02
  1.0079736e-01
 -5.7897419e-03
  5.3063016e-02
  5.6427818e-02
 -4.1338965e-02
 -1.9516802e-01
  6.8301648e-02
 -3.5404921e-02
  4.3189190e-02
  1.9111852e-01
  2.7261996e-01
  2.6948014e-01
  1.2261876e-01
 -1.2530237e-02
  2.4230711e-01
  3.9435190e-01
 -3.7514046e-01
  6.1483823e-02
 -2.6597267e-01
 -4.9615987e-02
  9.9448383e-02
 -3.5677251e-01
 -1.6192044e-01
  2.2210193e-01
  2.3028778e-01
 -2.4498320e-01
 -2.4989772e-01
 -2.3427799e-03
 -5.2230045e-02
 -1.3113374e-01
  8.6178839e-02
  1.9089299e-01
  2.4448040e-01
  1.6423449e-01
 -6.6257648e-02
 -3.9989315e-02
 -5.5556539e-02
  5.8009386e-01
 -3.7469920e-02
  9.2066713e-02
 -1.6585045e-02
  2.8093708e-01
  1.7834002e-01
 -4.3203160e-02
 -1.2977673e-01
  1.6398747e-01
 -2.0423138e-01
  7.5530902e-02
 -1.0468488e-01
  6.9634430e-02
 -3.3126228e-02
  2.8717011e-01
 -2.7603513e-01
  2.8418863e-01
 -3.1947750e-01
  6.5284997e-02
 -4.9582377e-02
  2.9291226e-02
  6.2425926e-02
 -2.1300219e-02
  1.9423969e-02
 -1.0485441e-01
  1.4933769e-01
  6.8537191e-02
 -4.2272709e-02
  3.1480968e-02
 -1.3576114e-01
  2.4446861e-01
  3.0730161e-01
  8.6477734e-02
 -2.2677764e-02
 -6.2863268e-02
  3.0735174e-01
  7.9926096e-02
  1.9500847e-01
  1.1549461e-01
 -1.1390155e-01
 -4.8916340e-01
  2.3920707e-01
  2.6719483e-02
 -1.6637357e-02
  2.5542187e-02
  4.7881894e-02
  8.6430132e-02
 -3.2424626e-01
  2.9184332e-01
 -2.1177672e-01
  7.8169182e-02
  2.1824998e-01
  2.8797867e-02
  7.1124017e-02
  6.0871299e-02
  1.4192197e-01
  6.7791276e-02
  1.6451475e-01
  1.5535443e-01
 -7.3242091e-02
  2.8251931e-02
  4.8441228e-02
 -5.2572358e-02
  1.6198951e-01
 -9.5369510e-02
  2.1415550e-01
  1.1696577e-01
 -2.1035138e-01
  4.2218426e-03
  1.8620911e-01
  1.2324369e-01
  2.1974972e-01
 -7.4684024e-03
 -3.3898926e-01
 -1.9658510e-01
 -1.4227985e-01
 -2.7769443e-01
  9.4487570e-02
 -9.5818169e-02
 -3.2364599e-02
  3.1317675e-01
 -2.4161251e-01
 -1.0674502e-01
  1.4181522e-01
  5.7260726e-02
 -3.1174639e-02
  8.7871693e-02
 -4.0912271e-02
  1.6458842e-01
  2.0197932e-01
 -5.7750398e-01
 -5.7985383e-01
  3.7484300e-01
 -1.4518451e-02
 -4.8795354e-02
  3.6489835e-01
 -4.3703198e-01
  6.2066090e-01
  4.3955007e-01
  4.1827655e-01
  1.5622286e-02
 -1.6783530e-01
 -7.1220212e-02
  2.8332543e-01
  1.1139613e-01
  4.5812320e-02
 -7.2735608e-02
  2.6402536e-01
  1.5169556e-01
  1.7180666e-02
 -2.9221544e-01
  1.0874964e+00
 -8.2090311e-02
  4.0288329e-02
  1.4825970e-01
  3.8509469e-02
 -1.3718159e-01
  1.9638579e-02
 -1.7410848e-02
  1.3350707e-01
 -1.3811940e-01
 -4.8092049e-01
  8.1780382e-02
 -6.6931225e-02
 -3.9756510e-02
  3.4894368e-01
 -2.2615622e-01
  1.6345443e-01
  8.7574296e-02
 -6.0267191e-02
  1.5578249e-01
 -1.0753136e-01
 -2.9964826e-01
 -3.8822252e-02
  1.4904597e-01
  5.6807868e-02
 -2.0130046e-01
 -5.1614654e-01
 -1.7450404e-01
 -1.1909997e-01
 -8.9631721e-02
  7.4345388e-02
 -1.2490292e-01
  1.2531184e-01
  4.3066621e-01
  3.6519673e-01
 -3.4062332e-01
 -1.4887516e-01
  2.6426229e-01
  1.1792777e-01
 -1.1583675e-01
 -8.0133207e-02
 -7.5239390e-03
 -1.3734502e-01
  2.8902754e-01
  1.2657808e-01
 -1.7725612e-01
  1.8268180e-01
  1.1006554e-01
 -1.3362245e-01
 -2.1410917e-01
  1.4588480e-01
 -1.7896419e-02
  2.2298958e-02
 -1.0034441e-01
 -1.8829294e-01
  1.9623663e-02
 -1.9394320e-01
  2.1848783e-01
  1.6856940e-01
 -8.9237280e-02
  7.6716721e-02
  6.6095047e-02
  4.3571293e-01
  1.6155057e-01
 -3.7157074e-02
  1.4638126e-02
 -1.5480636e-01
 -4.3086808e-02
  1.4075686e-01
  6.6280123e-03
 -5.0963420e-02
 -6.5238887e-01
 -1.3913066e-02
  5.7028975e-02
  2.8695801e-01
  5.4771686e-01
  9.0721540e-02
 -2.4280098e-01
  3.4783050e-01
 -1.7597351e-02
 -6.2966466e-02
 -1.6390082e-01
 -3.5645059e-01
  7.9067564e-01
 -1.6181462e-01
  2.0986047e-01
 -3.5982504e-02
  2.7694413e-02
 -3.6989963e-01
  7.9879798e-02
  6.0413469e-02
 -1.1369158e-01
 -3.7600569e-02
 -5.0326899e-02
  4.7943667e-01
 -5.2105308e-01
 -1.9372787e-01
  1.4993794e-01
 -1.8233506e-01
 -2.2858432e-01
 -1.4169051e-01
  4.2439955e-01
 -4.4616785e-02
  5.8825776e-02
  9.8620549e-02
 -1.1761926e-01
 -1.1416130e-02
 -1.1501253e-01
  3.4990042e-02
 -7.2637886e-01
  1.8888509e-01
 -5.7045710e-01
  3.6203769e-01
 -5.3798795e-01
 -3.0330265e-01
 -2.7769107e-02
  2.9396458e-02
  6.0543299e-01
  4.1230507e-02
  2.2077326e-02
 -2.1176739e-01
  4.7079697e-03
 -1.3146099e-01
 -1.4121705e-01
 -1.3071527e-01
  2.0778148e-01
 -2.2041971e-02
 -3.4036061e-01
  1.3843280e-01
  6.4844966e-02
  1.0921055e-01
 -1.3441968e-01
 -1.0928728e-01
  4.5744386e-02
  1.5660957e-01
  4.5570549e-01
  1.9658558e-02
 -1.1122282e-01
 -1.3249233e-01
  4.2634737e-01
 -3.0089036e-02
  2.1083675e-01
 -1.5422630e-01
  1.0395475e-01
  1.5844630e-02
  4.1367671e-01
 -6.5369648e-01
  7.3123919e-03
  3.2731898e-02
 -1.6965690e-01
 -9.6265286e-02
  2.6384979e-01
 -3.4182641e-01
 -3.5321021e-01
 -5.2179313e-01
  2.9901379e-01
  7.1414453e-01
  1.1145258e-01
  4.4433951e-02
 -1.6081080e-01
  2.0984370e-01
 -4.4301564e-01
  9.0359658e-02
 -3.2389802e-01
  2.5410181e-01
  2.6988822e-01
 -3.1630035e-02
  5.6446020e-02
 -2.8266978e-01
  2.3879087e-01
 -6.9600061e-02
 -2.0099659e-03
 -4.2697755e-01
 -1.3092409e-01
  8.3466373e-02
 -4.1247148e-02
  1.1333987e-02
  2.7268924e-02
  1.7276235e-01
  1.8402579e-01
 -3.6470813e-01
 -2.9133618e-01
  7.4447520e-02
 -1.1149375e-01
  6.7945309e-02
  8.3914898e-02
  1.4236558e-02
 -1.8243982e-01
  5.9341955e-01
 -1.0417955e-01
 -2.8844550e-02
  6.2447834e-01
  3.2508552e-01
  1.9115721e-01
  1.1360803e-01
 -2.1839340e-01
  1.0825062e-01
 -2.7781248e-01
 -7.8538042e-03
 -1.0274384e+00
  1.9495629e-01
  2.0867617e-01
  1.0387472e-01
  2.3386698e-02
  9.6217550e-02
 -3.2392472e-01
  2.6709431e-01
  5.4881036e-02
  4.3090422e-02
 -1.1758076e-01
 -9.6061118e-02
  6.0300046e-01
 -2.6226118e-03
 -3.8995072e-01
 -4.7594458e-03
 -1.0975592e-01
 -3.8295947e-02
  1.1923869e-01
 -2.9580647e-01
 -8.0096059e-02
  8.0606915e-02
 -2.3297220e-02
  1.3288859e-01
  6.2333934e-02
 -1.8720895e-01
 -3.9501977e-01
  6.6165769e-01
 -6.0783997e-02
  7.8250833e-02
  4.2746533e-02
  2.5101015e-01
 -2.2756670e-01
 -7.9871006e-02
  5.1665354e-01
 -2.4580546e-01
  1.6739264e-01
  4.8096448e-02
  3.7929367e-02
 -6.1202157e-02
  1.0163324e-02
  1.0918193e-01
 -6.0046625e-01
 -3.5981357e-02
 -1.2613947e+00
  8.8271242e-01
  2.9498285e-01
  6.7606896e-01
 -7.0475966e-01
 -1.4674257e+00
  7.1448344e-01
 -5.5256742e-01
 -3.3130434e-01
 -9.0553425e-02
  5.1308709e-01
 -7.3341033e-03
  4.1017026e-02
 -5.1360095e-01
 -3.4558418e-01
 -1.8891490e-01
 -1.0488474e-01
 -1.8554284e-01
 -1.4801793e+00
 -3.0361101e-01
 -3.9328927e-01
 -1.4341494e-01
 -3.4838888e-01
 -5.4745537e-01
  1.6233116e-02
  1.6588311e+00
 -5.6185469e-02
 -7.9998150e-02
  2.9908744e-01
  8.4827310e-01
 -3.7421796e-01
  5.4105087e-03
 -7.2972134e-02
 -1.1084490e-02
  4.8169337e-02
 -2.2211701e-01
 -1.4584994e-01
  2.4625088e-01
 -1.0039643e-01
  6.8522267e-02
 -4.8984885e-01
 -3.0178461e-02
 -1.2364626e-01
 -1.8532097e-02
  5.3272879e-01
  3.0310309e-01
  3.1378990e-01
 -1.6483085e-02
 -4.0687045e-01
 -1.0549370e-01
  3.5939131e-02
  1.3535145e-01
  1.0638967e-01
 -1.5940064e-01
  2.0799017e-01
 -8.8661693e-02
  3.9467040e-02
  9.1259241e-02
  1.0492294e-01
  6.7632526e-02
  6.4420914e-03
 -2.4473429e-01
 -4.3274069e-01
  6.7206800e-02
  1.5555887e-01
 -9.9012852e-02
 -1.9595714e-01
  5.9946617e-03
  9.7980946e-02
 -3.0928034e-02
 -2.8925681e-01
  5.5788644e-02
  2.3051936e-02
 -9.5177494e-02
 -8.1128359e-02
  2.4729076e-01
 -1.7833033e-01
  4.4613827e-02
 -1.6002163e-01
  1.5746319e-01
  1.4385934e-01
  1.2881747e-01
  2.3767547e-01
  4.0258836e-02
  9.1126263e-03
  1.7622000e-01
 -1.1020372e+00
 -1.6837215e-01
 -1.7867388e+00
  1.9531277e+00
 -5.4616235e-02
 -1.4664882e+00
  9.7003728e-02
  4.7978330e-03
 -4.7585052e-01
  6.8262406e-04
 -1.8587255e-01
 -1.0431035e-01
  5.4515553e-01
  2.5281560e-01
 -1.2716833e-01
  3.8752332e-01
 -1.5760614e-01
  4.6810901e-01
  4.7424963e-01
  2.9457361e-01
  3.0894078e-02
  1.5904960e-01
 -1.1344611e-01
 -1.2451103e-01
  7.9720236e-02
 -5.3235393e-02
 -2.4394017e-01
 -7.4832544e-02
 -3.2967389e-01
  1.7635471e-01
 -3.4092996e-02
 -3.2592367e-02
 -2.0950323e-01
 -1.3640188e-01
 -2.5553798e-02
  6.4789653e-02
 -3.1470843e-02
 -2.9031992e-01
 -2.4616538e-01
 -1.5108278e-01
 -2.8761394e-02
  3.8137922e-01
 -1.7145738e-01
  1.3302082e-01
  6.4531559e-01
 -1.7659192e-01
 -1.4686589e-01
  2.6988435e-01
  1.0932092e-01
 -7.0222296e-02
  8.8145733e-02
 -7.6196909e-02
 -1.1337663e-01
  3.2884666e-01
  2.3779558e-02
  3.1228729e-02
 -7.0352904e-02
 -9.6796788e-03
 -1.5553410e-01
  2.4822903e-01
 -1.0969974e-01
 -1.2385361e-01
  6.7900598e-01
  2.8163674e-01
  1.0167986e-02
 -3.5683826e-01
  2.8233925e-02
 -2.9392425e-02
  5.0996059e-01
  1.1825749e-01
 -1.7502029e-01
 -4.6199146e-01
  3.8581789e-03
 -4.6945348e-02
  1.8446991e-01
  1.9266909e-01
 -7.2023921e-02
  7.8170829e-02
  2.5045242e-02
 -3.9525308e-02
 -5.4047026e-02
  1.0255720e-01
  5.3428614e-01
  1.2804227e-01
  9.6756369e-02
  4.7202878e-02
  4.4697821e-02
  7.9237297e-04
 -2.9490936e-01
 -2.5190456e-02
 -2.1349116e-01
 -2.2633961e-01
 -3.3927947e-01
  1.4371812e-01
  4.1856945e-01
  3.1396198e-01
 -8.7974675e-02
  2.2985993e-01
 -7.5504929e-02
  6.7050859e-02
  3.5197012e-02
  2.4500415e-01
 -2.8426284e-01
  3.6252320e-02
  3.1373642e-02
 -1.7174333e-02
 -3.1719390e-02
 -1.8290035e-01
  8.3153717e-02
  2.4946157e-02
 -2.3826885e-01
 -2.1191034e-01
  1.3003939e-01
 -3.3977907e-03
 -6.8904661e-02
  1.3500868e-01
  2.2878207e-01
 -1.8703803e-02
 -4.4784620e-02
  3.4400883e-01
 -5.7454407e-03
 -3.9904486e-02
 -2.2933422e-01
  7.7810191e-02
 -7.7186592e-02
  4.7994643e-02
  2.5885069e-01
  5.2077490e-01
 -1.9278660e-01
 -2.8019342e-01
  1.4915004e-01
 -1.6801038e-01
  1.4081120e-01
  3.6412429e-02
 -5.9895349e-01
 -7.7409826e-02
  1.2346660e-01
 -1.3557054e-01
  1.0326068e-01
 -2.1446502e-01
 -1.4531931e-01
 -2.4772741e-01
 -6.3232586e-02
 -8.3720265e-03
  1.5197653e-01
  2.9182675e-01
 -1.4609092e-01
  7.8898549e-02
  2.4586806e-02
 -1.7468104e-01
 -6.2571391e-02
  2.1067303e-01
 -1.2871024e-01
 -9.2353627e-02
  1.2588909e-01
  2.5219572e-01
  3.3417761e-02
  8.2753710e-02
 -5.3070821e-02
  3.8732346e-02
 -9.0812498e-01
  3.8159586e-02
  1.7533610e-02
 -1.5985119e-01
  2.1936955e-01
  2.4732509e-01
  3.3503842e-01
  1.3177125e-01
 -4.6366908e-02
 -1.1772680e-01
 -2.5847220e-01
  2.4765059e-02
 -1.6044652e-01
 -2.0681408e-01
 -5.5779475e-01
 -5.0661094e-02
 -3.1838408e-01
 -8.3708331e-02
 -2.1777618e-01
 -8.9190260e-02
  2.4525663e-02
 -1.2095851e-01
 -1.2540784e-02
 -8.8481558e-03
 -9.7504012e-02
 -5.5180736e-02
 -6.3510872e-03
 -2.0199412e-01
  2.9166132e-01
  4.5589842e-02
  3.6579555e-01
 -5.7110872e-02
  3.4738563e-02
 -2.0007426e-01
 -3.0742157e-01
 -4.0452170e-01
  1.3029671e-01
 -4.2340556e-01
 -4.7561038e-01
 -2.8619736e-01
  3.6880527e-02
 -8.1434496e-02
 -4.7548395e-03
 -2.1920040e-01
  1.7326480e-01
 -1.9557947e-02
  6.2291473e-02
 -1.5537578e-01
 -1.7177385e-01
 -1.9357383e-01
 -8.4088989e-02
  5.8074161e-02
  9.6151635e-02
 -3.6139193e-01
  8.2114100e-02
 -2.2090001e-01
  2.4828209e-01
 -2.0146443e-01
 -8.0027230e-02
 -9.2573196e-01
 -1.2252855e+00
 -1.0249313e+00
  3.3405417e-01
 -1.8017198e-01
  1.8166134e-01
 -1.4303594e+00
 -6.1160546e-02
  4.4839337e-02
 -1.3252748e+00
  1.4691104e-01
  5.6403309e-01
  1.0375865e+00
  1.0803175e+00
 -6.8973315e-01
 -1.9822139e+00
 -5.5078024e-01
  5.5337095e-01
  1.0526825e+00
  5.5044633e-01
 -4.0123662e-01
  2.8055444e-01
 -8.3910686e-01
 -6.4937872e-01
  1.0371467e-01
  2.6707342e-01
 -2.1560299e-01
  7.1250767e-01
 -3.8260624e-01
 -9.7940111e-01
 -2.9321501e-01
 -6.6675268e-02
  1.0229309e+00
 -1.1533707e+00
  8.4041975e-02
 -8.7892070e-02
 -2.5949493e-01
 -1.3574751e-01
 -2.5855934e-02
 -1.2868818e+00
  2.6429871e-01
  5.7443470e-02
 -1.9229627e-01
  8.1777251e-01
  1.3205880e-02
 -9.6512282e-01
  3.1913158e-02
 -6.6278601e-01
  1.4454380e+00
 -5.4377466e-02
 -1.1788892e+00
  1.1568130e+00
 -8.1663072e-01
  3.0693886e+00
  3.1502079e-02
  2.5738239e-01
 -2.1686816e+00
  7.7831155e-01
  1.8716582e+00
 -3.5931197e-01
 -1.8856142e-01
  1.4145441e+00
 -2.6866747e-02
 -2.8752720e-01
  1.6367412e-01
  7.7850622e-01
 -1.0639533e+00
 -1.3152973e-01
 -5.4626828e-01
 -1.8003974e-02
 -4.9829420e-01
  1.3789879e-01
  2.2841220e+00
 -1.4601785e-01
 -3.4539595e-01
  3.7684748e-01
 -8.6817944e-01
  3.0372277e-02
 -1.5769598e+00
  1.6945993e+00
 -1.0227035e-01
  1.0706836e-01
  5.8855855e-01
 -2.0578577e-01
  1.2655336e-01
  5.2391585e-02
  4.0355662e-01
 -1.0180840e-01
  1.7008184e-02
 -3.0450447e-02
 -1.2445183e-02
  4.8488158e-01
  4.0128246e-01
  5.0108660e-02
  2.0086300e-02
 -7.3873177e-02
 -4.2740464e-02
  2.7027056e-01
 -5.0659406e-01
  1.2113599e-01
 -4.2494160e-01
  5.7775152e-01
  3.1039268e-01
  1.4096431e-02
 -3.5438212e-03
 -1.4362752e-01
 -1.2859248e-01
 -3.4737343e-01
  3.7379023e-02
 -4.4694450e-01
 -2.4024975e-01
 -7.5371042e-02
 -1.6383260e-02
  4.6097249e-01
 -5.2651204e-02
 -9.1316742e-01
 -2.8662318e-03
 -1.1038549e-02
  4.9190959e-03
 -5.0843392e-02
  3.5277944e-02
  5.4192506e-03
  5.0948203e-02
 -2.3496903e-01
 -4.3719999e-02
 -3.8319513e-02
 -3.8594165e-01
  3.4160119e-02
 -3.2904476e-01
 -5.3001851e-02
 -7.4457020e-01
  1.6808498e-01
 -1.3965397e-01
  2.1593153e-01
 -7.8246363e-02
 -7.7320057e-01
 -2.7455240e-01
  1.0586090e-01
  8.9811671e-01
 -8.4031716e-02
 -7.8288160e-02
 -1.4686883e-02
  7.7502802e-02
 -2.5873023e-01
 -2.0998646e-01
  2.1865526e-01
  2.1148536e-01
  5.8517814e-02
  1.1078925e-01
  2.2179843e-01
  5.4466146e-01
 -5.1772588e-01
 -9.7966418e-02
  5.1762149e-02
  4.5325842e-01
 -5.8922350e-01
  2.1232594e-02
 -2.1432666e-02
 -2.2173378e-01
 -3.6692470e-02
 -3.4522638e-01
 -1.2733156e-02
 -1.1971639e-01
  8.2510374e-02
  3.4327853e-02
 -2.5773251e-01
  1.5719375e-02
  6.5549538e-03
 -2.9448456e-01
 -2.9959434e-01
  1.9192431e-02
 -3.0775739e-02
  1.1520930e-01
 -6.0813382e-02
  1.1700158e-01
 -1.9815309e-01
  1.4944911e-01
 -1.0204123e+00
  1.9416319e-01
  1.4385875e+00
  6.2757410e-02
  1.6319895e-01
 -1.2871419e-01
 -1.1932302e+00
 -3.6676005e-01
 -4.1693997e-02
 -8.5697591e-02
 -1.5111661e-01
 -1.7309418e-01
 -4.4643946e-02
 -1.2710054e-01
  4.7043186e-01
  1.1137590e-01
  2.6198743e-02
  2.0068329e-02
  1.0423500e-02
  1.4384954e-01
 -5.5971026e-02
  6.6306718e-02
  7.3277950e-03
 -5.5137957e-03
  8.1724912e-02
  1.9125783e-01
  1.4429565e-01
 -9.5503591e-03
 -8.5027479e-02
  2.4968192e-01
 -3.6023331e-01
  2.3750398e-01
  2.7877497e-02
  4.0737349e-01
 -9.4626077e-02
  3.8747293e-01
 -5.3623959e-02
 -6.2664166e-02
 -1.3852271e-01
  7.9924971e-02
 -4.7993483e-03
 -1.1306934e-01
 -1.5080962e-02
 -1.7174588e-01
 -1.6989250e-01
  1.3339097e+00
 -2.8354979e-01
  2.6791531e-01
  3.5225487e-01
 -1.5069350e-02
  1.3625547e+00
 -2.7319422e-01
  6.6835515e-02
 -3.2845071e-01
 -6.5290403e-01
  5.8939362e-01
 -5.6192404e-01
 -1.0973706e+00
 -1.6507781e-01
  2.2944283e-02
 -6.2976830e-02
 -1.1891274e+00
 -8.5954428e-02
 -5.2212250e-01
  5.7014012e-01
  6.9254458e-02
 -7.7724019e-03
  1.7395934e-02
  2.4125147e-01
  1.3326631e-01
  1.3067485e-01
 -1.1618675e+00
 -2.9782735e-02
  2.8252533e-01
 -4.5068455e-01
  1.5199945e+00
  2.6487648e-01
  7.6803394e-02
  1.7901498e-01
  2.7612407e-02
 -1.5010741e-01
  1.3262075e-01
 -9.3274720e-02
 -7.4996792e-02
 -5.5526495e-02
  1.4164504e-01
 -1.6949466e-01
 -1.7013000e-01
  6.4178014e-01
  8.6422384e-02
  1.3189007e-01
 -5.4084593e-01
 -1.4661094e+00
 -2.2162570e-01
 -5.4295343e-01
 -4.3491387e-01
  6.0990073e-02
  2.1073315e-01
 -6.4297086e-01
 -6.5124607e-01
 -6.9756955e-02
 -2.9675862e-01
 -2.3426879e-02
  6.3502586e-01
  5.0971234e-01
  4.6819216e-03
  3.2690835e-01
 -3.3428937e-01
  2.0205926e-02
  8.6694527e-01
 -1.1142937e-01
  1.6602260e-01
 -3.4550333e-01
  7.7454094e-03
  1.0503697e+00
 -3.3744088e-01
  1.6326687e-01
 -2.9828399e-02
 -1.2371761e-01
 -3.4598225e-01
  1.1309043e-01
  2.6898539e-01
  5.9039388e-03
  2.6851141e-01
  5.4629125e-02
 -1.2574205e-01
  9.8198108e-02
  2.8266913e-01
 -4.2283803e-01
  3.4770668e-01
 -3.1080741e-02
 -2.6465499e-01
  3.2687601e-01
  2.3591030e-01
  3.0631223e-01
 -7.0782237e-02
  3.5833478e-02
 -1.6286922e-01
  5.4826307e-01
  6.0789120e-01
 -1.6950466e-01
  7.1569994e-02
 -9.0169929e-02
  6.9181931e-01
  1.6616458e-01
  5.1698190e-01
  1.3262412e-01
 -9.0179436e-02
  8.6485848e-02
  6.7863688e-02
  4.6838637e-02
 -2.5184709e-01
 -2.0614898e-01
 -1.0001111e-01
  2.5945753e-01
  1.2942951e-02
 -2.6306650e-01
  1.3978316e-01
  1.6740133e-01
 -1.4514608e-02
 -2.9513273e-01
 -1.1607847e-01
 -3.8455018e-01
 -9.3534529e-02
  1.7105922e-01
 -1.0407697e-01
  2.1199943e-01
  1.4314282e-01
  2.8185508e-01
  1.9275412e-01
 -4.1167393e-01
 -1.6498853e-01
  1.4464706e-01
 -1.2833495e-01
  8.7473877e-02
 -3.0130017e-01
 -6.2682338e-02
  2.8105468e-01
  1.7566890e-02
 -6.0279824e-02
 -3.3764538e-01
 -4.7456303e-01
  3.7799221e-01
 -1.2737915e-01
  2.0996283e-01
  1.2458181e-01
 -9.2616931e-02
 -2.2981034e-01
 -4.0166968e-01
  8.6265333e-02
 -1.1715723e-01
  7.3179856e-02
  3.1655651e-01
 -1.2888882e-01
 -2.9762143e-01
 -4.1778824e-01
 -1.5840557e-01
  7.9799898e-02
 -9.5490441e-02
 -7.5225055e-02
 -3.9358750e-01
 -3.8994156e-02
 -4.5073560e-01
 -2.1963122e-01
 -1.2039447e-01
 -5.3516990e-01
 -3.4549159e-01
  1.1417322e-01
  1.7273393e-01
 -1.3088590e-01
 -4.2647649e-02
  2.6547283e-02
 -3.9843598e-01
  5.1511282e-01
 -4.1627180e-02
  2.6760024e-01
  1.6733418e-01
 -4.9312133e-04
  1.2228484e-01
  9.4290189e-02
 -2.9665530e-01
 -7.2343931e-02
 -1.4708076e-01
 -8.1633478e-02
 -1.8200098e-01
 -1.6461145e-02
  3.0309236e-01
 -3.4504101e-02
  1.7264098e-01
 -1.0379274e-01
  1.4621462e-01
 -8.0425411e-01
 -9.9373616e-02
  4.0231022e-01
 -1.5222767e-02
  1.1691141e-01
  3.0707240e-01
 -8.5704058e-02
 -3.2290554e-01
 -1.2049592e-01
  1.9787773e-01
  1.7234996e-01
  9.8721227e-03
 -2.2848085e-01
  9.2066638e-02
 -7.1767554e-02
 -9.0359688e-02
 -2.0178944e-01
  2.7442276e-02
 -4.4164062e-01
  1.3708186e-01
 -1.4705038e-01
 -5.1312613e-01
 -1.9342479e-01
  1.8555762e-02
  1.6694303e-01
 -4.8280146e-02
 -2.2405855e-01
 -1.1962995e-01
  3.2331124e-01
 -1.0359985e-01
 -2.6263344e-01
 -4.9390513e-02
  1.8543966e-01
 -6.0033971e-01
  1.8275833e-01
  3.4794039e-01
  1.1663222e+00
 -2.9381049e-01
 -5.1660460e-01
  1.8732520e-02
  7.5487450e-02
  6.1808847e-02
  2.0233397e-01
  1.8246031e-01
 -1.9606117e-02
  2.9195013e-02
  2.1014476e-01
  2.3191266e-01
 -2.9610869e-01
  1.2995179e-01
 -1.0667065e-01
 -2.0902394e-01
  2.8588128e-01
 -1.2547113e-01
 -5.5512226e-01
 -4.5365784e-02
  2.2804115e-02
  1.3292024e-01
  8.6983822e-02
 -2.2700496e-02
 -7.2324231e-02
 -1.3473564e-01
 -3.4471586e-01
  4.3561019e-02
 -4.3545792e-01
 -2.6191255e-01
  1.8320160e-01
  6.1179616e-02
  7.2426824e-03
 -3.0725065e-01
  3.2996621e-02
 -1.6515754e-01
  7.5666264e-02
  1.5357251e-01
 -8.8407046e-01
 -2.7625698e-01
 -1.2211520e-01
 -1.3110298e+00
 -7.7703178e-02
  9.1002315e-01
 -1.3633889e-01
  1.9038357e-01
 -2.9699150e-01
  2.5551763e-01
  3.8494069e-02
 -7.2956644e-02
 -1.0549381e-01
  3.8447335e-01
 -2.3242068e-01
 -1.7131671e-01
 -1.1023551e-01
 -1.0039555e-01
  2.4931160e-01
 -1.4929637e-01
  1.3400805e-01
 -2.3474383e-01
 -7.4727580e-02
  2.2996336e-01
  2.0131152e-03
 -7.2232507e-02
  5.7169542e-02
 -5.7504469e-01
 -3.3782658e-01
  3.4639102e-01
  9.2586592e-02
 -4.8894450e-02
  2.1360965e-01
  2.4387176e-01
  1.9344660e-03
 -6.6870761e-01
  9.4199404e-03
 -1.6882747e-01
 -4.2733740e-02
 -6.4545847e-02
 -8.9382574e-02
  1.4201850e-03
  1.2697077e-03
  2.6180482e-01
 -2.6425385e-01
  1.1041035e-01
 -2.5164288e-01
 -3.6243710e-01
 -2.4195071e-01
 -3.1444532e-01
  1.2445656e+00
  6.1275754e-03
 -3.2226959e-01
  1.0186063e+00
 -2.5863799e-01
 -2.0330448e-01
  4.7334820e-01
  5.1862049e-01
  1.8151537e-02
  1.3989417e-01
  7.4652918e-03
  9.2877142e-02
  1.6364074e-01
 -9.9793687e-02
  2.0754103e-02
  2.8668690e-01
  4.2495114e-01
 -2.4043415e-01
  9.5608253e-03
  3.6342894e-03
 -2.5597653e-01
 -3.7576485e-02
 -7.6689976e-01
  2.4995974e-01
  1.9358937e-02
 -9.0535009e-01
  8.5872553e-02
 -2.2458975e-01
  7.4564767e-01
  2.6802164e-01
  6.6302931e-01
  7.6602590e-01
 -1.2074580e-01
 -1.8581919e-01
 -5.0596893e-01
 -8.9707696e-01
 -9.5709640e-01
 -6.0074937e-02
 -6.1952782e-01
  6.5108728e-01
  4.4899967e-01
 -3.8990334e-01
  1.3314000e-01
  1.8323369e-01
 -6.8187147e-01
  1.8801343e-01
  1.3252795e-02
  1.4715219e-01
  2.6751336e-01
 -7.1773872e-02
 -3.8924208e-01
  7.0857063e-02
  3.0085710e-01
 -3.0049008e-01
 -4.1369167e-01
  3.8729232e-02
  1.4849903e-01
 -5.3114343e-01
  5.4361355e-02
 -1.3893349e-01
 -4.9993306e-02
 -3.4284465e-02
  1.7675396e+00
  2.1349314e-01
  1.1460742e-01
 -7.6257789e-01
  3.3829013e-01
 -3.7347119e-02
 -4.3132296e-03
 -7.6290630e-02
  2.7154635e-03
  5.2792322e-02
  2.4110801e+00
  3.9087169e-02
  1.2491096e-01
 -1.6516899e-01
  3.0212310e-01
  9.1242045e-02
 -3.1578514e-01
  1.8353240e-01
  7.3313701e-01
  1.0973185e-01
 -1.6294383e-01
  1.3541970e-01
 -9.1960788e-02
  2.4986866e+00
 -3.6931387e-01
 -3.1534967e-01
 -9.5661014e-01
  1.1858994e+00
  3.3403599e-01
  4.1268665e-01
  5.7282541e-02
  1.3714144e-01
 -3.2867879e-01
  1.5154414e+00
  6.7798364e-01
  1.3504982e+00
 -5.1459264e-02
 -1.8235636e+00
  6.7655212e-01
  2.1703634e+00
  6.6635656e-01
 -8.2154775e-01
  5.9182501e-01
  5.4562831e-01
  1.3687841e+00
  6.5752387e-02
 -2.2120938e+00
 -1.7307026e+00
  1.2638354e+00
 -4.3653283e-01
 -8.1363654e-01
 -8.6135194e-02
 -1.6234154e+00
 -6.6650349e-01
  2.2735021e+00
  2.9735380e-01
  4.6239594e-01
  2.2833547e-01
 -2.9056680e-01
 -2.2944255e+00
  5.7908726e-01
 -1.0105803e+00
 -1.2014835e+00
  8.6553997e-01
  1.1851196e+00
 -5.9445626e-01
  2.8296131e-01
  1.5546852e+00
  5.1371843e-01
  3.7980613e-01
 -4.1863620e-02
  2.5065200e+00
  1.0063092e-01
 -4.3539652e-01
  2.0675557e+00
  1.5882683e-01
 -2.2995844e-02
 -9.7853851e-01
  6.6878682e-01
  1.0901803e+00
  5.5375928e-01
 -5.7841022e-02
  4.0950796e-01
  9.0821095e-02
 -4.8390210e-01
  3.6680353e-01
  8.9832771e-01
  1.3363628e+00
  2.9065195e-01
  1.1466197e+00
  3.1961045e-01
  9.6543956e-01
 -4.1236812e-01
  1.8227878e-01
  1.8053443e+00
 -7.7427769e-01
 -1.9001149e-01
  4.6815500e-01
 -1.2053448e+00
 -7.4934262e-01
 -1.7921042e+00
 -1.9278330e-01
 -5.4554158e-01
 -1.3501674e+00
 -3.6056188e-01
  2.1594170e-01
  2.9525814e+00
 -3.1396079e-01
  2.8916514e-01
  1.1587858e+00
 -3.3034532e+00
 -1.4083754e-01
  1.3569671e+00
 -1.1542369e+00
 -2.8994164e+00
 -1.1800992e+00
 -3.6022955e-01
  2.2449821e-02
 -6.4806581e-02
 -3.6433015e-02
 -3.6371782e-01
  2.6605936e-02
  3.5971837e+00
 -1.1175140e+00
  9.6456170e-02
 -2.6992351e-01
 -5.1053338e-02
 -1.6790883e-01
 -9.6996880e-01
  8.1692594e-01
  3.4385622e-01
 -4.9020335e-01
 -1.2471451e+00
  2.0510522e-01
 -5.7283866e-01
 -3.8897631e-01
 -5.2116698e-01
  2.3965845e-01
  2.8746116e-01
  3.3470401e-01
  8.0742824e-01
  1.9233498e-01
 -9.3838143e-01
 -1.2975005e+00
 -1.3553411e-02
  5.3382891e-01
 -9.8043740e-02
 -5.2522659e-02
 -4.5126546e-02
  2.2243270e-01
 -3.2773662e-01
 -6.9483173e-01
 -6.3538754e-01
  3.1928807e-01
 -1.2691399e+00
 -2.5493574e-01
  3.0610004e-02
  1.3715913e+00
 -1.0786808e+00
  7.1171019e-03
 -1.1193500e+00
  6.3594335e-01
 -9.7227299e-01
 -1.6582501e-01
 -4.3660495e-01
 -2.4064207e-01
 -9.1459429e-01
  8.0770820e-01
  4.3665165e-01
  1.5300709e+00
 -8.8014740e-01
  2.4836539e-01
 -1.1216174e-01
  8.6831921e-01
 -2.1677873e+00
 -4.2629519e-01
 -2.2849598e+00
 -4.6195529e-02
 -2.6735768e+00
  7.7316630e-01
  2.6363000e-01
  6.8490374e-01
 -1.1926933e-01
  2.0225878e+00
 -1.2484033e-01
  9.2682444e-02
  7.5254381e-01
  2.3195665e-01
  9.8124313e-01
 -2.0588178e-02
 -2.3763007e-01
  8.7212187e-01
 -9.0292662e-01
 -1.0655006e+00
 -4.7212303e-01
 -2.0502904e-01
 -1.7505729e-01
 -7.2485581e-02
 -4.3215826e-02
 -3.0438477e-01
 -3.5920972e-01
 -4.0708923e-01
  1.2190056e-01
  1.3490619e-01
  1.6364307e+00
 -4.2974672e-01
 -1.6992840e+00
 -1.7192477e+00
  6.9614857e-01
  2.6475065e-04
 -1.2322865e+00
 -1.5607935e-01
  2.8568941e-01
 -6.6828585e-01
 -1.1646214e+00
  2.2994402e-01
  1.0335962e-01
 -8.5829824e-01
 -2.3758030e-01
 -2.3637795e-01
 -3.1151628e-01
  8.2259637e-01
  5.1321322e-03
 -1.6203389e-01
  4.9780980e-01
 -1.8491878e-01
 -3.6616321e-04
 -8.8646084e-01
 -9.4183832e-01
  1.5694214e-01
 -2.8026411e-03
  4.5453349e-01
 -8.1710476e-01
  1.2675153e-01
  4.9162710e-01
 -4.0537295e-01
 -4.4469324e-01
 -2.0327425e+00
 -2.2210348e+00
  6.9078922e-01
  1.0815196e+00
  7.3351994e-02
 -2.8263738e+00
  1.4930842e+00
  9.5618874e-01
  2.6020105e+00
 -1.0483421e+00
 -2.8347450e-01
  8.7508970e-01
  1.7574401e+00
 -1.2098522e-01
  9.2460275e-02
  1.6107483e+00
 -1.0498043e+00
  1.8158126e-01
  3.9093405e-01
  7.9769057e-01
 -9.8073888e-01
 -1.4516509e-01
  3.8283801e-01
  4.5049510e+00
  2.9620950e+00
  2.8962657e-02
 -6.7085639e-02
  7.7488387e-01
  8.9590572e-02
  1.4190663e+00
  6.9063634e-01
  4.8575905e-01
  5.9635315e-02
  1.7542341e-01
 -5.2645129e-01
 -1.0803612e-01
  6.9924229e-01
  7.2417516e-01
 -1.9681714e-01
  1.3435286e+00
  4.0793076e+00
 -3.2177022e-01
  3.2808250e-01
  4.0822640e-02
  7.6568872e-01
  4.7733167e-01
 -3.5139054e-02
  1.8190875e+00
  1.2741723e+00
  6.5382999e-01
  2.1096057e-01
 -2.0660353e-01
  1.6173084e+00
 -2.6088598e-01
  8.1206486e-02
  1.6675246e-01
  5.5140316e-01
  6.6914040e-01
 -9.5656112e-02
 -3.5527688e-01
 -2.4109861e-01
  8.1115532e-01
  1.5261189e-02
  4.9636224e-01
 -2.6196486e-01
  1.1346719e-03
 -2.6634315e-01
 -1.0337347e+00
 -7.8502804e-01
 -4.3867174e-01
  2.3849969e+00
  9.2422044e-01
  1.4581306e-02
  1.0095129e+00
  7.1611710e-02
  3.6757598e+00
  1.7053087e+00
  3.1054792e+00
  4.3987492e-03
 -1.6076297e+00
 -8.9997403e-02
 -2.7659396e-02
 -1.7114529e-01
 -1.0092752e-01
 -1.4422283e+00
 -1.9931285e-01
 -1.2846311e+00
  1.7806034e+00
  9.5353651e-01
 -5.2655059e-01
  8.4531778e-01
  5.1222440e-02
 -1.0030471e+00
  1.1528736e-01
  2.1243713e+00
 -3.9425379e-01
 -1.5848188e+00
 -1.7775832e-01
  2.8248010e-02
 -1.4295350e+00
 -1.6227167e+00
  8.6410457e-01
 -6.8766169e-02
 -7.4903101e-02
  4.7667715e-01
  1.3104451e-01
  4.9324167e-01
 -8.0486357e-01
  9.8544663e-01
 -1.0187253e+00
 -1.9586755e-02
 -3.8043669e-01
  9.9185771e-01
  9.8510170e-01
 -1.4403760e-01
 -8.6111140e-01
 -1.1289793e-01
  4.4843534e-01
 -5.0972804e-02
  9.7219843e-01
  1.3123982e-01
 -4.8424657e-03
  3.3355823e-01
 -1.9629035e+00
 -7.0585066e-01
  1.6319185e-01
 -3.0327488e-02
 -1.2500003e-01
 -2.4739932e-01
  1.8281026e-02
 -6.7972183e-01
 -2.1426019e-01
  1.5502917e+00
  3.8109216e-01
  3.7854567e-01
  8.8069904e-01
 -1.6198362e+00
  4.0445256e-01
 -8.8369779e-02
  6.9483286e-01
 -2.4381051e+00
 -5.1203728e-02
  4.2372635e-01
  1.3120929e+00
  6.6398895e-01
 -2.7255868e-03
  2.9359600e-01
 -1.9492886e+00
 -6.3791639e-01
  1.6029431e-01
 -4.2496589e-01
 -2.0285603e-01
  6.3136750e-01
 -3.4003717e-01
  2.9161373e-01
 -3.3679914e-02
  1.7340721e-01
 -1.9819143e-01
  3.7885740e-01
  1.1991934e+00
 -4.1986648e-02
  3.2344002e-01
 -5.9767641e-02
  6.4640701e-01
 -7.5174488e-02
  1.4438479e-01
  2.7957693e-02
 -5.9448942e-03
 -2.5349590e-01
  7.6956488e-02
  1.7316425e-01
  8.3259270e-02
  8.1530523e-01
 -1.3005147e+00
 -2.9333931e-01
  6.7798841e-01
  4.3259948e-01
  1.5439293e-01
  4.5902324e-01
  1.3485166e-01
 -1.7883743e+00
 -1.3235515e-01
  1.2693122e-01
 -7.4739510e-01
  4.4984046e-01
  5.7484215e-01
  2.6177874e-01
 -2.7074417e-01
  5.3435522e-03
  5.7627922e-01
 -1.6923575e-01
  2.6390612e-01
  6.3529179e-02
 -1.5761112e+00
 -1.0230199e-02
  1.1812024e+00
 -4.2326206e-01
  2.0602415e+00
 -1.4085557e+00
  1.0685988e-02
 -4.8119638e-02
  4.5596582e-01
  2.6692912e-02
 -1.7483896e-02
 -2.1941181e-02
  7.8568137e-01
  3.7247178e-01
  1.0296425e+00
 -3.3444244e-01
 -1.1204190e+00
  2.3776608e+00
  3.0536721e-02
  1.3453412e-01
 -1.1505935e+00
  9.0665972e-01
  2.4728799e-01
 -1.5645188e+00
  6.0634255e-01
  5.8372378e-01
  3.1686726e-01
  1.5401695e+00
  1.5157229e+00
  4.9970645e-02
 -8.5818291e-01
 -1.9053094e+00
  4.1070572e-01
  1.2176207e+00
  3.7173700e-01
 -4.1384545e-01
  2.4363752e-01
 -2.8349488e+00
  3.4204456e-01
  1.6176020e+00
  1.6219407e+00
 -9.1900307e-01
  9.5581543e-01
 -9.3870029e-02
 -4.5131063e-01
  2.1011474e+00
 -1.2509822e+00
  3.1005892e-01
 -1.1502634e+00
  9.6274331e-02
 -2.7788336e+00
 -5.1638324e-02
 -1.8599370e-01
 -9.0032387e-01
  6.0951281e-01
  1.0519409e+00
 -3.2185104e-01
  5.5106070e-02
  9.4614100e-01
  8.8258415e-01
 -1.3312771e+00
 -7.3096675e-01
 -1.1700054e-01
  7.0778805e-01
  7.0602857e-02
 -1.1782367e+00
  9.4935149e-02
  3.2982355e-01
  1.7559795e+00
 -1.3073400e+00
 -2.3587121e-02
 -8.5559294e-02
  1.2109233e+00
 -1.2885167e-01
 -1.4630514e+00
  9.0577728e-01
 -9.8791987e-01
  2.7681088e-01
  1.7549348e-01
  1.8732570e+00
  3.2210317e-01
  6.2473458e-01
 -1.0075027e+00
 -1.9403914e+00
  4.5426018e-03
 -8.4695101e-01
  1.1615344e+00
  9.7887039e-01
  2.0456715e+00
  1.0573614e+00
  4.7479594e-01
 -1.3900690e+00
 -2.5189933e-01
 -1.0832055e+00
  1.5250927e-01
 -1.6952549e+00
  2.7359134e-01
  1.8326683e-01
  8.1975430e-01
  1.4144034e+00
 -1.9696353e-01
  5.4028086e-02
  1.7278184e+00
  4.6902877e-01
 -3.9542785e-01
 -8.2218760e-01
  1.2853228e+00
 -5.5669880e-01
  1.5598289e+00
  1.5398700e+00
  5.0808889e-01
  3.2837045e-01
  1.9288931e+00
 -3.8394839e-01
 -3.4176162e-01
  1.4982555e+00
  6.1627138e-02
 -6.8964648e-01
 -3.3895773e-01
  1.0157000e+00
 -7.3441738e-01
  1.1288325e-01
 -2.6313999e-01
  3.5027182e-01
 -5.2408433e-01
  2.3510997e-01
 -2.0046680e+00
  7.8531754e-01
  8.6548483e-01
  1.7813683e-01
 -1.2868730e+00
  3.7279257e-01
 -3.4397995e-01
 -5.4988658e-01
  2.2812836e-01
 -1.0514741e-01
 -4.6306109e-01
  1.4097376e-01
  4.2495990e-01
  8.4165341e-01
 -9.9242711e-01
 -4.8695710e-01
 -2.4927987e-01
 -2.6980450e-02
  1.2950137e-01
 -2.8086089e-02
  4.7357541e-01
  3.5561377e-01
 -6.3196391e-01
 -7.9799807e-01
 -4.8804933e-01
  2.9478452e-01
 -1.5533550e+00
  1.3177013e-01
 -4.1799408e-01
  1.7226025e-01
 -4.2407823e-01
 -8.2999773e-02
  4.8344979e-01
  7.8251350e-01
 -7.8727260e-02
 -5.6990963e-01
  8.7461102e-01
 -1.0866773e-01
 -8.0569941e-01
 -4.8212343e-01
  8.0800302e-02
  2.8689478e-02
 -5.3505385e-01
 -7.3172581e-01
 -7.9585695e-01
  1.9522743e-01
 -2.6873720e-01
 -3.2155788e-01
 -3.5737920e-01
 -3.2748792e-01
  7.1356244e-02
 -1.8128137e-01
  5.4795915e-01
 -1.2248584e+00
  6.7625153e-01
 -2.1178188e+00
  1.4434835e+00
 -1.7520484e-01
  7.7304146e-03
 -2.2571906e-01
 -3.3317310e-01
  1.3203379e+00
  2.2102890e+00
  1.4670140e+00
 -8.2606018e-01
 -5.6211501e-01
 -4.3917507e-01
 -3.9845948e+00
  9.5143104e-01
  1.9299608e-01
 -1.7478992e+00
  1.0674074e-01
 -8.5368298e-02
 -1.6112471e-01
 -1.4164342e-01
  3.6964676e+00
  4.7271967e-01
 -9.7923720e-01
 -3.0920413e-01
 -1.1296135e+00
 -1.6713117e-01
  1.1701180e+00
 -5.0320381e-01
 -1.3653274e+00
  1.1244866e-01
 -5.7357299e-01
 -1.1361022e+00
 -7.8879282e-02
 -1.8523097e-01
 -8.5168386e-01
 -8.1836991e-02
 -1.6220051e-01
  2.4567181e-01
 -7.7408820e-01
 -7.0621163e-01
 -1.2120566e+00
  3.3424474e-02
  4.9397852e-02
 -1.1720834e+00
 -4.8561159e-01
  2.3660322e-01
 -1.2844589e-01
 -9.1137666e-01
 -4.9085174e-02
  1.6286174e+00
 -5.1813853e-01
  1.7753532e+00
 -1.5083953e+00
 -6.0109824e-01
  1.8147151e+00
  9.7040963e-01
  1.5865866e-02
  7.9700875e-01
 -2.2226410e-01
 -2.8187776e+00
  8.1882316e-01
 -6.2533242e-01
  1.4472840e+00
  2.6192808e-01
 -8.5068738e-01
 -2.9460073e-01
  3.2029018e+00
  1.5686548e+00
  1.5171123e+00
  1.0671253e+00
 -4.1405794e-01
 -7.8933841e-01
 -1.7474685e+00
  1.3224909e+00
 -2.6321808e-01
 -2.7037424e-01
 -6.2008184e-01
 -4.3798871e-02
  2.7782571e-01
 -1.0245822e-02
 -3.9393017e-01
 -8.9158170e-02
 -4.7329080e-01
 -1.3890783e-01
 -5.5145860e-01
 -1.7645998e+00
  1.7397545e-01
 -2.5772816e-01
 -1.0079753e+00
 -2.4107859e+00
 -1.8209824e-01
 -7.2990036e-01
 -3.8933623e-01
 -1.3646677e+00
  1.1475594e-01
 -5.8761340e-01
 -8.2436484e-01
 -2.7818966e-01
 -5.9256583e-01
 -2.9369822e-01
 -5.3900206e-01
 -1.4846731e+00
 -5.3860649e-02
 -8.3658785e-02
 -4.4952203e-02
  2.1850610e-01
 -1.4770631e-01
  1.6241288e+00
  2.9130870e-01
  1.3781259e+00
 -1.3968517e+00
 -4.4448715e-01
 -1.6156317e+00
 -6.9249854e-03
 -1.1467932e+00
  1.7725650e+00
  3.7866110e-01
  4.3388948e-02
  1.6256666e+00
 -5.4419971e-01
 -6.6083771e-01
 -1.1932164e+00
  1.3899051e+00
 -2.3371532e+00
 -3.2281229e+00
 -6.7294514e-01
 -2.3388276e+00
  1.3492571e+00
 -1.2477164e+00
  6.8495087e-02
 -6.9216424e-01
  6.0985678e-01
 -1.7667676e+00
  2.6902252e-01
 -1.4104970e+00
  6.5419286e-01
 -9.3017951e-02
 -3.1532326e-01
 -8.3939336e-02
 -7.0355169e-02
 -4.9247155e-01
  3.2018283e-01
 -2.9579243e-01
 -6.6565708e-03
  5.9288675e-01
  7.4432719e-01
  3.6688736e-01
 -2.6190898e-01
  1.3734095e+00
  6.9259495e-01
 -2.8162441e-01
  7.9431042e-02
  1.0966700e+00
  1.0267680e+00
  1.0771523e+00
  1.6248679e-01
  1.0231192e+00
  2.5958006e+00
  2.1974769e+00
 -4.1517553e-01
  1.7004333e-01
 -2.2001944e+00
 -1.5568640e+00
  4.7042593e-01
  7.7148992e-01
 -8.9588851e-02
  5.1499081e-01
 -9.7427094e-01
  7.8384918e-01
  2.3867517e+00
  2.5781326e+00
  6.2820381e-01
  5.5497372e-01
 -6.8961614e-01
 -5.7613581e-01
  7.0842773e-01
  9.0273196e-01
 -6.9899774e-01
 -8.7915874e-01
  4.0725154e-01
  1.2227010e+00
  5.3929484e-01
  8.9547437e-01
 -1.5083125e-01
  3.7098545e-01
  1.0965770e+00
  6.1202127e-01
  3.1836295e-01
  3.6279052e-01
 -2.3155656e-01
 -1.0984167e+00
  1.1123431e-01
  3.1969517e-01
  3.3573282e-01
  3.6721078e-01
 -4.7915047e-01
  3.7667978e-01
  8.2835227e-01
  1.8925072e+00
 -8.5760939e-01
  1.0748165e+00
  6.6255820e-01
  1.4799124e+00
 -3.6640197e-01
  4.9075252e-01
  3.9897215e-01
 -2.0928929e+00
  2.4480075e-01
 -5.8004999e-01
 -2.4864450e-05
  2.3493703e-02
  4.9956314e-02
 -6.5262765e-02
 -9.1840047e-03
  1.5357987e+00
  3.0411503e-01
 -5.6696069e-01
 -5.2932698e-01
 -8.1755571e-02
  1.7965850e-01
 -7.3814833e-01
 -3.6526287e-01
  1.1872996e+00
 -9.7481775e-01
  1.2462974e-01
  1.0326040e+00
  3.1476991e+00
  4.5390487e-01
 -1.0887274e+00
  1.1463060e+00
 -1.3647442e+00
 -1.2928873e-01
 -3.1522151e-02
 -4.3408754e-01
 -2.5741892e+00
 -1.0822928e+00
  2.3266848e-02
 -4.7877342e-01
  4.7147702e-02
  6.5983242e-01
 -3.2130706e-01
 -1.7355498e+00
  3.9094463e-01
  2.0331807e-01
 -2.7477586e-01
 -4.4564053e-01
 -5.3679083e-02
 -8.1854975e-01
  2.0550820e-01
  2.9792005e-01
 -3.9428231e-01
 -7.0884776e-01
 -5.6427395e-01
  4.7296903e-01
  6.8541020e-01
 -9.1262847e-02
 -1.8718341e-01
  1.7928956e-02
  1.7928956e-02
  1.7928956e-02
  1.7928956e-02
  1.7928956e-02
  1.7928956e-02
  1.7928956e-02
  1.7928956e-02
  1.7928956e-02
  3.4313183e-02
  3.4313183e-02
  3.4313183e-02
  3.4313183e-02
  3.4313183e-02
  3.4313183e-02
  3.4313183e-02
  2.7671870e-02
  2.7671870e-02
  2.7671870e-02
  2.7671870e-02
  2.7671870e-02
  2.7671870e-02
  2.7671870e-02
  1.3580502e-02
  1.3580502e-02
  1.3580502e-02
  1.3580502e-02
  1.3580502e-02
  1.3580502e-02
  1.3580502e-02
  5.7021868e-03
  5.7021868e-03
  5.7021868e-03
  5.7021868e-03
  5.7021868e-03
  5.7021868e-03
  5.7021868e-03
  1.1793899e-02
  1.1793899e-02
  1.1793899e-02
  1.1793899e-02
  1.1793899e-02
  1.1793899e-02
  1.1793899e-02
