nep4 2 Cu Se 
cutoff 7 5 100 44
n_max 8 6
basis_size 12 12
l_max 4 2 0
ANN 50 0
  2.9862854e-01
 -3.5749280e-01
  2.3237553e-01
 -2.9766425e-01
  1.2723401e-01
 -2.4503549e-03
 -9.7830229e-02
 -6.4338022e-01
 -3.1306109e-01
 -7.1707033e-02
  3.2112733e-02
  2.0695889e-01
 -3.2747409e-01
 -1.8791908e-01
 -8.2572587e-02
  2.5375381e-01
  7.6086521e-02
 -3.3740714e-02
  2.9946178e-01
  5.5105239e-01
 -5.1436579e-01
  1.7108457e-01
  4.3077070e-01
 -9.4559497e-01
  6.0507059e-01
  1.3119936e-01
  3.6617088e-01
 -3.3183802e-02
  1.3924226e-01
 -5.5435494e-02
 -4.9787011e-02
  1.8872252e-01
 -6.6531613e-02
 -2.1767728e-01
  4.0859303e-01
 -1.8880579e-01
  4.3518984e-01
  5.2798562e-02
  9.0926036e-02
 -3.4951102e-02
  7.2489440e-01
 -4.9760213e-01
 -5.3159922e-02
  1.6367568e-01
  9.6557081e-02
  1.1850302e-01
  2.4794218e-01
 -1.8209888e-02
 -1.1084815e+00
  8.0905057e-02
 -1.4316279e-01
  6.9368221e-02
  1.5762749e-01
  6.1516680e-02
  1.2240016e-01
 -9.7053117e-01
 -3.5268992e-02
 -2.5323042e-01
  5.5949563e-01
 -6.1464597e-02
 -2.1255755e-01
 -1.0898298e-01
 -4.4603777e-01
 -8.0573395e-02
  1.6982359e-01
 -1.1241795e-01
 -1.1717939e-01
  3.4010388e-02
 -6.1574280e-02
 -4.3250903e-01
  2.9168170e-02
  1.3464376e-01
  1.9462502e-01
  1.5570286e-01
 -2.1580646e-02
 -1.2746355e-01
  4.8312787e-02
 -2.7010214e-01
 -2.7979840e-02
  2.1938065e-02
  1.0234736e-01
  6.7205167e-01
  4.4206597e-02
 -3.1398587e-02
 -2.7161163e-01
  7.4880086e-03
  4.6676680e-02
 -1.4839280e-02
  4.1392335e-01
  9.7727156e-01
  2.2565693e-01
  8.4322914e-02
 -1.6730969e-01
 -1.0578606e+00
  4.0564013e-01
  8.2106286e-01
 -1.5775949e+00
  1.0485605e+00
  4.5975748e-01
  1.3311008e-01
 -3.2821648e-02
  6.0967904e-01
  2.7796727e-02
  1.8957044e+00
  8.4313661e-02
 -1.7233202e-01
  1.0029782e+00
 -3.4081292e-01
  6.2640125e-01
  9.5539741e-02
  1.0204756e+00
 -4.2983091e-01
  2.2430444e+00
  2.7902874e-01
 -2.2095108e-02
  4.9875674e-01
  6.3432640e-01
 -1.2981501e-02
  5.9352210e-03
  3.5374782e+00
 -1.3328835e-01
  8.0016352e-02
 -1.2654254e+00
  9.2121750e-01
  1.3391403e+00
 -2.2924082e-01
 -3.6538228e-01
  3.8650047e-03
  5.0020403e-01
 -4.6720207e-01
  3.4708810e-01
 -4.7761384e-01
  4.2496091e-01
 -2.1394353e-01
 -1.4761590e+00
 -7.8976077e-01
  6.6862446e-01
 -8.1050217e-02
 -1.1249475e+00
 -4.7955713e-01
  9.3371920e-02
 -5.4245627e-01
 -2.0796698e-01
 -1.8895309e-01
 -2.0427537e-01
 -2.1744813e-01
  5.4729134e-01
  2.1110252e-02
  3.8154423e-01
 -3.9489988e-02
 -3.4672666e-01
 -1.7666928e-01
  1.2582757e-01
 -1.5962629e-01
 -7.3976994e-02
  4.0241119e-01
 -1.5278906e-01
 -2.4026005e-01
  2.4118360e-02
  7.4738854e-01
 -4.4584957e-01
 -2.9765546e-02
  2.4276404e-01
  2.7822486e-01
  7.7848263e-02
 -1.4001507e-01
  1.8106329e-01
 -2.3858989e-02
  1.2022286e-01
  3.8197312e-01
  7.4100852e-02
 -3.9143193e-01
 -3.3622119e-01
  1.6755618e-01
 -1.4361098e-01
  2.5455931e-01
 -2.0864698e-01
 -2.2640477e-01
  3.9428031e-01
  2.3418791e+00
 -1.2445083e-01
 -1.1484890e+00
  3.2101673e-01
 -1.3092349e-01
  1.5967286e+00
 -5.1693785e-01
  7.4929975e-02
  3.3526954e-01
  1.1743262e+00
 -1.1768094e-01
  1.4747336e+00
  6.2808788e-01
  1.4413414e+00
 -3.4896251e-02
  4.2741030e-01
  2.4425453e-01
 -3.4745079e-01
  3.9572331e-01
  2.6473716e-01
  8.4087205e-01
 -2.1937764e-01
  1.1258035e+00
 -4.4547832e-01
 -1.9877020e+00
  7.4900210e-01
  4.8923829e-01
  4.5730326e-01
  3.4050795e-01
 -2.5379640e-01
  3.9146653e-01
 -1.2392437e-01
  9.0577704e-01
  4.1706732e-01
  2.0995274e-01
  2.7137631e-01
 -1.6907170e-01
 -8.1293873e-02
  1.3942996e-01
 -4.3042189e-01
 -4.0833038e-01
  1.6428558e-02
  9.5735800e-01
 -9.2450544e-02
  2.5785041e-01
  4.9102306e-03
  4.8094980e-02
  4.9255893e-01
 -1.0710931e-01
 -9.5574692e-02
 -2.3333317e-02
 -3.5281229e-01
  5.7088816e-01
  2.8595328e-03
 -5.6271147e-02
  3.9502200e-02
  6.7497867e-01
  1.6459571e-01
 -9.3541160e-02
 -1.1806330e-01
 -6.9354534e-02
  1.9758497e-01
  4.3417868e-01
  3.0218107e-01
 -2.4552087e-01
  8.1004195e-02
 -9.2307078e-03
  3.4455216e-01
 -2.1541440e-01
 -9.7298533e-02
  1.8109839e-02
  1.4097766e+00
 -3.5463166e-01
  7.9558112e-02
 -4.9808737e-02
  9.9704929e-02
 -1.6127712e-01
  4.7961918e-01
 -6.8809441e-03
 -1.8698548e-01
  5.0221974e-01
 -1.5276825e-01
  4.4392355e-02
 -5.1905680e-02
  4.7415459e-01
 -9.8125017e-01
  6.2831485e-01
  9.7166753e-01
  5.5119425e-01
 -2.2187445e-01
 -9.8965204e-01
 -4.0937841e-01
  9.4013110e-02
 -1.0421001e+00
  1.0356222e+00
 -7.6325044e-02
 -1.6163017e+00
  1.0335470e+00
  6.9747335e-01
  3.7524304e-01
 -2.1740711e-01
  2.3612061e-03
  1.5305761e+00
 -9.6561456e-01
 -5.4857218e-01
  1.2922302e+00
  7.8614157e-01
 -2.0790519e-01
 -9.8098618e-01
  5.1132548e-01
  1.0330026e+00
 -1.3282820e+00
  1.4463723e-01
 -3.5555893e-01
  2.3429573e+00
 -1.8721205e+00
  1.9063207e+00
  1.7062937e-01
  1.0711057e-02
  1.5927809e+00
 -1.5702671e-01
 -3.5243779e-03
  4.5959187e-01
  5.8564711e-01
 -2.0678291e-01
 -2.9028130e-01
 -9.7268522e-02
  8.5941821e-02
 -4.4545889e-02
  5.0676978e-01
 -1.6457132e+00
  4.0000817e-03
  9.8350322e-01
 -9.3284804e-01
  1.2790146e+00
  1.2754674e-01
  1.9130708e-01
 -9.8628074e-02
 -2.3133649e-01
  2.0061249e-01
 -6.6835910e-01
 -2.6358834e-01
 -6.2528811e-03
 -3.6916953e-02
 -2.5964357e-02
 -5.8701003e-01
 -1.9284101e-02
 -1.1702729e+00
  1.7486800e-01
  4.0287483e-01
  1.6831341e-01
 -2.0305276e-01
 -1.1986374e-01
 -1.4949104e-01
 -9.1684997e-02
  3.8207829e-02
 -8.7458543e-02
  3.1431791e-01
  2.7374363e-02
 -4.8554972e-01
  1.8852593e-02
  7.0690817e-01
 -6.7436767e-01
 -5.3980428e-01
 -6.1722052e-01
 -1.5588777e-01
  4.6924782e-01
 -4.7172159e-03
  4.2434305e-01
  3.5965797e-01
  6.0650200e-01
 -3.2554567e-03
  2.2259763e-01
  1.1489199e-01
  9.4637346e-01
  1.0436662e-01
  7.3348016e-01
  5.0637245e-01
 -1.5875086e-02
 -3.1296514e-02
  4.3011776e-01
 -4.5413893e-01
 -1.3853110e-01
  5.1576144e-01
  8.1760958e-03
 -2.5379229e-03
  3.5635951e-01
 -3.3295784e-02
  2.0369954e-01
  2.8498447e-01
  2.5937697e-02
  2.3544976e-01
 -5.7501811e-01
 -1.5473787e-02
 -1.5351208e-01
  2.9409606e-02
  5.3024992e-02
  2.2971921e-02
  4.2831227e-02
  7.3597267e-02
 -1.3582542e+00
 -1.0027542e-01
  9.1667950e-02
 -5.2706178e-02
 -1.9936079e-01
  2.3583239e-01
  1.5894325e-01
 -1.9908534e-02
 -5.9322461e-02
 -5.3807646e-01
  1.8902554e-01
 -1.6834988e-01
  8.1453189e-02
 -2.8739244e-01
  2.0456612e-01
  6.9353640e-02
 -5.4894936e-01
  9.2931324e-01
 -1.2874319e-01
 -2.7549639e-01
  8.7023728e-02
 -1.0500302e+00
 -3.7651250e-01
 -5.0028819e-01
  1.5220413e-01
 -2.0565502e-01
  4.5843405e-01
 -2.7922580e-01
 -5.3069692e-02
 -3.8937467e-01
  1.6988586e-01
  2.9487556e-01
  2.1217741e-01
 -1.9333133e-01
 -2.5409669e-02
 -2.2993834e-01
  4.5666778e-01
  7.4651361e-01
  1.2526672e-01
  1.1881058e+00
  1.1652414e-01
  5.5215883e-01
  1.1557595e-01
 -5.3108610e-02
  8.0273278e-02
  2.6819056e-01
  6.2147127e-03
 -8.0277961e-01
 -4.0669754e-02
  4.5324722e-01
 -1.4840850e-01
  2.7540674e-02
 -2.0904681e-02
  1.9456787e-01
 -2.8831565e-01
 -7.5816177e-05
 -2.4655275e-02
  2.3323634e-01
 -7.2186654e-03
 -9.2086661e-01
 -8.5300416e-02
  6.6079134e-01
  4.0253937e-01
 -5.0231852e-02
  3.8562465e-01
 -6.4534992e-03
  1.1974591e-01
  1.1733399e-01
  3.8325289e-01
  6.9429815e-01
 -1.4493123e-01
 -7.1654037e-02
  1.9285193e-01
 -3.1268518e-02
  1.6935839e-01
 -1.8464693e-01
  1.4478672e-01
 -1.3213535e-01
 -1.4942952e-01
 -4.0793978e-03
 -5.3906673e-01
  1.1628455e-01
  4.8429260e-01
 -7.4905738e-02
  1.8356619e-02
  1.0483837e-01
  8.3777592e-02
 -9.5631354e-02
 -7.5831610e-01
  2.5334316e-01
 -3.2029858e-01
  2.2133398e-01
  1.4509420e-01
  6.5900570e-01
  8.3846986e-02
  9.5070690e-02
 -2.0724374e-01
 -2.7984598e-01
  5.6846869e-01
  2.2432450e-02
 -1.2276562e-01
  2.6604250e-02
  2.9023463e-02
 -7.4626990e-02
 -1.7041759e-01
  8.1999555e-02
 -2.3988673e-01
  3.8183406e-01
 -5.3233445e-01
 -1.9160978e-01
 -1.4920944e-01
 -7.3752231e-03
 -2.4325934e-01
  5.4795150e-02
  1.5068251e-01
  2.5554249e-02
  1.0676294e-01
  4.6845287e-02
  2.1165842e-01
  1.9979317e-01
 -6.6648729e-02
  2.9454634e-01
  6.8803644e-01
 -5.7401042e-03
 -1.2164044e-01
 -6.8151909e-01
  3.0073863e-02
 -5.5286363e-02
 -3.7909839e-01
  1.6300999e-01
 -3.3439904e-02
 -4.9113259e-01
 -4.7228363e-01
 -1.0746602e-01
 -2.0578189e-01
  2.3021284e-01
 -1.5574013e-01
 -2.4882063e-01
 -2.5513671e-02
 -3.3697224e-01
  9.1458932e-03
  4.5005891e-01
 -3.1470102e-01
  7.7032350e-02
 -4.7178176e-01
 -3.8636672e-01
  3.0730563e-01
  6.5492719e-02
 -2.7069208e-01
 -2.6181743e-01
 -1.3781208e-01
  3.0883074e-01
  6.9077916e-02
  1.1411103e-01
  5.1306182e-01
  5.2711320e-01
 -3.2986969e-01
 -3.8984591e-01
  7.9336548e-01
  1.7885208e-02
 -1.3621642e-01
  2.2969469e-01
  1.1677110e-01
 -3.9488994e-02
  3.6348477e-01
  4.8576761e-02
 -8.1949908e-01
 -3.1632116e-01
 -1.7631209e-01
  1.0356411e-01
 -9.2505759e-01
 -1.3518590e-02
 -1.8231238e-01
  7.2534695e-02
 -1.1711642e-01
 -4.1781463e-02
  1.8406160e+00
  7.4759368e-03
 -6.4078905e-02
  5.3463623e-02
 -6.0022533e-02
  3.0398566e-01
  7.5488591e-01
 -3.6894578e-02
 -2.9074275e-01
 -7.0508964e-02
  1.2539144e-01
 -1.0094675e-01
 -1.2596056e-01
  9.9694289e-02
 -2.1357791e-01
 -1.1065056e+00
  4.9576223e-02
  6.0056284e-02
  2.4798533e-01
 -6.4442754e-02
  1.8796422e-01
 -5.5032078e-02
  3.8749468e-01
  3.3264768e-01
 -3.7703040e-01
  2.1251556e-01
  1.3493720e-01
 -3.5837987e-01
  2.9931557e-01
 -1.0046551e-01
 -1.4107853e-01
 -1.7639250e-04
 -1.1167442e+00
  1.2769726e-01
 -1.7690058e-01
  2.2547235e-01
 -4.1256556e-01
  8.4541261e-01
 -3.4131986e-01
  4.4177571e-01
 -2.9110077e-01
 -5.7090628e-01
  8.2705414e-01
  2.4140912e-01
 -8.0755033e-02
 -1.7848264e-01
 -1.0226367e-01
  5.9410140e-02
  1.2057728e-01
 -2.0659587e-01
 -2.2551134e-01
  2.6039559e-01
  2.5350839e-01
  3.4739143e-01
 -1.1799839e-01
  1.7938367e-01
 -1.0638931e-01
  1.3845333e-01
 -1.7902574e-01
 -8.1156619e-02
 -1.0596791e-01
  6.7051567e-02
  1.5786855e-01
 -2.7159840e-01
  9.0467501e-01
  7.5504863e-01
  1.8425472e-02
  1.1636630e-02
  1.7154314e-01
 -4.9075633e-02
 -1.9236231e-01
 -2.3197846e-01
  3.5867885e-01
  1.4008059e-01
 -1.2294082e-01
 -4.4579378e-01
  4.3006119e-01
  2.9892344e-02
  4.5813826e-01
  6.2769815e-02
 -4.3351855e-02
 -1.9849744e-01
 -1.2843013e-01
 -4.1029032e-02
  1.9663505e-01
  5.1716819e-02
  1.4817169e-01
  2.3476252e-01
 -1.8509497e-01
 -5.9710705e-01
 -1.6499688e-01
  1.0729395e-03
  3.8458192e-01
 -1.2952833e-02
  1.9302978e-01
  2.9960251e-01
 -8.3529943e-01
  5.4736353e-02
  5.2810377e-01
  1.8685438e-01
  4.1542761e-02
 -4.5475361e-01
 -1.3429128e+00
  1.6043800e-01
  2.9597439e-02
  4.5005110e-01
 -3.6110875e-01
  1.6266993e-01
 -1.2543170e-01
  3.0864921e-01
 -7.8749126e-01
 -7.4009389e-01
 -9.5336765e-02
  2.7087578e-01
  1.1664572e-01
 -1.2926713e-01
 -3.3391723e-01
  3.1792283e-02
 -2.0119241e-01
  4.2717811e-03
 -1.1007523e-02
  8.4107421e-02
 -6.7535162e-02
  1.3285117e-01
 -2.4648044e-01
  2.6982278e-02
 -4.1882604e-01
  6.5056056e-02
  5.5557758e-01
  2.6327655e-01
 -4.2128436e-02
  1.5371524e-01
  3.0071643e-01
 -2.4574223e-01
  1.3888636e-01
  3.5611469e-02
  5.1846928e-03
  1.6986236e-02
  2.6443052e-01
 -2.5201505e-01
 -1.6077851e-01
  2.3536089e-01
 -3.7922766e-02
  2.8371629e-01
 -2.0856754e-01
 -1.2143180e-01
  3.0805273e-02
  6.6073015e-03
  7.7707544e-02
 -2.2197360e-01
 -6.5469378e-01
  1.1885144e-02
  1.8171141e-01
 -4.6154049e-01
 -1.0169320e-01
  9.2237812e-01
 -2.4021275e-02
 -1.5221865e-01
  2.3895383e-01
 -5.1089898e-02
  2.4052168e-01
 -5.6062624e-02
  3.0734718e-02
 -1.4414275e-01
  1.3574602e-02
  2.6498061e-02
 -4.2283501e-02
  2.2456750e-02
 -5.9828746e-01
 -1.3329554e-01
  7.1081467e-02
 -3.7321061e-02
  3.3079252e-01
  3.7049362e-01
  8.1276290e-02
  1.8016933e-02
  8.1690960e-02
 -1.2024114e-01
 -2.4596141e-01
 -8.3032054e-01
  1.1374557e-01
  2.1289171e-01
  4.1314176e-01
 -1.1154685e-02
 -2.0890905e-01
 -1.5578882e-01
  2.0945184e-01
  4.7972709e-02
 -6.5862477e-02
 -8.7233536e-02
 -1.4343131e-01
  7.5886703e-01
 -2.3102821e-01
  3.7834513e-01
 -1.2943995e-01
 -3.5412628e-03
  2.5098458e-01
  8.1930476e-01
 -5.0039101e-02
 -2.2238694e-01
  1.4835258e-01
 -1.1550815e-01
 -2.0579737e-02
  1.4653191e-01
  2.5554970e-01
  1.2178193e-01
  5.9502978e-02
  1.6452229e-01
  1.1078057e+00
 -4.1121212e-01
 -4.4669814e-02
 -9.1974407e-02
 -1.6205151e-01
 -3.1780727e-02
  1.8028729e-02
  3.1320575e-01
  1.4729330e-01
  1.1485760e-01
 -2.9155830e-01
  3.8348781e-03
 -3.8514044e-02
 -7.1473673e-02
  1.5836911e-01
  1.2567638e-01
 -3.0552197e-01
 -4.0892798e-01
  7.4808404e-02
  5.2044308e-01
 -2.4093635e-01
  1.7512920e-01
 -2.3607558e-01
  3.0746840e-02
 -2.3332447e-01
 -1.1286268e-01
  3.6576274e-01
 -2.5206979e-02
 -4.5422027e-01
  1.4876941e-01
  1.3125902e+00
  2.6664746e-01
 -1.1262894e-01
  1.6826038e-01
 -1.8607484e-01
  2.4290293e-01
 -3.1395364e-01
 -1.6673747e-01
 -3.3569637e-01
 -2.7031404e-01
 -3.5484850e-02
  7.8331679e-02
  3.2469280e-02
  1.0407026e-01
 -6.9677472e-02
 -1.3203821e-01
  3.9500034e-01
 -1.2053030e-01
 -1.3697490e-01
 -4.5829538e-01
 -4.5142666e-01
  6.1742264e-01
  9.0610810e-02
  1.3419716e-01
 -1.4588407e-01
  1.7044458e-01
  2.3847176e-01
 -4.0128636e-01
 -5.9161490e-01
  8.1930715e-01
  2.7944648e-01
  6.6755086e-02
  3.9783552e-01
 -4.3506742e-01
  1.7490762e-01
 -2.1421997e-02
  3.0910441e-01
 -6.5180324e-02
 -9.6955396e-02
 -1.0729703e+00
  2.5803635e-01
  2.4855846e-01
  7.9205894e-01
  5.2641439e-01
  3.3501228e-03
  1.9742991e-01
 -1.0209417e-01
  9.8235942e-02
 -1.5111044e-01
  2.8909814e-01
  2.3513699e-01
 -1.6970997e+00
  3.6747441e-01
 -3.8670607e-02
  2.6706044e-02
 -5.2006669e-02
  3.4075737e-02
 -7.9199797e-01
 -4.2484999e-01
 -1.1372270e-01
  2.4175268e-01
 -2.2323510e-02
 -5.4097211e-01
  4.3149489e-01
 -4.3455344e-01
 -4.6702865e-01
 -3.7788430e-01
  7.4976933e-01
  9.3788981e-02
 -1.1295434e+00
 -2.5282326e-01
 -4.4500071e-01
 -3.8618302e-01
  4.1201556e-01
 -2.5046980e-02
  9.5726073e-02
  6.5692103e-01
  7.3813432e-01
 -1.5578128e-01
 -2.1258190e-02
 -1.3656914e-01
  5.5448824e-01
  2.1755800e+00
 -3.1384057e-01
 -4.4332469e-01
 -6.8567216e-02
  4.7819994e-02
  4.2515744e-02
 -1.1049358e+00
  2.2963475e-01
 -1.0702751e-01
 -3.8580912e-01
  6.0466961e-03
 -2.8331172e-01
  7.5103469e-02
  3.9719276e-02
 -7.9917192e-02
 -1.4862893e-03
  7.9753876e-02
 -7.6910600e-02
 -4.0648949e-01
 -2.2084348e-01
 -1.8156540e-01
  4.7871381e-02
  1.0967300e-01
  2.4379364e-01
  3.2487881e-01
  7.0207751e-01
  1.3736935e-02
 -8.3365850e-04
  1.0499807e-01
 -1.4529037e-01
 -1.5341619e-01
 -6.0853964e-01
  4.4614609e-02
  3.1687343e-01
  2.0202906e-01
  4.0256929e-02
 -1.0651062e-01
  5.7404563e-02
  7.4044600e-02
  1.2810107e-02
  1.7066263e-01
  4.5239148e-01
 -3.4701370e-02
  4.3725660e-01
 -5.5119890e-01
  3.1979408e-02
 -5.3000748e-03
  6.4131933e-01
  1.2548968e-01
 -9.1941947e-01
  1.1476779e+00
  4.3908617e-01
  9.1997510e-01
 -1.8590311e+00
  2.7645901e-01
 -6.2492591e-01
  1.3479242e-01
 -8.7983012e-01
 -1.7923878e-01
  2.3707399e-01
 -2.1380693e-01
 -1.4841415e-01
  3.5313374e-01
  6.3529484e-02
 -2.2290522e-01
 -1.7188367e-02
  2.2225776e-01
 -1.1656705e-02
 -5.4187936e-01
  1.2124605e-01
  4.5304094e-02
 -1.4355284e-01
  4.8685215e-02
  9.6448845e-01
  1.5821297e-01
 -6.1125934e-01
  3.6614463e-01
 -6.1049674e-02
  6.1406538e-02
 -3.7302393e-01
 -2.5070226e-01
  3.1759497e-02
 -6.7190222e-02
 -1.5735430e-01
  3.9716142e-01
 -2.5190091e-01
  8.8708118e-02
  3.3075103e-01
 -1.7006810e-01
  7.4305758e-02
  8.7991461e-02
  1.5619695e-01
 -1.4385398e-01
 -2.0932046e-01
 -2.8207755e-02
 -3.5380043e-02
 -3.8845089e-01
 -6.0953125e-02
 -1.2208411e-01
  5.0165945e-01
 -6.3000150e-02
  9.7212029e-01
 -5.6897528e-02
 -9.0921149e-02
 -4.1182101e-01
  5.0610346e-01
  8.6847700e-02
  2.8153712e-01
 -1.7708796e-01
 -7.7848539e-02
  2.9188529e-02
  4.4503227e-02
  1.0351394e+00
 -5.0127810e-01
  7.2148100e-02
 -4.2533407e-01
  5.3906697e-01
 -2.2009248e-01
 -2.4430994e-03
  1.6798913e-01
 -5.8083970e-02
  3.6394686e-01
  1.9507983e-01
 -7.5554150e-01
 -1.5477280e-01
 -7.3476501e-02
  1.3930917e-01
  2.3566009e-01
 -1.1749247e-02
  6.6467375e-01
  4.1470602e-01
 -1.7030630e-01
  2.0592947e-01
 -3.4578282e-02
 -3.0635062e-01
 -1.2350637e-01
  2.2711626e-01
  5.2643634e-02
  2.6191586e-01
 -1.6967730e-01
 -6.6742581e-01
  7.5383242e-03
  2.9277368e-02
 -4.2300236e-01
  7.1122900e-02
 -4.1644618e-02
  8.9958787e-02
  9.9640712e-02
 -2.0445846e-01
 -1.5210294e+00
 -2.9612094e-01
  4.2487524e-02
 -1.9265434e-01
  1.9896248e-01
  2.4528280e-01
 -1.2420765e-01
  3.3149844e-01
 -3.1329638e-01
 -1.6838154e-01
 -1.2967893e-01
  3.8600150e-01
 -9.4074696e-02
 -4.3077680e-01
 -4.7671506e-01
 -2.1590307e-01
 -2.6703784e-01
  2.8747815e-01
  6.3326158e-02
  4.2749125e-01
 -1.6551673e-01
 -9.8567382e-03
 -4.0616909e-01
 -2.7509725e-01
 -3.3486694e-01
  1.1072353e-01
 -6.6059358e-02
 -1.0143448e-01
 -2.5168315e-02
  2.0009887e-01
  6.0782325e-01
  6.2245362e-02
  4.9816245e-01
  2.8409828e-02
  1.5887088e-01
 -1.0477455e+00
  2.3334758e-01
  6.5529174e-01
  6.3947453e-03
 -3.4849521e-02
  8.1565812e-02
  5.5763312e-02
 -2.5351462e-01
  2.5556685e-02
  9.7566850e-02
 -4.9829938e-02
 -5.0663561e-02
 -1.3413681e-01
  3.9886564e-01
 -7.2555713e-02
 -3.9793190e-01
  1.4895771e-01
 -2.1141683e-01
  3.1239022e-02
 -7.2879151e-02
 -5.7309514e-01
 -6.3300237e-02
 -1.7136671e-02
 -3.7771814e-02
 -2.0511111e-02
  1.7145020e-01
 -3.5499600e-01
  1.2046513e-01
 -1.7743672e-01
  1.8979092e-01
  7.0964694e-01
  1.0782947e-01
 -2.2730681e-01
 -9.1866088e-01
  2.7675468e-01
  1.2589142e-01
  1.6590366e-01
 -8.9965791e-02
  4.3226090e-01
 -1.3545938e-01
 -3.3673087e-01
  1.3484275e-01
 -1.6970322e-01
 -5.1784384e-01
 -1.0503673e-01
 -1.1835679e-01
 -3.2645306e-01
  1.0138344e-01
  5.3000063e-02
 -4.1644570e-01
 -3.5667273e-01
  3.3439368e-01
 -5.5098456e-01
  4.6311386e-02
 -9.9334024e-02
 -1.0768767e-02
 -1.0781093e-01
 -1.4885092e-01
 -4.9995738e-01
  6.4411566e-02
  2.2285780e-02
 -6.1185098e-01
 -2.2832893e-01
  2.7584356e-01
  1.8833739e-01
 -1.2576097e-01
 -1.2748417e-02
  9.6103482e-02
  2.5539389e-01
 -1.1254448e-01
 -9.0803821e-03
 -3.9198256e-01
  7.0624888e-02
  4.7517538e-01
  3.8212699e-01
  2.3232419e-03
  1.1716373e-01
  9.4913125e-01
 -4.3738449e-01
 -2.7352747e-01
  1.3923012e+00
  1.4422268e-02
  1.5739691e-02
 -3.0066311e-01
  7.6324314e-02
  1.6196623e-01
  4.2991791e-02
 -4.0807050e-01
  4.8823708e-01
 -6.8785205e-02
  3.0166218e-01
  3.1925514e-02
  1.3260183e-01
  4.3348473e-02
  1.1137604e-01
 -2.3332828e-01
  4.1409872e-02
  3.5521907e-01
  6.7374960e-02
 -9.4043151e-02
 -1.4484014e-02
 -9.6013889e-02
 -3.6557898e-02
  1.5971293e-01
  2.1023270e-01
  9.5907459e-03
 -1.3992035e-01
 -9.0084404e-02
  4.0592384e-01
  1.0351174e-01
 -8.3803892e-02
  2.9694986e-01
 -3.6984268e-01
  1.8434164e-01
  1.3147795e+00
 -1.0567269e-01
  1.4962323e-01
  2.3293702e-01
  3.8307283e-02
  3.9152339e-02
  8.6779517e-01
 -2.9611245e-01
 -2.5557441e-01
 -1.4973845e-01
  2.8104775e-02
  2.9774797e-01
  1.7832853e-03
 -1.7525712e-01
  2.3800761e-01
 -1.0092767e-01
 -2.2619539e-01
 -1.2397970e-02
 -6.5183818e-01
 -6.9363540e-01
 -5.6911726e-02
 -3.5485590e-01
  8.4425449e-02
 -3.8792890e-01
 -2.3806157e-02
 -3.5759369e-01
 -4.9186781e-02
 -9.1606058e-02
  1.3674665e-02
 -2.7558446e-02
 -6.9120109e-02
  9.4624581e-03
 -4.4657160e-02
 -3.7948328e-01
  6.1375499e-02
 -1.1639711e-01
  1.6204537e-01
 -2.8137082e-02
 -3.1104001e-01
  9.1839224e-02
  2.8447434e-01
  5.9608851e-02
 -1.2815291e-01
  4.8288023e-01
  1.0877949e-02
 -2.8775299e-01
 -3.1373155e-01
  3.1212571e-01
  7.0797011e-02
  4.4773325e-02
 -1.7831020e-01
  1.4325300e-01
 -3.1948572e-01
 -3.6958912e-01
 -5.3812519e-02
 -7.1437210e-02
  3.8484001e-01
 -4.2218235e-01
  5.4210830e-01
 -3.8621190e-01
  8.8270998e-01
  1.0108354e-01
 -6.1524051e-01
  9.1196442e-01
  2.9126796e-01
  3.5628080e-01
 -2.1793024e-01
  9.3953460e-02
  7.3022909e-02
 -2.2970864e-01
  3.6510598e-02
  5.1780079e-02
 -5.3650749e-01
  1.5834834e-01
  9.8473847e-02
  5.4681938e-02
 -2.1597202e-01
  2.4536370e-01
 -4.4489038e-01
  2.7598196e-01
 -4.7356576e-02
 -3.1140590e-01
  9.1591768e-02
  7.6503612e-02
 -5.9111428e-01
 -1.9006237e-01
  1.0321235e-01
 -2.3611066e-01
 -3.5557935e-01
 -2.6109582e-01
  8.8076741e-02
  3.0690297e-01
  2.9857576e-01
  1.6415916e-01
 -6.4051256e-02
  1.4501110e-01
  2.3625781e-01
  2.0289199e-01
 -5.5974782e-02
 -2.8443798e-01
 -1.7185873e-01
 -1.3087246e-01
  1.0598845e-01
  2.1688958e-01
 -2.8487816e-01
 -6.6277212e-01
 -8.2750060e-03
  3.0301502e-01
  1.2978014e+00
  6.8883175e-01
 -6.0020212e-02
 -1.6874993e-01
 -2.5508827e-01
 -2.5346994e-01
  2.2365412e-01
 -4.2840636e-01
 -2.0493948e-01
  2.1194996e-01
 -8.3190538e-02
  1.0867263e-01
  8.3609551e-02
 -6.4581573e-02
  2.4283393e-01
 -5.3986754e-02
 -8.0567501e-02
  1.2824220e-02
  2.9706621e-01
  1.2482885e+00
  5.3326464e-01
 -6.9711936e-01
 -1.0722686e-01
  2.8455779e-01
  2.7889001e-01
 -3.0831538e-02
  2.3776330e-01
 -1.6374823e-01
  1.5376118e-01
  9.0620220e-02
  4.6135032e-01
 -4.5690261e-02
  2.8113553e-01
  2.0312157e-01
 -4.9104044e-01
 -3.8376680e-01
  4.2815518e-01
 -4.0936878e-01
 -3.8717386e-01
  2.8276527e-01
 -1.2422856e-01
  1.6393447e-01
 -4.3377066e-01
 -1.7385153e-01
  3.9354168e-02
  4.9802918e-02
  8.9741975e-02
 -1.1871745e-01
 -1.7072687e+00
 -8.7240458e-02
 -1.2527321e-02
  3.9567614e-01
 -5.2812353e-02
 -6.6746280e-02
  4.5198315e-01
 -2.6428619e-01
 -4.8025105e-02
 -1.7691159e-01
 -9.3696147e-02
 -9.6184395e-02
  2.7247164e-01
  4.8807424e-01
 -6.9264695e-02
  5.8192003e-01
 -4.9405679e-02
  1.5777649e-01
  1.0276274e-02
  1.5333912e-01
 -1.8987992e-01
  3.4684578e-01
 -3.6095321e-01
 -1.3003922e-01
  5.1010467e-02
 -8.5610673e-03
 -1.5331617e-01
 -2.4345964e-02
  5.4177888e-02
 -1.2954767e-01
  3.0798453e-01
 -2.3594281e-01
  8.9195199e-02
  1.0514064e-01
 -9.7018462e-03
 -1.6722452e-02
  1.0938232e-01
 -8.1229877e-01
  9.2783064e-02
 -2.2495499e-01
  5.2951413e-01
 -3.7081233e-01
 -1.0969643e-01
  2.5241339e-01
 -3.0469012e-01
  5.1196635e-01
  1.8601574e-01
 -1.9928068e-02
  5.7870477e-01
  2.2845332e-01
  1.7197456e-02
 -1.8811989e+00
  4.1397139e-02
 -2.9033264e-02
  2.7893594e-01
 -1.6280206e-01
  4.9810377e-01
  1.9521609e-01
 -7.3249978e-01
 -6.9425285e-02
 -3.7945497e-01
  1.8096636e-01
 -1.2406813e+00
  2.9288438e-01
 -2.0192704e-01
 -6.9245189e-01
  1.7088526e-01
 -1.1766499e+00
 -3.7295017e-01
 -2.0006023e-02
  1.0196833e-01
 -2.3598278e-01
  2.8296345e-01
  1.1638013e-01
  2.5641203e-01
  5.2170448e-02
  6.4100116e-02
  4.6167099e-01
  3.2860678e-01
 -6.0490198e-02
 -8.3164684e-04
 -1.4740743e-01
 -2.5311422e-01
 -2.2118658e-01
  1.9085060e-01
 -2.6566637e-01
  2.6791623e-01
  2.8048435e-01
  1.4884804e-01
 -1.2189107e-01
 -4.0664899e-01
  1.1461861e-01
  3.4663534e-01
  4.1694790e-03
 -1.0204223e-01
  3.1213382e-01
  6.7116134e-03
 -7.4913166e-04
  4.6186054e-01
  1.5518904e-01
  1.0027206e-01
 -3.4006169e-01
 -8.7287582e-02
  1.1467981e-01
  2.1672720e-01
 -2.9686943e-02
 -7.5620383e-02
  2.0522747e-02
 -3.3648781e-02
 -1.8623120e-01
 -3.1609297e-01
  4.1492954e-01
 -1.9100550e-01
 -2.9120755e-01
 -1.7548741e-01
 -1.9664203e-01
  3.5327810e-01
  6.1196793e-02
 -1.4625593e-01
  2.6172888e-01
  2.3882896e-01
 -1.1783272e-02
 -8.8769831e-03
  1.3298696e-01
 -8.8378149e-01
  5.0093820e-03
 -1.6533956e-01
  1.7739423e-01
 -6.2632424e-01
 -2.9443991e-01
 -8.8487178e-01
 -3.3944091e-01
  2.9963210e-02
  3.2441366e-01
  2.8414181e-01
  9.1884144e-02
  6.4800717e-02
  3.7410641e-01
 -2.9519609e-01
  1.3522099e-01
 -6.2716866e-01
 -2.1657310e-01
  2.0431633e-01
  5.6458110e-01
 -1.5783373e-02
 -7.2773480e-01
  7.9889733e-01
 -1.1845414e-01
  7.5807136e-01
 -7.2039748e-03
  5.4230982e-01
 -1.2270597e-01
 -8.5069793e-01
 -3.4789532e-01
  1.7957295e-01
  2.4146188e-02
 -1.0501724e-01
  3.9698891e-03
 -8.8763165e-01
 -2.0375243e-01
  1.0258613e-01
 -1.0826720e-01
  4.7758174e-01
  1.5000637e-01
 -6.6371277e-02
  1.6206495e-01
 -4.9437338e-01
 -2.8838655e-01
  2.0709695e-01
 -7.6636858e-02
  8.0332392e-01
 -1.8598226e-01
  5.2618641e-01
  3.2410344e-01
 -6.8430558e-02
  1.2319914e-01
 -4.0594405e-01
 -1.8388210e-01
 -1.5703695e-01
 -1.8805218e-01
 -1.1393891e-01
 -8.2427986e-02
  9.7533748e-02
  2.3306875e-01
  5.1473174e-02
 -5.0101414e-02
 -1.8698351e-01
  4.1079414e-01
  7.1345411e-02
  4.2766240e-01
 -3.1892943e-01
 -1.1909742e-01
 -3.4977901e-01
  2.6934305e-01
  9.3122441e-01
  4.8733264e-01
 -4.6981844e-01
 -1.2323259e-01
  3.5434131e-02
 -4.7245422e-01
 -6.4557754e-02
  1.0337998e-01
  4.8892507e-01
 -1.4953698e+00
  1.7255315e-01
  1.6808210e-01
 -1.3646649e-01
  4.2887914e-01
 -5.6376749e-01
  1.7282378e-03
 -5.5081375e-02
  3.8008359e-01
 -7.7093077e-01
 -6.6651171e-01
  1.2009542e+00
  1.8441424e-01
 -8.1169361e-01
  1.5364578e-01
  7.5327849e-01
  4.0093064e-02
 -1.4955977e+00
 -1.7442608e+00
  1.1215794e+00
 -1.8416275e-01
 -4.7229832e-01
 -2.6466823e-01
  1.8234648e-01
  1.3038929e-01
 -9.2063695e-01
  1.2720466e-01
  4.1062001e-02
 -3.7982515e-01
 -4.1595685e-01
  9.6550179e-01
 -1.0202405e+00
 -1.9650025e+00
  1.5790278e-01
  8.5112639e-02
  1.1988022e+00
 -4.0872207e-01
 -1.9473308e-01
  1.6449919e-01
 -1.2457670e-01
  5.4236162e-01
  7.9111278e-02
 -4.2245457e-01
 -1.1285577e-01
 -3.4810126e-01
  1.7632656e-01
 -3.7507623e-01
  4.3057761e-01
  1.6026175e-01
  9.3228805e-01
 -2.0152633e-01
  6.9047511e-02
  6.8812169e-02
  1.5937178e-01
 -1.1806444e-01
 -1.1590359e-01
 -3.6427051e-02
 -8.6692899e-01
  4.3473494e-01
 -2.6237741e-03
 -4.1529313e-02
  9.1876909e-02
  3.5217687e-01
 -6.4874515e-02
  1.8792178e-02
 -3.5870266e-01
 -1.5226088e-01
 -9.5023997e-02
 -1.3846366e-01
  1.5739614e-01
 -2.1874795e-02
  5.6722708e-02
  2.0411046e-01
  2.4950007e-01
 -2.8035307e-01
  2.4242721e-02
  1.2597945e-03
 -1.2611085e-01
 -3.2465473e-01
  5.2618407e-02
  8.2252368e-02
  4.5802188e-01
 -8.8365816e-02
  4.8153438e-02
 -2.4625261e-01
 -1.1342208e-01
 -7.1725979e-02
 -2.7947739e-01
  3.0631453e-01
  3.4608603e-01
 -1.8531691e-01
 -1.0286433e-01
  2.9044870e-01
  1.4935264e-01
 -4.3737847e-02
 -6.0824864e-02
  1.9823383e-01
 -1.2523383e-01
 -3.4465432e-02
 -1.8519858e-01
 -1.8719019e-01
 -6.7160331e-02
 -1.0035143e+00
  2.4644183e-01
 -7.6760668e-01
 -3.9527833e-02
 -1.9256152e-01
  1.3801661e-01
  6.0427058e-02
 -1.0981632e-01
  2.9384989e-01
 -3.5819866e-02
  1.1471665e-01
  5.1694676e-02
 -6.3874048e-01
 -3.6883527e-01
 -7.3015928e-01
 -8.6938840e-01
  8.7800577e-02
 -4.1237080e-01
  2.3049191e-01
 -5.7946146e-01
 -5.3399968e-01
  4.4220626e-01
 -3.3037111e-01
 -5.4653753e-02
  1.4561307e-01
  3.5135043e-01
 -2.0468715e-01
  2.0522058e-01
  5.3250694e-01
  2.1721888e-03
  4.4228435e-01
  6.2475705e-01
  8.1144266e-02
 -4.2800796e-01
  3.2235137e-01
  3.7162775e-01
  3.5880083e-01
  1.7836542e-01
 -3.5596371e-01
 -2.5828284e-01
 -2.2109935e-01
 -1.2514891e-01
  3.1563696e-01
  3.5176549e-02
 -8.4801741e-02
 -8.9753503e-01
  4.0733933e-01
 -1.4013898e-01
  3.4899163e-01
 -1.3802746e-01
 -7.8955179e-01
  1.1581422e-01
  5.4656744e-01
  1.1416746e-01
  9.8792471e-02
 -1.3116803e-02
  5.7272565e-01
 -3.4108368e-01
 -4.0071890e-02
 -2.5226343e-01
 -3.9381796e-01
 -4.6167782e-01
  7.8466028e-01
 -1.8642166e-01
  1.0977354e-02
  9.7076662e-02
 -9.2172652e-02
  2.6696604e-01
  7.1757311e-01
 -5.8410034e-02
 -9.0829164e-02
 -3.7019588e-02
 -5.9317805e-02
  1.7721042e-01
 -5.8925346e-02
 -6.4935160e-01
  3.4069994e-01
 -5.9253886e-02
  1.5923883e-01
  6.2719598e-02
  1.1359205e-02
 -1.2545332e-01
  4.2645541e-01
  2.2897498e-01
  8.4732085e-02
  4.9992888e-03
  4.5701932e-02
 -7.4559951e-01
 -7.7258098e-01
  2.0102784e-02
  6.3959032e-01
  4.0600789e-01
  1.9602434e-01
  1.5278730e-01
  4.1708425e-02
  2.5987884e-02
  2.7796477e-01
  4.0783966e-01
 -3.3396035e-01
  9.4573110e-02
 -1.0344760e-01
 -1.4350282e-02
  3.6104325e-02
  2.8825156e-02
  6.6274330e-03
 -5.7677144e-01
  2.2991851e-01
  2.8295192e-01
  4.1733626e-01
 -3.2706037e-03
  3.7287107e-01
 -9.9552549e-02
  1.2306912e-01
  3.8118625e-01
 -3.5310456e-01
 -7.3200539e-02
 -3.7819347e-01
  1.8061044e-02
 -3.1430164e-01
  9.1934735e-01
  1.3676743e-01
 -9.8671496e-02
 -2.5597060e-01
  1.3553467e-01
 -2.6031533e-01
  4.6291064e-02
  3.5293663e-01
 -3.5858950e-01
  5.9749067e-02
  3.4881940e-01
  7.9595707e-03
 -2.7330789e-01
 -1.4046462e+00
  1.1464309e-02
 -4.4179451e-02
  3.2818332e-02
  7.0677474e-02
 -1.4228640e-01
 -9.3340203e-02
  2.6304910e-01
 -1.2754858e-02
 -4.2182350e-01
 -7.8420329e-01
  2.1426980e-01
  2.6474214e-01
 -6.2685472e-01
  1.7828512e-01
  8.4000528e-02
 -2.2626276e-01
  1.4492497e+00
  5.2821714e-01
 -1.9547668e-01
 -2.5383800e-01
  2.8769299e-01
 -9.3495452e-01
  5.5343598e-01
 -1.0867355e-01
  1.1099389e-01
 -4.8319433e-02
  1.5902865e-01
  1.3744446e+00
  2.9459596e-01
  9.8199509e-02
 -9.8528975e-01
  2.2492532e-01
  1.5002544e-01
  9.7620595e-01
 -1.5723757e-02
 -2.4952012e-01
 -3.7792459e-02
  1.0571446e-01
 -8.4604934e-02
  7.0612378e-02
 -2.8479297e-02
 -7.8977503e-02
  1.6918318e-02
 -8.4568566e-01
  8.5918993e-02
  1.9802383e-01
  2.7529824e-01
  1.8311211e-01
 -7.3324341e-01
  2.4642392e-01
 -1.7251684e-01
  3.4427342e-01
 -6.0065299e-01
  6.8652242e-02
 -3.2411981e-01
 -1.2202041e+00
 -1.9422528e-01
 -6.0241807e-01
  2.9909542e-01
  8.5153580e-02
  2.6860043e-01
  6.1607683e-01
  9.6055143e-02
  1.4572090e-01
  1.8599372e-02
  3.5261534e-02
 -2.3543738e-01
 -2.1404202e-01
 -8.5882075e-02
 -7.0062059e-01
 -1.2852842e-01
 -1.6878447e-01
 -2.3017853e-01
  9.4639435e-02
  1.0918026e-01
  2.9268855e-01
 -1.0839181e+00
 -2.5175145e-01
  7.2562128e-02
  5.0710118e-01
  7.6617315e-02
 -3.3106205e-01
  3.3320448e-01
  2.9780808e-01
  5.1377982e-01
  3.2971987e-01
 -1.3688676e+00
  2.9901218e-01
 -8.2178069e-03
 -1.6660559e+00
 -1.3976033e-01
  9.8267287e-01
 -2.6049235e-01
 -2.5547546e-01
  6.9719568e-02
  1.7941831e-01
 -3.0322945e-01
  1.0242282e+00
 -8.9267515e-02
 -6.9908142e-01
  2.1314418e-01
 -5.1728606e-01
 -1.7412988e-02
 -9.8339736e-02
  8.4587663e-02
 -1.6623460e-01
  1.6109046e-01
  9.2717662e-02
  1.9549023e-02
  8.0825746e-02
  4.4806939e-02
  2.0116875e-01
 -2.8906795e-01
  1.9909826e-01
  2.6455253e-01
 -2.0128864e-01
 -1.2052767e-01
 -1.1009828e-01
  3.0776247e-01
  4.3593958e-01
  1.2078354e-01
 -2.7011393e-02
  1.1882493e-01
 -1.7687181e-01
  1.1053499e-01
  9.6217155e-02
 -1.1715824e-01
  2.1730460e-01
 -3.6976729e-03
  3.2723060e-01
  1.0964365e+00
  3.5007817e-01
  7.8134395e-02
  6.9229051e-02
  2.4723034e-02
 -2.9394689e-01
  1.9231297e-01
  4.6338117e-01
 -1.0144071e-01
  4.3178964e-01
  6.0792762e-01
 -1.3826189e-02
  1.6706824e-01
  3.5997185e-01
  4.4469652e-01
  7.8095719e-03
  4.0157622e-01
  1.5974404e-01
  1.1195195e-01
  4.3885009e-03
 -3.7700078e-01
 -2.2078939e-03
 -1.7087179e-01
 -9.0005524e-02
  2.0514799e-02
 -1.8566407e-01
  3.6191103e-01
 -6.7542180e-02
  1.3422382e-01
  8.5456377e-01
  2.0314899e-01
  4.7471115e-01
 -5.3639412e-02
  2.6558337e-01
  3.8550353e-01
  8.5876152e-02
 -1.9698545e-01
 -2.1862142e-01
  8.0326229e-02
  1.3464111e-01
 -8.5405864e-02
  8.2571954e-02
 -4.0804973e-01
  1.4720146e-02
  7.6811202e-02
 -2.5115017e-02
 -7.8386903e-02
 -2.8798142e-01
 -1.7233628e-01
  7.7334422e-01
 -1.5355817e-02
 -1.2279667e-02
  1.2295214e-01
 -2.8381228e-01
  1.0484951e+00
 -5.4909879e-01
  1.7897496e-02
  6.1018538e-01
 -1.6320644e-01
 -2.6163024e-01
 -1.9482234e-01
 -1.5308219e-01
  3.8138306e-01
 -2.6726493e-01
  9.9883683e-02
 -6.3860312e-02
 -2.8347954e-02
 -4.8588803e-01
  3.5065632e-02
  2.3551248e-02
 -1.4175640e-01
  3.6971763e-02
  2.3011707e-01
 -5.2157825e-01
  1.4611472e-01
  1.1653505e-01
  6.4294562e-02
 -1.4641386e-01
 -4.2424801e-01
  5.2996695e-02
  3.2389057e-01
  4.0350434e-01
  1.4742445e-02
 -4.4360567e-02
 -1.7969003e-01
  2.8427839e-01
 -5.9369385e-01
  1.2149905e-01
  2.4923848e-01
 -1.9651715e-01
 -8.2539737e-01
 -1.3812283e-01
 -2.3514198e-01
 -9.5787764e-01
 -2.1189357e-01
  1.1376840e+00
 -5.8349520e-01
  1.2425423e-02
 -3.1181082e-02
  6.3988990e-01
 -1.4718087e-01
  1.3327350e-01
  7.1234995e-01
 -6.9840667e-03
 -3.1748345e-01
 -2.8926742e-01
 -7.1357721e-01
 -3.3766627e-01
 -5.1558512e-01
  1.0548815e+00
 -8.2053386e-02
 -9.2040636e-02
 -8.6086094e-01
 -2.3865576e-01
  1.1365323e-01
 -4.5495918e-01
 -2.8810332e-02
  2.7977806e-03
 -7.3721275e-02
  2.6721662e-01
  3.6960813e-01
 -1.1567359e+00
 -4.1327003e-01
  6.2803455e-02
  3.9111897e-02
 -3.2614505e-01
 -6.0478628e-02
 -1.2927516e+00
  3.6524698e-01
  2.3522729e-01
  1.3188019e-01
 -7.8677243e-01
 -1.0498507e+00
  9.6365446e-01
 -1.0446272e-01
  5.5856836e-01
  6.5075475e-01
  2.0477262e+00
  3.1735036e-01
  2.9033753e-01
  4.5951593e-01
 -4.0222576e-01
  7.1807998e-01
 -1.5186425e-01
  3.4220595e+00
 -1.6712204e-01
 -1.9745655e-01
  7.0872808e-01
 -5.3448234e-02
 -6.4675319e-01
 -7.0412226e-02
  1.0644300e+00
  5.6140766e-02
  1.8300025e-01
  7.5776410e-01
 -5.5187039e-02
  4.2570043e-02
  4.3133311e-02
  8.4349060e-01
  1.3439929e-01
 -5.2842643e-02
  6.2927604e-02
 -2.9394037e-01
  2.6195955e-02
  8.1655955e-01
  1.0325956e-01
 -2.5328425e-01
  1.2843423e-01
 -3.1504981e-02
 -9.6629083e-02
 -2.2911648e-01
 -1.1543145e-01
  9.9122405e-02
  2.9241109e-01
  2.0615732e-02
 -1.2344109e-01
 -4.2030162e-01
 -1.1373653e+00
 -2.2911179e-01
 -1.0754132e+00
 -3.4193116e-01
 -6.9268309e-02
  2.2918763e-02
 -4.0128508e+00
  6.0370248e-02
  1.1242405e-01
  6.4769661e-01
  3.3039518e-02
  2.5626805e-01
  1.5370352e-02
 -9.0087354e-03
  1.0475388e-01
  9.5111996e-01
  1.4472121e-01
  1.3017051e-01
  3.7720454e-01
  2.5357863e-02
  2.7924377e-01
 -1.7996210e-01
 -3.3550847e-01
  2.5294331e-01
 -4.1749954e-02
 -2.3709926e-01
 -2.8187886e-02
  2.6724556e-01
  2.2235706e-01
 -3.6697266e-01
 -2.0565882e-02
  4.4837769e-02
 -3.2939070e-01
  2.9394057e-02
  8.7104283e-02
 -1.6572164e-01
 -2.3517291e-01
  8.9302007e-03
 -4.6780083e-02
  7.4441910e-01
 -3.4782362e-01
 -6.0289562e-02
 -4.9389103e-01
  4.2744387e-02
 -6.0839951e-01
 -8.9101508e-02
  1.7219681e-01
  8.5715123e-02
 -5.5683911e-01
 -1.5215566e+00
  5.9482467e-01
  3.1577635e-01
 -3.4302896e-01
  1.3511677e-01
 -1.8539004e-02
  1.5229726e-01
 -1.3715708e-01
 -1.9449542e-01
 -1.7567819e-01
 -1.0006638e-01
 -3.6900006e-02
  3.8383913e-01
 -1.6068961e-01
 -2.0295015e-01
  1.8800963e-01
  6.3367471e-02
 -4.7225633e-01
 -1.3979200e-01
  4.6749291e-01
  5.8163289e-02
  7.3062807e-02
 -5.6429547e-01
 -1.2803763e-01
  6.3487566e-03
  6.5843679e-02
 -3.8684312e-01
  3.5015231e-01
 -4.3035251e-01
  4.6027817e-02
 -1.5723169e-02
  2.6371741e-01
 -3.7150928e-01
  9.8066479e-03
  1.1738940e-01
 -9.9186063e-01
  1.1967667e-02
  1.4160828e-01
 -2.0679252e-01
 -6.4918762e-01
  3.1612790e-01
  3.2661659e-01
 -4.5231220e-01
  2.6667878e-02
  3.9435422e-01
  1.5629724e-01
 -2.3388018e-01
 -1.0082979e-01
  3.6608167e-02
 -7.6320678e-02
  4.5643839e-01
  1.1801761e-01
  6.5224633e-02
  2.6208872e-01
 -2.0108765e-01
  1.4365891e-01
  8.4754825e-02
 -5.4746145e-01
  2.5188625e-03
  8.6009279e-03
 -9.7086221e-02
  1.0537660e+00
  5.3053486e-01
 -1.0830060e-01
 -8.1245162e-02
  4.0950976e-02
 -6.5219127e-02
  1.7882271e-01
  2.0655479e-01
  1.3052964e-01
  9.0835333e-02
 -3.5703003e-01
 -1.9769433e-01
 -8.6599380e-02
 -1.5512583e-01
 -2.9231423e-01
  1.4018974e-01
 -4.9766757e-02
  1.5302876e-01
  6.7295015e-02
 -3.1420571e-01
  1.9019299e+00
 -7.2907448e-02
  2.4577129e-01
 -1.4679048e+00
 -2.4244496e-01
  5.3484660e-01
 -3.0422544e-01
  1.5462513e+00
 -1.1915575e+00
 -6.4096063e-02
 -3.9965293e-01
 -2.7668658e-01
  3.3278289e-01
 -7.2786383e-02
  8.5103340e-02
  1.8802950e-01
 -1.8971586e+00
 -8.4502876e-01
 -4.1474321e-01
  1.0061517e-01
 -2.8272942e-02
 -4.3345727e-02
 -3.7439689e-01
  4.3663207e-01
 -4.1422305e-01
  7.8100592e-01
  3.7260574e-01
 -2.8295076e+00
  6.0497276e-02
 -7.3439318e-01
  3.7335071e-01
 -3.0573612e-01
  3.3037871e-01
  2.6302138e-01
 -8.8493928e-02
  8.3133847e-02
 -7.7310428e-03
  4.3621919e-01
 -1.1917996e-01
  4.7248775e-01
 -7.2156221e-01
  5.7792431e-01
  2.6904757e+00
  1.2920141e-01
  2.1043965e-01
  3.6982843e-01
  2.2646841e-03
  4.1424719e-05
  2.5097543e-01
 -6.6553026e-01
 -2.0664729e-01
 -1.4168945e-01
  2.1010375e-01
 -2.1087301e-01
  4.5484072e-01
  1.3707705e+00
 -2.7132317e-02
 -1.5536397e+00
 -2.1746852e+00
 -2.2063557e-02
  1.1151968e-02
 -9.1745275e-01
 -7.9827812e-03
  9.1345031e-03
  2.8067498e-02
  1.2888235e-01
  3.1498540e-02
  2.1239856e-01
 -2.0651881e-02
 -1.0708372e-01
  6.9280416e-02
 -7.9615526e-02
 -3.5233847e-03
 -3.5932139e-02
 -3.4332618e-01
  4.8644472e-02
 -2.3138492e-01
 -8.2671082e-01
  2.0719124e-02
  3.5568258e-01
  5.3659104e-02
 -1.9724579e-01
 -8.6259488e-03
  7.6745915e-01
  7.4246223e-03
  4.0916142e-01
 -3.3050182e-01
  2.3846632e-01
 -8.4915400e-02
  4.2928081e-02
 -1.5317146e-03
 -6.3970166e-01
  3.4787256e-01
 -5.9307464e-03
 -2.5543971e-02
 -1.0042910e-01
 -3.1523606e-01
  7.1488239e-02
 -6.2580734e-01
  1.8268940e-01
 -6.8222694e-03
  1.2089338e+00
  2.2805285e-01
  3.1262958e-01
  5.2067447e-02
  1.0403582e-01
 -2.4885409e-02
 -3.0536714e-01
 -5.8229417e-02
  1.6639937e-01
 -2.6783356e-01
 -3.1861600e-02
 -5.9120446e-01
  2.2283527e-01
  2.1153955e-01
  1.8619567e-01
 -1.6063181e-01
 -1.7817132e-01
  1.3986303e-01
  2.0178992e-01
  8.4845506e-02
 -3.1042248e-01
  7.6765842e-03
  7.4141577e-02
 -1.2510730e-01
  5.9907138e-01
 -1.3160515e-01
  1.4665957e-01
  8.3465539e-02
 -4.5978986e-02
 -5.3550404e-01
 -5.2026428e-02
 -3.3868879e-02
 -2.0943207e-01
 -1.3669038e-01
 -2.5543198e-03
 -4.1109718e-02
  6.0884133e-03
  2.8813568e-01
 -1.5858638e-01
  2.0999604e-01
  1.7648047e-01
 -4.6970832e-01
 -2.0698209e-01
  1.9846231e-01
 -3.7166703e-01
 -2.9296467e-01
 -6.2438667e-01
 -2.1807699e-01
  4.3763000e-01
 -3.0550122e-01
 -2.9944330e-02
 -7.8507638e-01
  3.2221511e-01
  8.3235264e-02
  7.7269137e-01
 -1.2834954e-01
 -1.3255334e-01
  7.0101716e-02
  1.3013354e-01
 -1.4814138e-01
  4.1321680e-02
  3.5182050e-01
  2.7705783e-02
 -1.0059498e-01
  2.9406229e-01
 -5.4452199e-01
  2.2355769e-02
  2.1465920e-01
  1.2436295e-01
  4.0458846e-01
 -8.3358876e-02
 -3.9464471e-01
 -3.0770617e-02
  4.2102617e-01
 -1.5010175e-01
  5.0539821e-01
 -6.2981933e-02
  5.2413505e-01
 -3.6224705e-01
  4.2481005e-02
  3.0812898e-01
  5.4311901e-02
 -5.2900992e-02
 -5.4107600e-01
 -1.1014155e-01
 -2.9324704e-01
  2.8310305e-01
  3.0653745e-02
  1.6674559e-01
 -4.5757282e-01
 -1.0763505e+00
  1.3590739e+00
 -1.0069916e-01
 -1.9177483e-01
  2.1183042e-01
  3.4075183e-01
 -2.0801657e-01
 -7.5078356e-01
  1.1180154e+00
 -5.1303244e-01
 -1.8863894e-02
  2.0926443e-01
  8.4118247e-01
  4.2948108e-02
  4.9341388e-02
 -2.0673506e-01
 -2.1005844e-01
 -3.2765320e-01
  2.7907407e-01
 -1.4241390e-02
  3.3481255e-02
 -1.8342599e-01
 -2.8412229e-01
 -3.8864705e-01
  1.9313936e+00
 -7.9410411e-03
  1.0174341e-01
 -5.8308321e-01
 -2.3853652e-02
  1.9705151e-01
 -9.6320897e-02
 -3.2224171e-03
 -5.9218597e-01
 -8.8868633e-02
 -2.4633233e-02
  5.1942583e-02
  5.8838204e-03
 -3.1931071e+00
 -4.4238886e-01
 -2.1221115e-01
 -1.0324764e+00
 -2.2192833e+00
  7.6152283e-01
  5.1553690e-01
 -1.7428675e+00
 -1.3486427e-01
  5.5109507e-01
 -7.5013989e-01
 -8.3793235e-01
 -8.5283834e-01
  2.9002768e-01
 -3.3233032e-01
  8.5104901e-01
 -6.3585892e-02
 -1.4333749e-01
  4.9886346e-01
 -1.0124491e+00
  1.2688512e-01
 -1.0497814e+00
  2.3437345e-01
  8.5667342e-02
  1.7155471e-01
 -1.1600362e+00
 -7.8012258e-01
  1.1478148e-01
  8.5514635e-03
 -8.8153905e-01
  1.9290004e-02
  4.6108838e-02
  6.6953659e-02
  2.1951182e-02
 -3.3570167e-01
  1.2439002e-01
  1.3625173e-01
  5.0390083e-01
  2.2434419e-01
 -8.1163429e-02
 -2.2645257e-01
 -6.2327541e-02
  4.8444393e-01
 -6.9898224e-01
  3.8442273e-02
 -1.2325097e+00
 -8.9556396e-01
  6.0227227e-01
  1.5149337e-01
  3.2509115e-01
 -6.0757589e-01
 -3.2729444e-01
 -8.3061182e-01
 -9.6456444e-01
 -6.7029971e-01
 -6.8010062e-01
 -8.4370896e-02
 -6.8764031e-01
  6.8114728e-02
 -7.9742223e-01
 -9.8164298e-02
 -1.0756620e-01
 -1.4434820e-01
 -2.5699055e-01
 -3.8429543e-01
  5.9153982e-02
 -1.0198696e-01
 -9.2801166e-01
 -9.1448134e-01
 -7.6463962e-01
 -1.0935627e-02
  1.5578033e-01
 -3.9387658e-01
 -1.5287036e+00
 -9.0741211e-01
 -3.5195738e-01
  3.2164761e-01
  1.5027162e-01
 -1.9924262e-01
 -2.9736963e-01
 -9.0654218e-01
  3.2039741e-01
 -2.0344738e-02
  2.6214647e-01
 -2.0463951e-01
 -3.1622574e-01
  5.8413804e-01
  2.9535043e-01
  3.0126566e-01
 -9.9649251e-01
 -1.1845990e+00
  7.8293845e-02
 -7.0005608e-01
  3.1306481e-01
 -3.5547007e-02
 -5.3769954e-02
  1.1032254e+00
 -2.6541393e-02
  3.0699846e-01
  3.0346937e-02
  1.9332403e-01
  3.1458724e-01
  1.2276522e-01
 -6.3774660e-02
  4.8541769e-02
  2.3281619e-02
  1.6667350e-01
  4.9616250e-01
 -2.8365418e-01
  5.1621342e-01
  4.2486265e-02
 -9.9859357e-02
 -2.6193213e-01
  4.0619028e-01
  4.0478915e-02
  3.4191698e-01
 -1.3033356e-01
 -9.2221737e-02
  4.8034661e-02
 -1.1714387e-01
 -1.2721382e-01
 -7.0402741e-01
  6.1082971e-01
  6.0380280e-01
  1.4237177e-01
 -3.8813867e-02
 -1.1035185e-01
 -1.2756512e-01
  4.0336257e-01
 -7.5231087e-01
  3.2469773e-01
 -3.5705596e-02
 -8.5802472e-01
 -3.7220758e-01
  1.6045462e-01
 -1.2411523e-01
 -1.7768369e+00
  5.6956083e-02
  1.6153377e-02
 -3.9639249e-01
 -2.7222700e-02
 -7.3231369e-01
  3.6544693e-01
 -8.1063151e-02
 -3.3755732e-01
 -3.4661463e-01
 -2.0049645e-01
 -3.4938088e-01
 -4.2694020e-01
  4.4716761e-02
 -2.8895614e-01
  7.5508244e-02
 -8.0861300e-02
  5.7207670e-02
 -9.0972498e-02
  5.1692270e-02
 -7.6557629e-02
  4.0702194e-01
  2.9519758e-01
  5.4310751e-01
  1.0956397e-02
  1.8252636e-01
  8.8134751e-02
  6.2767386e-02
  7.8696460e-02
 -2.3869784e-01
 -2.8494778e-01
  2.9010093e-01
 -4.3181708e-01
  1.0310563e-01
 -6.1385237e-02
  1.9313636e-01
 -2.7343637e-01
 -2.6031584e-01
  2.7513692e-01
  5.8587682e-01
  2.9627886e-01
  3.7306282e-01
  1.1072907e-01
  1.1199944e-01
 -8.2263544e-02
  2.2907206e-01
  3.1722534e-02
 -7.3693043e-01
  1.1308558e-01
  1.5421692e-01
  7.5488128e-03
  7.3643193e-02
  1.5534635e-01
 -4.0720510e-01
  3.4664243e-01
  7.1014863e-01
  1.2296955e-01
 -4.3959630e-01
 -7.7067733e-02
  3.2022917e-01
  2.2163802e-01
 -2.7259063e-02
 -2.2540707e-03
  1.3369399e-01
  1.1512677e-01
 -3.0614097e-02
 -2.1626885e-01
 -4.5412374e-01
 -8.8232849e-03
 -1.7509234e-01
 -1.1114588e-02
 -3.0790406e-01
 -2.8669626e-02
 -1.0048820e+00
  2.6813704e-01
  2.7451479e-01
  4.9283229e-02
 -1.2681761e-01
 -4.7425143e-02
  3.8767236e-01
 -6.8606031e-01
 -1.2523846e-01
 -5.4610871e-02
 -1.8491662e-01
  6.5089487e-02
  4.7330993e-01
  8.4953290e-01
 -4.1351605e-02
 -2.3853256e-01
  1.4200200e+00
  5.3650594e-01
 -1.1957547e-02
 -1.2226511e+00
  1.2299818e+00
  2.1525331e-01
 -2.5524658e-01
  5.2656114e-01
 -2.9580656e-01
  1.7285140e-01
 -3.0973625e-01
 -2.3583938e-01
 -3.7803316e-01
  4.1728580e-01
 -5.4324126e-01
 -9.9995479e-02
 -2.9952157e-01
 -4.2764524e-01
  1.3769879e+00
 -3.2800612e-01
 -6.8882316e-02
  4.6460092e-01
  1.9635333e-01
  1.0545160e+00
 -1.0495516e-01
 -4.3783504e-01
 -9.6977627e-01
  1.7344297e+00
  1.1086503e-01
  3.8723111e-01
  3.5937008e-01
 -3.3621338e-01
 -5.9550140e-02
 -2.6534617e-02
 -3.1969273e-01
 -3.9136925e-01
 -3.8413528e-01
 -9.1883272e-02
 -1.6017310e-01
 -3.2641131e-01
  4.4251665e-01
 -1.0863369e+00
  3.7442502e-01
 -6.3981003e-01
  1.6259371e-01
  1.9363426e-01
  9.9989027e-02
  2.1140993e+00
  1.6795650e+00
  1.1385973e-01
 -7.3812586e-01
  1.3763268e-01
 -1.0143204e-01
  2.4101312e-01
 -2.9242617e-01
 -3.9237335e-01
  2.5298569e-01
  3.6785766e-02
  1.1810447e-01
  3.5822394e-01
 -3.0502805e-01
 -7.5490080e-02
  8.1661618e-01
  1.2662525e-01
 -5.1630324e-01
 -5.9440905e-01
  1.1917018e-01
  2.8447822e-02
  5.9879385e-02
  6.1443752e-01
  2.8402644e-01
 -6.4705229e-01
 -4.0311158e-01
  3.1149620e-01
 -1.2551352e+00
 -6.1870169e-02
 -6.8397872e-02
  1.5965404e-02
  2.9887108e-02
  4.2132124e-02
 -8.1276640e-02
  2.6116591e-02
 -2.0581552e-01
  8.8294470e-01
  4.6501055e-01
  1.7974821e+00
  5.0295979e-01
 -1.2681044e-02
 -9.3773139e-01
 -3.7842533e-01
  3.9619428e-01
 -9.9436367e-01
 -1.1124612e+00
  4.1865256e-02
  7.3577726e-01
  2.6235184e-01
  2.1473205e-01
 -8.7965077e-01
 -1.0592122e+00
 -4.2431617e-01
  1.2982479e-01
  1.8383561e-01
  1.0669328e-01
 -9.5039280e-03
  5.7104015e-01
  3.8921397e-02
 -4.5345146e-02
  5.0141603e-02
  1.6271904e-01
  1.2866779e-01
  7.7389324e-01
 -1.9269422e-01
 -1.9234771e-01
  1.0485645e-01
 -8.1378780e-02
 -1.7762479e-01
  6.0616070e-01
 -1.7153001e-01
  3.6094069e-01
 -1.2700362e-02
  2.8090942e-01
  7.1745120e-02
  6.4908254e-01
  3.3474562e-01
  4.4625513e-02
  3.8527943e-02
 -1.8312815e-01
 -2.3004420e-02
  5.6734588e-02
  3.9277795e-01
 -6.4186764e-01
  3.8038832e-01
 -2.2639483e-01
  2.7006742e-01
  9.9595708e-01
  1.3286500e-01
 -6.3174993e-01
  2.8180802e-01
 -3.3650026e-01
  5.8641416e-01
  3.5309911e-01
 -4.5296070e-01
 -4.4524905e-01
  7.7746433e-01
  1.1745324e-01
 -3.5509554e-01
 -4.1731694e-01
 -8.4916070e-02
  2.3095857e-01
 -4.8135120e-01
  3.2350533e-02
  2.8138142e-02
  1.0289711e-01
  2.6930085e-01
 -1.4490435e-01
 -4.7849070e-02
 -1.3089387e+00
 -4.4486332e-01
  2.5849953e-01
  1.5508576e-01
  3.6040686e-02
 -4.8681399e-01
 -1.0760522e-02
  3.8652828e-01
  3.2060679e-02
  2.8368896e-02
 -1.8886438e-01
 -4.7211650e-01
 -4.9208406e-01
 -1.6848890e-01
  2.1838534e-01
 -8.6300991e-02
  5.6573772e-01
  6.7733479e-01
 -4.3571490e-01
  8.3823740e-02
  3.4529883e-01
 -1.0285897e+00
 -4.4781733e-01
  4.7903523e-01
 -1.7409466e-01
 -3.6136109e-01
  6.7590997e-02
 -2.1467008e-01
 -8.4259205e-02
 -1.3634408e-01
 -3.4626555e-01
 -5.9351563e-01
 -7.9701759e-02
  8.0328636e-02
  6.9685183e-02
  5.8373201e-01
  4.4925310e-02
  2.0716991e-01
  2.2174039e-01
 -1.1987316e-01
  1.0334604e-01
  4.9888324e-02
 -4.6028864e-01
  1.0355378e+00
  5.3659324e-02
  2.9445514e-01
 -1.1387242e-02
  2.1683076e-01
 -1.7501312e-01
  1.4916831e-01
  1.4482012e-01
  1.9346277e-01
 -1.7148505e-01
  7.6990917e-02
  2.8479105e-01
  6.0035713e-02
 -3.0210167e-01
  6.9799751e-02
  3.4440881e-01
  2.1950159e+00
  1.4167266e+00
 -3.5677412e-01
 -3.3749741e-01
  3.4596351e-01
  3.5941336e-01
 -6.9247901e-01
  1.7704154e+00
 -3.4781743e-02
  4.1701809e-01
 -2.0124808e-01
  1.9005124e-01
  2.0362135e-02
  3.4002107e-01
  2.0840389e-01
  2.4123818e-01
  6.2558323e-02
  1.4968356e-01
 -3.5574442e-01
  2.6958704e-01
  4.2032483e-01
 -5.1453251e-01
 -2.4666463e-01
 -1.0237624e-01
 -1.9200745e-01
  4.8746827e-01
 -2.3135337e-01
  8.9984506e-02
 -3.1615496e-01
  2.7278310e-01
 -9.1760986e-02
  4.4970247e-01
 -8.9291327e-02
 -2.0068786e-01
  1.8009120e-01
 -3.3325374e-01
  8.5366613e-01
  3.4904170e-01
  1.5138689e-02
 -1.2046024e-01
  1.6793118e-01
 -1.3673289e-01
 -3.9517370e-01
  3.1491017e-01
  7.7547446e-02
 -1.0597409e+00
 -1.0430141e-01
  4.6255866e-01
  7.1782157e-02
  1.9945449e-01
  4.1031428e-02
  1.2219872e-01
  8.2057804e-02
 -1.3514173e-01
 -2.6355965e-02
 -1.2515426e-01
 -1.4693859e-01
  6.9387496e-02
  1.0176219e+00
 -5.3235018e-01
 -1.2090361e-01
 -2.5055790e-01
  2.6481822e-03
  3.3036885e-01
 -1.1965890e-01
  2.5963905e-01
 -1.0991197e+00
 -1.3966702e-01
  3.5832715e-01
  1.3894019e-01
  2.1998332e-01
 -1.4576314e-01
 -8.5151091e-02
 -4.9233449e-01
  1.0851746e+00
 -1.8186876e-01
 -7.2897717e-02
 -2.2974029e-01
 -1.2825724e-01
 -3.5930088e-01
 -4.8129532e-01
 -1.3578945e-01
 -6.5843463e-02
 -1.6119384e+00
  1.8135518e-01
  1.0913777e-01
 -5.7650155e-01
  8.6183265e-02
  5.1974833e-01
  3.8017634e-02
  3.6918056e-01
 -2.5546998e-01
 -3.4834430e-01
  1.7369895e-01
 -1.6322690e-01
 -2.8169245e-01
 -3.7421256e-02
 -2.0162299e-01
  1.3631113e-01
 -2.3066482e-01
 -4.2738087e-02
 -4.5700729e-02
 -1.5802547e-01
 -4.7442770e-01
 -1.1951640e-01
  4.9168694e-01
  9.7507250e-01
 -1.3655725e+00
  1.3048761e-01
 -8.6527869e-02
  2.8755561e-01
 -3.7414545e-01
 -3.0739371e-02
 -2.2855298e-01
  4.3361220e-01
  9.1789253e-02
  1.1816058e-01
  2.7275074e-01
  5.9474695e-01
 -2.6763898e-01
 -9.7932112e-01
  9.0610370e-02
  1.2731824e-02
  9.9646226e-02
  2.2011958e-03
  3.9687298e-02
 -3.1212553e-01
  3.3261374e-01
  1.8598293e-01
 -6.3857138e-02
 -1.6712612e-01
 -3.9746448e-02
  2.4871057e-01
  1.2867895e-01
  1.0953175e-01
  1.5057707e-02
  1.5966471e-02
  5.1901978e-02
 -3.6090650e-03
 -2.6227707e-02
 -2.6875660e-02
 -1.5686543e-01
 -2.0115986e-02
 -1.6631255e-01
 -2.1541654e-01
  3.9178547e-02
  5.3456581e-01
  1.1232699e-01
  1.0907353e-01
 -3.9797649e-02
  2.2170019e-01
 -1.2437908e-01
  2.0992681e-01
 -1.7283255e-02
  3.0961916e-01
 -3.9328877e-02
  1.5568820e-01
  1.3682458e-01
 -9.4042242e-02
 -3.0416112e-02
 -2.2784118e-02
 -2.2574869e-01
 -1.5425791e-01
 -1.2433066e+00
  4.4760936e-01
  3.8649029e-01
 -9.6151456e-02
  1.7956683e-01
 -2.1633951e-02
  3.1061059e-01
 -6.5103844e-02
  6.4951211e-02
  2.5962162e-01
  2.0121078e-01
  1.5521513e-02
  2.3207304e-01
  1.1823686e+00
 -1.3872211e-01
  2.7813436e-02
  2.2421323e-01
  4.5367381e-01
  3.0762234e-01
  2.0212439e-01
 -7.7391401e-02
  1.0203846e+00
  1.0428073e-01
  8.6476994e-01
  5.7340693e-01
  7.0286945e-02
  1.0806117e-03
  3.1031907e-02
  1.1095583e-01
  1.3362713e-01
  3.9422274e-01
 -3.6910000e-01
  1.9494842e-01
 -5.3045470e-01
  4.8753640e-01
 -1.3745017e-01
  3.0345422e-01
 -3.9780005e-03
  1.0536708e-01
 -3.6000824e-01
  1.0653332e-02
  1.8972546e-01
  6.3822865e-02
  1.9631596e-01
  2.6539242e-01
  3.7005439e-01
  1.0503113e-02
 -4.0003106e-01
 -4.1025117e-01
  6.9049731e-02
 -6.0419852e-01
  2.3639792e-01
  5.3501196e-02
 -1.9641270e-01
  2.5208905e-01
 -2.6456413e-01
  6.6439295e-01
 -2.6424873e-01
  4.9517989e-01
  5.3849328e-02
 -8.5400659e-01
  1.4802173e-01
 -1.0311380e-01
 -4.3112282e-02
 -3.3737160e-02
  2.2447880e-02
  1.8094386e+00
  8.2884185e-02
  2.2089088e-01
  4.1536468e-01
 -1.1332490e-01
 -5.6071508e-01
  2.2428003e-01
 -8.5984558e-02
  1.3752885e-02
 -1.3374309e-01
 -1.8014823e-01
  1.6683099e-01
 -5.2583210e-02
  4.0799850e-01
  2.3675287e-01
  2.4600975e-01
 -3.6938947e-01
 -1.1501297e-01
 -3.9322425e-02
 -5.5573076e-01
 -1.4949527e-01
  5.5997819e-01
  1.9293439e-01
  1.5549915e-01
 -1.9102242e-02
 -3.4677979e-01
 -3.8277933e-01
  3.5795122e-01
  2.7115095e-02
 -1.5996762e-01
 -6.3796198e-01
 -4.6916693e-01
 -9.4163701e-02
 -2.0831692e-01
 -4.9771905e-01
  5.1367097e-02
  1.6616951e-01
  3.8674301e-01
  7.1235865e-02
  2.6883524e-02
  4.3078162e-02
 -1.0772239e-01
  1.3254565e-01
  1.8875353e-01
 -3.5139909e-01
  3.0153829e-01
 -1.0269979e-01
  3.4915097e-02
  1.2725544e-01
  9.3167022e-02
 -3.0045238e-01
  6.2569771e-03
 -1.0035454e-01
 -8.4808514e-02
  2.0408817e-04
  1.3033883e-01
 -5.3309685e-01
  1.1262814e-01
 -3.5207194e-01
 -1.1407807e-01
 -3.0705535e-01
 -1.5447515e-01
  4.0390795e-01
  1.0661818e-01
  1.5552427e-01
 -1.7795025e-01
 -4.3247131e-01
 -4.8039442e-01
 -2.3226810e-01
  3.3151829e-01
 -2.2961475e-01
  3.6364770e-01
 -7.6812863e-02
  3.2224547e-02
  3.6985916e-01
 -3.8793480e-01
  2.6109147e-01
 -3.5756260e-02
 -2.3127374e-01
 -2.1015541e-01
  9.4311330e-03
 -5.6445825e-01
 -1.0968627e-01
  1.9822572e-01
 -4.5849618e-02
 -1.4010164e-01
  1.2574350e+00
 -8.2578752e-03
  4.5679322e-01
 -2.8444231e-03
 -1.2677868e-01
 -3.5182863e-01
 -1.4341570e-01
  2.1100555e-02
  9.8201327e-02
  1.7549172e-01
 -1.8074894e-01
 -2.5175995e-01
 -4.0349320e-02
  6.8855017e-02
 -2.6927054e-01
  1.9007558e-01
 -2.8190809e-01
  1.1001683e-01
  2.4967160e-02
 -2.5657678e-01
  1.6601561e-01
 -1.2876612e-01
  2.7641135e-01
 -1.9281329e-01
 -3.4904027e-01
 -2.8447354e-01
  3.1943545e-02
 -3.3064267e-01
 -1.3190976e-01
 -4.4766289e-01
  2.2019424e-02
  1.2982231e-01
 -1.4441451e-01
 -3.8217983e-01
 -5.1715952e-01
 -1.0111465e-01
 -1.1649068e-01
 -1.0472397e+00
 -1.3436730e-01
 -1.6426247e-01
 -6.2752597e-02
  2.5238656e-02
  3.7493581e-01
  1.1363433e-01
  2.7883273e-01
  1.0395150e+00
  3.0175006e-01
  4.6899238e-01
  1.4242220e-01
 -8.2949412e-01
 -4.3899041e-01
 -7.7253684e-02
  6.0706884e-01
 -4.9058837e-01
 -5.3577030e-01
 -1.0651446e-01
  2.1586885e-01
 -1.6115561e-02
 -1.3071829e-01
  2.8578237e-01
 -6.7114756e-02
  2.7404433e-01
 -2.7562797e-02
  4.1754818e-01
 -7.1452868e-01
 -7.6081716e-03
  7.7000760e-02
 -1.6467051e-01
  3.1577992e-01
 -1.2287441e-01
 -2.3535611e-01
  1.2235730e-01
  5.4552847e-01
 -2.6178703e-02
 -5.3549898e-01
 -6.9524504e-02
  1.3777567e-01
  6.6202402e-02
  5.5899638e-01
 -3.6657760e-01
  3.0612269e-02
 -7.1778119e-01
  4.3633080e-01
 -1.2825923e-01
  1.2876980e-01
 -1.1318883e-01
  6.5018304e-02
  2.4573615e-01
  7.2939008e-01
 -5.1004815e-01
  2.8609198e-01
 -3.8225900e-02
 -4.0260397e-02
 -1.7021173e-01
  1.9508068e-01
 -1.9109774e-01
 -2.4172747e-01
  7.2981372e-02
 -2.7167442e-01
 -2.4721073e-01
 -1.6150463e-01
  2.1132225e-01
 -6.8506673e-02
  8.8782512e-02
 -1.6672212e-01
 -3.6856592e-01
 -1.0800803e-01
 -9.4561443e-02
  4.7136241e-01
 -2.8803485e-02
 -4.6614408e-03
 -2.9906344e-01
 -2.0725812e-01
 -6.1507130e-01
  1.8321374e-01
  2.4981771e-01
  1.0558079e-02
 -3.5996261e-01
 -4.4520929e-02
 -4.7380649e-02
 -5.7430041e-01
  1.5930149e-01
 -7.8047648e-02
 -2.4808088e-01
 -3.0413494e-01
  4.3815529e-01
 -2.8527096e-02
  9.6860677e-03
  3.7406504e-02
 -5.6838177e-02
  7.7072069e-02
  5.6311959e-01
 -4.5030408e-02
  3.7095004e-01
 -1.8389051e-01
 -1.5155157e-01
  7.3388577e-02
  2.4142559e-01
  2.6989239e-03
 -6.6368908e-02
 -2.8266016e-02
 -2.5576597e-01
  2.1580538e-02
  2.0549396e-01
  1.1210204e-01
 -1.7842321e-01
 -1.5480143e-02
 -2.7841996e-02
  2.8265136e-01
 -4.8164949e-01
 -3.2435790e-02
 -1.5248573e-01
  4.6502441e-02
  1.2253231e-01
 -4.5267385e-01
 -9.4900057e-03
 -1.6656844e-01
 -6.6814989e-02
 -2.0018411e-01
 -4.8022383e-01
  8.9427114e-02
 -1.6497049e-01
 -2.5113866e-02
 -3.5817556e-02
 -3.0631050e-01
  3.4039828e-01
  7.7835813e-02
  5.5485733e-02
  1.2318697e-01
  5.1666373e-01
  1.2459344e-01
  5.7912141e-01
 -5.6035757e-02
 -3.2608098e-01
  5.0826412e-01
 -7.2914988e-02
  2.0709155e-02
 -3.5921118e-01
 -3.6820048e-01
  1.7947448e-02
 -3.4430140e-01
 -1.1169027e-01
  8.9827687e-02
 -1.5990780e-01
 -1.9788477e-01
 -8.5559338e-02
  2.4541004e-02
  6.3145196e-01
 -6.5049015e-02
 -2.4470465e-02
  2.5451045e-02
  2.3308637e-02
 -7.2544180e-02
  1.6863805e-01
 -3.0322716e-01
 -1.5851714e-01
 -3.8031864e-01
  3.6036390e-01
  1.1817615e-02
  1.4842746e-02
 -1.2921196e-01
  2.0812888e-01
 -3.8011092e-01
 -5.7274580e-01
  5.0600672e-01
  8.2375333e-03
 -5.1144212e-03
  2.0822193e-01
  6.8595034e-01
  1.0532732e-01
 -3.9225608e-02
  9.0166487e-02
  3.1257954e-01
 -3.4875408e-01
  2.0236477e-02
 -4.0359202e-01
 -3.3458322e-01
  6.8324101e-01
  5.2006561e-02
 -8.2606077e-01
  4.6501911e-01
  1.5981007e-01
 -9.4218813e-02
  4.4248521e-02
 -2.9951024e-01
  8.8045169e-03
  1.6189189e-01
  2.7451405e-01
 -5.0505722e-01
 -5.2839629e-02
  1.7896247e-01
  1.1462917e-01
  2.2945469e-02
  6.6344243e-01
 -2.0991627e-02
 -7.0635140e-02
 -5.2872366e-01
 -3.5038146e-01
  2.1974072e-01
 -2.7532798e-01
 -4.7962537e-01
  3.0614000e-02
 -2.8410158e-01
 -1.4130208e-01
  1.5193272e-01
  2.7404059e-02
  5.3760696e-02
 -4.3695804e-02
  1.6484047e-01
 -3.9054671e-01
 -5.1431459e-01
 -3.5156828e-01
 -8.7867045e-01
 -9.2653282e-02
 -6.6580600e-01
 -5.2160728e-01
 -4.3606162e-02
 -2.4046491e-01
 -7.4491936e-01
 -3.8442859e-01
  4.0643975e-02
 -9.8497313e-01
  5.5550896e-03
 -5.1259720e-01
  8.2437918e-02
 -1.9419852e-01
  5.5778348e-01
 -1.9355975e-01
 -3.4714428e-01
  4.0313208e-01
  2.7051556e-01
 -7.6710664e-02
 -2.0361291e-01
 -8.6939409e-02
 -4.5025107e-02
 -5.5516236e-02
  2.1409895e-01
  1.3034511e-01
  6.5767974e-02
 -2.3453298e-01
  5.6672144e-01
  1.8712761e-01
 -5.4555595e-01
  5.9044253e-02
  1.8560523e-01
 -1.3914524e-02
  1.6048887e-01
 -2.6436703e-02
 -7.1008645e-02
 -2.1330348e-01
 -1.2452619e+00
  1.2168773e-02
 -1.7612389e-01
  3.6276373e-01
  2.0468456e-01
 -4.3862617e-01
  9.3065143e-02
  3.7949494e-01
 -5.8408582e-01
 -6.6001944e-02
 -2.8309467e-01
 -7.5098425e-01
 -3.1210005e-01
  1.1574239e-01
 -2.8796875e-01
  4.0043533e-02
 -1.9213723e-01
 -2.2635077e-01
  2.6632336e-01
  2.6695281e-01
 -1.3750950e-01
 -6.4371966e-02
 -4.9809281e-02
  1.8933046e-01
  3.2789361e-01
 -1.6130481e-02
 -6.5992825e-02
 -1.5287034e-01
  6.0948461e-01
  3.6688779e-02
  4.4654161e-01
  5.7232344e-01
 -4.7702175e-02
  3.3303383e-01
 -1.6192940e-01
 -1.5292626e-02
 -5.3367990e-01
  2.3475331e-01
 -3.3494583e-01
 -2.1732056e-01
 -3.7257361e-01
 -3.3319965e-01
 -4.1241996e-02
  4.9433517e-01
 -5.1177680e-01
  1.3024396e-01
 -1.8672028e-01
 -2.0046750e-01
 -3.7816423e-01
  1.1948596e-01
 -4.9971649e-01
  4.0741727e-01
 -4.3815486e-02
 -4.0869367e-01
 -4.7943720e-01
  2.3960069e-01
 -3.5061300e-01
 -5.2141130e-02
  1.9973692e-01
 -3.9270025e-02
  9.8448712e-03
 -4.8091050e-02
 -9.3387760e-02
  8.5594781e-02
  8.4268466e-02
  3.4040982e-01
  4.3797874e-01
  1.3154668e-01
 -4.6255294e-02
  2.7404892e-01
  5.9699452e-01
 -1.3276836e-01
  6.2376410e-01
 -6.0322370e-02
 -1.3586535e-01
 -2.6526105e-01
  2.7754697e-01
  3.4935823e-01
  3.7631057e-02
 -9.7514175e-02
  1.5807040e-03
 -1.3390586e-01
 -5.1072091e-01
 -3.7659079e-01
  2.3660003e-01
 -2.5875556e-01
  5.6878257e-01
  3.9836174e-01
  7.2895989e-02
 -1.0090589e-01
  5.5943090e-01
  1.3372721e-01
  2.0842585e-01
 -6.7790836e-02
 -1.4776786e-02
  4.3495172e-01
  5.5403754e-02
 -3.7299469e-04
 -8.5821539e-02
 -4.6365851e-01
  3.3391252e-01
  7.2778746e-02
  8.7525144e-02
 -2.5399643e-01
  9.4494939e-02
 -1.1092363e-01
 -5.3024369e-01
 -7.8768057e-01
  2.1972463e-01
  3.5835588e-01
  3.6142874e-01
  2.3218830e-01
  5.1318735e-02
  1.8265758e-02
 -1.7364455e-02
  3.0428332e-01
 -3.4880432e-01
 -1.6587093e-01
 -3.4080175e-01
 -6.7568064e-02
  1.5501015e-02
  1.2001998e-01
  1.1648434e-01
  1.3114567e-01
 -1.4463595e-01
 -2.6508066e-01
 -4.4777870e-02
  4.1417938e-01
  1.7398228e-01
 -2.7944267e-01
 -6.2201262e-01
 -3.5263517e-01
  1.6244273e-01
  2.1100175e-01
 -9.0333357e-02
  6.8002023e-02
  1.0153215e-01
  1.0380173e-01
 -1.2149356e-01
  1.7709913e-02
  1.1101324e-02
  3.4385660e-01
  1.9205447e-01
 -2.2788495e-01
 -4.6527857e-01
 -1.8583179e-01
  1.1951694e-01
 -2.2367230e-02
 -3.1095067e-01
 -2.9562405e-01
  2.1817262e-01
 -8.2677156e-02
  3.7425701e-02
  1.0700879e+00
  5.8705837e-01
  6.8761426e-01
 -8.6566336e-02
  3.1560051e-01
 -1.0776690e-01
  2.8285673e-01
 -1.5828419e-01
  4.4931251e-01
 -2.1164585e-02
 -4.1883361e-01
  7.5373441e-02
  1.7901829e-01
 -7.5625218e-02
 -1.1204798e-01
  1.2550496e-01
 -1.8074736e-01
 -1.9281767e-01
 -5.7891227e-02
 -7.2503909e-02
 -6.1550919e-02
 -2.9316413e-01
  2.6554126e-02
 -1.0007770e-01
  4.8423916e-01
  5.0884902e-02
 -7.5634286e-02
 -4.7852416e-02
 -8.2335341e-01
 -2.5124854e-01
  2.4746865e-01
 -1.1262598e-01
 -5.1197159e-01
  2.1456307e-01
 -3.8696058e-02
 -2.0864034e-01
  4.1647655e-01
  1.8295678e-01
  2.1405886e-01
 -4.8403695e-01
  1.7337561e-01
  6.2817758e-01
 -8.4579416e-02
  1.5001692e-01
  4.2176014e-01
  1.4705074e-01
  7.5406112e-02
 -9.5276304e-02
  1.8631032e-01
 -4.2606682e-02
  1.9988288e-01
 -1.1204519e-01
 -4.4051877e-01
 -3.3625561e-01
 -4.7189716e-01
 -2.9654953e-01
 -1.3423403e-02
  2.6080343e-01
 -4.2822666e-02
  9.8645084e-02
  2.6589021e-01
  6.5517053e-02
 -1.1467960e-01
  1.1978943e-01
 -1.7456147e-01
  1.0508186e-01
  5.6624931e-01
  1.7057452e-02
  4.2830788e-02
 -1.8028136e-02
  9.2538282e-02
  2.9974180e-01
 -1.4802554e-01
  7.6053083e-02
 -3.9129719e-01
  1.1558705e-01
 -1.3872428e-01
 -1.9182315e-01
 -1.2229397e-01
  4.1908407e-01
  5.9970576e-01
  2.1875653e-02
 -5.7171756e-01
 -1.7959143e+00
 -1.4987679e+00
 -1.1583703e+00
 -2.4329624e+00
 -6.1860150e-01
  2.0578490e-01
  5.1931381e-01
  6.1447275e-01
 -1.5902579e-01
 -3.8645008e-01
 -1.1310940e+00
 -6.1535805e-01
 -1.6385394e-01
  2.0697875e-01
  1.6530432e+00
  1.1489743e-01
  9.7226858e-02
 -1.1417408e+00
 -1.4522047e+00
  1.0696470e-01
  3.7458482e-01
 -4.5633528e-01
  9.1503185e-01
  2.8365383e-01
 -8.5504794e-01
 -7.8725153e-01
  4.5372933e-01
  1.2731138e-01
  1.0433611e-01
 -1.3936431e+00
  3.4029141e-02
  5.5225694e-01
  6.9572486e-02
  2.2922027e-01
 -3.9728615e-01
  4.4739389e-01
  4.7772521e-01
 -2.2418313e-03
  1.0333069e-01
 -1.8623632e-01
  4.4460546e-02
  5.4582953e-01
  2.8287959e-01
 -1.9918564e-01
  8.6771704e-02
  5.6781632e-01
 -5.9404649e-02
 -6.0370547e-01
  1.4991590e-01
 -5.6457692e-01
 -3.5394007e-01
  8.7104589e-02
 -6.9919378e-02
 -8.4200300e-02
  9.1575056e-02
 -2.0365906e-01
 -1.8640054e-02
  4.5682898e-01
  3.8091138e-01
  5.0707579e-01
  2.1156618e-02
 -3.2110932e-01
  4.9151191e-01
 -1.9314422e-01
 -6.5124497e-02
  1.8067820e+00
 -4.7765221e-02
 -6.3218278e-01
 -3.3528473e-02
  7.2489694e-02
 -6.9914751e-02
 -2.7548695e-01
  3.4772447e-01
 -5.8349210e-01
  7.0656106e-02
  4.0235631e-02
  4.5272815e-01
  3.7789944e-01
  1.3169226e-01
 -3.0164884e-02
 -1.7340046e-01
  2.3818588e-02
  1.5549785e-01
  7.9440784e-01
 -1.1464927e-01
 -7.1608424e-02
  1.7303175e-01
  3.0837247e-01
  2.1849714e-01
  6.3780749e-01
 -6.3066590e-01
 -7.1824931e-02
  2.3807076e-01
 -8.1317164e-03
  1.1554864e-01
  8.0928341e-02
 -4.7243595e-02
  3.4352165e-01
  9.9949218e-02
  2.1241719e-01
  3.1399697e-02
 -1.3276733e-01
 -2.1645726e-01
 -3.0587891e-01
 -1.8459748e-01
 -9.7558901e-02
 -1.9891001e-02
 -3.3064815e-01
 -1.8697914e-01
 -8.1645653e-02
 -1.8775293e-01
  1.3499673e-01
  1.8302694e-01
  1.3372059e-01
 -8.0202505e-02
 -7.2013968e-01
  1.0291158e-01
 -8.6316958e-02
  3.2427067e-01
 -9.2799000e-02
  1.2619644e-02
  4.8127249e-03
 -1.3083640e-02
 -7.2467282e-02
  1.0775610e-01
 -3.6809197e-01
  1.9433054e-01
 -1.2644571e-01
  7.8064895e-01
  6.7174143e-01
 -1.0128548e-01
 -2.5199664e-01
  1.3773477e-01
  2.4776015e-01
 -3.9583012e-01
  2.6505515e-01
 -2.1192983e-02
 -1.6191407e-01
 -1.3350402e-01
 -2.0686139e-01
  3.5598773e-01
 -4.3122122e-01
  3.6212492e-01
 -1.4688534e-01
  4.0016606e-01
  1.8425637e-01
 -2.8069651e-01
  2.9351562e-01
  2.4353078e-01
  1.8117805e-01
 -3.7917560e-01
 -3.4746591e-02
  5.7653618e-01
  1.2645327e-01
 -4.3724611e-01
  1.5636764e-01
 -1.8619767e-01
 -2.9838577e-01
  6.4012992e-01
  1.5633488e-01
 -1.2669925e-01
 -5.0094940e-02
  1.6419206e-02
  6.8038416e-01
 -2.8499264e-01
  3.4825245e-01
  3.6273349e-02
  3.1373683e-01
  3.8771874e-01
 -1.4936444e-01
 -2.5444901e-01
 -5.2027881e-01
 -2.4864678e+00
 -1.6009527e+00
 -1.0910603e-02
 -1.7101769e+00
  6.0990405e-01
  2.8834775e-01
 -1.7091924e+00
 -3.2213974e-01
 -7.5820380e-01
  1.1425531e+00
 -1.3665330e-01
  2.9674077e+00
  6.0397649e-01
  1.1360768e-01
  4.6218553e-01
  7.8169119e-01
  1.5010281e-02
 -1.0578949e-01
 -5.8981385e-02
  2.6973453e-01
  2.4378853e-01
  2.2523427e-01
 -2.1480203e+00
 -1.4118907e-01
  9.3939954e-01
  1.1420327e+00
 -4.7941825e-01
 -2.8984642e-01
  4.0170133e-01
  2.4530497e-01
  4.9160641e-01
  8.4727794e-01
 -5.2581612e-02
 -6.8216294e-02
 -1.4509833e+00
 -5.8636492e-01
  1.2532181e-01
 -3.6618492e-01
 -5.8925413e-02
  1.4528706e+00
  1.4242126e-01
 -5.9832387e-02
  3.9171505e-01
  8.6776239e-01
  2.3312250e-02
 -1.0224959e+00
 -4.2764604e-01
 -6.2979139e-02
  3.3679640e-01
 -2.0500977e-01
  9.5237398e-01
  5.7633314e-03
  6.9660461e-01
  3.7191728e-01
  1.1377686e-01
  3.5436016e-01
 -3.5407543e-01
  2.8843066e-02
  4.4423502e-02
  8.2991993e-01
 -1.6883381e-01
 -4.4678345e-02
  3.1572106e-01
  7.2428077e-01
  8.7195195e-02
  1.2553361e-01
 -5.7248741e-01
  1.9738072e-01
  3.9167574e-01
 -7.2390243e-02
  1.2278010e-01
 -2.9601553e-01
  4.5727752e-02
  1.7351446e-01
  4.0024915e-01
  1.1917695e-02
  3.3272690e-01
 -2.6280156e-01
 -1.0245189e-01
  2.2699125e-01
  8.0642276e-02
  2.0016755e-01
 -3.4679851e-01
  2.1185032e-01
  8.3429612e-02
  2.2028574e-01
 -1.3605565e-01
 -4.6627015e-01
  4.9004427e-01
  3.4065473e-01
  5.0026733e-02
 -1.0404667e+00
 -1.7667262e-02
  1.8552361e-01
  7.5511569e-01
  7.1215051e-01
 -1.0887049e+00
  2.0080879e+00
 -8.6102861e-01
  3.9067295e-01
 -2.8813744e-02
 -4.7697634e-01
  3.5555249e-01
 -1.2396671e-01
  1.1807501e+00
 -5.1514673e-01
 -1.2471064e-01
 -1.0127055e-01
 -4.4274381e-01
  1.4001520e+00
 -2.8913634e+00
  1.2006346e+00
  1.5639467e+00
 -1.0547566e+00
 -2.1774441e-02
  1.1190201e+00
  7.4676305e-01
 -6.2383401e-01
 -1.3296238e-01
  6.6547382e-01
  1.0132520e+00
  7.3192400e-01
 -1.3105478e+00
  1.4767176e+00
 -3.5237148e-01
 -1.2527099e-01
 -3.5090819e-01
 -2.8904896e-02
  6.8913996e-02
 -5.1349845e-02
 -9.4525680e-02
  4.4457352e-01
  5.8046263e-01
  4.2502627e-01
  1.6031022e-01
 -5.6499541e-03
 -4.4376899e-02
 -4.5550205e-03
 -3.4778216e-01
  1.5569194e-01
 -5.0772434e-01
 -3.8135123e-01
  3.7339035e-02
 -9.9321701e-02
 -6.4832908e-01
  6.2395906e-01
 -2.1574457e-01
  2.5402817e-01
  1.2184201e-01
  2.7057523e-02
  2.3250274e-02
 -1.1666913e-01
 -9.1818176e-02
  3.5137942e-01
  3.8010992e-02
 -4.1944462e-01
 -9.5898673e-02
  1.8201740e-01
  2.2163224e-01
  1.9359659e-01
  1.9847511e-01
  1.0934806e-01
 -3.4282205e-01
 -4.3194748e-02
  8.0461893e-03
 -7.4944043e-01
  1.5920325e-01
  7.7391326e-02
 -4.1491423e-02
  1.5770119e-01
 -3.0385619e-01
 -1.4879267e-01
 -7.3139310e-02
  1.4874278e-01
 -3.5172313e-02
 -2.5297323e-01
 -4.4251710e-01
 -9.9267662e-03
  3.5922650e-01
 -1.3452101e-02
 -1.6528061e-02
 -4.5756381e-02
 -2.1034136e-02
 -3.4196615e-02
 -4.1981998e-01
  4.6498883e-01
  1.0929687e-01
 -2.0384991e-01
  1.3367705e-01
 -1.3561828e-01
 -3.6532840e-01
 -1.7641532e-01
  6.3261873e-01
  4.7151089e-02
  1.1799033e-01
 -3.9630914e-01
  3.5899374e-01
  2.2704750e-01
  8.6466931e-02
  1.5662286e-02
  3.8303968e-01
 -4.0628782e-01
  1.7796636e-01
  5.1958692e-01
 -3.0659918e-02
 -4.3997567e-02
  7.0150369e-01
  9.7169012e-02
 -1.2345859e-01
  4.4428474e-01
  5.9724666e-02
  1.4299677e-01
  1.0830056e-01
  3.4251235e-02
 -4.1289970e-02
  3.4722757e-02
 -2.5619859e-01
 -2.6691237e-02
  8.1604514e-03
  5.4480803e-01
  9.8197326e-02
 -1.5508738e-01
  1.1306487e-01
  1.0761389e-01
  5.2810669e-01
 -1.0874598e-01
 -6.3233471e-01
  3.7019268e-02
  2.5670111e-01
 -4.4140187e-01
 -5.0710749e-02
  1.0962673e-03
  1.3662662e-01
 -5.9098855e-02
  4.5179340e-01
 -1.6808821e-01
 -1.0522503e+00
 -2.2950830e-01
 -1.8392663e+00
 -4.1181919e-01
  4.4595078e-01
  3.2841362e-02
 -5.2741040e-02
 -5.8785212e-01
  2.9588890e-01
 -1.7063349e-01
 -3.9665753e-01
  2.3293224e-01
 -4.1274540e-02
  1.2024327e-01
  4.8606136e-01
 -2.2688572e-01
  1.3586004e-01
 -2.6898810e-01
 -9.7184971e-02
 -5.6412220e-01
 -1.8643355e-02
  4.4456810e-02
 -2.9308537e-01
 -4.4046926e-01
  8.7663271e-02
  2.8551513e-01
  7.9742655e-02
  4.1983548e-01
  2.9808329e-02
  6.4284399e-02
 -5.5226582e-01
 -3.8017172e-01
  2.1387477e-01
 -4.0620189e-02
  3.1631914e-01
 -1.5499130e-01
  9.3749873e-02
  1.5174603e-01
  6.4115685e-01
 -1.9382019e-01
 -9.0655193e-02
 -8.7464917e-03
 -1.3833089e+00
 -3.1223014e-01
  1.1852442e-01
 -6.0202962e-01
 -1.2034377e-01
  1.5543431e-01
  1.9910734e-02
 -1.7083321e-02
  7.4828275e-02
 -4.2004815e-01
  2.6014739e-01
  1.3387887e-01
  1.5588491e-01
 -1.3015037e-02
  4.3497831e-02
 -2.1251220e-01
 -2.9114860e-01
 -2.3598179e-01
  1.9151436e-01
  1.0657085e-01
 -2.5157127e-01
  7.9421163e-02
  6.0643137e-01
 -3.5935661e-01
  8.7572858e-03
  2.9759351e-02
 -1.1343483e-02
 -6.9394702e-01
 -1.2699243e-01
 -1.3259871e-01
 -1.7965492e+00
  2.0710452e+00
  3.9606875e-01
 -3.9507695e-02
  9.6374148e-01
  1.3394722e+00
  6.2756920e-01
  5.4481572e-01
  1.5208766e+00
  1.1302425e-01
 -1.5434885e+00
 -8.1248736e-01
 -1.3154177e-01
 -5.7793194e-01
 -2.2107157e-01
 -8.0753796e-02
 -1.0105207e+00
  3.1241924e-01
 -1.2258219e+00
 -1.1182272e+00
  1.0281917e+00
 -9.1024631e-01
  2.4322445e-02
 -3.4229314e-01
 -5.4489660e-01
 -1.0040981e+00
  3.5000771e-01
  8.8038278e-01
 -1.5978985e-01
 -3.1942001e-01
 -1.1430139e-01
 -1.3330425e+00
  4.0027735e-01
 -1.7717922e-02
 -6.8535775e-02
 -2.9407862e-01
  1.2455086e-01
  1.1541288e-01
 -3.0087510e-01
 -1.7496981e-01
 -2.7511737e-01
  8.4803253e-02
 -1.3271379e-01
 -2.1640608e-01
  1.5848266e-01
 -6.2848759e-01
  2.3974475e-02
 -3.1241122e-01
 -1.4728169e-01
 -4.0364730e-01
  2.5897750e-01
  3.3209652e-01
  4.1118622e-02
 -5.2490100e-02
 -9.2756830e-02
 -4.4500232e-01
 -3.2148206e-01
  1.4327413e-01
  5.2909784e-02
  4.2748407e-02
  3.0223829e-01
 -8.1635706e-02
  2.4678513e-01
 -1.9287229e-02
 -3.2137859e-01
  4.6586469e-01
  1.2800919e-01
  6.4348474e-02
  3.7084666e-01
  5.0128257e-01
  2.0252500e-02
 -1.5757021e-01
 -1.9110857e-01
 -1.6860572e-01
 -6.1502039e-01
 -2.5227360e-02
  1.3118225e-01
  3.4814823e-01
  1.1550117e-01
 -1.4385343e-01
  5.8496356e-02
 -1.1743151e-01
 -1.7848443e-03
  3.4451789e-01
  1.2990639e-01
 -6.6436350e-01
 -4.9186331e-01
 -2.5416812e-01
 -3.6097813e-02
 -8.9810616e-01
 -5.8604264e-01
 -4.9608514e-02
  2.4608320e-01
 -1.0077087e-01
  6.6177887e-01
 -3.0605452e-02
  2.5162864e-02
  4.2177624e-01
 -1.4691550e-01
  3.2696187e-01
 -3.0237281e-01
  4.3019345e-01
  5.1993996e-01
 -3.0529809e-01
  1.3013560e-01
 -1.3253765e-01
  5.4194719e-01
 -2.8365129e-01
 -6.2280949e-02
 -2.3818886e-01
 -4.6242956e-02
  3.5167962e-02
 -3.0398405e-01
  4.2486995e-02
 -3.6347128e-02
 -4.6681307e-02
  5.7612840e-02
 -8.8836946e-02
 -4.0477842e-01
 -9.9283740e-02
 -2.4289723e-01
  4.5586511e-02
 -1.7544279e-01
 -3.8372755e-01
 -8.9396887e-02
 -6.8895400e-02
  4.9647251e-01
  4.0464473e-01
  2.8392631e-01
 -9.5099288e-01
 -3.4964383e-01
  7.5188912e-02
  1.3189870e-01
 -2.2175793e-01
  1.0866301e-01
  3.6302567e-01
  3.7445235e-01
 -9.9463457e-01
 -8.0819219e-02
  3.0452758e-01
  2.1440114e-01
 -2.5960937e-01
  4.6516967e-01
  2.0158391e-02
  7.8057289e-01
 -1.3747040e-02
 -5.4648042e-02
  1.7680812e-01
  4.6434723e-02
 -1.4315438e-01
  1.3820037e-01
  1.3486375e-01
 -5.2029163e-01
  8.7119024e-03
 -7.6468396e-01
 -8.2256846e-02
 -2.5213171e-02
  6.0602263e-02
 -2.1389450e-01
 -2.0015825e-01
  5.5701330e-02
  2.4827121e-01
 -1.5040268e-01
  3.3432192e-01
 -7.1909654e-01
 -3.2484159e-04
  1.9577321e-01
 -9.1285937e-02
 -3.9229617e-02
  2.2275119e-01
 -2.3837391e-01
 -3.1741008e-01
 -2.2439560e-01
  9.3163110e-02
 -9.0440518e-01
  5.4775387e-01
  7.4145876e-02
  1.3598897e+00
  5.0531512e-01
 -1.7437266e-01
 -5.6003380e-01
 -1.1549898e-01
  1.4358969e+00
 -5.2002275e-01
 -1.3361730e-02
 -2.4137650e-02
 -5.6553565e-02
  2.2166389e-01
 -2.8739068e-01
  1.1803897e-01
 -9.1350788e-01
  4.6283853e-01
  6.1458999e-01
  6.0464978e-01
 -2.7109978e-01
 -1.0254201e-01
  1.7895283e-01
 -8.7335527e-02
  4.7228202e-02
 -7.2455965e-02
 -2.2612520e-02
 -1.1757027e-01
 -2.8394049e-02
 -8.7413025e-01
 -2.5083941e-01
  7.1505740e-02
 -4.0764236e-01
  2.0387110e-01
 -2.7837545e-02
 -7.4881166e-02
 -3.1096330e-02
 -2.2412586e-01
 -4.4961300e-01
  1.1503790e-04
 -1.8420874e-01
  2.0259134e-02
 -1.4643069e-01
 -4.9322093e-01
  3.9976519e-01
 -4.4229668e-01
  4.6782440e-01
 -8.1403506e-01
 -2.2977568e-01
  1.6719209e-01
 -1.7737938e-01
  2.4312541e-01
  7.5521833e-01
  3.4047189e-01
  1.4308375e-01
  2.4444519e-01
 -8.1356174e-01
 -2.4933772e-01
 -2.4937811e-01
 -1.4659199e-01
 -2.5250393e-01
 -9.4369191e-01
  1.6466169e-01
 -6.5702833e-02
 -2.5484490e-01
 -4.8534449e-02
  4.7218448e-01
 -1.1626421e-01
 -2.7173796e-01
  7.5539285e-01
  4.5189008e-01
 -2.1516842e-01
 -2.0985645e-01
 -4.4980034e-01
  3.4876466e-01
  2.3382299e-01
  3.2291776e-01
 -8.7692991e-02
  1.8525302e-01
  3.2911244e-01
 -3.7879996e-02
 -4.1803977e-01
 -9.6440911e-02
 -1.7475754e-01
  1.5145626e-02
  5.5248708e-02
  2.6697658e-02
 -1.7645662e-01
 -1.8279654e-01
  7.1493286e-01
  4.1317359e-02
  3.8117397e-01
 -3.8490260e-01
  1.3378401e-01
 -5.1652003e-02
 -5.2972072e-01
 -2.2165665e-02
 -5.2458093e-02
  7.1238138e-02
 -8.2907796e-02
  1.2367427e-01
  4.7597891e-01
 -2.9381376e-02
  2.8216666e-01
 -8.7732717e-02
  1.0333373e-01
  1.7077553e-01
  7.4857801e-02
 -5.3482451e-02
 -3.7771228e-01
 -1.2980260e-02
 -1.8367957e-01
 -2.7019024e-01
  8.7519750e-02
 -5.3727537e-01
  6.7832530e-02
  2.4191442e-01
  1.9900662e-01
 -4.6420299e-02
  7.8771400e-01
  5.6910761e-02
  2.1267912e-01
  2.6583153e-01
 -2.2701670e-01
  7.6597148e-01
  6.3336694e-01
 -1.8405400e-01
  1.7948359e-01
  2.3863520e-01
  2.5817093e-01
 -2.2434525e-01
  2.9945663e-01
 -5.9188008e-01
  1.4153881e+00
  8.7343208e-02
  9.6425764e-02
  2.2150905e+00
 -1.5566680e-01
 -2.1086376e-02
 -3.0949375e-01
 -1.1993802e-01
  4.2854908e-01
 -1.3224510e+00
 -1.1669921e+00
  1.4627452e-01
  6.1637300e-01
 -1.4740701e-01
 -5.3394675e-01
 -4.6560392e-02
  4.8204753e-01
  6.6724062e-02
 -9.7221875e-01
  2.4874997e-01
  2.7842271e-01
 -7.1307123e-01
 -1.1344329e-01
 -2.9045627e-01
  6.2419757e-02
  1.9772832e-01
 -8.6643958e-01
 -5.8805478e-01
  5.7762280e-02
 -2.6179206e+00
 -3.4919596e-01
 -6.5336752e-01
 -1.1031649e+00
 -6.8286002e-02
 -1.5243012e+00
  4.7510536e-03
  5.0471330e-01
  1.5730927e+00
  1.9772284e+00
 -6.1793856e-02
 -1.0023504e-01
  6.7873102e-01
 -3.4770107e-01
  1.1137638e-01
 -1.8673528e-02
  5.0721884e-01
  5.5229906e-03
  2.3300417e-01
  6.1872590e-01
 -3.1067872e-01
  6.5167814e-02
 -1.4987829e-01
 -8.9250967e-02
 -4.1373906e-01
 -5.1682580e-01
  2.2609600e-01
  6.9299668e-02
 -2.3542483e-01
 -1.6006008e-01
 -1.0741832e+00
  7.7093756e-01
 -1.0248256e-01
 -1.4818842e+00
  2.4790014e-01
 -4.0881687e-01
 -8.1207072e-03
 -3.7937541e-02
  1.6602372e+00
 -6.7151777e-02
  1.9194931e-02
  4.8830298e-01
 -1.7127618e+00
 -1.9036198e-02
 -5.3903926e-02
 -2.7555607e-02
  1.9394138e-01
 -1.2458690e+00
 -1.8416548e-01
  2.7373256e-02
 -8.4933627e-01
 -9.9022642e-02
  2.2663367e-01
  5.1410544e-01
  2.7447965e-02
 -2.1047798e-01
  1.9374898e-01
  3.2009059e-01
  9.6443273e-02
  7.2618300e-01
 -6.0913855e-01
  5.8120441e-02
 -5.9979087e-01
 -1.1575200e-01
 -4.0628549e-01
  1.2685490e-01
 -7.5074382e-02
  4.6905382e-03
 -3.6029689e-02
 -3.6999759e-01
  8.5363910e-02
  2.8738472e-01
 -3.9447742e+00
 -1.8802013e-01
  5.7063442e-01
 -7.8135681e-01
 -1.4116237e-01
 -4.3368050e-01
 -1.2870497e-01
  1.1961854e-01
  1.4893678e+00
  4.3137959e-01
  2.0937393e+00
  5.3098506e-01
 -5.8393455e-01
 -7.0285451e-01
 -6.9361025e-01
 -5.7495451e-01
  3.9156738e-01
 -4.6150187e-01
 -1.6748972e+00
 -1.5476820e+00
 -1.3344769e+00
 -8.2745463e-01
 -1.3746784e+00
 -3.7680488e+00
  4.2926341e-01
 -1.8637177e+00
 -6.0585248e-01
  8.8893420e-01
  1.7666937e-01
  6.2861454e-01
 -4.3220906e+00
  5.2262288e-01
  8.0809161e-02
 -4.5584896e-01
 -3.6313505e+00
  3.4682855e-01
 -1.3855118e+00
  1.6115604e-01
 -1.0449517e+00
  2.1654280e-02
  1.0986658e+00
 -1.0571040e+00
 -7.2778410e-01
 -7.6800406e-01
  5.9613299e-01
  5.3773379e-01
 -1.3249877e-01
  4.3911099e-01
  1.1951751e+00
  1.2579691e-01
 -2.8455013e-01
 -1.5903203e-01
  1.6650165e+00
 -2.1799510e+00
 -1.9590683e+00
  2.4524209e+00
  1.4543267e+00
 -4.7934103e-01
 -6.8689489e-01
  8.3406860e-01
 -6.4092129e-02
 -1.2384048e+00
 -2.2550513e-01
 -6.3940948e-01
 -1.0262658e-01
  2.2284310e+00
  5.0197625e-01
  8.9873895e-02
  9.1192317e-01
  3.4805238e-02
  8.6699098e-01
  2.5192641e-02
  1.0773358e+00
  8.2822561e-01
  7.8706473e-01
 -1.2521334e+00
 -4.1753623e-01
  9.1104925e-02
 -1.5736022e+00
 -1.7350886e-03
  3.5519302e-01
  3.1759009e-01
 -1.7046369e+00
  3.2863039e-01
  1.4574684e+00
  1.7555478e+00
 -4.5482740e-02
  4.2061490e-01
  1.9655262e+00
  1.4964061e+00
  3.8881943e-02
  1.0545214e-02
 -5.2244246e-01
  1.8660618e-01
  4.0971923e-01
 -4.0616754e-01
 -2.1832690e-01
  9.3902402e-02
 -2.0296013e-01
 -4.1579184e-01
 -1.1920116e+00
 -1.1022488e+00
 -8.4016562e-02
 -9.4645756e-01
 -1.5615562e-01
  1.7967727e+00
  4.4465396e-01
 -2.4880792e-01
 -2.1489388e-01
 -2.5528513e-02
 -1.2940338e+00
 -2.5477001e-01
 -1.9976673e-01
  1.3595839e-01
  2.3101807e-01
  1.1346166e+00
 -5.2048746e-02
  1.7689394e-02
 -1.0033162e+00
 -1.3625901e+00
  4.2939475e-01
 -3.0608961e-02
 -1.7140208e-01
 -2.6526991e-02
  1.6672952e+00
 -2.0415269e-02
  1.3264325e+00
  6.2838233e-01
  1.1537706e+00
 -5.2853411e-01
 -7.5434315e-01
 -2.3251034e-01
  7.0368633e-02
  6.5441442e-01
 -1.0632920e+00
 -4.6911702e-01
 -1.7865572e-02
  1.2067875e-01
  1.2594951e+00
  5.1067144e-01
  7.1000598e-02
 -2.9369670e-01
  5.3848702e-01
 -2.2528598e+00
  4.0194878e-01
 -1.8550169e+00
 -2.3254285e+00
 -2.2959280e+00
 -1.6408625e+00
 -2.0076887e-01
 -5.3941554e-01
 -1.2174699e+00
  1.4729903e+00
 -1.7483623e+00
 -1.1638793e+00
  1.5623789e-01
 -1.9966029e-01
  8.6812490e-01
 -1.0080079e+00
  6.0726717e-02
 -4.7526798e-01
  1.3655155e+00
 -2.6638198e-01
  2.6521885e-01
  1.3201671e+00
 -4.4571078e-01
  7.0220679e-01
  6.7303628e-01
  1.7686380e+00
 -7.3930413e-01
  9.8098004e-01
 -2.5018699e+00
  3.4341130e+00
  8.9225727e-01
  8.3458495e-01
  9.9113114e-02
 -1.0152508e+00
 -3.8060028e-02
  2.1725347e+00
 -3.6229426e-01
  2.1615386e-01
 -5.8225030e-01
 -2.6446915e-01
  1.1653643e-02
 -1.4963189e-01
  4.1543169e+00
  1.5781034e+00
  3.5953888e-01
  7.3150456e-01
 -6.5560937e-01
 -1.8458178e+00
 -2.4768683e-01
  5.5115920e-01
  3.7812251e-01
 -2.5773519e-01
  4.4782209e-01
  3.0907634e-01
 -2.7999818e-02
 -1.3585588e-01
 -2.5421092e-01
 -3.5051242e-01
  1.8504721e+00
 -2.0096846e-02
 -1.0132912e+00
  1.2204701e-01
  2.2730498e+00
 -6.3297495e-02
 -1.5048716e+00
  2.5733068e+00
 -6.3277841e-01
  1.3395478e+00
 -1.3440739e+00
  3.7002456e-01
  1.4056037e-01
 -9.7029299e-01
 -2.5584397e-01
  2.6292241e-01
  5.0401735e-01
 -1.7887269e-01
  1.8272078e-01
  1.1657268e+00
  3.7334657e-01
  1.7274394e+00
 -1.8376224e+00
 -2.0329516e-01
 -8.7465602e-01
 -3.5438476e+00
 -3.4684244e-01
  4.3169490e-01
 -4.4692606e-01
  5.2294999e-01
  3.3212897e-01
 -1.3881177e-02
 -5.7386047e-01
 -2.3587556e+00
 -4.6301627e-01
  3.3411947e-01
 -3.0678344e-01
 -4.5945856e-01
  2.4989016e+00
  9.7308683e-01
 -2.7540476e+00
 -1.5933225e+00
  6.9960594e-01
 -1.2455292e-01
  1.5448267e-02
 -3.2322371e-01
 -1.7713006e+00
  6.0284829e-01
  4.9839959e-01
  1.2869036e+00
 -8.2473141e-01
  2.6879916e-01
  2.1268048e+00
  1.9625955e+00
  1.6817513e+00
  3.4492725e-01
  6.0323238e-01
 -4.1111794e-01
  9.9209338e-01
  1.8931969e+00
 -3.2275096e-02
  3.4220001e-01
 -1.7711384e+00
 -1.0471189e+00
 -4.9259853e-02
  3.9559200e-01
 -6.1193472e-01
  1.9093236e+00
 -1.2254783e-01
  1.0132651e-01
  3.7088103e+00
  3.0201108e+00
  5.5036658e-01
 -2.8508735e-01
 -1.3341303e+00
 -1.1110318e+00
 -1.2953049e+00
  2.0820546e+00
  1.7938147e-01
  3.4919667e-01
  9.0976304e-01
 -1.5746435e+00
  1.6753405e+00
 -4.8605722e-01
 -6.6687208e-01
 -1.0980539e+00
 -2.4910088e-01
  8.2094043e-01
 -7.3308259e-02
 -9.2728847e-01
 -1.3487426e+00
 -1.0062282e+00
 -4.4259086e-02
  1.2476993e+00
  6.7359823e-01
  2.0463505e+00
  1.6626910e+00
 -1.8210508e-01
 -5.7529997e-02
 -7.4376129e-02
  4.9339381e-01
  1.5395985e+00
 -3.7017354e-01
  5.6163484e-01
  3.9887059e-02
  3.5773632e-01
 -8.5255516e-01
 -4.5459819e-01
 -7.2113541e-03
 -4.8562624e-02
 -1.3856755e+00
  1.1633657e+00
  1.3062108e+00
 -1.0000822e-01
  7.2794622e-01
  7.1318145e-03
  3.9547093e-02
  2.7851145e+00
  5.0508384e-02
  1.1463294e-01
  1.6887721e-01
 -4.1966552e-01
  4.8901737e-01
  8.4704542e-01
  4.5331720e-01
  1.5477589e-01
 -1.1431520e+00
  9.6255016e-01
 -1.5953425e-01
  1.4437753e+00
 -1.8760739e-01
  3.5870057e-01
  4.3969095e-02
 -1.0652140e+00
  3.0252746e-01
  3.6376648e-02
 -7.1188457e-02
 -1.4365363e+00
 -1.2599306e+00
  1.0054399e+00
  2.0167751e+00
 -2.8853324e-01
  2.2314261e-01
 -6.1318028e-01
  5.9075242e-01
  3.6016545e-01
 -3.6115566e-01
  4.5199201e-01
  2.7924436e-01
 -8.6398709e-01
 -8.1070465e-01
  1.2489636e+00
  1.0823286e+00
  1.3468937e+00
 -3.7915999e-01
  9.7763216e-01
 -3.9593121e-01
 -1.0467587e+00
  9.8129970e-01
  4.6924636e-01
  4.1691568e-01
  7.6231724e-01
 -9.6177936e-02
 -4.0185090e-02
 -4.4510418e-01
  3.8892541e+00
 -8.3882624e-01
 -7.5070959e-01
 -1.0138382e-01
  1.9522959e-01
 -7.4346602e-02
 -7.8973956e-02
 -6.6151106e-01
  1.0094405e+00
 -1.1865549e-01
  3.4533329e-03
 -1.0355847e+00
  9.1447765e-01
 -9.4912934e-01
 -3.2812003e-02
  3.0925238e-01
  1.3732861e+00
 -6.3595809e-02
  3.9336197e+00
 -3.2638397e-02
  4.4164976e-01
  1.4685318e+00
  1.1825866e-01
  6.4876378e-01
  1.8615981e+00
  2.5065012e+00
 -3.0784029e-01
  5.0087962e-02
  7.8206140e-01
  2.7032346e-01
  7.3398709e-01
 -2.1945167e-01
 -2.4877459e-01
  6.3118869e-01
  2.2119659e-01
  1.2752132e-01
 -4.0422583e-01
  4.1802952e-01
 -2.3781684e-01
 -4.1187592e-02
  1.2568152e+00
  9.4305292e-02
 -1.1370846e+00
 -1.1009422e-01
 -9.6024001e-01
  1.4455622e-01
 -2.1702006e-02
 -2.9996550e-01
  1.0780115e+00
  7.4084371e-01
  4.2845485e-01
 -5.1460695e-02
 -3.2388892e-02
  2.6016509e-02
  2.1136475e-01
 -1.0015064e-01
  4.1402879e+00
  1.1572190e-01
 -4.4685969e-01
 -2.9008585e-01
 -7.6302998e-03
 -2.1302917e+00
 -6.8809591e-02
 -3.9037886e+00
 -4.7448702e-02
 -5.7308167e-01
  9.6894509e-01
  1.2692223e+00
  3.0824971e+00
 -5.3724074e-01
 -3.5846701e-01
 -1.3353496e+00
 -7.9967849e-02
  4.5190996e-01
 -5.5919862e-01
  1.5370305e-01
 -2.2625566e+00
  2.5016424e-01
  9.6637374e-01
  7.3696351e-01
  1.0308826e+00
  6.3108230e-01
  3.2525781e-01
  2.3095849e+00
  2.2891045e+00
 -1.9234582e+00
 -1.1577961e+00
 -1.2578224e+00
  1.5948310e+00
  1.9244242e-01
  2.3889610e-01
 -1.3192233e+00
 -4.7264791e+00
 -1.0426612e+00
  7.1111602e-01
 -4.9146158e-03
 -1.7379181e+00
 -7.5459145e-02
  8.5959536e-01
  1.8067376e-01
 -2.1736584e+00
  3.7250721e-01
  3.9820996e-01
  2.3351984e+00
  8.9603412e-01
 -1.5259963e-01
 -1.2686883e+00
  1.8703136e+00
  4.3085942e+00
  1.2017497e-01
 -6.2437421e-01
 -3.5957584e+00
 -2.0991335e+00
 -1.0320197e+00
  3.5057369e-01
  1.7420199e+00
  2.7651963e-01
 -3.8961387e-01
 -2.8938234e-01
 -3.3700678e-01
  2.3979218e-01
 -1.2282614e+00
 -1.7280258e+00
 -1.6583124e+00
 -2.8325227e-01
 -2.9812651e+00
  5.2773535e-01
  7.0324105e-01
  5.2576560e-01
 -8.8708466e-01
  6.7243479e-02
  7.9441255e-01
 -4.3594724e-01
 -3.9495242e-01
  6.7112851e-01
 -1.8401003e-02
 -1.6105780e-02
 -5.8981901e-01
  2.1446556e-01
  2.5095776e-01
  5.9268242e-01
 -1.9741712e+00
  1.2884045e+00
  5.1782566e-01
  2.8571105e-02
 -4.5033205e-01
  8.5882396e-01
  5.9639716e-01
 -5.4111111e-01
  9.0436256e-01
  5.0217736e-01
  3.4648836e-01
 -4.0230545e-01
  7.9551721e-01
  6.2768942e-01
  6.9282442e-01
 -1.1451459e+00
  1.9574766e+00
 -3.6768124e+00
 -4.6771160e-01
  1.1682920e+00
  1.1373877e-01
  1.5746868e+00
 -2.7517354e+00
 -1.6365168e+00
  8.0595933e-02
  7.9093724e-01
  1.2097685e+00
 -1.4867350e-01
 -1.0800086e-01
 -1.5480665e+00
  7.6566017e-01
  2.7519503e+00
 -1.9202431e-01
  7.8215790e-01
 -3.2253528e+00
 -6.1684692e-01
  5.3133965e-01
 -2.2498745e-01
 -7.1708155e-03
 -3.6041275e-01
  1.0374876e-01
 -2.6331992e+00
  2.9404809e+00
  1.3764689e+00
  5.2202636e-01
 -1.2993852e+00
  1.2856083e+00
  6.6519177e-01
  3.9810079e-01
  8.7081105e-01
 -1.4790123e+00
 -1.3862765e+00
 -3.1881416e-01
 -6.3209124e-02
 -1.2225198e-01
  5.7735139e-01
 -5.6947625e-01
 -1.2798853e+00
  1.6449394e+00
  1.5690252e+00
 -2.0282906e-01
 -6.1016208e-01
  1.0017291e+00
  1.4524541e+00
  1.6901697e-01
 -1.0803725e+00
  1.9037095e+00
 -1.8551091e+00
  2.1409173e-01
  8.1311397e-02
  6.6138792e-01
 -1.0700366e-01
  2.3690498e-02
  1.4869084e+00
  3.3361098e-01
  1.6899228e+00
 -5.5374843e-01
 -7.6771259e-01
  2.9391735e+00
  7.1047449e-01
  2.2729838e+00
  3.7163395e-01
  1.1814573e+00
 -6.3828744e-02
 -1.4697078e+00
 -5.9723061e-01
  2.6062208e-01
  1.2469969e+00
  1.6119751e+00
 -9.1278648e-01
  4.0956858e-01
 -2.6715288e-01
 -3.2267749e-01
  1.4983463e-01
 -4.0138103e-02
 -4.2303264e-01
  7.7169704e-01
  7.5681198e-01
 -5.2308655e-01
  8.4272557e-01
  9.6581775e-01
  5.5782759e-01
 -1.5840452e+00
  5.3910172e-01
 -1.5185825e-03
 -6.0971733e-04
 -7.6051086e-01
  4.4039246e-01
  1.9542092e-01
  1.3558272e-01
  4.0324846e-01
  3.7737337e-01
  1.1434571e+00
 -2.8685024e-01
  3.5911235e-01
  2.4109103e-01
  1.1975328e+00
 -1.8255045e-01
  1.6469308e+00
  1.8358963e+00
 -1.1923380e+00
 -6.5162665e-01
 -2.1773221e-01
 -1.3394539e+00
  3.4776977e-01
  6.3010746e-01
  1.3949225e+00
 -2.9345579e+00
 -3.1677258e-01
 -7.3780310e-01
 -1.7371574e-01
 -8.5804880e-01
  7.5222987e-01
 -6.7269039e-01
 -5.6156981e-01
 -2.2721305e+00
 -7.0182830e-01
  3.0607989e-01
  5.6821698e-01
 -4.2823312e-01
  2.2778499e+00
  2.2766545e-01
 -2.4161688e-03
  1.3373239e+00
  1.2035056e+00
  9.8465085e-02
 -3.6814740e-01
 -1.3670444e-02
 -4.0528852e-02
 -8.2119644e-01
  6.5931000e-02
  5.8713313e-02
  2.1823866e+00
 -9.8493248e-01
  1.3000281e+00
  1.9776319e+00
  1.5690114e+00
 -4.3135726e-01
  8.3156472e-01
  2.2460444e+00
 -2.8744283e-01
  1.4987306e-01
  4.2282239e-02
  1.0817816e+00
 -4.9711311e-01
 -2.6238716e-01
 -3.6367378e-01
 -3.6629781e-02
 -2.0672802e-02
 -1.9065808e+00
  1.5984883e+00
 -2.1998131e+00
 -5.0583440e-01
  1.4252403e+00
  3.0588898e-01
  9.2917867e-02
 -1.0006975e-01
  8.5805267e-01
 -1.3447788e-01
  5.4891609e-02
 -1.1904871e-01
  2.9010444e+00
  6.7705530e-01
  3.8270780e-03
 -5.6333041e-01
 -4.5670691e-01
  6.1106843e-01
 -6.8405533e-01
 -2.5133985e-01
 -9.8754656e-01
 -5.9001666e-01
 -4.3894172e-01
 -5.3474545e-01
 -7.0594788e-02
  2.5419125e-01
  2.5682146e-02
 -9.1769755e-02
  8.3744824e-01
  1.4772507e+00
  2.0289414e+00
  2.3027879e-01
  4.3753576e-02
  2.1212971e+00
 -8.7191410e-02
  2.7566141e-01
  5.0295311e-01
  1.5224136e-01
  2.4034295e+00
  5.3176904e-01
  1.0101072e+00
 -2.9132903e-01
  9.0455496e-01
  1.8711632e-01
  9.5810920e-01
  5.5614442e-01
 -7.2986186e-02
  3.6425874e-01
  1.6962442e-01
  9.1934973e-01
 -3.8803282e-01
 -2.7988756e-01
  3.7694776e-01
  1.3816587e-02
 -6.1535442e-01
  6.4750183e-01
 -3.4312703e-02
  3.4078959e-01
  7.2264367e-01
 -1.9300212e-01
  7.6117270e-02
  1.5550527e-01
 -1.7837694e-01
  2.5986603e-01
  1.3332927e-01
  1.0939199e-01
 -3.5169145e-01
 -1.7361939e-02
 -5.9860003e-01
 -9.5507616e-01
 -8.0738276e-01
  8.9797777e-01
  4.8246101e-01
  1.3773849e+00
  6.3054430e-01
 -4.5995170e-01
 -4.1994572e-01
  1.5966908e+00
 -3.9395145e-01
 -4.1313756e-01
 -1.2710663e+00
 -1.6114544e+00
  1.1651117e+00
 -5.7664127e-03
 -1.9401900e-01
  8.2316405e-01
 -1.2941123e+00
 -2.4196446e-02
 -1.6369960e+00
 -3.8014343e-01
 -2.2341576e+00
  7.8977329e-01
 -3.5730478e-01
  1.4906989e-01
 -1.2765861e+00
 -8.5286133e-02
  9.8114330e-01
  1.3016762e-01
  8.8177152e-02
 -8.8498898e-02
  1.0613014e+00
  1.1620574e+00
  2.6961267e-01
 -4.6363845e-04
  2.1848195e+00
 -7.6112944e-01
  5.0792128e-02
  1.5843208e+00
 -7.6786721e-01
  3.8080674e-01
  8.7846570e-02
  1.0364348e+00
 -3.5767600e-01
  4.7391072e-02
  1.5336502e-01
 -4.8897636e-01
 -7.3124516e-01
  7.8720403e-01
 -1.6609550e+00
  2.8974416e+00
 -5.8769744e-02
  7.0923322e-01
 -2.6494718e+00
  2.4611881e-01
  1.2459934e-02
 -1.1849867e+00
  1.7190342e-01
 -7.3971671e-01
  7.6910537e-01
  1.9384668e+00
  1.5531155e+00
  2.7745841e+00
 -6.0122144e-01
  8.2347043e-02
  8.6505063e-02
 -1.4815921e-01
 -3.0454843e+00
 -1.6849743e+00
 -8.1150937e-01
 -7.0594054e-01
  4.7140248e-02
  3.8303521e-01
  1.5945499e-01
  1.0925540e+00
  1.3239306e+00
  1.5910167e+00
  7.0213789e-01
  2.7668548e+00
  1.1953775e+00
  5.7403719e-01
  7.1828507e-02
  1.3559496e+00
 -3.0481130e-01
 -6.8105870e-01
 -2.8128132e-01
 -1.5248910e-01
  2.3359172e-02
  2.3359172e-02
  2.3359172e-02
  2.3359172e-02
  2.3359172e-02
  2.3359172e-02
  2.3359172e-02
  2.3359172e-02
  2.3359172e-02
  3.7800722e-02
  3.7800722e-02
  3.7800722e-02
  3.7800722e-02
  3.7800722e-02
  3.7800722e-02
  3.7800722e-02
  2.9012233e-02
  2.9012233e-02
  2.9012233e-02
  2.9012233e-02
  2.9012233e-02
  2.9012233e-02
  2.9012233e-02
  1.3580502e-02
  1.3580502e-02
  1.3580502e-02
  1.3580502e-02
  1.3580502e-02
  1.3580502e-02
  1.3580502e-02
  5.7021868e-03
  5.7021868e-03
  5.7021868e-03
  5.7021868e-03
  5.7021868e-03
  5.7021868e-03
  5.7021868e-03
  1.2225810e-02
  1.2225810e-02
  1.2225810e-02
  1.2225810e-02
  1.2225810e-02
  1.2225810e-02
  1.2225810e-02
