nep4 2 Cu Se 
cutoff 7 5 100 44
n_max 8 6
basis_size 12 12
l_max 4 2 0
ANN 50 0
 -4.1710785e-01
  1.6083120e-01
 -1.0152459e-01
 -1.1920948e-02
  6.2784606e-01
 -2.2159050e-01
  4.3136612e-01
 -4.8415819e-01
  4.9788915e-02
  4.6718989e-02
 -3.5410309e-03
  3.7019954e-03
 -7.4592814e-02
 -9.8325964e-03
 -5.7288911e-02
 -2.3865862e-02
  7.0114948e-02
  7.7391462e-03
  3.3728793e-02
 -2.8144896e-02
 -3.4625556e-02
  4.7949418e-02
  5.7048057e-03
  1.1959610e-01
  2.6751997e-02
  1.0429631e-01
 -4.0231913e-04
  1.5718585e-01
  4.6668164e-02
  2.2082357e-03
 -6.8760077e-03
  1.6836753e-02
  6.5804911e-03
 -1.9825560e-03
  2.8360587e-02
 -1.0283752e-02
  1.9410646e-02
  1.0385808e-01
  1.4488056e-02
 -6.7520253e-03
 -4.7770096e-04
 -3.3672299e-02
 -6.2053008e-03
  1.6910201e-03
  3.8594964e-01
  4.0124049e-03
  9.4639577e-02
  7.8814194e-02
 -6.6456014e-01
  1.2844903e+00
  1.0828647e-02
 -1.7868672e-04
 -2.5561509e-01
 -1.5315388e-02
  7.7854870e-03
 -1.9189002e-02
  6.4739753e-03
  2.6319580e-02
  1.8000074e-01
  2.8970495e-02
  2.4422532e-02
  2.8129909e-02
 -1.9021821e-04
  9.9201845e-03
 -2.7685854e+00
  6.2579423e-02
  1.0592875e-01
 -5.3397518e-02
  3.2871835e-02
 -1.7783867e-01
  9.9571864e-04
 -6.6295654e-02
 -3.1717543e-02
 -4.7100216e-01
  1.8714978e-01
  4.7409018e-03
  3.2026608e-02
  3.8787711e-03
 -2.3268625e-02
  2.2156376e-03
  5.0264457e-03
  7.3445495e-03
 -8.6355992e-03
 -5.6576310e-04
  1.1135668e-02
 -5.1561533e-04
 -1.2301126e-02
 -5.0795046e-03
 -7.5267419e-02
  1.5877363e-01
  2.9131520e+00
  5.0387114e-01
  1.8675345e-01
  1.0619538e+00
  4.4091225e-01
 -2.5848525e-02
  1.2985469e-01
 -2.9995567e-03
 -4.5024686e-02
 -5.3520501e-03
 -2.5162678e-03
  1.1116078e-02
  2.2324342e-02
 -2.4189213e-02
  4.0507060e-02
 -1.4697376e-03
 -5.8794034e-01
 -5.7937312e-03
 -7.1572247e-03
  1.3112502e-02
  8.4765954e-04
  2.2925222e-01
 -1.3130165e-03
  4.4585424e-03
  2.0217309e-02
 -7.9837348e-03
  1.1727513e-01
  9.2352303e-03
 -1.4364301e-01
 -4.3846611e-03
  7.3630228e-03
  4.2002052e-03
 -1.1697460e-03
  3.6699977e-04
  2.6224563e-03
  1.4924851e-02
 -1.2242558e-02
 -4.2972858e-03
  5.7307864e-03
 -3.1984067e-03
  1.6583351e-02
  1.1156181e-02
  2.4646361e-01
  5.4368025e-01
  3.0716287e-03
 -3.4028422e-02
  1.1679183e+00
 -1.8176707e-02
 -1.3544276e-01
 -1.4254160e-01
 -5.5586195e-01
 -2.4992684e-02
  1.3308499e-02
 -1.2437414e-02
 -1.4692699e-02
  1.5579388e-01
  2.0688577e-01
  2.0600716e-02
  1.0124508e-01
 -3.4692717e+00
  8.9524889e-01
 -7.2705926e-04
  7.3954928e-01
  7.9951279e-02
  1.1307226e+00
 -1.0188710e-01
  3.0612531e-03
 -3.8103411e-01
 -2.2946389e-01
 -1.9136472e-01
 -1.1107963e-01
  2.3560558e-02
  3.8210577e-03
 -9.4166994e-03
  5.3555228e-02
  3.0419128e-02
 -2.4378464e-02
  3.5681572e-02
  7.0765242e-02
  2.3577979e-03
 -1.6956877e-02
  6.0329743e-02
 -3.7458045e-03
  1.5309530e-03
 -2.4593170e-03
 -1.3390249e-03
 -2.2045329e-02
 -2.3217787e-04
 -1.1917085e-03
  1.7292216e-02
 -5.7766899e-02
  5.4232049e-01
 -6.7016959e-01
 -3.2163996e-02
 -8.7172937e-01
  1.4911528e-02
  1.2532935e-02
  3.8897917e-03
  2.5460703e-02
  1.0374181e-02
 -5.1388960e-02
  6.2741479e-03
  3.6367697e-03
  4.5634331e-03
 -2.3846325e-02
 -5.3013392e-02
  1.0129307e-02
 -5.5244029e-04
  2.3515578e-02
  4.0809903e-02
  1.3792055e-03
 -1.2943719e-02
 -8.3064800e-03
  1.1111391e-02
 -4.4274712e-03
 -4.9648779e-03
  3.2532953e-02
 -2.0725382e-03
  1.7016511e-02
  5.4801879e-03
  1.6733978e-03
  2.0764271e-02
 -3.4658457e-03
 -2.4974562e-04
  5.1372289e-03
  5.6735198e-03
 -1.1120336e-02
 -1.4531206e-03
 -3.6106352e-02
 -2.0266075e-03
 -7.1566200e-01
  7.4411464e-01
  2.8027618e-01
 -5.2617180e-01
  4.9996752e-01
 -1.0164770e+00
 -3.7058933e+00
  1.4856228e+00
 -1.4592178e+00
  7.6401648e-03
  1.2375041e-01
  3.0792354e-02
 -1.0193834e+00
 -7.7234751e-01
 -6.3475813e-03
  6.5540820e-03
  1.8666180e-02
  3.8500434e-01
  1.4317396e-01
  2.7539173e-02
 -1.9101356e-03
 -9.3452714e-02
  2.6618516e-01
  7.3874637e-02
 -1.0572122e-02
  2.7019883e-02
  1.6514491e-02
 -6.1285663e-01
  1.2139531e-03
  1.8805671e-01
 -7.4457424e-03
 -8.2667455e-02
 -1.6343941e-01
 -5.4324901e-01
 -5.3835070e-01
 -4.8206087e-02
 -2.0444207e-04
 -1.4519479e-02
 -4.9808337e-03
  2.4387445e-02
  4.7739040e-02
 -2.2324363e-02
 -9.3665589e-03
 -2.3504563e-03
  1.0421027e+00
  1.2129152e+00
 -5.8315289e-01
  1.0792706e+00
 -3.8485891e-01
 -2.0301228e+00
 -8.2787222e-01
 -1.3042204e+00
 -1.1265666e+00
  1.9206302e-03
  2.0830926e-02
 -1.2361804e-02
  1.5470927e-02
 -8.4496707e-02
  1.4123350e+00
 -2.0885943e-03
  4.1721421e-01
  2.0373553e-01
 -3.4644022e-03
 -5.2484185e-01
  2.5254896e-01
  3.8297883e-01
  1.3718414e-02
 -1.8546506e+00
  3.0865787e-02
  1.3123747e+00
 -2.5816846e-01
  2.6437456e-02
  2.6029472e+00
  2.2702666e-01
 -1.2096491e-01
 -1.2864763e-01
  7.6000020e-03
  1.1969525e-02
 -3.1966127e-02
 -4.6219854e-03
  4.5308940e-02
  6.6276542e-03
  5.7072677e-03
 -1.2026761e-02
 -3.4727110e-04
 -2.4728388e-02
  3.4255207e-02
 -1.6275262e-02
 -1.1327501e-03
  8.7593654e-03
 -2.0518700e-02
 -2.4863787e-01
 -1.9515475e-02
  1.9774321e-02
  1.4548292e-03
  7.2254771e-03
  8.3295852e-03
 -4.1960645e-03
  1.2166883e-03
 -1.8418303e-03
  1.2585988e-02
 -2.7365445e-03
  1.6932745e-03
  1.0792426e-02
  1.8750120e-02
  4.9242983e-03
 -1.2644702e-02
 -6.7900289e-03
 -8.7164147e-03
 -3.4128139e-03
  1.8228790e-02
  1.1905381e-03
  4.7667507e-02
 -1.1483667e-02
  2.1357431e-01
  3.4369711e-02
  1.8508753e-02
 -2.6731018e-02
  3.4936909e-03
 -1.8257067e-03
  2.1394326e-03
 -7.6064309e-03
 -6.7093601e-03
 -4.1876407e-03
  2.1534838e-02
  1.1796986e-02
 -5.8166394e-03
 -2.5525268e-02
  7.8449765e-04
  3.0055903e-03
 -9.9571776e-03
  3.5969769e-03
  7.9965442e-02
  1.5421827e-01
  2.7080597e-03
 -3.5281304e-01
 -3.3113539e-01
 -2.8469884e-01
 -5.2360225e-01
  9.8866530e-02
  3.5759473e-01
  1.7159540e-02
 -6.1314333e-02
 -1.3681348e-01
 -5.1527821e-02
  3.9074764e-01
  7.2943959e-03
 -4.9978167e-01
  9.1528937e-02
 -2.6939803e-01
 -4.4922680e-03
  1.4878240e-01
  6.5112227e-01
  2.5851047e-03
  9.7391708e-03
  1.5832970e-01
 -1.9627285e-01
  7.0540890e-02
  1.9942456e-01
  3.4571487e-02
 -3.5715127e-01
  2.5965562e-02
 -3.8248990e-03
  1.4151408e-02
 -4.4943132e-03
 -7.8510046e-03
 -3.9094889e-01
  1.2597364e-03
 -1.1852375e-01
 -2.6835221e-01
 -2.4668854e-02
  6.7701109e-04
  9.1104526e-03
  7.1638301e-03
  1.0542337e-01
  6.3602366e-03
  7.8873628e-01
 -1.7551267e+00
  1.3345422e+00
  1.3126208e-01
 -3.4805289e-01
 -1.0813557e+00
  3.3170971e-01
 -1.7060225e-01
 -3.9507222e-01
  1.4884540e-02
 -4.3735891e-03
  1.8669156e-02
  1.0060444e+00
  4.5816201e-01
 -8.3719753e-03
  5.0097805e-02
  4.3684144e-02
 -5.7262275e-03
 -2.1547863e-01
 -5.9814155e-02
 -6.4403079e-02
  1.1580539e-01
  1.4347225e-01
 -4.9198747e-02
 -1.3178701e-02
  2.9507577e+00
 -9.7469606e-02
 -6.7043357e-02
 -4.5949456e-01
  6.4864539e-02
  1.4795365e-02
  1.3812063e-03
  4.1834468e-01
  3.7623072e-01
  5.2213792e-02
 -3.9814037e-01
  3.6810809e-01
  2.5565563e-02
 -7.3022498e-03
  2.0459898e-02
 -1.6226279e-02
 -2.0202029e-02
 -4.9087048e-02
 -1.4265218e-02
 -1.5431291e-01
 -1.3103453e-02
 -1.2477218e-03
  1.4636416e-02
 -9.5149010e-02
  2.7297605e-02
  2.1090424e-02
  7.7467166e-02
  2.6411376e+00
  4.1206427e-02
  1.1529308e-05
  4.0542666e-02
  1.8293876e-03
  2.0683875e-02
  1.6051747e-03
 -1.7660158e-02
 -2.5381535e-02
  2.2126826e-02
  5.6451634e-03
 -1.7222671e-03
 -3.3690467e-02
 -1.2512837e-02
 -1.2245500e-02
 -9.2271538e-03
 -7.7320784e-03
  1.8714823e-02
  1.6376516e-03
  2.2814199e-03
  6.4762379e-03
  3.8075824e-03
  3.5330962e-02
 -3.4166845e-03
  3.7000896e-03
  2.2533728e-02
 -1.3033976e-03
  1.4213395e-02
 -7.2953198e-03
  4.9839211e-03
 -1.1451548e-04
  3.2527014e-03
 -3.0290671e-02
 -1.0108612e-02
  1.2200098e-02
 -1.3387759e-02
 -4.6611524e-01
  5.8114779e-01
  1.0745949e+00
 -7.9127282e-01
  6.4805555e-01
  6.4556259e-01
  1.4278756e+00
  1.7003580e+00
 -3.6469793e-01
  1.2542000e-01
 -6.0293090e-01
  4.8697490e-01
  1.2116287e+00
 -4.2256363e-02
 -2.6298988e+00
 -2.0593198e-01
 -1.5812627e+00
  1.1775259e-01
  1.6255885e+00
  9.8904145e-01
 -2.2014061e-01
 -3.5198364e-01
 -1.6237456e-01
 -1.1347122e+00
 -8.3269507e-01
  2.0146666e+00
 -3.3987746e-01
  9.1845429e-01
  6.3921273e-01
 -3.5004826e+00
 -5.5566126e-01
 -1.5393502e-01
  2.1019011e+00
 -1.8300252e-01
 -7.0932919e-01
  7.8697003e-02
 -2.9386897e+00
 -1.1819435e+00
 -3.4747270e-01
  4.4692904e-01
 -6.7381585e-01
  8.2825691e-01
  5.6370848e-01
 -1.5375155e-01
  1.4313024e-01
 -1.6119869e-03
 -1.2426483e-02
  6.5243614e-01
 -1.6122839e-01
 -6.8272007e-01
 -1.3546281e-01
  1.5980902e+00
 -2.8149319e+00
 -2.6543352e-01
  5.9083323e-03
 -3.1235224e-01
 -6.0749495e-01
  6.1496533e-04
 -6.4501646e-03
  2.0097387e-01
  1.0906299e-01
 -4.6205033e-02
 -5.0574905e-01
  5.6445422e-03
 -2.0613179e-03
 -1.3144232e+00
 -1.6754310e-01
 -3.1351972e-02
  8.0767311e-02
  7.1121722e-02
 -3.1644943e+00
 -4.7465961e-02
 -9.3880825e-02
  3.2635115e-02
  2.9054837e-04
  4.4228226e-02
 -1.1804258e-04
  2.5776120e-02
 -1.7095068e-02
  4.5076744e-03
 -1.8862016e-03
 -3.1129929e-04
 -9.7273495e-03
 -2.0077778e-02
  1.4176385e-03
  2.6413294e-02
 -1.3966262e-03
  8.1522288e-03
 -7.7562183e-01
  1.0154439e+00
  5.8443624e-01
  7.7275902e-01
 -1.7859395e+00
 -5.2200598e-01
 -9.3869179e-01
  6.1845630e-01
 -1.1648616e+00
 -2.0967105e-02
  4.8038526e-03
 -2.8486443e-01
 -5.2364789e-02
 -8.4535003e-01
  8.5355289e-02
  5.4254514e-01
  5.8681953e-01
 -6.2633806e-01
  1.3657123e+00
 -8.0432191e-02
 -1.0826132e-01
  3.4491464e-01
  1.0391548e+00
 -2.2405367e+00
  1.2290574e+00
  8.1517227e-02
  6.4803764e-02
 -3.2641686e-02
 -2.1183136e-01
  3.2251745e-01
 -1.5643386e+00
  9.7955465e-02
  2.7890747e-02
  5.4412425e-02
  1.7468194e-03
  7.2370130e-01
  5.8203804e-01
  2.1148589e-02
  3.1680860e-02
 -1.0281966e+00
  1.5846338e-02
  1.3418384e-01
 -7.0446781e-03
 -1.6585317e-02
  2.5734956e+00
 -1.7893352e-02
  4.3738392e-01
  7.5846833e-01
 -1.2427942e+00
 -5.7757445e-02
  4.5720720e-01
 -6.8177283e-02
 -9.9004322e-01
  1.1682850e-01
 -9.8718768e-03
  8.2656853e-03
 -4.9890045e-02
 -8.5181035e-03
 -7.3080943e-03
 -1.4756057e-01
  7.8070238e-02
  1.1850244e-02
  3.0475721e-01
 -6.4963952e-02
 -3.3610817e-02
  4.1914064e-02
 -5.3383652e-02
  2.7835593e-01
 -4.8893536e-03
  7.0978127e-02
 -5.6177340e-03
  2.7939337e-03
  1.3842327e-03
 -3.6037993e-03
 -4.0780580e-01
  1.8659877e-03
  3.3632743e-03
  5.6737163e-03
 -7.0266118e-03
  5.2135875e-03
  1.3614562e-02
  6.2823556e-02
 -1.6798783e-02
 -2.7916270e-01
 -3.9271131e-02
 -1.1740764e-02
  3.8412770e-03
  4.7459519e-03
  4.1010600e-02
  1.1675917e-01
 -1.7830204e-02
  7.2972469e-02
  9.8909006e-02
 -2.4687821e-01
 -2.4795112e-01
 -2.5965065e-02
 -3.2646410e-02
 -5.7405755e-02
  7.1019297e-03
 -9.9467589e-03
  9.1231307e-03
  9.6815312e-03
  2.8356362e-02
  2.8645873e-02
  1.6805911e-02
  6.0689706e-02
  1.0098603e-02
 -6.3222803e-02
  1.0345855e-03
 -2.5906735e-03
  2.5651770e-02
 -5.6324238e-03
  3.2147273e-01
 -2.8130659e-03
  7.7017373e-03
 -2.9571250e-04
 -1.1213970e-02
  3.2926113e-03
 -6.8195979e-03
  5.0054751e-03
 -8.0753826e-03
  3.9490429e-03
  1.7398258e-04
 -1.1113920e-03
  7.3552549e-02
 -1.1498891e-02
 -1.0900936e-03
 -3.3429929e-03
 -2.1684131e-02
  8.1881033e-03
 -9.7117908e-03
 -2.8599333e-03
  8.8510162e-01
  6.6980988e-02
 -1.7204620e-01
  8.2351334e-02
  5.9472576e-02
  2.1251176e-01
  1.6549635e-03
 -2.9035157e-03
  1.1284368e-01
  1.4429385e-02
 -1.9328611e-02
  5.8843708e-04
 -1.0839091e-02
 -1.0011020e-02
  1.2639669e-03
 -3.6387116e-02
 -7.0414115e-03
 -2.9888726e-04
 -2.6988309e-02
  6.8586222e-03
  1.0112653e-02
  1.0012191e-02
  5.4624043e-02
  5.3031530e-02
 -1.3253964e-02
  5.8579285e-02
  1.7780714e-02
  1.6169861e-02
  4.5929141e-03
 -2.5759216e-02
  3.5855250e-04
  1.3774131e-02
  4.5208614e-03
 -6.7615877e-03
 -1.1525549e-02
  6.1442889e-03
 -1.1765099e-02
 -2.6477000e-02
 -3.8324296e-01
 -2.6297406e-04
  7.4746669e-03
  3.9104884e-04
  2.5454964e-02
  1.3279431e-02
  5.4102987e-02
 -1.3953604e-01
  1.0892806e-02
 -4.8562344e-02
 -1.2291654e-01
 -6.2634790e-01
  3.4490874e-01
  8.7850399e-02
  9.5565490e-02
  1.8487524e-02
  1.7101610e-02
 -5.4622493e-03
 -8.2502747e-03
 -3.0737307e-02
  9.0769231e-03
 -1.5287915e-02
 -1.4324532e-01
 -3.1577226e-02
  3.0942211e-02
  1.0697472e-01
  2.0785793e-03
 -1.4305755e-02
  2.1407118e-02
  2.5855007e-02
  8.4126219e-03
  1.6066927e-01
  2.0300077e-01
  4.3519624e-02
 -2.1189860e-01
 -2.1885192e-02
  6.5145222e-03
 -2.9002870e-02
 -5.9319526e-02
  1.7371185e-03
  3.0102124e-03
 -2.5843794e-02
 -3.0691680e-02
  3.6997120e-03
 -1.7499756e-02
  2.7899077e-02
 -4.7574377e+00
  3.7265833e-02
  8.2614139e-02
  4.0345592e-03
 -3.8290951e-01
 -1.0138733e-01
  9.3175185e-01
  6.9876033e-01
 -5.7908934e-01
 -3.4406012e-01
  2.7285212e-01
  7.6919007e-01
  4.7302520e-01
  2.9591891e-01
 -2.4676730e-01
  3.4038258e-01
  1.0530879e-02
  5.7933176e-01
 -5.1430915e-02
 -9.5941228e-01
 -3.2842541e-03
 -4.1000402e-01
 -1.3273217e-02
  2.2232765e-04
  2.4024612e-01
 -2.2149771e-01
 -8.4332533e-02
  6.9658053e-01
 -1.1512971e-02
  4.8088589e-01
  1.8954234e-01
 -1.8058889e-01
 -1.8927172e-02
 -1.1496956e+00
 -7.5651407e-01
  1.0262649e-03
 -1.4790546e-02
  4.1493185e-02
  8.8976276e-01
 -1.5679209e-01
 -7.7341926e-01
 -7.8838822e-03
 -4.6819262e-02
  2.0526224e-01
  3.2577652e-03
  3.8441934e-02
 -1.8875932e-03
  4.5863013e-03
  1.4547695e-03
 -5.3783748e-03
 -3.9032055e-03
  8.1418417e-03
 -1.6157170e-01
  8.9547411e-03
 -1.5550986e-02
 -1.9836971e-03
  3.2330209e-03
 -3.3420756e-02
 -1.0697625e-02
 -4.3754699e-03
 -5.7213618e-03
 -7.5795818e-03
 -3.0065305e-03
  1.0385963e-01
 -3.9776582e-03
  6.2588588e-03
 -6.0040283e-04
  2.9569399e-03
  1.2827783e-03
  7.1290047e-03
 -3.0968344e-01
 -4.4771664e-02
  7.8384709e-03
 -2.1828936e-02
 -3.0928680e-03
  2.5315490e-03
 -1.1668422e-03
 -5.0556345e-04
  7.1121077e-04
 -2.4565484e-02
  4.2046267e-03
 -3.3591047e-04
 -6.0301373e-04
  6.3341460e-03
 -1.0676023e-02
 -2.5297472e-02
 -1.5782308e-02
 -1.4428794e-03
  1.8035253e-03
  1.7936945e-02
  2.0050429e-02
  1.8704154e-03
  7.0628154e-01
  9.2995429e-01
 -5.4011631e-01
  2.0808221e-01
  5.0791550e-01
 -3.3724549e-01
  1.5310439e+00
 -1.8603276e+00
 -6.9475025e-01
  4.0895864e-02
  3.5192296e-03
 -9.1041577e-01
 -2.8265849e-01
 -4.0773427e-01
 -7.3708487e-01
 -1.6548151e+00
 -7.6724792e-01
 -1.3975026e-01
  8.8273361e-02
  2.0983906e-01
 -9.5298606e-01
  6.5555871e-01
 -5.1728779e-01
 -1.1563804e-01
 -3.4637535e-01
 -1.2353089e+00
 -7.1942484e-01
 -1.7636073e+00
  4.5681253e-01
 -9.9586189e-01
  5.6553025e-02
 -3.5588524e-01
 -7.4672794e-01
  2.8356082e+00
 -1.5301255e+00
 -1.0705809e-02
 -1.1416030e+00
 -3.4806805e-03
  3.5497728e-03
 -3.8488236e-01
 -1.9659321e-01
 -4.7248974e-01
 -6.6502118e-01
  9.2002060e-03
 -8.2457490e-02
  8.2083374e-01
  4.5362389e-01
 -9.8352641e-02
  2.4837427e-01
 -2.1375155e-01
 -4.2726058e-01
 -1.4306709e-01
 -6.2680995e-01
  2.7067509e-01
  3.0070859e-01
  5.0447159e-03
 -4.0355418e-03
 -3.6060429e-01
  3.8928296e-02
 -7.3384810e-03
  2.7426893e-01
  9.4810677e-01
 -9.0152526e-01
  2.0976359e-01
 -4.5425076e-02
 -5.7292408e-01
 -5.0155407e-01
 -1.0848003e-02
  1.8556902e-01
 -3.3199839e-02
 -1.6543816e-01
 -1.5459532e-01
  1.0613554e+00
  2.8920943e-01
 -3.5814989e-02
 -7.5958036e-03
 -2.5958574e-01
 -2.5240260e-01
  2.4117495e-01
  6.2739444e-03
  1.3700838e-01
  1.8633717e-01
  1.2021535e-01
  1.1251241e-02
  8.7991394e-03
 -4.6696807e-03
 -3.9814949e-02
  1.3809442e-02
 -1.3564143e-03
  2.9676419e-01
  1.1731721e-03
  1.8590162e-02
  4.7804260e-01
  1.3621402e-02
 -6.8940228e-01
  4.9214493e-03
 -1.8637914e-02
 -1.4949680e-02
 -5.2647367e-03
  2.3054844e-03
  2.3196305e-03
  8.3286725e-02
 -8.1125298e-04
  2.9747372e-02
  8.4192380e-02
  5.1189840e-02
  4.2871258e-04
 -1.3595499e-01
 -3.1491544e-02
  2.3778027e-03
  3.4231145e-02
  2.9081730e-02
  1.2034227e-01
  5.0207996e-03
 -6.5283608e-03
  1.1065456e-01
  2.7617121e-01
  6.3460432e-02
  1.5024359e-03
 -2.7106665e-03
  4.8029562e-03
  6.7395950e-03
  8.9666678e-04
  1.4452324e+00
  1.3537132e+00
 -1.9812763e-03
 -1.7205992e-01
 -3.1201334e-03
 -5.9162319e-04
  8.7607466e-04
 -1.4141034e-02
 -1.5220850e-02
 -3.3654612e-03
 -1.4054337e-02
  2.0060001e-01
  2.5416922e-03
 -6.6600353e-03
  4.7938116e-03
  1.6935360e-01
 -2.4129431e-01
  1.2563473e-02
 -1.0196215e-02
 -9.1878595e-03
  9.4061391e-03
 -1.2818082e-02
 -5.7647536e-03
 -3.0876412e-03
 -1.6659284e-02
  5.3291419e-03
  5.1857810e-04
  1.2621076e-02
  3.3553548e-02
 -2.9928499e-04
 -5.4847011e-03
 -4.0899321e-02
 -4.1888980e-03
 -8.4845144e-03
  1.1058382e-02
  1.9177584e-03
  3.8370732e-03
  1.9852242e-02
  2.3956550e-04
 -2.4081566e-03
  1.0766154e-02
 -2.7669347e-03
 -6.2175142e-03
 -3.6048279e-03
  8.2148332e-03
  5.3454349e-03
 -7.2153122e-03
 -4.0891808e-03
 -5.1124478e-03
 -4.8031863e-03
  6.1335537e-04
  3.4344199e-03
  1.4476458e-02
  4.2575824e-01
 -5.8813415e-02
 -2.2779115e-02
  7.3143917e-01
 -1.3499404e+00
 -8.1528240e-01
 -5.6304032e-01
 -3.1219488e-01
  1.1064942e+00
 -1.7707160e-03
  9.8040886e-03
  4.3655530e-01
  1.8071583e-02
  4.1818658e-01
  6.1522308e-03
  2.6174599e-01
 -1.9832279e-01
  1.1051217e-01
  7.2852923e-03
  3.3084236e-02
  7.4461800e-01
 -2.5026134e-01
  5.1781554e-03
  1.6844880e-02
  9.6762672e-02
 -6.4703345e-04
 -3.6880709e-02
 -3.2814130e-02
 -2.0386325e-02
 -8.5473144e-03
 -4.6439515e-03
  2.8145667e-03
  4.1688364e-03
  4.7485521e-03
  1.7196357e-02
  3.1307496e-02
  5.7711668e-02
  3.0908065e-02
  2.2270985e-02
 -1.8651267e-03
 -1.9146937e-03
  1.0713346e-02
 -1.6994210e-02
 -1.2411349e-02
  1.3581638e-01
  1.9374344e-02
  9.3993682e-01
 -6.7027379e-04
  9.2693770e-01
 -5.5748731e-02
 -2.1746498e-01
 -1.1668348e-03
  1.7064800e+00
 -1.0525913e-01
  9.5572621e-03
 -1.8261539e-02
  2.8502482e-03
 -1.6589634e-02
  3.0340753e-03
  1.5116627e-02
  1.2461505e-02
  1.3361696e-02
 -1.0667785e-02
  1.2357565e-02
  1.8120445e-02
  4.5967843e-02
  1.4776566e-02
  8.8702757e-03
  2.1239022e-02
 -1.1458648e-02
 -1.0614135e-02
 -1.4038796e-02
 -2.6720265e-01
  1.8597922e-01
  5.7845712e-03
  1.0054167e-02
 -2.0382763e-03
  1.3546554e-02
 -7.1647479e-03
  3.6639376e-03
  2.9614847e-03
  6.7821215e-03
 -1.5670937e-02
 -8.3105522e-05
  2.2571592e-02
  9.1047995e-02
 -5.3355815e-03
 -2.8767370e-02
 -1.3325121e-01
 -4.6109819e-01
 -9.4061166e-01
 -8.1646880e-03
 -2.3684137e-02
  7.8363568e-03
  1.5253165e+00
  1.5267783e-02
 -8.8252419e-01
 -3.5429550e-03
 -1.0491731e-02
  9.4711110e-03
 -4.6207639e-03
 -2.6889276e-03
 -1.5967587e-03
  2.5671672e-02
 -1.1524591e-01
 -3.9162375e-03
  6.6418290e-02
 -5.5831112e-03
 -7.2283586e-03
  2.3398925e-01
 -1.8274906e-01
  1.4898619e-01
  8.6269475e-04
 -9.0236880e-02
 -2.9568085e-02
  2.2427654e-01
 -2.2761211e-02
 -1.1162256e-01
  3.4667882e-03
  1.5523046e-02
  1.4336875e-02
  2.1824438e-02
 -4.7739884e-03
 -1.5191786e-02
  2.1827163e-02
  1.8229283e-02
 -1.0519261e-03
  2.9808609e-03
  1.8838840e-04
  2.6009986e-03
  7.5438973e-03
  3.4733657e-02
  2.3841439e-03
 -8.0086160e-03
 -3.4458570e-03
  1.8639419e-02
  2.5318135e-03
 -7.5790565e-03
 -3.2640848e-02
  3.4021912e-03
  2.3328610e-02
  8.9730993e-03
  9.4958702e-03
 -2.6528479e-03
  9.8994458e-03
  1.7454073e-02
  1.9144770e-02
 -1.0133190e-03
  3.5809944e-03
 -8.7104505e-03
 -1.3036681e-02
 -3.3224798e-03
 -1.1890803e-02
  1.7676800e-02
 -5.7826251e-01
  3.9442191e-03
 -6.2841526e-04
 -3.3679968e-01
  1.8224193e-02
  2.9548462e-03
 -2.9776460e-03
 -1.2036269e-03
  1.1870762e-02
 -2.2253827e-03
 -1.5212202e-03
 -6.6876658e-03
 -2.2433219e-03
 -1.4591687e-02
 -6.6802311e-03
 -8.2925074e-03
 -1.0502165e-02
 -4.4730259e-05
  2.1348936e-03
  8.2315458e-03
 -5.6983237e-03
  4.8449282e-03
  3.6554009e-01
 -7.0122834e-03
 -4.8001954e-01
  1.7838219e-01
  1.8856834e-03
 -5.5063657e-02
  1.8147464e+00
 -3.1462491e-01
  1.3772939e+00
 -1.5370604e-02
  1.5178072e-01
 -4.6374443e-01
  7.4347388e-03
  1.9613900e-03
  5.1430166e-02
  2.0814016e-02
  8.7310029e-03
 -5.1584516e-02
  6.8426849e-03
  5.1523219e-03
  1.0966118e-02
  1.8216709e-02
  8.2223425e-03
 -6.8035096e-02
  5.7847751e-04
 -1.5907634e-02
  5.8705630e-03
  2.3667853e-01
 -5.1728058e-01
  5.2303579e-03
 -7.8039765e-02
  1.7114854e-03
  1.2817308e-02
  6.9883633e-03
  1.9785595e-01
 -2.2837103e-03
  1.9684240e-02
  5.2987970e-03
  3.1971952e-03
 -5.1302221e-03
 -1.6773093e-02
  5.0557375e-02
  2.3111576e-02
  1.4352518e-03
 -2.2300884e-01
  1.2225616e+00
 -6.3305461e-01
 -2.1908796e+00
  2.0977845e+00
  1.3926610e+00
  1.0349458e+00
 -3.1933822e-02
 -6.8374270e-01
  1.4813870e-02
 -1.2298290e-01
 -4.9234495e-02
 -3.9143765e-01
  9.2323627e-03
  1.3946954e+00
  1.2806768e+00
  5.3903919e-01
  3.7752891e-01
  8.6082876e-01
 -8.3719587e-01
 -2.1722193e-01
 -8.9387977e-01
  4.7839952e+00
 -5.7366151e-01
  3.5080850e-01
 -1.8663747e+00
 -9.8298597e-01
 -3.8230082e-01
  7.4701673e-01
  6.1336243e-01
  2.6579414e-02
 -1.0540514e-03
 -1.2370481e-03
 -7.2818536e-01
  2.2306398e-02
  1.9546788e-02
  4.0793693e-01
  2.9787943e-01
  8.3368709e-03
 -2.6901555e-01
  3.4748635e-01
 -1.9078763e-02
 -2.5762431e-03
  6.3467757e-03
  2.9984338e-03
  3.8448408e-02
 -2.2227542e-02
 -9.7821280e-03
 -3.6166248e-01
  8.1750073e-02
 -2.2266841e-01
  1.0960666e-03
  6.3359284e-01
 -1.0802895e-03
 -7.0585227e-03
  1.4753418e-02
 -2.9063383e-03
  1.2275535e-02
  1.9265138e-02
  2.4754144e-02
  4.0812492e-03
  1.2074309e-02
 -1.1437803e-02
 -7.9164598e-03
  1.1019512e-02
  2.1808611e-03
 -1.7719516e-03
  3.2018016e-03
 -4.9549229e-03
 -8.8372603e-03
  1.0229136e-01
  1.0400421e-02
  1.2958897e-02
  6.9917090e-02
 -1.7347815e-03
 -6.1058369e-03
  5.4640803e-03
  9.6382508e-03
  1.1514215e-02
  1.7425813e-03
  1.0410725e-02
 -8.9799303e-01
  2.5271830e-01
  5.3214347e-03
  9.1675492e-03
 -1.7536668e-02
 -1.1633906e-02
 -2.7943086e-02
  4.5239496e-01
 -9.3666822e-02
 -1.1584089e+00
 -1.8618020e-01
  2.4508989e+00
 -2.3550940e+00
 -5.2436244e-01
 -6.6700542e-01
 -1.2146313e+00
  6.3826293e-02
 -1.5051377e-02
 -1.2586407e-02
 -4.0208185e-03
 -8.9297881e-03
 -1.6544425e-01
 -7.2000171e-03
  1.8384147e-02
 -5.3294670e-02
  1.0718542e-01
  1.1204453e-03
 -7.4978036e-01
 -6.6194599e-03
 -1.6609134e-02
  1.2896988e-01
  5.1551485e-03
  9.0626732e-02
 -3.2045832e-03
  1.0393734e-02
 -3.1775620e-03
 -2.7994742e-04
  1.7077101e-02
 -1.2362747e-03
  1.8261794e-02
  1.1399443e-03
  2.0266647e-02
  2.7637002e-03
  1.2225821e-02
 -1.9617300e-02
  1.0182318e-02
 -9.6351365e-03
 -1.5052231e-02
 -5.0897077e-02
 -8.8500222e-03
 -9.1326674e-03
  7.5450920e-02
 -4.1747105e-01
  2.2853496e-02
 -9.9838041e-02
 -4.2995146e-01
  7.0004636e-01
 -1.5145140e-02
 -6.8881881e-01
  1.0251358e+00
 -2.1407543e-01
 -1.5157905e-01
 -8.3506620e-01
 -7.1102959e-01
  3.1570625e-02
 -3.7833542e-02
  7.5444531e-01
  5.3236213e-02
 -5.4518855e-01
 -1.5757278e-01
 -1.8638319e-01
 -4.6728489e-01
  3.2214895e-01
  5.6132877e-01
  6.3397296e-02
  1.3845164e-01
 -6.4599580e-01
 -1.5548222e-01
  1.1793573e+00
 -2.1260971e-01
  1.2703498e-01
 -5.7197785e-01
  4.7848353e-01
 -1.5765370e-01
 -6.4931579e-02
 -1.7724033e-02
 -6.3006800e-01
  3.7568638e-01
  1.7469695e-01
  1.8831640e-02
  1.1709547e-02
 -6.4218980e-03
 -1.5002167e-01
 -2.9947665e-01
  6.0922918e-03
 -2.0816565e-02
  6.0820058e-03
 -3.8843468e-02
  4.3358356e-03
  5.4398602e-01
  4.1057346e-03
 -8.8986512e-03
  6.3433428e-03
 -4.6430766e-03
 -1.3904409e-02
  1.3973778e-02
  1.7689887e-02
  3.4729717e-04
  6.5501891e-02
 -2.7771030e-02
 -8.3122933e-03
 -9.0412535e-03
 -3.4248005e-03
  3.7177268e-03
 -1.9082097e-02
  3.4149443e-03
  1.2693002e-02
  4.7109006e-03
  1.5343221e-02
  1.1150174e-02
  6.2057702e-03
  1.1272171e-02
  2.0763019e-01
  3.8328907e-04
 -1.6029049e-03
 -1.1698944e-02
  1.0271524e-02
  1.0123548e-02
  4.2265346e-03
  1.1994581e-02
 -7.9142256e-03
  3.5848338e-03
  1.4072154e-03
  6.9078719e-03
  7.5464519e-03
 -1.7506431e-03
  3.3190683e-03
 -3.3906929e-02
  1.4388249e-02
 -1.0474654e+00
 -6.5753126e-01
 -6.4677358e-02
 -1.1817437e-01
 -5.6799001e-01
  3.4708348e-01
  7.9570985e-01
 -2.7450451e-01
 -4.6245044e-01
  1.9544526e-03
 -1.4948281e-02
 -3.0927122e-02
  6.9904476e-03
  1.9615744e-01
 -1.3139321e-02
 -5.9855841e-03
 -1.4912438e-01
 -1.2996998e-01
  6.7842923e-02
 -5.9923218e-03
  5.2390676e-02
 -2.2283580e-02
 -2.9097717e-02
 -1.1256555e-01
 -2.5901681e-02
 -1.5573444e+00
 -9.9208429e-03
 -2.8907834e-03
 -8.6625236e-01
 -1.1041314e-01
  1.9179774e-03
  1.6292160e-02
  1.6581444e-01
 -7.8100513e-04
 -2.6014764e-02
 -3.6030123e-04
 -2.3489004e-02
 -7.1431780e-03
 -2.0037964e-02
  1.5132116e-02
  1.4048968e-02
 -9.0267519e-03
  2.6848125e-03
 -3.4392478e-03
 -7.7911860e-01
 -3.6755514e-03
  2.5271380e-03
  3.5761642e-01
 -1.1191289e-01
 -2.1415186e-01
 -6.4389626e-03
  2.3068329e-02
 -1.8223975e+00
  3.9410498e-03
 -1.2797249e-02
 -1.8667859e-01
 -1.3269473e-02
  7.8277141e-03
 -4.4353318e-01
 -6.2198951e-03
  9.9503081e-03
 -2.9455025e-03
 -6.0091722e-03
 -2.9909175e-02
 -1.1316665e-02
  2.0368541e-02
 -1.1330822e-02
 -5.1704068e-03
  5.7110516e-03
 -1.1141172e-02
 -1.0266589e-02
  3.2676463e-03
 -9.9951826e-02
  1.4090022e-02
  6.2491489e-04
 -1.1294158e-03
  2.7125260e-02
 -8.9267381e-03
 -4.4013737e-03
 -3.8778021e-03
 -3.8183762e-03
 -2.2814320e-03
  1.0974267e-02
  5.6349966e-03
 -1.3112483e-02
 -2.3634274e+00
  7.3122545e-03
 -8.5755978e-03
 -1.2025570e-02
  1.5823813e-03
  7.1026199e-04
 -1.4667982e-03
 -7.3558297e-03
  3.0721989e-01
  1.5056831e-02
  2.9016691e-01
 -4.5851766e-04
 -1.7031301e-03
 -6.0922997e-03
 -9.6989311e-03
 -7.0470897e-03
  2.2843261e-03
 -2.1513496e-03
  1.1379830e-02
  6.3112411e-03
  1.5696723e-02
 -6.3558575e-04
 -4.6114184e-02
  1.2916049e-02
 -1.4620186e-01
  2.4794387e-02
 -1.3564879e-02
  6.4597572e-03
  5.8474327e-03
  5.6088823e-03
  7.8364834e-03
 -1.9880276e-02
  3.4047920e-02
  2.4046125e-01
 -1.7921361e-03
  1.3287794e-02
 -1.4301962e-02
 -5.0049629e-02
  7.6213269e-04
 -2.5930295e-02
  3.1345577e-03
  2.4582192e-02
  7.5650122e-04
 -1.3769058e-02
  1.2997471e-02
 -3.1673267e-02
  4.9415086e-03
  4.7215763e-01
 -1.8016793e-01
 -1.3194664e-02
 -4.2832470e-03
  7.0494870e-03
  1.5866029e+00
 -3.0789653e-02
 -7.2686039e-03
 -7.2553736e-01
 -1.0759769e-02
 -8.7956693e-03
 -1.0599388e-03
  4.8313201e-03
  1.6125847e-02
  1.7105790e-03
 -2.4354458e-04
  1.8121503e-02
  2.1207122e-02
 -1.7645173e-02
  6.7785233e-03
 -7.7897348e-03
  6.7938463e-04
  2.0797816e-03
  1.0625253e-02
 -2.3560338e-03
  1.2938478e-02
  5.1782615e-03
 -5.1540812e-04
  1.9287212e-02
 -7.6111421e-02
 -4.8043054e-02
  5.8998133e-04
 -1.3482668e-02
  1.7254051e-02
 -1.4484345e-02
  1.1229322e-02
 -4.6042055e-03
 -6.2106750e-03
 -1.6193892e-04
 -6.6949152e-03
 -4.0669739e-04
  7.6713171e-03
  1.4247815e-03
  6.7590484e-03
  5.7058535e-03
 -1.7661978e-02
 -8.9810631e-04
 -2.4562140e-03
 -1.5549431e-02
 -4.9487324e-03
  9.8338616e-01
 -1.2141553e-02
  2.9228058e-01
  4.0601348e-03
  1.8159794e-03
 -1.1900546e-01
  4.2682993e-03
 -1.1689684e-02
 -1.9908696e-02
 -1.3233821e-02
  1.0184525e-02
  1.9812599e-02
 -1.9562292e-01
  2.5815126e-02
  3.3426587e-04
 -3.1772360e-02
  1.8528072e-02
  3.5864476e-02
  2.8996611e-02
 -7.0952764e-04
  1.0572702e-02
  3.3265909e-03
  6.2023751e-03
 -8.5778106e-03
 -2.0510668e-04
 -3.0413914e-02
  4.4024712e-03
 -1.4981705e-03
  7.6383646e-03
 -6.7029092e-03
 -9.1381902e-03
 -2.0058878e-02
  2.0205891e-03
 -1.4822450e-02
  5.7253274e-03
  3.0732505e-02
  6.2408075e-03
  3.6540024e-02
  4.2723736e-01
  2.8494516e-01
 -1.8196531e-02
  1.9996518e-02
  8.1928521e-01
  8.4072560e-02
  1.4474058e+00
 -1.4661524e-03
  6.7244512e-03
 -3.2323860e-03
 -4.8021241e-03
 -2.1337431e-03
 -4.4501889e-03
  9.1269873e-02
  2.1722419e-03
  2.5457893e-02
  1.9962448e-03
  3.6820102e-02
  1.1682469e-02
 -2.3705881e-02
 -1.2216524e-02
  2.2328872e-02
 -1.6323820e-01
  7.4178986e-02
 -3.1983852e-03
  5.3278578e-04
  5.2694040e-03
  1.6435683e-02
  2.5076437e-01
  1.0515924e-01
  2.1254207e-04
  2.3725717e-03
 -1.8069433e-02
 -2.3719024e-02
 -7.7962028e-03
  3.0618676e-03
  2.3064956e-02
  3.2819961e-03
  2.3200106e-02
 -1.5019579e-04
 -3.5855383e-02
 -3.7593577e-02
 -9.5508292e-02
  6.9595608e-03
  9.8845494e-01
  1.8480384e+00
  8.2027060e-01
 -4.1160446e-01
 -8.9749104e-01
  1.2118091e-02
  1.5086803e+00
  3.1362565e+00
  7.7261502e-01
  8.5626645e-03
  9.5864814e-03
  3.6908871e-01
 -1.3737226e-03
  1.0517748e-01
  5.5288147e-02
  4.1284320e-01
  5.5492818e-01
  4.1333309e-01
 -1.3752948e+00
  2.1357332e-01
  8.2704270e-01
 -1.0320246e+00
  8.7443048e-01
 -1.0448321e-01
  6.5441191e-02
 -1.1778061e+00
 -1.5128395e-01
  3.5572803e-01
  3.4872696e-01
  9.2875340e-04
  1.5507229e-01
  1.6490398e-03
 -4.6823683e-04
 -1.2888529e-03
 -1.0982293e+00
  3.5652854e-02
  2.0483756e-02
 -2.0145488e+00
  5.2494381e-04
  1.4228280e-01
 -4.5687305e-03
 -7.7461125e-03
 -1.2558148e-02
  4.3966044e-03
  1.0927908e-01
 -4.3769088e-02
  2.9819664e-01
  1.7485302e-02
 -1.3739747e-02
  8.6768287e-01
  2.2022499e-01
 -3.0531174e-01
 -1.9954766e+00
  3.9088571e-01
  1.1067584e-03
  7.1989995e-01
 -8.1293553e-01
  2.2964247e-02
 -8.0016889e-03
 -1.5670961e-03
 -2.1148215e-01
  3.2233492e-02
  2.4822224e-03
  7.6857097e-02
  1.2416468e-01
 -7.5077020e-02
 -8.5285664e-02
  1.9070925e-01
 -2.5906187e-02
 -2.2333471e-01
 -2.1517193e-01
 -1.9714756e-01
  8.7931013e-04
 -1.0318498e-01
  1.7766301e-03
 -6.2184092e-03
  1.5601575e-02
 -9.9552274e-03
  3.1829286e-02
 -6.4565788e-04
 -4.1884142e-03
  5.5263273e-02
 -3.8857077e-04
 -1.6219810e-02
 -6.9912648e-01
 -2.1788898e-01
 -2.0924713e-03
 -3.1827916e-03
 -1.2505327e+00
 -2.9233540e-03
  4.6947810e-01
  5.9697646e-01
 -2.5369087e-01
 -2.9484278e-01
  1.8398527e-03
  4.9215788e-01
 -1.1764288e-01
 -5.9636013e-04
  7.5021805e-04
  1.5555429e-02
  3.8801853e-02
  2.3422050e+00
  7.0279646e-01
  2.9739383e-01
  6.4294063e-02
  1.6629557e-01
 -1.8009624e-02
 -7.2724730e-01
 -3.9186604e-02
  4.3128175e-01
  7.5718260e-04
  3.9254441e-03
  1.8611553e-01
  3.4066024e-01
  2.4970958e-04
 -1.2467165e-01
  1.7663784e-02
  6.1531860e-01
 -2.3701223e-02
  4.2526308e-02
  9.4300602e-03
  3.4450723e-03
 -1.5930747e-04
 -9.7640743e-03
  2.3252273e-01
  5.1308495e-01
  6.3326042e-03
 -2.3013141e-03
 -3.0629991e-03
  3.9699953e-03
  2.6315650e-02
 -2.1228304e-02
 -7.1304195e-02
 -3.2958522e-01
  2.3376321e-02
  9.7257607e-02
 -6.6105071e-03
  1.7133489e-02
  1.9193298e-01
 -9.3377410e-03
 -3.5339370e-01
  2.5196699e-05
 -1.6924210e-02
 -3.2080570e-04
  9.8019309e-02
 -9.2597445e-03
 -1.2729731e-02
 -4.1077515e-01
 -4.7079541e-02
 -1.0796787e-01
 -1.5431806e-01
 -5.2755963e-02
 -8.0471542e-03
  5.8289254e-03
 -4.0752761e-02
 -8.0227214e-01
 -3.6644930e-01
 -8.3845191e-02
  2.8891164e-01
  9.9996366e-02
 -2.7891898e-01
  2.5356600e-01
  6.3286666e-03
 -2.0592136e-02
 -2.9676121e-03
 -3.3225652e-02
 -8.2395924e-03
 -1.1043019e-02
 -5.3038943e-01
 -1.0516293e-01
 -1.4201588e-02
 -6.2651552e-02
 -6.6323336e-03
  5.4781843e-02
  2.5103450e-02
 -4.7720447e-03
 -1.0241464e+00
  1.1065806e+00
 -4.3890446e-01
 -4.6513963e-01
  9.6811956e-01
  6.0780513e-01
 -2.8009443e+00
  9.0742904e-01
 -9.5637190e-01
 -1.9321307e+00
 -2.4296744e-02
 -3.2174070e+00
  2.6253188e-01
  1.5862931e+00
  4.9157202e-01
  1.6494799e-02
 -6.8525583e-01
 -3.9645794e-01
  6.3417143e-01
  4.5919739e-02
 -1.8499137e-01
  1.4076022e+00
  4.6105582e-01
 -9.5829326e-01
  8.9562941e-01
 -1.3775982e+00
  6.1366087e-01
 -4.1260710e-01
  6.1746591e-01
 -2.4877425e-01
 -2.8910318e-01
  3.0784535e-01
 -6.6908196e-02
 -1.4659641e+00
  4.5978010e-01
 -3.6721968e-04
 -2.9175490e-01
 -4.2972416e-01
  6.0560661e-03
 -4.7410507e-02
  1.4960797e-02
  2.0776527e-01
  2.4621415e-01
 -3.3658385e-02
 -9.0588647e-01
 -4.0205261e-01
  1.1443894e-01
  2.8995401e-01
 -1.7278931e-01
 -3.1838307e+00
  1.2229182e+00
  1.8401740e-02
 -7.9953122e-01
 -7.3885396e-02
  1.1104492e-02
 -1.0736044e-02
  7.0418059e-03
 -5.7745329e-03
  7.9252310e-02
 -2.9352941e-03
 -1.8834120e-01
  8.0976542e-03
 -4.1789165e-01
  1.7301857e-02
  1.1224683e-01
 -6.8828499e-01
 -2.2151785e-02
 -2.5993130e-01
 -3.9970735e-03
 -5.4232752e-01
  1.1373519e-02
  1.2717214e-01
  8.9441584e-03
 -2.7461556e-01
  2.3654457e-03
 -1.1489958e-02
 -1.1560991e-02
  3.8976632e-03
 -1.1901503e-03
  1.4851032e-01
 -4.2696856e-03
 -2.8960505e-03
 -6.2417616e-03
  2.0533693e-03
  1.2372059e-02
  4.2328110e-01
  6.1254572e-02
 -4.1327062e-03
 -4.3370026e-01
 -9.8730765e-02
 -3.6232032e-02
 -3.2882798e-02
  2.0226283e-01
 -2.5896404e+00
 -3.0273709e-01
 -2.0136887e-01
  1.1408275e-01
  1.7639783e-01
  9.3685742e-04
 -6.6800587e-02
 -9.2767356e-03
 -1.1902706e-01
 -7.2421357e-02
 -3.4881450e-02
  1.9939924e-03
  6.3419454e-03
  2.6939765e-01
  7.4335574e-03
 -1.0645614e-01
  2.9103542e-02
 -2.9057746e-03
 -2.5612332e-02
 -2.1248813e-01
  2.1866225e-02
  5.8501028e-04
 -9.1150321e-02
 -4.2844851e-02
 -5.5027366e-02
  9.4325012e-03
  3.4286324e-03
 -8.8423388e-03
  2.2183275e-03
  2.0712281e-02
 -2.7020590e-02
  1.6759258e-02
  2.0863792e-02
  8.3927354e-03
  5.6005684e-03
 -6.8139229e-03
 -2.3818830e-01
 -1.1038709e-01
 -1.7355807e-02
  1.7190875e-01
 -4.5418083e-03
  3.6364784e-03
 -2.1671159e-02
 -1.4627151e-03
  5.2753454e-01
  1.3415416e-02
  1.8966794e-02
 -2.7251893e-01
 -8.5411062e-03
 -3.2940293e-03
  1.2813671e-04
  1.0040721e-02
 -2.0053907e-05
  1.5115361e-03
  2.3978052e-03
  3.5966334e-03
  4.5216572e-03
 -9.1156214e-03
 -1.3652234e-02
  6.1460156e-03
  1.1339518e-02
 -2.1501629e-02
  2.0735613e-03
 -5.7738861e-03
  2.8185157e-02
 -2.2902774e-02
 -1.2067728e-02
 -3.6949164e-03
 -2.5316007e-02
 -3.2710517e-04
  3.6329476e-03
 -6.9086468e-03
  7.7297185e-03
 -7.4231185e-02
 -4.3654931e-03
  1.4629673e-02
  7.1873879e-03
 -4.0807836e-02
  9.5122345e-03
  7.5779324e-03
 -3.1009899e-04
  7.7061998e-03
 -1.0427264e-02
 -5.8954871e-01
 -1.9841554e+00
 -2.4095838e-01
 -6.0699636e-01
  8.3981109e-01
 -6.3047630e-01
  2.4616118e-01
 -4.3586940e-02
  5.6641865e-01
  1.1302173e-01
 -1.9836692e-02
 -1.9333221e-03
 -1.9670298e-02
  5.1401805e-02
 -1.9614084e-01
 -4.4690722e-01
 -3.7030380e-02
 -5.2466053e-01
  3.9505903e-03
 -3.9657757e-01
  4.2404067e-03
 -2.3345912e-02
 -3.1774688e-01
  7.6652981e-02
 -2.9021224e-01
  5.9466743e-01
 -2.4193577e-01
  2.2576289e-01
  2.3721489e-03
 -6.2690340e-03
 -1.9275649e-01
 -4.4611678e-02
  1.8888234e-01
  6.4738907e-02
  4.5883259e-01
 -4.6140850e-01
  2.9267037e-01
  3.4353428e-03
 -6.2338552e-03
 -3.8024932e-01
 -2.0091264e-01
 -3.5911825e-01
 -7.2281249e-04
 -2.4181804e-02
 -1.1766269e-01
 -1.5385237e-01
  3.7596515e-01
 -4.5571703e-01
 -2.9926679e-01
 -4.3033257e-01
  1.1549481e+00
 -1.1449990e-02
  5.6101731e-04
 -5.6141782e-01
 -3.0505857e-01
 -1.1604549e+00
 -4.8753887e-01
  8.8126993e-01
 -1.2829526e-01
  4.1877663e-01
  2.5496992e-01
 -6.0400989e-02
  1.1412878e+00
  4.3467915e-01
  5.3275669e-01
 -1.3019726e-01
  7.8219491e-01
  2.3055065e-01
 -1.5382810e-02
  9.3708867e-03
 -5.3360236e-01
  3.9797384e-01
 -7.9157144e-01
  6.5295938e-03
  4.5207564e-02
  4.4795862e-01
  4.7996548e-01
  5.0869994e-02
 -2.9353866e-01
 -9.8663121e-02
  1.7785005e-01
  1.2208909e-02
  5.3451769e-03
  1.8410149e-03
  2.0342078e-02
 -3.2878688e-03
  1.6350320e-01
  3.1088083e-03
  3.9821216e-01
 -3.7652227e-01
 -1.6894224e+00
 -1.3249269e+00
 -8.9224887e-01
 -8.4813815e-01
 -1.5109535e-01
 -1.2326525e+00
  1.4112525e+00
  5.4184151e-01
 -6.1459266e-02
 -1.7943795e-01
  3.9500600e-01
  2.4013472e+00
  1.2858295e+00
  3.4804505e-03
  1.1924326e+00
  4.9013916e-01
 -1.2681497e+00
 -2.7085572e-01
 -1.9237120e+00
 -1.1891556e+00
 -2.2221371e-03
 -5.8754096e-03
  1.3500639e+00
  5.7622498e-01
 -1.4656788e+00
 -1.1367138e-02
  3.3429930e-01
  1.2287717e-02
 -1.1387592e-02
 -7.1849215e-01
 -1.7980655e+00
  1.5108384e-01
  1.1758751e-01
 -7.7655381e-01
  6.0770288e-03
 -6.2565899e-01
 -2.4902124e-02
  1.0974055e-01
  7.0234877e-01
  8.3347654e-01
  1.4005085e-02
 -4.3799642e-01
 -3.1651086e-01
 -4.5500001e-01
 -2.9052405e-02
 -3.4072544e-02
  2.2238462e-01
 -1.7265416e+00
  7.4574322e-01
 -7.9638046e-01
 -1.9691826e-01
  2.8126404e-01
  2.1263015e+00
  2.4617059e+00
  1.9814281e-01
  1.4549458e-01
 -1.1914887e+00
  1.9606322e-01
  5.0167513e-01
 -7.6448131e-01
 -6.9330686e-01
  2.4740750e-01
  5.3938633e-01
  1.1898403e-01
 -1.2335943e-01
 -4.7629482e-01
 -4.3724614e-01
 -1.8764617e-02
 -4.0553015e-01
  1.1535721e+00
  1.9204003e-01
 -2.9460333e-02
  9.4330162e-01
 -2.7125561e+00
  9.4874102e-01
 -3.1243287e-02
 -1.3385817e+00
  3.4359327e-01
  8.3018526e-02
  9.7034216e-02
  2.0622938e+00
  2.3191411e-02
 -8.7733813e-02
 -4.3023527e-01
  1.2839434e-02
 -1.3571180e+00
 -4.8052039e-02
  3.0897197e-01
  1.8805508e-01
  3.7330905e-01
  2.0770039e-01
 -3.5925722e-01
 -2.9427900e+00
 -1.4587889e+00
  1.4072794e+00
 -1.3822311e-01
  1.4364033e+00
  8.2899481e-01
 -2.7658832e-03
  9.6503355e-02
  4.6925882e-01
  2.1272639e-02
  5.4324530e-02
  3.6583629e-01
  1.7896920e-02
  1.0662180e-01
  6.2296274e-03
 -2.4165532e-02
  1.3117599e-02
  5.0787073e-02
  8.2577333e-02
 -7.0849183e-04
 -6.7394390e-04
  4.2891253e-02
  4.2248517e-04
 -1.7738737e-02
 -1.0682407e-03
 -4.6860576e-03
  2.6280431e-02
 -1.2826783e-02
  2.0045353e-02
 -1.0151851e-02
  1.0175866e-02
  2.8351587e-03
  4.7663198e-04
 -3.3472016e-02
  6.7111291e-03
  1.7515393e-03
 -6.3090692e-03
 -2.2400886e-02
 -3.7160136e-02
  9.4924076e-04
  1.4591925e-02
 -1.7067753e-02
  1.2770701e-02
 -2.4529719e-03
 -8.9993021e-03
 -1.1747206e-03
 -5.3473972e-03
  1.0061983e-02
 -1.3369778e-02
  1.6005278e-02
 -1.0559170e-02
 -1.1310278e-02
  4.6051510e-02
 -2.5587170e+00
 -2.2594159e-02
  2.2991318e-02
 -1.6697916e-03
 -4.8331772e-03
  2.6925188e-04
 -1.5566927e-02
 -1.5815801e-03
  3.6452953e-03
 -1.1522862e-03
  1.2298483e-02
  1.2831547e-02
  1.7276889e-02
 -2.0504935e-02
 -9.2029967e-04
 -8.3928404e-04
 -1.7053629e-03
 -1.3290259e-02
 -4.7574993e-03
 -6.8577839e-04
  2.7710493e-03
 -2.1654988e-02
 -6.4957608e-03
 -1.7413955e-02
 -5.2764192e-03
  1.9437721e-02
  2.0234570e-02
  1.9815736e-03
 -2.2800840e-02
 -7.9317926e-04
  1.3861889e-02
 -3.3956440e-03
 -1.5552577e-03
 -1.6686685e-02
 -1.7329957e-02
 -1.6721020e-02
 -8.6140167e-03
  1.3287338e-02
  4.2265649e-03
  2.2109624e-03
 -8.9987004e-03
 -2.7020064e-01
  1.4759968e-01
 -7.2599393e-01
 -3.4046522e-01
 -1.4127436e-01
  3.0521506e-01
  7.9999262e-01
 -4.3963343e-01
 -1.2167031e-01
  1.9032113e-01
 -3.0933268e-04
  8.0738895e-02
 -3.9405342e-02
 -1.4173208e-01
 -3.7972316e-02
 -2.3587312e-01
 -1.5398719e-02
 -3.9194342e-02
 -4.9557620e-01
  1.0122615e-01
 -8.6575799e-02
 -2.2692947e-01
 -7.5467881e-03
 -3.7058484e-02
  9.5775928e-03
  6.5700640e-03
 -5.2631292e-02
  6.6654541e-02
  1.8593752e-01
 -3.2244641e-02
  1.4671904e-01
 -6.1173900e-03
  1.9054150e-02
  3.2980710e-02
 -3.7512398e-01
 -6.9471002e-02
 -3.9866734e-02
 -2.5471509e-02
 -1.6280399e-01
  2.1872979e-01
  2.6674005e-03
 -7.8748111e-03
  4.6930380e-02
 -2.9334228e-03
  2.7583933e-03
 -1.2369784e-02
 -3.3767082e-02
  9.8158335e-03
 -2.5972720e-02
 -9.3663514e-01
  3.5264678e-03
 -1.7812884e-01
 -3.5187557e-02
  4.6333537e-02
 -2.1350821e-03
 -4.9602378e-02
 -2.2240276e-03
 -1.9636650e-02
  1.3690273e-02
  1.3793113e-02
  1.8458504e-02
 -3.8719494e-03
 -1.7870091e-02
 -6.2150182e-03
 -6.1018635e-03
  3.6834441e-03
 -5.2458248e-03
 -9.5737819e-03
 -1.8284250e-02
 -3.6333175e-03
  2.9159628e-02
 -3.7083501e-04
 -2.9620084e-01
 -2.7966169e-03
  6.5152794e-03
 -7.8327572e-03
  7.0606195e-03
 -5.9235860e-03
  2.4585717e-03
 -2.7144643e-02
  8.0745704e-03
  1.4323812e-02
 -1.1242355e-02
  8.3533786e-03
 -1.5180659e-02
 -1.4519558e-03
 -7.4428768e-04
  1.9243488e-04
 -1.6676140e-01
  1.4267036e-03
 -1.8822401e-03
  8.4858080e-03
  5.4246602e-03
 -2.6302090e-02
  3.1844892e-03
 -3.8458393e-03
 -8.4639285e-03
 -4.1981069e-03
 -2.1516318e-02
  1.9072638e-01
 -2.5859042e-03
  4.8176348e-03
 -3.0990476e-03
  3.6851842e-02
  6.0088001e-05
  1.6710610e-03
  5.1255999e-03
 -1.3619325e-02
 -2.1184552e-02
  8.0178715e-03
 -1.5755275e-02
 -1.0527075e-02
 -8.9152092e-03
  4.1014757e-03
 -5.6255925e-03
  3.7327420e-02
 -7.4924082e-03
 -8.0122612e-03
  1.6418485e-02
  2.7506673e-03
  8.1475247e-03
 -2.6549022e-03
 -2.4990166e-02
 -7.7146357e-03
 -4.3933699e-03
  1.3717149e-02
 -1.5999568e-03
  2.2371151e-03
 -1.1562798e-02
 -7.5994865e-03
  5.2089896e-03
  9.5113590e-03
  1.0473059e-02
 -1.3436607e-02
 -3.4780294e-01
  3.6982300e-03
 -5.9653431e-01
 -1.2203658e+00
  2.0768974e+00
 -4.4846261e-01
  3.3598583e-02
 -2.2902532e-02
  3.4059929e-03
 -4.9827062e-03
 -5.7575558e-03
  1.2733500e-02
 -4.0954640e-03
 -2.2543459e-03
  1.1045455e-03
  3.6302982e-03
  1.8253790e-02
  1.2245029e-05
  1.1817273e-02
 -3.4498077e-02
 -4.4548973e-02
 -1.8841368e-03
  1.6010433e-02
 -1.0436049e-02
 -2.6545627e-02
  3.1201895e-02
  4.3846527e-03
 -2.8079608e-03
 -2.6468305e-02
  1.0406816e-02
  9.7042369e-03
  6.4297891e-03
  8.3756261e-03
  2.6800158e-04
  2.1905206e-02
  2.6438299e-03
  8.5963644e-03
 -7.1916655e-03
 -1.5180213e-03
 -4.5532119e-03
 -3.0741502e-02
  2.0175509e-02
 -2.7379870e-01
 -1.0123112e-01
  2.5187242e-01
  2.6397541e-01
 -8.6533630e-01
  1.1114205e-01
  1.7673777e-01
 -4.0352038e-01
 -4.5506146e-02
 -2.1915634e-01
  4.1483087e-03
 -6.5510876e-02
 -2.2139378e-01
 -4.7265181e-01
  9.0660248e-03
 -7.8420769e-03
  4.4963341e-03
 -1.8816546e-04
 -2.1643154e-03
  4.2577395e-03
 -2.2900326e-02
  6.3651055e-01
 -7.2348546e-03
  1.7499657e-02
 -1.7272453e-01
 -6.0406800e-02
  3.3157151e-02
 -1.1403433e-02
 -8.7459870e-02
 -4.0952243e-02
  7.6217260e-03
 -6.1083538e-04
  1.5431814e-02
  5.9170979e-03
  1.3113290e-02
 -1.8773310e-01
  8.7717979e-04
 -4.2386901e-02
 -6.5659769e-02
  4.3720943e-03
 -1.2169572e-02
 -8.6100670e-03
  1.7382693e-02
 -3.7335046e-03
  1.3004886e-01
 -1.4897269e+00
 -1.0636041e-01
 -1.7324330e+00
 -1.3383702e+00
  1.3690592e+00
  3.8817191e-01
  3.5614049e-01
  4.4455710e-01
  3.3491570e-01
  1.9505730e-01
 -1.7375910e-01
  3.0463940e-01
 -1.3188051e-01
 -1.7298768e-01
  2.3515883e-01
  9.8837242e-02
 -3.4328442e-02
  9.0189242e-01
  3.5615858e-01
  2.6993662e-01
 -2.2293401e-01
  1.8280037e-01
 -6.7722571e-01
  3.5086113e-01
 -4.5246089e-01
 -3.8271186e-01
  4.0503498e-02
 -7.1480280e-01
  7.0675188e-01
  1.2489565e-01
  4.1442923e-05
  1.6473832e-02
 -2.2967218e-03
  1.0324877e-02
  6.5184027e-01
  7.4483693e-02
  6.5674777e-03
  2.9011893e-01
 -1.0589317e+00
  2.1295814e-02
  2.7435007e-02
 -3.3619094e-01
  2.5806163e-02
  3.8883641e-02
 -9.2193093e-03
 -8.9437075e-02
  3.6429405e-01
  6.3417470e-01
  7.3993516e-01
 -2.9893041e-01
 -5.4998770e-02
  1.5427518e+00
  4.2251360e-01
  1.2555023e-01
 -9.7824387e-02
 -1.0167107e-02
 -4.9026117e-01
  3.6577055e-01
 -2.7663922e-03
 -1.4654930e-02
 -5.2870051e-03
 -5.4050422e-01
  6.3521625e-03
 -6.1918092e-03
 -2.0416200e-03
 -1.4649204e-02
 -2.2057265e-01
  6.8201572e-02
  1.1095211e-01
 -1.3962577e-01
 -1.5147205e-02
 -3.6931282e-03
  1.8220821e-02
  5.9380867e-02
  2.3198638e-02
  4.9840081e-01
 -2.2666990e-03
 -1.2620053e-02
 -1.7176239e-02
 -6.6563956e-02
 -3.0029655e-02
 -6.7954035e-03
  1.4926024e-01
  9.4445664e-03
  1.9743545e-03
 -5.8970782e-03
 -4.6703313e-03
 -5.2912956e-01
  7.1296431e-02
  3.8770806e-02
 -2.9288658e-01
 -1.6531813e+00
  6.4957672e-01
  9.3380404e-01
 -4.0546417e-02
  4.7651234e-01
  1.8574394e-02
 -3.9175805e-01
  1.0763243e+00
  2.9365376e-01
 -2.7424132e-02
  2.2084925e+00
 -1.7490786e-02
  6.5496594e-01
  1.7419045e-01
  9.3561137e-01
  1.1073851e-02
  5.2180886e-01
 -8.8529088e-02
 -8.7590457e-04
 -1.5132007e-01
  4.9178908e-03
  2.2999959e-01
 -1.5935114e-02
 -3.9350465e-01
  4.5499432e-01
  1.5401929e-02
 -4.6218406e-02
 -6.9119344e-03
 -4.0077795e-03
  4.8233697e-01
 -1.1077353e+00
  3.0184567e-01
  1.4334904e-02
 -6.2499821e-01
  2.5022000e-02
 -5.4096850e-03
  1.1359791e-01
 -4.8771114e-03
 -4.4797221e-03
 -8.5510090e-03
 -1.8892462e+00
 -5.1579747e-02
  3.8051552e-01
  2.6830295e-01
 -7.1690768e-02
 -2.2356558e-01
 -1.5587412e-02
  6.2014186e-01
 -3.0921891e-01
 -2.9964343e-01
  2.3420318e-03
  2.0760907e-01
 -1.4415843e-03
 -1.3150258e-01
  1.1561549e-01
 -6.9951487e-01
 -3.1188179e-03
  5.4430794e-02
 -5.8224756e-02
 -9.5363384e-01
  1.3101818e-03
  1.5802054e-02
 -7.1758687e-01
 -1.2308642e-02
  4.1654170e-03
  6.9522046e-02
 -1.3750020e-01
 -9.6172094e-03
 -3.3895096e-01
 -8.3240807e-01
 -1.2422898e-01
 -2.9113735e-03
 -3.7359994e-02
 -3.7390611e-01
 -1.3641328e-04
  1.7215708e-01
 -6.4118929e-02
  8.0583751e-04
 -1.7387239e-02
  1.8700289e-03
  7.5520705e-03
 -1.8090818e-03
  5.3700812e-02
 -3.8848035e-02
  3.0998710e-01
  2.4295634e-02
 -9.6164840e-01
 -4.1143643e-04
 -3.7664507e-02
 -1.2818222e-01
 -5.4159515e-02
  3.7961531e-01
  4.1497681e-02
  4.5500863e-02
 -4.7911527e-03
 -6.3809693e-02
 -1.5914135e-02
 -8.7785404e-03
  7.5850259e-03
  1.7624990e-03
  1.1886979e-03
 -4.8935101e-03
  7.6775146e-03
  1.0802743e-01
 -8.9329192e-03
  2.2382015e-02
 -1.1125316e-02
  4.4032452e-03
 -1.0763248e-02
 -5.5698184e-03
 -6.2346112e-02
 -1.3683054e-03
 -4.3528218e-02
  1.2876158e-02
 -1.4899601e-01
 -2.6849283e-02
 -3.3856013e-03
 -6.1729811e-03
 -1.8646028e-02
 -1.2474940e-02
  6.3201310e-03
 -1.1268376e-03
 -5.2026571e-03
 -1.0158405e-02
  1.4297890e-02
  1.0867119e-02
  1.4885793e-02
 -1.1252006e-02
 -1.4755962e-02
 -2.0097969e-02
  1.1698637e+00
 -2.5294237e-03
  3.4885802e-03
  3.1600443e-01
  1.3525917e-02
  1.7890346e-03
  1.9485960e-02
 -5.8831014e-03
  1.1276348e-02
  3.6905482e-03
  1.7406153e-03
 -1.6333342e-02
 -1.5731312e-02
 -3.2143802e-03
  8.7882970e-03
 -5.2672988e-03
 -2.4178870e-02
  4.6810210e-03
 -5.9354864e-04
  2.0317432e-02
 -2.6415929e-02
 -8.1913028e-04
  7.7183847e-04
 -5.1583312e-03
  1.4676615e-02
  5.1619452e-03
  1.3886338e-02
 -5.1747441e-02
  2.5248238e-01
 -2.2197943e-05
  1.2977400e-02
 -3.7639800e-03
  2.0901372e-01
 -1.5640168e-03
  1.5909065e-02
 -1.7812073e-03
 -9.4623299e-04
 -1.9529811e-03
  6.9561740e-03
 -1.8481242e-03
 -8.3219167e-03
  8.9841504e-03
 -1.4375863e-02
  1.4641767e-02
  2.5883652e-02
 -4.5151254e-03
 -1.6084924e-01
  9.9887941e-03
 -2.3132400e-03
  1.1086103e-02
 -1.1194478e-02
  5.7962439e-03
 -3.9675655e-03
  6.2894785e-01
  8.9457920e-03
 -4.8817033e-03
 -4.7843168e-03
  3.0770632e-03
 -6.0268226e-03
  2.1486387e-02
 -5.1393189e-02
  4.7550392e-03
 -1.4789755e-02
 -2.2939904e-02
 -1.1436297e-02
 -1.0695258e-02
 -3.8915924e-03
 -8.1869104e-04
  5.1373057e-04
  2.2455931e-02
  1.4379018e-02
 -1.5663505e-02
 -9.4077382e-03
 -3.0517967e-03
  3.3622377e-02
  9.3115503e-03
  7.8447713e-03
 -5.1463861e-03
  9.9391136e-03
  1.3190661e-02
  5.4186786e-04
 -1.4729712e-02
 -3.9028453e-03
  8.5138939e-03
 -7.4772839e-03
 -2.0579936e-02
 -1.6659486e+00
 -5.8200695e-02
  1.2430627e-01
 -1.9020745e+00
 -2.0327263e+00
  1.0452266e+00
 -6.5226197e-01
 -5.8333820e-01
 -3.7648320e-01
  8.8530034e-03
 -3.1300336e-01
 -2.1412445e-02
 -3.3022100e-01
  4.1871652e-01
  5.5177224e-01
  5.9947926e-03
  8.7060414e-02
  5.1634174e-02
  4.5420063e-01
  3.5996311e-03
  7.2345358e-01
  2.4116859e-03
  6.1856797e-03
  1.0584082e-01
  3.5635456e-03
  1.6156528e-02
  9.9928724e-03
  3.8927367e-01
  1.6601709e-01
  7.6922506e-02
  1.0836504e-02
 -9.7371414e-03
  1.7037909e-02
  8.0859074e-03
  7.4835174e-02
  2.7290100e-01
  6.4978329e-03
  4.8368080e-03
  1.0585291e-03
  2.9752329e-01
 -6.5268991e-03
  1.4046056e-04
 -1.2424480e-03
  1.2995994e-03
 -8.9290239e-02
  1.2992778e-02
  2.1329351e-01
 -1.6056504e-02
 -1.2059861e-01
 -1.0437937e+00
 -7.8481883e-01
  8.2527727e-02
 -2.7727757e-02
  3.3793443e-01
 -9.3356790e-03
  3.1010150e-03
  2.1085283e-01
 -9.0017997e-02
  5.3360201e-02
  5.1185600e-03
 -2.9312847e-02
  2.8263027e-02
 -1.5541594e-02
  6.1058840e-03
 -4.2982027e-03
  4.1410122e-03
  4.5105925e-01
  2.2003636e-02
  8.0455677e-05
  3.2823420e-01
 -1.1390828e-02
 -6.0015647e-03
 -7.5341158e-02
  4.4242451e-03
  9.2631148e-04
  5.0759013e-04
  2.7337000e-02
 -8.9495853e-02
  2.7525743e-02
  4.3903623e-02
 -2.2550337e-02
 -4.2481899e-02
  4.2417841e-03
  7.4466155e-04
  1.1546534e-02
 -8.4953168e-03
  3.0067973e-02
 -1.8605277e-02
 -2.4408911e-01
  2.7712947e-01
 -5.9626874e-02
  2.7239537e-02
 -1.2238206e-01
  1.6339054e-02
  7.1386658e-03
  8.0752939e-02
 -3.4961356e-03
 -1.4075546e-02
  7.5766064e-02
 -6.1928164e-03
 -1.7609756e-02
 -1.4142015e-03
  1.0747632e-01
 -3.0507799e-02
 -1.0721072e-02
 -8.0557195e-03
 -1.2574987e-01
 -4.5506372e-03
  1.8738537e-03
  1.2367617e-04
  6.0440041e-03
 -1.7104098e-01
 -6.8997950e-03
  1.4329040e-02
 -2.2802021e-02
  7.1984218e-03
  4.5893159e-02
 -1.4847942e-02
 -6.5194264e-02
 -1.6861778e-02
  4.2961407e-01
  5.8110622e-03
  2.0993896e-02
  1.0471003e-03
 -4.3910383e-03
 -9.3551530e-03
  5.5460781e-03
 -1.3116342e-02
  5.1997907e-02
 -1.3057659e-02
  4.0515028e-02
 -6.6444826e-01
  7.4146740e-02
 -3.2216728e-01
 -3.0398082e-02
 -2.5953913e-02
 -8.1236074e-03
  1.3810414e-03
  1.7575347e-03
  1.3544154e-02
 -3.4591646e-03
 -4.7858139e-03
 -2.2446491e-02
 -3.6349490e-03
  1.7264778e-02
 -2.0030975e-02
 -3.1228650e-02
 -5.8641545e-03
 -2.5674235e-02
  1.7835941e-02
  5.9440024e-02
 -6.3370895e-03
  4.1875653e-03
  2.1912653e-03
  1.4089599e-02
  7.3180734e-03
  4.2373361e-03
 -1.3837726e-03
  2.7162263e-02
 -1.0833896e-03
  6.3154902e-03
  2.3977175e-02
  1.1068268e-02
 -9.2264274e-03
 -1.8400181e-02
 -1.1588752e-02
  3.1398085e-03
 -1.0988174e-02
  2.1489966e-03
 -1.3758305e-03
 -1.2625760e-03
 -2.3712548e-03
 -2.0208247e-03
  4.8589809e-03
 -3.5033701e-03
 -4.7637140e-03
  1.2055279e+00
  2.8622675e+00
 -2.3072584e+00
  1.6232111e+00
 -6.4359856e-01
  1.2971300e+00
  2.6487265e+00
 -2.1366467e+00
 -3.0027611e+00
  6.9155556e-01
  7.4267737e-03
 -6.8276268e-01
 -3.5833654e-01
  9.6103597e-01
 -6.8497971e-02
 -1.8356595e-02
 -3.0387801e-01
 -2.5165293e-01
  5.3075850e-01
  9.6099806e-01
  1.0574285e+00
 -1.0301698e+00
 -1.3783129e-01
  2.0282762e-03
  8.3225686e-03
 -1.7679834e-01
 -4.1723454e-01
  4.7655424e-01
  2.7193600e-01
 -1.9689733e-02
 -8.3084017e-02
 -3.0306402e-01
 -1.1469512e-01
 -1.5189859e-01
  1.7254150e-01
 -2.2769399e-01
 -2.2392163e-02
  1.3421667e-03
  2.5358892e-03
 -7.8759771e-03
 -1.6203127e-04
  8.3179280e-02
 -2.6272209e-02
  5.1003590e-02
 -2.3266857e+00
  1.0218633e-01
 -2.2272473e-02
 -1.0158722e-01
 -6.8498187e-02
  2.3965749e-01
 -4.2462941e-02
 -4.0091771e-01
 -1.1621697e-01
  4.7019295e-02
 -2.1478602e-01
 -9.6766250e-03
 -2.5337070e-01
  3.8317585e-01
 -2.0583504e-01
 -2.5001958e-01
 -3.8036850e-01
  4.2419471e-03
  2.8903479e-02
  2.6964772e-01
  4.9625460e-02
  1.9077738e-01
  2.8267584e-03
  1.6986776e-02
 -8.8484669e-03
  8.2279947e-03
 -1.0456785e-02
  7.0602015e-02
 -1.4214872e-01
 -1.8591739e-02
 -4.5892604e-02
 -4.7839661e-03
 -2.1212573e-01
 -2.4499675e-02
  9.0178974e-02
 -3.5982765e-03
  5.3164610e-03
  2.2368155e-02
 -5.2472120e-03
  6.6308770e-03
 -7.0727547e-04
  9.9416953e-03
  2.6649030e-02
 -8.7699918e-03
 -1.5880901e-03
 -9.7902333e-03
 -5.3571037e-04
  1.3018589e-02
  1.3894608e-02
 -8.4403735e-03
 -8.3109215e-03
  1.5030353e+00
 -1.2400782e-02
 -2.2108445e-03
 -2.1745440e-02
  1.2598068e-03
 -1.9741245e-03
 -7.5730840e-03
  5.3288592e-03
  9.1658216e-03
 -5.4953288e-02
  3.0513958e-03
  6.4376872e-03
  7.2470717e-03
  2.2102393e-02
 -1.0091715e-02
 -4.8836023e-03
  7.0519652e-03
 -1.5265646e-03
  8.0090873e-03
 -1.2579609e-02
 -6.3620307e-03
  3.4778849e-03
  4.4493019e-03
 -3.6484359e-03
 -6.3650124e-03
 -2.6713195e-04
  7.1144076e-03
 -1.2084797e-03
 -9.8146917e-04
 -1.5284773e-04
 -1.4534264e-02
  1.7050214e-03
  1.5120884e-02
 -3.9656884e-03
 -2.0199821e+00
 -2.0523258e-03
  1.7633805e+00
  6.5107268e-01
 -1.5167446e-01
 -4.1904864e-01
  7.3178011e-01
  6.8397892e-01
  2.4120608e-01
  1.2462228e-02
 -2.8712237e-01
 -2.9812938e-01
 -1.6102426e-02
  2.4553992e-02
 -1.9268997e-01
  7.3614252e-01
  2.6365462e-01
  1.8216115e-01
 -1.0035674e-01
  4.4776663e-02
  2.9101465e-03
  7.5130105e-02
  4.0193755e-02
  4.3102598e-01
  4.0508783e-01
 -1.2011044e-01
 -4.6529859e-02
 -3.3484705e-02
 -5.2913364e-02
  2.7311462e-01
 -2.6702993e-02
  2.6949194e-01
 -4.8698798e-01
 -2.2720177e-01
 -1.7091712e-01
 -2.9046121e-01
 -3.3956438e-02
  9.2685796e-02
 -2.0706649e-01
  6.7725969e-03
  8.8060927e-04
 -1.3546942e-01
 -6.5116510e-02
  2.4286355e-04
  4.4466499e-03
  2.0500433e-02
  3.8706237e-03
 -1.0616548e+00
 -3.7225115e-01
  2.9839399e-01
 -1.7383555e+00
 -1.8352464e+00
  1.0780090e-02
 -9.2019737e-02
  1.3974978e+00
  1.7475475e+00
  5.3639919e-01
 -8.1051213e-01
  1.3670388e+00
  8.2029676e-01
 -3.6869821e-01
 -3.5899503e+00
  5.0304711e-01
  2.7067789e-01
 -1.7270865e+00
 -5.5347311e-01
 -4.6636485e-02
 -5.5164295e-01
  4.2434059e-02
  7.4332684e-01
  7.0527118e-01
  1.2050001e-02
 -1.0013926e+00
  6.2804055e-01
  6.4953828e-01
 -2.7718544e+00
  1.5066608e+00
  5.4699719e-01
  2.3310528e+00
 -5.7413942e-01
 -1.2380241e+00
 -2.7492115e-01
 -1.5770152e+00
  4.3812492e-01
  1.1895425e-01
  9.8064178e-01
 -1.2310693e-01
 -1.7876632e-03
  4.8669052e-01
 -2.2066881e-01
 -6.9071585e-03
 -4.7468416e-02
  1.3595492e-02
 -4.7495109e-01
  5.3016818e-03
 -2.1300747e-01
 -3.3528173e-01
 -2.6823690e-02
 -4.5731712e-02
  1.1907011e-02
 -5.7704644e-03
 -2.5198884e-02
  5.2160937e-03
 -7.9641037e-04
  6.6032950e-03
  7.6422049e-03
 -1.4656083e-02
  9.4588865e-03
 -3.4160437e-03
  3.8791629e-03
  1.1099228e-03
  2.4456728e-02
  6.5798867e-03
 -6.1737802e-03
 -7.8942638e-04
  8.8477548e-04
  4.6744840e-03
 -3.8584694e-02
  9.3784195e-04
 -1.5008058e-01
 -1.0262240e-02
 -8.0228061e-04
  9.9534374e-03
 -9.1118952e-03
  1.6800558e-02
  1.2749109e-02
 -5.0445623e-03
  2.4904970e-03
 -1.9468017e-02
 -1.0236772e-02
 -1.2610971e-02
  1.7487723e-02
  1.6568697e-03
  6.4709075e-03
 -4.6266830e-03
  4.7095157e-02
  1.2557007e-02
  3.0644730e-01
 -1.6035218e-02
  4.8749638e-01
  1.1389849e+00
  6.4151678e-03
 -3.4491844e-02
 -1.3331831e-03
 -1.0876078e-02
 -5.4042377e-03
 -5.1998156e-03
  4.0956266e-02
  6.2722857e-03
 -9.3624681e-01
  6.6592265e-04
  9.3659200e-03
  6.9281994e-04
  4.6877172e-03
 -1.1717021e-02
  1.8930323e-02
 -4.1397560e-02
  1.4092610e-02
  1.7400494e-02
 -9.5336000e-03
 -1.9433371e-03
  2.3140609e-03
 -7.1212242e-05
 -5.8043976e-03
  5.5654522e-02
  1.5416650e-02
 -7.3041138e-04
  2.5399472e-04
  1.1082658e-02
 -2.6299948e-02
  4.4486974e-04
 -9.7544137e-03
  2.4976037e-03
  9.1199707e-03
  5.0374297e-03
  6.6183624e-03
  5.7330364e-03
 -2.6083156e-02
  2.3267198e-02
 -4.4849861e-01
  6.3880390e-01
  2.9235309e-01
  3.9961118e-01
 -2.3407918e-01
 -2.7280009e-01
  4.3043458e-01
 -5.6334138e-01
  4.2757231e-01
  3.0993463e-02
  1.2540412e-01
  9.8501541e-02
 -4.7210956e-01
  7.7485465e-02
  5.3128045e-02
 -1.0069402e-02
 -7.2400206e-01
 -4.3109253e-02
 -4.0791982e-01
  1.2280099e-01
 -4.3446198e-03
 -7.9473928e-03
 -4.8901122e-02
 -1.0396300e-01
 -1.1592626e-02
  9.9821776e-02
 -1.5605928e-01
 -2.1471053e-02
  6.4639789e-01
 -2.8473628e-01
 -1.2054774e-01
  1.0687659e-02
  4.6187758e-01
 -5.6270432e-01
  3.1555232e-02
 -3.3095008e-01
 -5.3416383e-03
  1.2166562e-02
 -1.6239135e-01
  3.0317429e-01
 -1.2515473e-02
  2.2308215e-02
  1.1000739e-03
 -7.1427715e-03
  9.0380691e-02
 -2.1300453e-03
 -4.6540844e-01
  5.0365680e-01
  7.1987964e-02
 -1.5382512e-01
  6.3872315e-02
 -1.5416408e-02
 -8.3524542e-04
 -9.0172999e-03
  1.7013769e-03
  1.2771434e-02
  7.4914461e-03
  4.8296629e-03
 -1.3602041e-02
  8.4065668e-02
  1.2254854e-02
  1.0114168e-02
  1.9803472e-02
  9.3793198e-03
 -2.0086911e-02
 -4.3369988e-03
  2.9258803e-04
 -3.2882169e-03
 -6.2793489e-03
  1.3509206e-02
  5.5820909e-03
 -4.5168311e-03
 -6.4219739e-03
  1.5605891e-02
 -1.4715260e-02
  1.0160207e-03
 -5.8924756e-03
 -1.3256533e-02
 -1.7123727e-02
 -2.2320119e-03
  1.1555823e-02
 -9.7055495e-04
 -9.9592973e-03
  3.8255956e-02
 -2.4627263e-03
 -2.7127774e-03
  5.6916964e-03
  4.9835714e-03
 -4.1196648e-02
 -3.7789531e-02
 -7.7483332e-01
 -5.0100847e-04
  3.5959661e-03
 -7.9293571e-02
  5.0241865e-02
  7.4158506e-03
  8.6085303e-03
  1.2565501e-02
  1.2472569e-02
 -3.0387909e-04
  7.2951622e-02
 -4.5924489e-03
 -7.8086294e-03
 -1.2572784e-02
  6.3039036e-03
 -8.9494437e-03
 -1.2289533e-02
 -3.0401233e-03
  2.9440762e-03
 -6.3684210e-03
 -2.8984817e-03
 -3.3796667e-03
  4.7595527e-02
 -3.8047836e-03
  1.8356444e-02
 -2.8401960e-02
 -7.6113930e-03
  2.5579337e-02
 -2.0911306e-02
  6.6891257e-03
  1.2545033e-03
 -9.4927801e-03
  4.9889209e-03
  2.9784823e-02
  4.8879460e-02
 -1.5043696e-02
 -7.1042497e-03
 -7.7371467e-03
  6.8911943e-03
 -1.9788211e-02
  3.0475840e-01
  2.6332993e-02
  7.2418600e-03
  3.6388401e-02
  2.6321435e-01
 -6.6424538e-03
 -1.0141577e-02
  2.9053345e-02
 -1.4374677e-02
  1.0045912e-01
  8.2985992e-03
  2.2626720e-02
 -1.1999042e-02
 -2.2423889e-03
 -3.4416735e-03
  1.9522078e-02
  1.1951774e-03
  3.6432989e-02
  1.7098403e-03
  9.6668359e-03
  5.5468651e-03
  4.6470067e-03
  8.3030611e-02
 -9.5151190e-04
  6.2064026e-03
 -2.0765252e-02
  2.1962848e-02
 -3.3056224e-03
  3.0098718e-03
 -8.7893277e-04
 -3.8939340e-03
  4.6302769e-03
  1.0980180e-03
  1.0859845e-03
 -4.5607857e-02
 -2.2074075e-02
 -1.3838352e-02
 -5.6510128e-02
 -4.2366367e-03
  6.0101133e-03
  2.1742290e-02
  4.3564960e-03
  7.5821606e-03
  1.3921270e-02
 -3.0646008e-02
 -6.5256367e-03
 -4.2424269e-02
  6.1549568e-01
 -8.6699224e-01
 -3.1462649e-01
 -2.2133933e-01
  1.5351663e+00
 -4.9753854e-01
 -2.0535284e-01
  2.4522510e-01
 -1.3191600e-01
 -7.9783639e-03
  2.6803787e-03
  3.2047135e-01
  9.5619458e-01
 -8.2402569e-01
 -4.3637510e-03
  9.3556434e-01
 -5.4824758e-02
  9.4211727e-02
 -2.6865417e-01
 -5.0248592e-03
 -2.6786756e-02
 -2.8452124e-02
  3.2106021e-01
  3.2971248e-02
 -5.8071718e-02
 -1.1190170e-02
  5.0687101e-03
  3.2003021e-01
  5.1124789e-02
  1.2996056e-02
 -3.5195982e-03
  6.9383629e-02
  5.8763404e-03
  1.4772438e-02
  4.3757427e-01
 -1.9884729e-03
  3.0821454e-02
  2.3805868e-02
 -2.4705740e-02
  1.7634083e-03
  1.3238670e-02
  1.2277035e-03
  4.8265816e-04
  2.4996863e-01
 -1.4395764e-01
 -3.1062293e-01
  1.3964026e-01
  3.9733430e-05
  1.4715935e+00
 -6.4993834e-01
  2.2741431e-02
 -3.4503892e-01
  1.6662297e-01
  3.5260990e-03
  2.6676735e-02
  2.2099191e-02
 -3.1718281e-01
 -1.7592494e-01
 -4.6517093e-02
  7.7371225e-03
  6.3492566e-02
 -9.4617866e-03
  5.6206089e-02
 -1.6890964e-02
 -1.0236875e-01
 -1.4347444e-01
 -3.1261935e-03
  2.4024772e-02
 -4.6406865e-01
 -9.2727786e-01
 -4.8541391e-01
 -2.1942480e-01
 -1.1657776e-01
 -4.2838780e-03
  5.4325280e-03
 -3.6620703e-02
 -4.0324450e-01
 -3.4205569e-03
 -2.4515186e-01
 -4.8072548e-03
  1.6001372e-02
 -2.5291758e-02
 -5.7305428e-03
  1.5388366e-02
  2.2532959e-02
 -1.9059671e-02
  2.6435614e-02
 -6.2006628e-03
  3.8530759e-04
  2.0682721e-01
 -8.8188395e-02
 -5.3135389e-01
 -3.1191260e-01
 -7.8012288e-02
  8.4474375e-03
 -9.5134052e-03
 -2.8315388e-02
  5.5556027e-03
  6.5354243e-02
 -3.2904597e-03
 -4.8862640e-03
  4.4842409e-03
 -1.2695702e-02
  3.9484319e-03
 -1.5870022e-02
  5.7419902e-03
 -4.6508841e-04
 -8.6582653e-02
  3.5026865e-03
  1.8143844e-02
  2.6067665e-03
  1.0404959e-02
 -4.1148742e-03
  1.6987632e-01
  2.6338743e-03
  6.9705262e-03
  3.9047265e-04
 -6.2153675e-04
  1.7370554e-02
 -1.9901336e-04
  6.0212705e-04
 -5.0132986e-02
 -4.3622446e-03
 -1.2867853e-02
  1.6350664e-02
 -1.1721803e-02
 -6.0021863e-03
  3.1639442e-02
  5.6466130e-03
  2.2085968e-03
  6.1016050e-03
 -5.3873265e-01
 -5.6050107e-02
  8.1091028e-01
  7.2877415e-02
  2.7151650e-01
 -3.9952546e-01
 -3.7785679e-01
 -5.4495764e-01
 -7.9679614e-01
  1.5437926e-02
  1.9623579e-02
  6.5963514e-02
  4.1662106e-01
 -7.8443825e-01
  3.2714611e-01
  3.7704211e-02
 -2.7502239e-01
  1.1712313e-03
 -1.0001482e+00
 -7.1794176e-03
 -1.8663661e-01
  8.3529674e-02
  1.9263797e-01
  1.5700054e-01
  4.5595560e-02
  1.6111922e-01
  2.0613888e-01
  9.2797382e-03
 -1.1954357e-02
  8.2842298e-02
  8.5686915e-02
 -1.6334140e-03
 -2.5720239e-01
 -3.2042902e-02
  2.7256390e-01
 -1.2037838e-03
  5.1928859e-02
  2.3298303e-02
  7.5371742e-02
  1.2996874e-02
  2.0860098e-02
 -4.1745394e-04
  8.5773058e-03
  2.0576930e-03
  6.5328431e-01
 -2.3902111e-01
  5.5978441e-01
  1.6459495e-02
  1.5662776e+00
 -8.6365622e-01
 -1.9374660e-01
 -1.8579519e+00
 -1.8676460e+00
  5.5237854e-01
 -1.1330989e-02
 -8.5626709e-01
  6.9833356e-01
  3.4591180e-01
 -1.7403882e+00
  1.2959938e-02
  1.2564293e-02
  7.2315149e-03
  9.2142808e-01
  8.4737182e-01
  6.6409521e-03
 -5.0451082e-01
  2.2178762e-02
  1.5615056e-01
  1.0975989e-02
 -6.8165088e-01
 -3.2172167e-01
  9.9836886e-02
 -1.7713270e+00
  4.3050941e-02
  6.6013718e-03
 -3.4451175e-03
  1.2753743e+00
 -1.9574569e-01
  1.0693280e+00
 -8.1212167e-03
 -4.2973319e-03
  2.8536437e-02
 -2.7228170e-03
 -4.1499222e-04
 -7.9649016e-03
  1.3714242e-02
  2.5476080e-03
  1.0833511e-02
  4.9710415e-02
  2.0031658e-01
 -1.0555709e-01
 -1.3602954e-02
 -1.0234296e+00
 -1.5634924e-01
  7.3961206e-02
  4.9072314e-02
  2.8687241e-02
  1.5004927e-01
  4.2172514e-02
  1.0948077e-01
  4.1410106e-01
 -2.0920902e-01
 -2.0284133e-01
  1.6859949e-03
  7.3368247e-03
  4.6906244e-02
  4.8453771e-03
  8.9643918e-02
 -6.0840689e-02
  2.1148668e-01
  2.0735286e-02
  9.5416857e-03
  1.4996460e-02
  2.9195327e-02
  2.6010418e-01
  1.1445084e-02
 -1.6139163e-01
 -8.3622616e-03
  3.1139441e-02
 -7.7427998e-03
 -2.7844885e-01
 -2.0667751e-01
 -2.0772049e-03
 -5.4123383e-02
  7.7231582e-03
 -3.1772107e-03
  4.6476913e-03
  1.2397539e-02
 -1.0933002e-02
  2.8368903e-02
  1.1361902e-02
 -1.5396477e-03
  5.9158987e-01
  9.8719519e-01
 -3.9266932e-01
 -6.8032312e-01
  3.2145423e-01
  8.4080255e-01
 -2.8060552e-02
  1.0352883e-01
  1.2967218e+00
  9.9709934e-01
 -1.8538265e-02
 -1.0737716e+00
 -8.5862987e-02
 -2.2182280e-02
  6.5842545e-01
  8.8051355e-01
  2.3198153e-01
 -2.8507723e-03
 -7.5521547e-01
  5.4523396e-01
 -1.5960766e-02
  5.2128676e-02
  1.2053343e+00
  9.7871115e-03
  7.8017020e-01
 -3.6882049e-01
  7.2574401e-01
 -2.3309372e-01
 -3.7804195e-01
  1.5547760e+00
  3.5211802e-02
  1.4851873e-01
 -4.1054755e-01
  3.7357232e-01
  4.2338538e-01
  2.3789936e-01
  2.0253581e-01
  1.8069418e-02
  3.5088491e-01
  3.6981115e-01
  3.9964948e-02
 -2.2587093e-02
  2.0330439e-03
  1.9563172e-02
 -2.6444429e-01
 -1.0065162e+00
  9.7534120e-01
 -8.8247216e-01
  1.9570923e+00
 -2.4536046e-01
 -1.1269885e+00
 -3.4334758e-01
  2.0870757e+00
  1.5834514e-02
  3.6890876e-02
 -1.1589426e+00
  9.1546774e-01
 -1.5378553e+00
  7.7548420e-01
  3.3329963e-04
  5.6579679e-01
  9.2968965e-01
 -1.9095166e+00
  3.4431571e-01
 -6.7882317e-01
  8.7423837e-03
  3.3159088e-02
  5.9414786e-01
 -8.4624612e-01
 -2.1274546e-02
  8.2102139e-04
 -1.2567400e+00
 -2.9233110e-01
 -1.9026704e-02
  4.3950882e-02
  2.1459651e-01
 -5.4252286e-02
  1.8510012e-01
 -9.9685830e-01
 -3.3228439e-01
 -1.2950473e-02
 -5.2930303e-03
 -7.1632061e-03
  5.3057337e-01
 -9.2919528e-02
 -7.6239213e-02
  2.7422988e-01
 -1.8958826e-02
 -1.4032041e-01
  1.6900501e-01
 -3.0322605e-01
  1.0311007e-01
 -5.8068168e-01
  4.7130206e-01
  9.1853529e-01
  8.5040665e-01
 -7.7168930e-01
  3.2182780e-01
 -4.3909880e-03
 -1.6626798e+00
 -1.7181039e-01
 -1.4971506e-02
  1.1669353e-01
  2.9033935e-02
  4.5899097e-02
  8.6672880e-02
  5.8742142e-01
 -1.4802754e-01
  1.7268828e-01
 -9.2639185e-02
  3.5126607e-03
 -8.0404561e-03
  1.1376322e-01
 -3.5809100e-01
  1.7286122e-01
 -1.5651071e-01
  2.2965813e+00
 -6.9969747e-04
 -1.5643622e-03
  6.9528194e-03
  5.1094550e-01
  2.7292952e-01
  1.9877313e-01
  4.0417197e-03
  1.0534529e-02
  4.3684114e-03
  2.6851997e-02
 -3.8132302e-03
 -5.2839119e-02
  8.4778555e-03
 -1.6837794e-02
 -4.0686722e-03
 -2.9919133e-02
  1.1444821e-02
 -7.0899129e-01
  2.8251927e-02
  2.3565631e+00
 -1.0311250e-01
  1.8016733e-02
  3.3701960e-02
 -2.0985787e-03
  2.3174230e-03
  1.4703282e-03
  7.2847558e-03
  9.0873940e-03
 -1.1458089e-02
 -1.4074411e-03
  3.8530864e-03
  7.9070134e-03
 -1.0775817e-04
 -6.9110636e-03
  3.4946611e-03
 -1.1883920e-02
  1.0134049e-03
 -1.1404993e-03
  5.2925833e-03
  7.3786802e-04
 -1.4847126e-02
 -1.4815096e-02
 -1.2810677e-03
 -1.2717697e-02
 -1.6901046e-02
  3.9648775e-02
 -4.1419133e-03
 -3.6775287e-02
  2.0110318e-02
  9.4290720e-03
  1.8255032e+00
 -3.8513723e-03
 -2.8259989e-03
 -1.3575023e-02
  2.4986612e-03
 -7.0208702e-03
 -1.2782239e-03
  8.4664184e-04
  9.5608253e-03
 -4.6950690e-03
  6.5369620e-03
  4.1088196e-03
  6.5071541e-03
 -6.1716728e-02
  8.6531807e-03
 -1.6648630e-02
 -6.2515722e-03
 -3.5279409e-03
 -5.3921621e-03
 -1.0062991e-02
 -1.3145045e-03
  7.1788603e-04
 -7.7800609e-02
 -2.6280219e-02
 -8.1260994e-02
 -2.0043887e-02
 -1.2395781e-02
 -3.5199919e-03
 -3.0295521e-02
 -4.5500258e-03
 -4.4584926e-04
 -9.4960053e-03
 -7.7313418e-04
  2.0968036e-03
  4.2048492e-03
 -3.7777221e-03
 -5.1825694e-03
 -3.0345605e-03
 -9.1708526e-03
 -4.1972590e-03
 -4.0765414e-03
 -3.5913205e-03
 -4.9097105e-03
 -5.2059474e-03
  7.9653207e-03
  5.8955466e-03
  3.5271370e-03
  1.5945567e-02
 -1.2409788e-02
  3.3217422e-03
  7.1430430e-03
  9.1873072e-03
  6.6894991e-04
  9.5378906e-03
  9.8940181e-03
 -3.1072408e-02
 -1.3024658e-01
  1.1858116e-02
  9.1345776e-03
  1.2739815e-02
 -4.0814262e-03
 -1.1669883e-02
  1.0645667e-02
  2.2044871e-03
  5.1052319e-03
  1.7763885e-02
  3.9959012e-04
  5.1219040e-03
 -6.7787403e-03
 -2.6986342e-02
 -5.1226709e-03
 -2.2595820e-01
 -9.0861386e-03
 -1.0978659e-03
 -3.5277963e-02
  1.1201178e-02
 -3.3152243e-03
 -3.0827837e-03
 -1.5417045e-01
 -5.6012105e-03
 -2.1017976e-02
 -3.8935156e-03
  4.7278102e-03
  4.9371454e-03
 -4.3786145e-03
  7.7561205e-03
  2.3972988e-04
  4.5769331e-03
  1.9698902e-03
 -2.1672733e-03
  7.2902017e-03
 -2.1729577e-02
  4.2025780e-04
  5.2104443e-02
  9.1266427e-03
 -4.4978548e-02
 -1.0482568e-02
  1.6540657e-03
  6.8230079e-03
  1.2838265e-02
 -1.8484690e-03
  1.4159924e-01
  3.0140972e-01
  6.2607462e-03
  3.4586959e-02
  1.9356518e-03
  1.8816499e-02
  1.5768930e-02
 -1.2856118e-02
  3.8823515e-02
  6.2367232e-03
 -1.0285942e-01
  1.5333137e-02
  6.3498728e-03
 -4.1741207e-02
  3.6133649e-03
 -5.5458929e-02
 -1.6898394e-02
  5.1168036e-03
  5.8163196e-02
  1.2014656e-02
  1.5170597e-03
 -2.2467084e-02
 -1.0340589e-02
  1.9660681e-02
  2.9361881e-03
  1.7178928e-02
  1.3086854e-02
  1.4883447e-01
 -1.6038094e-02
  6.6556809e-03
  1.0988345e-02
  1.2660641e-02
 -1.3442476e-03
 -3.3989217e-02
  2.5499065e-03
 -1.2006964e-01
 -1.0884181e-02
  5.2055046e-03
 -5.7478780e-03
 -2.4517400e-02
 -9.9181765e-01
  5.2292338e-03
 -1.8871276e-01
  2.4621457e-01
  7.9178765e-02
  5.6879514e-01
  1.8983565e-02
 -6.6590495e-02
 -2.5826270e-02
 -2.3140803e-01
 -7.4133063e-03
 -1.2235176e-03
 -2.0837387e-02
 -8.2358792e-02
  5.7192412e-03
  8.8797316e-02
  1.6894524e-01
 -1.1980248e-02
 -1.0305269e+00
  1.6704477e-01
 -1.6741009e-01
  8.1644177e-01
  4.3553180e-01
  4.0645459e-01
  8.7448824e-03
 -1.1775024e-01
 -6.8768346e-01
  3.3429876e-02
  4.0561993e-02
  3.9434689e-01
  1.3464616e-01
 -9.8510884e-02
 -2.8581485e-01
 -2.5297565e-02
  5.0515407e-03
  1.4501874e-01
  8.2034223e-02
  2.2905463e-02
  3.4785160e-01
 -1.9855993e-02
 -5.2257054e-02
  2.2903213e-02
 -2.7457842e-01
  3.4626089e-02
  6.2979954e-01
 -9.3868905e-01
  4.5772862e-01
 -7.1626850e-03
  1.3105841e-01
  8.1163353e-01
  9.1953158e-02
  1.0879153e+00
  8.3468550e-01
  1.2566264e-01
  3.6485057e-02
 -4.1989189e-02
  2.9466722e-02
 -1.5416592e-01
 -6.0622352e-01
  1.7718196e-02
  8.8196449e-02
  3.8472097e-03
 -1.1032843e-01
  1.0361373e-01
 -1.5571186e-01
  1.3258824e-01
  2.6039755e-02
  1.1300837e-02
  9.1664985e-02
 -1.5922233e-02
 -3.0133114e-03
 -1.6359705e-02
 -5.3327805e-03
  1.4565537e-02
  8.4874548e-02
  1.3887858e-01
  5.2127812e-02
 -1.4675868e-01
  8.0331087e-02
  3.5446376e-02
  4.1580498e-03
  3.6872136e-03
  3.1311382e-02
  3.1473868e-02
  3.1747648e-03
  8.3867386e-03
  7.3943255e-03
 -3.5436489e-02
 -1.4690260e-02
  3.3986114e-03
 -2.3657270e-01
  2.6250170e-03
 -9.1437048e-01
  3.0272238e-02
  2.4382776e-01
 -3.1083375e-01
 -2.2949408e-01
 -2.0139560e-03
 -2.9805074e-02
  2.2236235e-01
  5.7083134e-02
 -7.5961957e-03
  4.3156065e-02
 -5.6566456e-03
 -2.8918963e-02
  1.5041067e-03
  4.8059329e-01
 -2.1642198e-01
  6.1944686e-02
 -4.8275426e-01
 -7.9642579e-02
 -1.1936590e-03
 -3.6061078e-03
 -6.2136076e-02
 -6.5638518e-01
  1.8688415e-01
 -2.1330774e-01
  9.7349603e-03
 -1.8443349e-01
 -6.0299691e-03
 -1.1058128e-02
  4.0604240e-01
 -7.3610023e-03
  1.2042644e-01
  2.0766128e-03
  1.2233734e-02
 -2.6673658e-03
 -1.3194736e-02
  1.0104786e-02
  1.6618501e-02
  3.1439192e-03
  2.8923573e-03
  4.1604392e-02
 -4.8892513e-02
  9.5045716e-03
 -2.7317522e-02
  1.5629214e-01
 -2.4596082e-01
 -1.0925625e-02
 -2.4028239e-03
  8.8816378e-03
  2.6521739e-04
 -2.2358200e-02
 -1.0567517e-02
 -9.9216457e-03
 -6.7468407e-03
 -1.8742163e-02
 -9.5503982e-03
  2.1660492e-02
 -1.6619982e-03
  8.9120213e-03
  1.0068841e-02
  3.5786359e-03
  4.3848369e-02
  1.5310544e-01
  1.8305014e-03
  5.9455470e-03
 -1.2684771e-03
  5.0595966e-03
  2.4744915e-03
 -5.0088358e-01
  7.1168174e-03
  1.9103399e-02
  2.8525546e-02
  5.7529272e-03
 -6.8380177e-02
 -2.5706798e-01
  2.9909816e-02
  2.0009115e-02
  1.7572518e-03
  2.4599556e-03
  2.4231751e-03
 -2.9514024e-02
  1.8065665e-02
 -5.7242796e-02
  1.4887728e-02
  1.4061856e-01
 -8.4917015e-01
  6.8257993e-01
  2.6715102e-02
 -1.2306318e-01
  3.7018996e-01
  1.1037969e-01
  1.7112525e-01
 -3.3593684e-01
  1.2062398e-01
  6.8529812e-03
 -2.8245499e-02
 -5.3180151e-02
 -2.3641957e-01
 -7.4021077e-01
 -3.3004749e-01
  3.2599044e-03
  4.0955961e-01
 -2.1784829e-01
 -3.1170968e-02
 -8.6266426e-03
 -4.4404785e-04
 -7.5440109e-02
  2.6791761e-02
 -3.0262247e-02
 -3.0589327e-03
 -4.5844018e-01
  1.8006794e-01
 -5.4022580e-01
 -2.7069175e-01
 -7.0028463e-03
 -4.9726628e-03
  6.5140780e-03
 -9.2887856e-02
  3.5999205e-02
 -6.0093965e-02
 -1.4595671e-02
 -1.2447918e-02
 -4.3839566e-02
 -3.0855974e-03
 -8.2124062e-03
 -6.1585982e-03
  1.5178195e-01
 -1.3478018e-03
  1.8324232e-02
 -3.0716306e-01
 -7.1674578e-02
 -4.1116606e-03
 -9.9558777e-01
 -1.0406226e-03
  2.2626841e-02
 -4.8192525e-01
  3.3107758e-03
  1.7592856e-03
 -2.7431175e-02
 -1.2928721e-02
  1.1314273e-02
 -8.6665057e-02
  1.7290112e-02
  3.0199951e-03
  1.9826425e-02
 -5.8580558e-03
 -3.1679310e-02
  2.3878109e+00
 -5.1949071e-03
  6.2385644e-03
 -1.2895552e-02
  5.9298896e-03
 -1.9807301e-03
 -3.2432005e-03
 -9.0342239e-03
 -1.2916594e-02
 -1.2264507e-02
 -1.7655971e-02
 -4.7122673e-03
  7.5926669e-03
 -4.3165018e-03
  2.1583620e-03
  8.2824761e-03
  1.0550218e-02
  1.1209091e-03
 -1.2382183e-02
  2.3680132e-02
  1.1141313e-02
 -2.5431996e-03
  4.0956633e-03
  1.2910726e-02
 -1.3584880e-02
  4.3824796e-02
 -2.1508388e-02
  3.6188196e-02
  9.4946974e-04
  2.5779600e-03
 -8.9731038e-01
  1.9389970e-02
 -4.8195511e-01
 -2.5254730e-02
  6.5228501e-03
  6.9022104e-03
 -2.0077266e-04
  9.1940043e-03
 -4.2778764e-02
  1.7596250e-03
  5.2513741e-04
  4.4171279e-04
  9.0343319e-03
 -3.3686759e-03
 -9.8727914e-03
  1.1652888e-02
  1.6056132e-02
  1.1562486e-04
  1.9835923e-03
  3.8760766e-02
  1.7190938e-03
  4.9013443e-02
 -3.1874292e-02
 -5.5009383e-03
 -1.4272350e-02
  4.4635823e-04
 -2.3817305e-02
 -3.0956632e-03
 -1.1697891e-02
  1.6887745e-02
 -5.3259311e-05
  1.4436875e-02
  2.7897008e-02
 -8.3348313e-03
  2.2070015e-02
  4.4151121e-03
 -7.6279238e-02
  2.0765988e-02
 -4.2136855e-02
 -1.0916548e-03
  9.1155479e-03
  8.9463480e-02
 -4.9818223e-03
  1.2613573e-02
  1.2727267e-02
 -4.6327775e-03
  1.9197817e-01
 -2.1830210e-02
  3.5533056e-02
 -3.8421829e-03
 -7.1607968e-03
  6.5123022e-04
  1.3678870e-02
  1.0314926e-02
  3.3641893e-03
 -3.4808053e-03
  3.1227339e-02
 -5.5042836e-03
 -4.5178626e-03
 -2.9904570e-02
  1.2396386e-02
  1.5212214e-02
 -2.7314913e+00
 -4.3491204e-04
 -1.0645208e-02
  5.0444491e-03
  1.8617738e-02
 -2.7153690e-03
 -2.1763507e-02
 -1.5044427e-03
  3.0510938e-02
  2.8254767e-03
  3.2969728e-02
  4.9337856e-02
 -3.1244420e-02
  8.0237770e-03
 -2.7039191e-03
  1.0554805e-02
  1.7843023e-03
  9.6245511e-03
  4.9975617e-03
 -1.8929958e-04
  1.0471251e-02
  1.7815332e-01
 -2.6033519e-02
  8.8998586e-01
  1.8229742e-01
 -2.8101521e-02
  5.1598102e-01
 -4.2662856e-01
  1.8340221e-01
  2.8933603e-03
  6.5303695e-01
 -4.0565383e-02
  6.5638050e-02
  3.4192929e-03
 -6.8378793e-03
 -4.9543715e-01
 -8.0617212e-02
  8.5624661e-03
 -2.5516976e-02
 -9.2356706e-01
  6.7550451e-02
  1.5862968e-02
 -1.3001008e+00
 -4.6009022e-01
  2.9721269e-01
 -4.7619371e-03
 -6.5073609e-01
  3.4448439e-03
 -1.8204423e-03
  5.8376715e-03
  2.7029295e-02
 -2.8360757e-01
  4.0133369e-01
 -4.2005295e-01
 -1.7146972e-01
 -2.5590676e-01
  2.9650226e+00
  2.2243958e+00
  5.0121981e-01
  1.5108542e-01
 -2.0536026e-03
  2.9783454e-02
 -1.0618540e-02
  3.7881099e-03
  4.1772404e-01
 -3.0037764e-01
 -2.2301596e-02
  7.5721433e-03
  4.3398222e-01
 -1.4222058e-04
 -1.8539896e-02
  6.6004682e-01
 -2.3371121e-02
 -1.0526377e+00
 -8.7431824e-01
  3.1115809e-02
  1.2583480e+00
 -4.2515868e-01
  4.5930454e-01
 -2.1799457e+00
  2.4127722e-01
 -2.2438900e+00
 -7.7598226e-01
  9.5051661e-02
 -7.7076957e-02
  1.3186044e-01
 -2.1318502e+00
 -1.7891897e-01
  1.0625106e-01
  8.0905849e-01
 -7.0028216e-01
 -9.9219456e-03
 -1.2714100e+00
  6.7766458e-01
  8.3588016e-01
  3.8891342e+00
 -2.7610317e-01
  1.4427806e-01
  2.9409516e-01
 -9.0578990e-03
  3.3566985e-01
 -8.2267880e-01
  7.0868576e-01
  4.2821047e-01
  1.6830280e-01
 -1.2788848e+00
  7.3797667e-01
 -5.6430316e-01
  2.9075068e-01
 -7.6413780e-01
 -9.8081660e-03
  4.0503289e-03
  1.4199042e-01
  2.4925547e+00
 -1.4482259e+00
  1.7611026e+00
  1.9041784e-01
 -8.8503057e-01
 -2.2400181e+00
 -6.0190523e-01
  3.1777535e-02
  6.5877457e+00
  1.0619566e+00
  2.1720755e+00
  5.3108390e-02
 -3.9039907e+00
 -1.9157674e-03
 -1.3755222e-01
 -6.4436756e-02
 -1.3156488e-02
  2.5037367e+00
  2.3137665e+00
  1.5516354e+00
  4.4834682e-01
 -5.2492321e-01
  3.6832063e+00
  1.3396486e+00
 -4.4022355e+00
 -3.4161437e+00
 -5.1626288e-03
 -3.9205703e-01
 -5.3464307e-04
 -1.0596640e+00
  1.3431336e-01
 -2.9221885e+00
  2.4619341e+00
 -1.3066770e+00
  2.3368425e+00
 -1.7551742e+00
 -2.7565780e+00
  1.5340750e+00
 -3.1258094e+00
 -4.9811006e-01
  1.0374314e-01
  2.9480247e+00
 -3.0628445e+00
  1.7784812e+00
 -2.7172461e-01
  2.4893298e+00
 -6.4608096e-03
 -4.0298277e-01
 -5.2180447e-02
 -3.3244526e-01
  1.2121071e+00
  2.9757193e-01
 -1.0798186e+00
 -1.6030090e+00
  1.1813335e+00
 -1.1614276e+00
 -2.1619446e+00
 -1.5520320e+00
 -4.2058952e-02
  1.5677392e+00
 -5.1322633e-01
  7.1403551e-01
 -1.3462803e-01
 -3.9155477e-01
  9.3635571e-01
  1.6076646e+00
  2.2796221e+00
 -4.3177404e+00
 -5.6217873e-04
 -1.2718606e+00
 -1.3170425e+00
  4.1769117e-01
 -3.0579150e-01
 -3.9102817e-01
 -6.9628561e-01
 -7.7900313e-02
 -6.1512038e-02
 -4.0312495e-02
  1.6147643e-01
  6.4619434e-01
 -2.6664263e-02
  2.0810318e+00
 -1.5208288e+00
  1.3213388e+00
  1.3267379e+00
 -2.1232548e-01
  8.4871387e-01
 -3.6166257e-01
  3.0078804e-03
 -9.9637282e-01
 -2.7553635e+00
 -2.6072440e+00
 -7.8717875e-01
  8.7705588e-01
 -6.2055880e-01
  2.4886367e+00
  3.0413840e+00
  1.0188222e+00
 -1.9414185e+00
  3.5617879e-01
  1.5430261e-01
 -2.9435080e-01
 -8.3724208e-02
  6.9439769e-01
 -3.1733349e-01
 -1.1159306e+00
  2.1166086e+00
 -3.2443431e-01
 -8.5698560e-02
 -4.7479904e-01
  9.8740125e-01
  2.2037282e+00
  1.1230379e+00
  9.3404144e-01
  5.7869786e-01
 -5.1883680e-01
  7.4243963e-01
 -1.8523136e+00
 -6.5335169e-02
 -1.9000670e-02
  6.8154767e-02
  6.9709045e-01
  8.7589897e-02
 -1.6332865e+00
 -4.9568634e-02
 -6.0212314e-01
 -2.8876753e+00
  1.1286558e-01
 -2.3301840e+00
 -3.2311365e-01
 -4.3956596e-01
  2.0900345e+00
  6.3564800e-02
  3.3573949e-01
  7.9183888e-01
  3.4561687e+00
 -7.4997264e-01
  4.2004135e-02
 -3.7155917e-01
  1.1105844e+00
  3.6384100e-01
  8.1992996e-01
 -6.4073406e-02
  6.5894812e-01
  7.8134693e-02
 -5.4889435e-01
  2.2510731e+00
  4.9149871e+00
  2.2183575e-01
 -7.5083119e-01
  7.2437727e-01
  4.2569494e-01
  1.0611337e+00
 -1.2182618e+00
 -3.0812258e-01
  2.7564068e+00
  1.2716984e+00
 -1.0507473e+00
 -2.7728921e-01
  6.9631690e-01
  1.7989554e-01
 -2.9407579e-01
 -6.7278057e-01
  1.2711923e+00
 -6.2407655e-01
  1.7018510e-01
 -3.1026950e+00
  4.2983732e+00
 -2.7436469e+00
  4.1883525e-02
 -2.5462547e-01
 -6.7130184e-01
  1.4753945e-01
 -5.6960398e-01
  1.0573115e+00
  1.8893049e+00
  5.0764985e+00
 -7.8051513e-01
 -7.0976406e-01
 -3.9013758e-01
 -2.9839177e+00
  1.8030277e+00
  3.6395190e+00
 -2.8026199e+00
 -1.0093174e+00
  1.0822922e+00
  8.1720300e-02
  1.6304478e-01
  2.1113701e+00
 -9.7003793e-03
 -3.6343774e-01
 -1.0425280e+00
 -5.8151257e-01
 -1.1716407e-03
 -1.2509935e+00
 -3.6514410e-01
 -1.8143156e+00
 -4.1050866e-01
  5.0906473e-01
 -2.0905197e+00
  1.0755563e+00
  2.5725734e-01
  2.1931252e-01
 -1.1577820e+00
  8.8026166e-01
  9.0974367e-01
 -2.7145021e+00
 -9.6855640e-01
 -3.0662839e+00
  3.2884461e-01
  6.4369428e-01
 -9.0002084e-01
 -1.1716280e+00
 -2.3981749e-01
  3.6953607e-01
 -9.1837060e-01
  1.9217725e-01
  3.4332022e-01
  4.7593477e-01
  2.4661720e-01
  3.3286560e+00
  5.3284329e-01
 -2.7286305e+00
 -6.0366727e-02
 -6.5488495e-02
  6.2662656e-03
 -1.7817558e-03
  1.2542533e-02
  1.8047454e+00
 -1.8824575e+00
  2.1917308e-02
  2.0602472e+00
  2.6890075e-01
 -2.8977416e+00
  1.8107967e+00
  3.3122263e+00
 -2.2287673e-01
 -4.1936088e-01
 -1.1472692e-01
 -7.5794160e-01
  1.8911756e+00
 -1.5419842e+00
  1.2561531e+00
 -5.1307267e-01
 -1.5018762e+00
 -1.9096303e+00
  1.1895385e+00
  2.4181654e+00
 -3.8179848e+00
 -2.3199847e+00
 -1.2263026e+00
  4.3012900e-04
  8.6245698e-01
  3.1692728e-01
 -2.0044072e+00
 -3.8331202e-01
  1.4333707e+00
  1.8751230e+00
 -2.7393842e+00
  9.2423141e-01
 -1.9100268e-01
  9.1098899e-01
  1.8399185e+00
  4.1934524e+00
 -4.7014472e-01
 -7.6996230e-02
  1.9691803e-01
  4.8642236e-01
 -9.7615445e-01
 -1.6492450e+00
  6.4419478e-02
  3.2949450e+00
  3.9464085e+00
  1.3883624e+00
 -1.1697263e-01
 -2.8835964e-01
 -2.7749115e-03
 -4.5225036e-01
 -7.8337319e-04
 -5.5584203e-02
 -4.0565109e-01
 -4.8570476e-02
  3.8845235e-01
  6.5141469e-01
  4.3405735e-01
  6.5067750e-01
  3.4653917e-01
  4.0839061e-01
 -5.7998439e-03
  7.6727040e-02
  2.1047993e+00
 -3.1953284e-01
  8.0793983e-01
  3.3239968e-02
  1.7242357e+00
 -1.4347534e+00
  1.1686722e+00
  1.4394004e+00
 -1.0544813e+00
  1.9578643e+00
 -1.8092642e+00
  1.0884521e+00
 -1.2837865e+00
  1.9663807e+00
  5.1997602e-01
 -5.0027871e-01
 -2.5573537e+00
  3.6510518e-01
  7.2424656e-01
  2.2293837e+00
 -2.7584630e-01
 -7.0365824e-02
 -1.4443324e-03
  2.5159557e+00
 -1.3922182e-01
  7.0199287e-01
  1.3240490e+00
  2.3281422e+00
  2.0177591e+00
  1.3653414e+00
  7.3755741e-01
 -7.8222647e-02
 -2.1781635e+00
  2.4326892e+00
 -4.1263738e-01
 -1.8858752e+00
 -2.1375775e-01
 -1.5094707e+00
  9.0221865e-03
  6.5563428e-01
  8.7269044e-01
 -1.2267343e+00
  1.3755846e+00
  7.3921335e-01
  1.7798524e+00
  2.1398699e-01
 -5.1263160e-01
 -2.0084274e+00
 -3.3516562e+00
  1.0225871e+00
 -1.7981140e-02
 -4.7579524e-01
  7.4213696e-01
  2.6062665e+00
 -1.0362941e-01
  7.3548496e-01
  5.2120417e-01
 -7.7700907e-01
 -1.2776868e-02
  9.1804963e-01
 -2.0846319e+00
  1.1274403e+00
 -8.9212161e-01
 -6.1570954e-01
 -2.7808104e+00
 -8.9700377e-01
 -1.3473350e+00
 -9.6033476e-02
 -1.5079511e+00
 -2.4128346e-01
  1.0321175e+00
 -2.4960561e-02
 -8.9415714e-02
  2.9818341e-01
 -3.0799401e-01
  1.1183139e+00
 -5.9531307e-01
  3.9397621e+00
 -1.8738939e-01
  5.3217337e-02
  3.6309403e-01
 -2.3489234e+00
 -1.1817046e+00
  2.6105568e+00
  1.1197515e+00
  5.5320507e-01
 -1.8935697e+00
 -4.3174338e-02
  5.8042580e-01
 -3.3327341e-01
  2.0188139e-01
 -7.9687726e-01
 -3.3530395e-02
 -4.1735530e+00
 -6.9616598e-01
  1.2314978e-01
 -5.8966787e-03
  2.0768251e+00
 -3.6795497e-01
  2.1272373e+00
 -1.6335504e+00
  1.2182196e+00
 -2.6238340e-01
  1.1540385e+00
 -1.8748854e-01
  1.8456522e-01
 -3.8855035e+00
 -2.9843992e-01
 -7.7377182e-01
 -7.4086410e-01
  9.0244776e-01
 -2.0544531e+00
  1.1706493e+00
  2.2722082e+00
  4.5919534e-02
 -1.6569871e+00
  6.0552323e-01
 -9.5911138e-02
  1.5687233e-01
 -3.2735988e-01
  1.8183695e+00
  2.6489241e+00
  5.4013169e-01
  1.4477909e-01
 -5.6646818e-01
  1.3645649e+00
  5.7227075e-01
 -1.6866848e-01
 -1.9142798e-01
  3.7820203e+00
  3.1327090e+00
 -1.1151435e+00
 -4.7741100e-01
  6.1010081e-01
  9.7615474e-01
 -4.0708870e-01
 -2.4340878e+00
  1.8980486e+00
 -2.7033360e+00
  1.5955173e+00
 -1.3649508e-01
  1.0203269e+00
  8.0109790e-02
  1.7875721e+00
  5.0765743e+00
 -2.2850528e+00
  1.4755881e-01
 -1.4568616e+00
 -1.5686277e+00
 -5.4117978e-01
  2.8626435e+00
 -1.2466336e-01
 -2.5303729e+00
  3.7019463e+00
  2.3896127e+00
 -8.3137399e-01
  7.8263295e-01
 -9.0114939e-01
 -7.7733439e-01
  3.9367342e-01
  1.4911506e+00
 -4.4287286e+00
 -4.4358635e+00
 -2.5380292e+00
 -3.6513978e-01
 -9.3043751e-01
  2.0770268e+00
  8.2954305e-01
 -2.8371140e-01
  2.8393188e+00
  5.5565417e-01
 -1.0566767e+00
  1.3010999e+00
  1.5621476e+00
 -2.3183053e+00
  3.0829608e-01
 -1.5694944e+00
 -6.5432531e-01
 -1.2790288e-01
 -1.7945219e+00
  1.5052755e+00
 -1.5304559e+00
  2.7104666e+00
  2.8854087e-01
 -1.4877689e+00
 -1.1914251e+00
  2.6933765e+00
 -5.7533407e-01
  2.8533213e+00
  1.0762372e+00
  2.6466984e-01
 -2.1603611e+00
 -2.4812341e+00
  8.5431713e-01
  1.4388317e-01
  4.0314131e+00
 -1.5787823e+00
 -8.6627966e-01
  4.7067651e-01
  1.7802049e+00
 -2.6338439e+00
 -1.5875542e-01
  1.6313654e+00
 -1.4249991e+00
  5.9971547e-01
  2.7976069e+00
  3.6517926e-03
 -1.5194311e+00
  9.6442401e-01
  8.8229284e-02
  5.2825683e-01
 -1.3566129e-01
  1.9512844e-01
 -1.1592788e+00
  1.0691813e+00
 -1.7292120e-01
 -3.5186347e-01
  2.9763544e-01
  7.2248644e-01
 -1.8673586e+00
 -1.4677073e+00
  5.9176606e-01
  2.6727477e-01
 -1.9763281e+00
 -1.7678490e+00
  1.2847757e+00
  4.4268149e-01
 -7.3420304e-01
 -1.2184106e+00
 -1.5925133e-01
  1.1389971e+00
  3.0161470e-01
 -6.3219696e-01
 -1.3576498e+00
  1.0783864e+00
  3.2312977e-01
 -3.8396263e-01
 -1.1135666e+00
  1.4460012e-01
 -9.0803015e-01
  5.6993190e-02
 -5.7775546e-02
 -1.3273492e+00
 -2.8731915e-01
 -1.0277913e+00
  1.6078767e+00
  2.4627903e-03
  5.4905450e-01
  2.3783736e+00
 -3.0462689e+00
  4.2010006e-02
 -2.0650032e+00
 -1.2408208e+00
 -5.6811690e-01
 -1.2382165e+00
 -3.7143302e+00
 -9.1108990e-01
  2.4022207e+00
 -1.5513389e-04
  1.1012508e+00
  6.1453235e-01
 -1.7497297e-01
 -9.4351035e-01
  3.8431222e+00
  1.0617573e+00
 -1.2861170e+00
  4.9065945e-01
  1.0254776e+00
 -2.0107546e+00
 -2.1891336e+00
  1.2233529e+00
 -8.8343275e-01
 -7.8055310e-01
 -8.4506637e-01
  3.0354035e-01
 -2.2050326e+00
 -1.4154986e+00
  1.2290868e+00
 -2.8678200e-01
  2.0858882e-01
  9.2947757e-01
  2.9659460e+00
  1.7610924e-01
  1.0978576e+00
  4.4133073e-01
  2.4092662e+00
  5.2480739e-02
  9.6644783e-01
  6.1628485e-01
  9.6024835e-01
 -5.7061531e-02
 -5.7195210e-01
 -7.3102427e-01
 -5.9281703e-02
  4.3765130e+00
  5.4904819e-01
 -1.0111886e+00
 -7.8020912e-01
 -2.5454405e-01
  1.7551408e+00
  1.0625317e+00
  1.4359325e+00
  2.0933370e-01
  2.3526604e-01
 -4.2232928e+00
 -2.1364114e+00
 -2.9625621e+00
 -2.2609960e-02
  1.3250543e-01
  4.9816319e-01
 -6.5818005e-03
 -1.2163492e+00
 -4.8215929e-01
  1.0930959e+00
 -3.3599535e-01
  1.0243583e-01
 -1.4864581e+00
 -7.7275825e-01
 -1.7105957e+00
  4.4888586e-01
 -1.1952225e+00
 -4.1604617e-01
 -6.8759717e-02
 -4.9367324e-02
  1.3309875e+00
 -1.4461097e-01
 -1.0761591e+00
 -7.5317687e-01
  1.8528740e+00
 -2.8361207e-01
 -1.4351826e+00
  6.7538545e-02
  2.4874413e+00
 -7.0743066e-01
 -4.8692065e-01
  4.9876890e-01
  1.3383285e+00
 -6.4002991e-01
 -4.9185389e-01
  6.5031910e-01
  6.1802155e-01
 -3.0106744e-01
 -8.2256418e-01
  8.4202200e-01
 -1.1497316e+00
 -7.8207064e-01
  6.3699625e-02
  1.1794230e-01
  7.1036333e-01
 -1.4125554e-01
 -4.6656904e-04
 -4.9561989e-01
  2.0825596e-01
 -6.1164540e-01
  5.2707821e-01
 -1.8857825e-01
 -5.1033485e-01
 -1.0937926e+00
  1.5340933e+00
 -2.0430927e-01
 -1.1789674e+00
  3.0208397e-01
  1.9947687e+00
  2.8913087e-01
 -8.9490765e-01
 -1.3614282e-01
  1.6197183e-03
  6.8312943e-01
 -2.3021770e+00
 -4.3705623e-03
 -3.6413308e-02
 -1.1180981e+00
 -1.2899393e+00
  2.3516231e+00
  3.4785945e+00
 -1.2762679e+00
  1.6112797e-01
 -5.1429188e-01
 -4.3415576e-01
 -1.7736992e-01
  1.2801749e+00
 -1.7907919e+00
  1.0368056e-01
  6.9438660e-01
  1.8289729e+00
 -1.3468093e+00
  6.0513604e-01
  1.7374291e-01
  9.0344578e-01
  1.3885681e-02
  2.4392007e-02
  1.4388812e-01
  1.2529944e-01
  5.4505235e-01
 -6.8057632e-01
 -1.2429938e+00
 -5.1826626e-01
  1.1909204e+00
  1.2950637e+00
  6.0816723e-01
 -7.3505998e-02
  1.4396797e-02
  2.0540528e-01
 -1.3122659e+00
  7.1112835e-01
 -2.7091184e+00
 -3.7291488e-01
 -1.0066912e+00
 -1.6400288e+00
 -4.2127711e-01
  2.5869038e+00
  6.3887998e-02
  6.6640872e-01
 -3.8954940e-01
 -1.8311943e+00
 -1.1621418e+00
 -6.8439585e-01
  8.9546454e-01
  5.1070313e+00
  1.6052941e+00
 -1.8997107e-01
 -8.8634306e-01
  3.2243446e-01
  2.5266707e+00
  5.3646541e-01
  1.7775921e+00
 -1.1995022e+00
  1.8802732e+00
 -1.0677828e-02
  3.9263954e+00
  9.0851587e-01
  8.5099411e-01
 -2.4368337e-01
  2.0841649e+00
  2.7314982e-01
  6.8867248e-01
  4.8078826e-01
 -4.2326924e-01
 -1.8641453e+00
  3.1245279e-01
  2.4421079e-01
 -7.4112582e-01
 -5.7254058e-01
  4.2844915e-01
 -1.1428475e-01
 -5.2509386e-02
  3.0173767e-01
  1.8423635e+00
  1.2003020e+00
  6.6776204e-01
 -3.6755652e+00
  1.6933129e+00
  2.8377404e+00
  9.1634965e-01
 -6.3039082e-01
  1.7427056e-01
 -2.6070473e+00
 -7.7172112e-01
 -1.3519187e+00
  7.6419145e-01
  4.8867649e-01
  8.9904141e-01
 -4.9949503e-01
  5.4301751e-01
  1.0965793e+00
 -1.0617861e+00
 -1.2676861e+00
 -7.6848710e-01
  1.3272744e-01
 -2.2214050e+00
 -4.3740833e-01
  7.4521941e-01
  9.0369910e-01
  1.4977592e+00
  1.6906159e+00
  1.0357009e-01
  4.3130800e-02
  8.3919716e-01
  1.1252837e-02
 -1.0456170e+00
 -2.3923005e-01
 -1.8506305e-01
 -8.8118666e-01
 -1.9751419e+00
 -2.4838634e-01
 -9.9669844e-01
 -6.8688732e-01
 -7.6615995e-01
  6.1790735e-02
  1.5401144e-01
 -1.3051888e-01
  5.3751729e-02
 -1.8731338e-01
  5.5264461e-01
 -7.0665911e-02
  3.0237892e-01
  2.9026562e-02
  4.7587320e-01
  3.2927075e-01
  1.1594861e-01
  1.6547011e-01
  1.4260355e+00
 -1.4833009e+00
  3.4989947e-01
  1.7639455e+00
  3.5014380e-02
 -4.3039003e-01
  2.7566679e+00
 -1.6385219e+00
 -1.7217724e+00
  2.1070211e+00
 -3.0074900e-01
  1.2608609e+00
 -3.4448791e-01
 -2.5298624e+00
 -3.6687717e+00
  4.8167235e-01
  5.0447464e+00
 -1.0949926e+00
 -1.9552903e+00
 -3.1015213e+00
 -1.4628134e+00
  1.2730051e+00
 -6.1551464e-01
 -9.7214907e-01
 -1.8708864e+00
 -1.7478545e+00
 -4.9013793e-01
  2.1251876e+00
  4.3469456e-01
 -8.4800112e-01
  2.5332087e-01
  1.6140186e+00
  3.0602858e+00
  2.0404604e-01
  1.4758509e+00
 -6.0029960e-01
 -8.2495749e-01
 -8.2009101e-01
  4.9152845e-01
 -2.9289514e-01
 -1.5810268e+00
 -1.0178968e+00
 -4.1198051e-01
  8.4629375e-01
 -1.0585684e+00
  5.9799117e-01
 -4.3662593e-01
  7.6774728e-01
  9.2260355e-01
  6.7307520e-01
  1.7928956e-02
  1.7928956e-02
  1.7928956e-02
  1.7928956e-02
  1.7928956e-02
  1.7928956e-02
  1.7928956e-02
  1.7928956e-02
  1.7928956e-02
  3.4313183e-02
  3.4313183e-02
  3.4313183e-02
  3.4313183e-02
  3.4313183e-02
  3.4313183e-02
  3.4313183e-02
  2.7671870e-02
  2.7671870e-02
  2.7671870e-02
  2.7671870e-02
  2.7671870e-02
  2.7671870e-02
  2.7671870e-02
  1.3580502e-02
  1.3580502e-02
  1.3580502e-02
  1.3580502e-02
  1.3580502e-02
  1.3580502e-02
  1.3580502e-02
  5.7021868e-03
  5.7021868e-03
  5.7021868e-03
  5.7021868e-03
  5.7021868e-03
  5.7021868e-03
  5.7021868e-03
  1.1793899e-02
  1.1793899e-02
  1.1793899e-02
  1.1793899e-02
  1.1793899e-02
  1.1793899e-02
  1.1793899e-02
