nep4 2 Cu Se 
cutoff 7 5 100 44
n_max 8 6
basis_size 12 12
l_max 4 2 0
ANN 50 0
 -1.1785583e+00
  1.2979184e-01
  1.8890588e-01
 -4.0607005e-01
  1.0125294e+00
 -6.0886145e-01
  2.7798909e-01
 -2.0424865e-01
  8.1537232e-02
  6.0759839e-02
  4.9170426e-01
  2.1413425e-01
  1.0100275e-01
  4.6664655e-01
  2.2422669e+00
  2.1406010e-01
 -4.4600603e-01
  6.2812127e-02
  1.3537021e-01
  5.8066696e-03
  1.2035231e-01
 -5.0076069e-03
  1.8233003e-01
 -6.7310333e-03
  4.2063791e-02
  7.8255457e-01
  3.9894462e-02
 -2.1010828e-01
 -3.9066806e-02
 -2.2183335e-01
  6.4813411e-01
  5.4782510e-01
 -5.7075251e-02
  1.0396783e-01
 -2.7281189e-01
 -7.9723513e-01
  3.1076980e-01
  3.6146563e-01
  7.4612103e-02
  7.5153810e-01
 -2.5569403e-01
 -2.5961256e-01
  2.2248714e-01
  1.4697235e+00
  6.1143142e-01
 -3.0072063e-02
 -5.1668286e-01
 -3.3098593e-02
 -1.4090080e+00
  1.3496119e+00
 -1.0165264e-01
  1.1990260e-01
 -1.6098630e-01
  1.0446207e-01
 -2.8240505e-01
 -1.8624507e-02
 -1.1313219e+00
 -2.3222853e-01
  4.7760904e-01
  5.0370228e-01
 -2.9024463e-03
 -1.6974702e-01
 -8.0117297e-01
  2.0334461e-01
 -2.9398787e+00
 -1.2275929e+00
 -1.6966249e-01
  4.1057861e-01
 -1.2603651e+00
  2.3617321e-01
 -1.1173982e-02
 -4.2358184e-01
  3.3922479e-01
  6.6851914e-01
  3.4368113e-01
  2.6829886e-01
 -2.2687241e-03
  1.7727017e-02
  2.4692704e-01
  1.9348522e+00
 -1.9517703e-01
  2.8315687e-01
 -6.2602714e-02
 -2.8496867e-01
  1.2664879e-02
  2.9725981e-01
 -5.8924443e-01
  4.4912773e-01
 -1.8478294e-01
  4.2557159e-01
  4.3724704e+00
  7.3404211e-01
  4.3859681e-01
  2.5488439e+00
  4.4740252e-02
 -5.8684307e-03
 -3.5653699e-02
  2.9356471e-01
  8.7238833e-02
 -5.9041339e-01
  3.3851248e-01
 -2.4848558e-01
  1.0410383e+00
 -6.7210042e-01
  1.7781127e-02
  3.4654355e-01
 -1.2769071e+00
  2.7922374e-01
 -3.2700169e-01
  1.1256550e-01
 -4.4260621e-01
 -9.9376595e-01
 -7.1807986e-01
  1.1190370e-01
 -1.1776610e-01
 -5.5078471e-01
  2.8019267e-01
  5.3581131e-01
 -4.3853857e-02
 -2.9718548e-01
 -9.0114936e-02
  5.1259816e-01
 -4.6338153e-01
 -5.6955118e-02
 -1.0223781e-01
 -2.4166894e-01
  4.1508487e-01
 -9.7704709e-01
 -1.8745057e-01
  5.6392312e-02
 -4.9416146e-01
 -1.6824526e-01
  6.9231743e-01
  1.2933419e+00
  4.9373162e-01
 -5.8313316e-01
  1.3961060e+00
 -6.5507121e-02
 -1.4362333e+00
 -6.3806754e-01
 -1.0590292e+00
  9.6032612e-02
 -8.7020896e-02
 -1.1812367e-01
  1.8132420e-01
 -1.3653651e-01
  9.5459777e-01
  2.7693820e-01
  3.3912933e-01
 -3.5939684e+00
  5.6872612e-01
  1.1628294e+00
 -1.1744040e-01
  2.9691216e-01
  1.1532111e-01
 -7.2158672e-02
  4.3879631e-01
 -7.6387554e-02
 -9.7788507e-01
  2.6759231e+00
  7.1099675e-03
  6.6762584e-01
 -5.1301606e-02
  2.1803330e-01
 -6.0246980e-01
 -2.8501097e-02
 -8.0977380e-03
  1.2425546e-01
 -1.0534271e-01
  4.3926179e-01
  1.1872318e-01
  3.0961018e-02
 -4.2142639e-01
 -3.9536026e-01
 -2.8195307e-01
  8.2518503e-02
  9.3552226e-01
 -4.6548024e-02
  8.6496100e-02
  4.6593778e-02
 -1.3397223e+00
  2.7043909e-01
 -4.3969309e-01
 -1.2590888e-01
 -1.2900850e+00
 -1.1754611e-01
  4.7526833e-01
 -5.4251984e-02
  4.9744502e-01
 -8.5113235e-02
 -1.9706286e+00
 -1.2969509e+00
 -4.4105515e-02
  1.3359681e-01
 -4.0319487e-01
 -1.3767809e-01
 -6.4804964e-02
 -1.3460721e+00
 -1.9411784e-02
  6.4802796e-01
  1.4402080e-01
  8.2071856e-02
  3.3669215e-02
 -3.8455844e-02
 -7.9806173e-01
 -3.5986784e+00
 -9.0308046e-01
 -6.2826890e-01
 -1.9319974e-01
 -1.3895816e+00
  5.8601052e-01
 -2.2543198e-01
  5.1536113e-01
 -1.8853746e-01
 -5.0892800e-02
 -4.9787238e-01
  2.0331305e-01
 -3.2103041e-01
  4.4373748e-01
  8.2848132e-02
 -7.9257709e-01
  8.1194460e-01
  4.8796180e-01
  4.6907552e-02
  3.9920664e-01
 -9.7606826e-01
 -4.1361980e+00
  1.7728578e+00
 -1.4557364e+00
  3.8129842e-01
  5.6246054e-01
  1.8932109e-01
 -1.4934614e-01
 -1.1752316e-01
  2.0886311e-01
 -8.2852744e-02
 -1.6605243e-01
  7.4103659e-01
  9.8030828e-02
 -8.7677240e-02
 -1.0459635e-01
 -8.0941282e-02
  1.4256446e-01
 -1.8950771e-01
 -2.1208848e-01
  4.0356976e-01
  6.4407516e-01
 -6.0765302e-01
 -4.7651674e-03
  2.1912538e-01
  1.0047636e+00
 -2.6729348e-01
  2.4308672e-02
 -1.0195034e+00
  5.0592266e-02
 -2.0892845e-01
 -6.9431114e-01
  3.6216715e-01
 -5.9167749e-01
 -1.6485485e-01
 -2.4416102e-01
 -7.4064207e-01
  6.0270257e-02
  1.3659029e-01
  1.0333083e+00
  1.5559344e+00
 -7.5335503e-01
  1.0997555e+00
 -3.5038862e-01
 -2.0280585e+00
 -8.3876908e-01
 -1.7182881e+00
 -1.1896284e+00
  1.8007779e-01
  8.3553635e-02
  2.6120964e-01
 -4.4910616e-01
 -3.2073298e-01
  1.7303103e+00
  8.0804455e-01
  1.0027735e+00
 -3.8643733e-01
 -2.4978699e-02
 -1.2547025e-01
  1.1410547e+00
  1.8611034e+00
 -3.0888313e-02
 -2.2164421e+00
  2.1464042e-01
  1.4682341e+00
 -1.3495988e+00
  3.3703655e-01
  2.8382151e+00
 -3.6129600e-01
 -1.0072577e+00
  6.1900580e-01
  2.4347353e-01
 -2.9989507e-02
  2.0312831e-01
 -6.9359824e-02
 -1.3580088e-01
 -3.5537484e-01
  7.1586496e-01
 -1.1694664e-01
 -1.0783665e+00
  9.8191604e-02
 -2.0483765e-01
 -2.4816056e-01
  5.5505399e-02
  1.7907432e-01
 -8.2157308e-01
  8.7940091e-01
 -2.0361088e-01
 -1.4890943e-02
  2.0462999e-01
  1.1874471e+00
  9.3968920e-02
  8.8194698e-02
  1.4924747e+00
 -1.4140029e-01
 -2.7024415e-01
  1.7520837e-01
  6.8680322e-01
  2.1114279e-01
 -1.0743269e-01
  1.8967403e-01
  1.4026004e+00
  1.6110323e-01
  1.9527337e-01
  1.9156684e-01
 -6.4982586e-02
 -3.7193117e-01
  2.1585421e-01
  5.1748985e-01
  3.1285837e-01
  2.6949960e-01
  2.4638252e-01
 -9.6396975e-02
 -4.1715217e-01
  2.3167729e-03
  6.2872522e-02
  2.2374773e-01
  1.8166108e-01
 -4.6148264e-01
 -1.9423357e-01
  4.3649265e-01
  2.4939430e-01
  5.3448659e-01
 -4.1553879e-01
 -6.7472622e-02
 -2.9480129e-01
  7.6611787e-01
  6.0880655e-01
  3.1136987e-01
  4.7205469e-01
  1.9680190e-01
  7.0501995e-01
 -5.3795528e-01
  9.6352078e-02
 -5.3722475e-02
  6.6542333e-01
 -3.0396419e-02
  3.6618333e-02
 -4.8015374e-01
 -2.1149677e-01
 -7.6592094e-01
 -7.7593014e-02
  2.1044089e-02
  1.1179287e+00
 -9.2682916e-01
  1.2882061e-02
 -6.4189569e-03
  6.8943745e-01
 -7.2930503e-01
  2.8076586e-01
 -1.5532568e-01
  6.8917662e-01
 -1.0933781e-01
  2.9456839e-01
 -3.4955591e-01
  1.6725823e-02
  1.9219700e-01
 -4.7697425e-02
 -7.9379216e-02
  9.0632565e-02
 -6.6284120e-01
 -2.9252114e-02
  5.9925906e-02
  1.4553520e-01
  2.9547042e-01
 -4.4879615e-03
 -3.7724379e-01
 -2.0774958e-01
 -6.7653972e-01
  5.3783488e-02
  3.2783461e-01
  1.1046401e+00
 -1.8462245e+00
  1.7636715e+00
  2.5405779e-01
 -2.3163870e-01
 -1.2771086e+00
  5.5650651e-01
 -2.2637512e-01
 -4.0811518e-01
 -8.2062915e-02
  2.0604460e-01
  2.2662234e-01
  1.6715392e+00
  1.0286702e-01
  5.5520471e-02
  2.6682815e-01
  2.4962106e-01
  1.4384359e-01
 -2.7678278e-01
 -4.3625021e-01
 -4.2307812e-01
  4.9498862e-01
 -1.4139773e-01
 -4.1961201e-02
  1.5796481e+00
  3.8990340e+00
 -4.4621268e-01
  3.7868342e-01
 -8.2822055e-01
  4.1487610e-01
 -1.5404050e+00
 -4.7284514e-02
  2.2920457e-01
  9.3682098e-01
  1.1977412e-02
 -3.5416311e-01
  2.4817128e-01
  1.2293813e+00
 -1.6517910e-01
 -6.6814214e-01
 -5.6181747e-01
  4.6073467e-02
  9.1175854e-02
 -6.3388765e-02
 -1.6882379e-01
  3.5093465e-01
 -4.1726130e-01
  1.0327067e+00
 -9.5041625e-02
 -2.2663107e+00
 -2.3028381e-01
  4.4222273e-02
  2.7235868e+00
  3.3773601e-01
 -9.6770957e-02
 -7.1021274e-02
 -5.8289260e-01
 -6.7249671e-02
 -7.3062724e-01
 -4.7806838e-01
  1.2546857e-01
  2.7499646e-01
  5.7513028e-01
  1.1299323e-01
 -3.6543244e-01
 -2.5052041e-01
 -2.7458942e+00
 -1.4961649e-01
  3.9683178e-01
 -3.0656183e-01
 -4.1773807e-02
  5.9015077e-02
  4.9996361e-01
  1.1387861e+00
  3.6490932e-02
 -4.3385249e-02
  4.0534592e-01
 -1.1282182e-01
 -8.0862492e-01
  1.2864892e-01
  1.0501245e-01
 -4.2340788e-01
 -1.3548478e-01
 -1.7798204e+00
 -8.1785396e-02
  2.8670333e-02
  3.2341473e-02
 -4.5300531e-01
 -4.8639622e-01
  6.4255744e-01
  1.1617860e+00
 -7.9910988e-01
  6.1714047e-01
  6.4177758e-01
  1.4468807e+00
  1.8928976e+00
 -3.6034143e-01
  1.2060665e-01
 -9.9153572e-01
  5.7234132e-01
  1.1172364e+00
 -1.3420215e-01
 -2.7658679e+00
 -2.7926329e-01
 -1.3518009e+00
 -1.9320723e-01
  1.6432760e+00
  9.9711353e-01
 -3.7287027e-01
 -2.5139123e-01
 -2.4852256e-01
 -1.1488184e+00
 -1.1872000e+00
  2.0119565e+00
 -3.8080734e-01
  9.1810250e-01
  6.5718806e-01
 -4.0650010e+00
 -5.2670962e-01
 -2.0152540e-03
  2.4519484e+00
 -5.4737288e-01
 -9.0286720e-01
  2.0268881e-01
 -3.5515175e+00
 -1.4712175e+00
  5.1692378e-02
  8.9684278e-01
 -4.9926478e-01
  6.7797285e-01
  1.1649305e+00
 -4.4085279e-02
  1.6996732e-01
  8.4024847e-02
 -4.0148860e-01
  8.3990538e-01
 -2.1650760e-01
 -5.1781845e-01
  9.2832275e-02
  1.9672433e+00
 -2.9512460e+00
 -3.5714693e-02
  1.5134226e+00
 -4.9372482e-01
 -7.0626920e-01
  6.5443940e-02
 -1.4754497e-01
  7.1651414e-02
  8.1722701e-01
  5.6159699e-01
 -2.8521830e-01
 -4.0268755e-01
  2.2632012e-01
 -1.9236962e+00
  1.1998499e-02
  4.3039683e-01
  1.6042519e-01
  1.0928743e+00
 -6.3425369e+00
  4.2576548e-01
 -4.4413003e-01
 -2.2472210e-01
 -2.1744695e-01
  4.4981909e-01
  2.6275876e-01
 -8.5147426e-02
  6.1300135e-01
  2.9207534e-01
 -7.3517072e-01
 -4.0425431e-02
  7.4400926e-01
 -2.3111174e-01
 -1.1566742e-01
 -1.7362894e-01
 -8.2077526e-02
 -3.5296012e-02
 -7.5583893e-01
  8.8831228e-01
  8.1551844e-01
  6.9099283e-01
 -1.7372473e+00
 -4.9316213e-01
 -9.2424279e-01
  6.1679488e-01
 -1.1525345e+00
  2.0614202e-01
 -2.0035507e-02
 -1.1660471e+00
 -6.4045632e-01
 -9.8429537e-01
  2.2752412e-01
  2.7719178e+00
  6.1905652e-01
 -1.1995864e+00
  2.5177319e+00
 -4.6657160e-01
 -5.0430435e-01
  2.4920225e-01
  1.1300191e+00
 -2.7970829e+00
  1.0260460e+00
  5.6704521e-01
 -1.0353371e-01
  3.7926923e-02
 -5.4915476e-01
  4.0358639e-01
 -1.6687431e+00
  2.6923117e-01
  4.8429900e-01
  4.5772919e-01
  3.0301800e-01
  9.8879045e-01
  1.9886231e+00
 -1.8019690e-01
 -2.4334009e-01
 -1.3706090e+00
  1.0433692e+00
 -1.7948994e-01
  7.0819145e-01
 -3.2619843e-01
  2.9589944e+00
  4.5345363e-01
  4.9779022e-01
  4.3376356e-01
 -1.3055328e+00
 -4.7302790e-02
  3.4751201e-01
  1.4646728e-01
 -1.1581658e+00
 -2.0226632e-01
 -9.5804244e-02
  4.3605968e-01
  4.8501515e-01
  1.5949199e-01
  3.2105440e-01
 -1.9739228e-01
 -1.1145646e-01
 -9.9700296e-01
 -7.7615666e-01
  1.9307287e-01
  6.0157293e-01
  6.9549650e-01
 -2.4822810e-01
  1.2522236e-01
  1.6681154e-01
  3.4228951e-01
  7.3811695e-02
 -1.1313520e-01
  1.2675608e-02
 -7.0443773e-01
 -1.3323411e+00
 -2.1430197e-01
 -1.1410750e-01
 -1.7047417e-03
  1.4409238e-01
 -2.6777947e-01
 -5.5054080e-01
  4.0897053e-01
  9.2710435e-01
 -4.6104032e-01
 -3.1630456e-01
 -5.1225817e-01
 -3.0780637e-01
  6.9597282e-02
 -5.0046986e-01
 -1.1052199e-01
  2.7364856e-01
  5.1741195e-01
  2.6867557e-01
 -8.1993616e-01
 -1.9564661e-01
  9.3511432e-02
  1.3528270e-01
 -1.1864048e-01
 -2.0653635e-01
 -1.6457936e+00
  4.7095755e-01
 -5.4388887e-01
  1.8118070e-01
  1.3221139e-01
  3.9885783e-01
 -1.3860355e-01
 -1.5708718e-01
 -4.5792699e-01
 -1.4623395e-01
  2.8298393e-01
 -6.1227277e-02
 -7.6250458e-01
  3.8868231e-01
  2.8334513e-02
 -1.4593925e-01
  4.5841664e-01
 -1.0129084e-01
  1.4040892e-01
 -7.5300527e-03
  2.2171536e-01
 -1.8563840e-01
  9.1280200e-02
 -1.7517766e-01
  1.2923876e+00
  2.5409755e-01
 -2.1245055e-02
  3.4268241e-02
  4.5971174e-02
  4.2195922e-01
 -1.2476588e-02
 -4.9741393e-01
 -4.6560177e-01
  1.1005406e+00
  1.0113482e+00
 -2.9927039e-01
  9.9473596e-02
  1.1809103e-01
  2.9431307e-01
  1.8625686e-01
 -2.4298899e-02
  1.7916292e-01
  1.4536020e-01
 -3.3444464e-01
 -5.3643095e-01
  2.0035413e-01
  1.6011532e-01
 -7.0768982e-01
 -1.9088316e-01
 -2.8479311e-01
 -4.2449817e-01
 -6.6371742e-03
 -9.5629662e-02
 -2.6649854e-01
  2.5214139e-01
  8.6609665e-03
  1.1042239e-01
 -1.0550767e-01
  1.9082125e-01
 -7.5705439e-02
 -1.2591876e+00
  1.9314320e-01
  5.0581455e-01
  1.9605593e-01
 -4.9619195e-01
 -2.0740272e-01
  5.9126183e-02
 -2.2398821e-01
 -1.7811485e-01
  2.9879403e-01
 -6.7147839e-01
  8.0155939e-01
 -2.5952164e-02
  2.5759935e-01
  1.7570724e-01
  3.2083005e-01
 -1.0350718e-01
  4.3641815e-01
  1.7660420e-01
  1.5596130e-01
  5.9715450e-02
  3.8286853e-01
 -1.8837563e+00
  8.8366455e-01
  2.5596011e-01
 -1.0229650e-01
 -3.1083715e-01
 -2.6868075e-02
 -1.6085523e-01
  1.4509286e-01
 -1.7420187e+00
  5.5494867e-02
  1.0204149e-01
 -3.2691288e-01
 -1.2792739e-01
 -2.4499176e-03
 -1.9824110e+00
  7.2077978e-01
 -4.6831930e-01
  5.1901257e-01
 -1.5063654e-01
  1.3853413e-01
  4.3895161e-01
 -1.9812356e-01
 -7.9172921e-01
 -1.9123268e-01
 -1.0984937e-01
  1.4066271e-01
  1.6885586e-01
  9.2565405e-01
 -2.3519781e+00
 -3.0114901e-01
 -4.9763951e-01
  9.0963179e-01
  1.0645936e-01
 -3.4259057e-01
 -1.1859341e+00
 -5.3280654e+00
  3.9523971e-01
  1.3035509e-01
  5.0024843e-01
 -2.9040137e-01
  1.5863115e-02
  6.8206674e-01
  6.4326429e-01
 -6.6022414e-01
 -3.5672152e-01
  1.3853548e-01
  9.3485790e-01
  4.2917183e-01
 -1.3800475e-01
  3.3161280e-01
  7.8775764e-01
  8.1141945e-03
  6.6196018e-01
  3.9564669e-02
  1.3855287e-01
  7.8001231e-02
 -5.7978034e-02
  1.8717410e-02
 -3.2215300e-01
 -3.7816573e-02
 -7.1849950e-02
  5.4789461e-02
  8.5438430e-01
 -3.5695770e-01
  1.8083067e-01
  5.9403020e-01
 -1.4063403e-01
 -1.1955279e-01
 -1.1072226e+00
  4.0523279e-02
 -2.6993778e-01
  2.6915498e-02
  4.7371274e-01
  2.7145016e-01
 -5.4804969e-01
 -6.7940438e-01
 -4.5026144e-01
 -4.7996733e-02
 -1.1976488e-01
 -1.6841783e-01
  1.0425797e+00
 -3.0200416e-01
  1.6550161e-01
 -3.8876027e-01
 -5.3523846e-02
 -1.0601349e+00
  3.0846524e-01
 -2.0249690e-01
  7.0428485e-01
 -1.8496874e-01
  5.4266977e-01
  9.2822748e-01
 -8.7126273e-01
  7.5160272e-02
  1.9708791e+00
 -4.8172794e-02
  3.0731046e-01
 -1.2971714e-01
  8.0392188e-01
  4.8388490e-01
 -1.6144544e-01
  3.1188130e-01
 -1.0713553e-01
  3.4317270e-02
  8.8576013e-01
 -1.0473753e+00
 -1.5422362e-01
 -6.0123467e-01
 -2.8128460e-01
 -7.3642355e-01
 -4.5623842e-01
 -1.5456876e-01
  4.3895084e-01
 -4.3118948e-01
  2.5800815e-01
  2.8035873e-01
  1.2123726e-02
 -2.3036408e-01
 -3.2919034e-02
 -4.1608045e-01
  5.7280570e-01
  2.6341873e-01
 -8.3553925e-02
  2.6233140e-01
 -9.8307323e-01
  1.5671188e-01
 -9.8516643e-03
  7.2068036e-01
  1.4903733e+00
 -8.1894535e-01
  2.9730791e-01
  4.3889984e-01
 -3.5908982e-01
  1.5086198e+00
 -1.6485256e+00
 -7.0613611e-01
 -3.5283163e-02
 -4.7816461e-01
 -1.2421064e+00
 -1.5100525e-01
  1.9148910e-02
 -9.6166754e-01
 -1.7969562e+00
 -4.2973509e-01
 -4.0333462e-01
  1.3101141e-01
  9.7969085e-01
 -5.5475384e-01
  2.1905358e+00
 -1.1286546e+00
 -3.6535877e-01
 -4.8540229e-01
 -1.4278125e+00
 -7.0207721e-01
 -2.2195024e+00
  7.3817790e-01
 -2.2717478e+00
 -2.2202535e-01
 -1.0968596e-02
 -2.9941192e-01
  2.9813185e+00
 -9.7774142e-01
 -8.8919103e-02
 -1.0042738e+00
 -5.5892337e-03
 -4.8273063e-01
 -2.6263297e+00
 -7.9189748e-01
 -2.1676645e-01
 -5.4452217e-01
 -1.4883981e+00
  1.8175700e-01
  5.7914108e-01
  2.6290339e-01
 -9.9886447e-02
  2.0873880e-01
 -2.9082078e-01
 -6.3545376e-01
 -1.3983268e-01
 -6.5166277e-01
  8.0402946e-01
  2.5407410e-01
  6.5910113e-01
  8.2327181e-01
 -1.6026515e+00
 -1.5483780e-02
  6.2933522e-01
  1.5473305e-01
  8.3434242e-01
 -2.1276216e-01
  6.8236285e-01
 -4.7429334e-02
 -9.4031918e-01
 -5.2565306e-01
  1.2293051e+00
 -1.0850684e-01
 -2.4825314e-02
  2.4560022e-01
 -3.7462404e-01
  2.5220633e+00
  9.0017182e-01
  1.2784504e+00
  8.1371963e-03
 -3.5795671e-01
  4.2588520e-01
  4.4160315e-01
 -7.2467911e-01
  6.0849005e-01
  9.3859512e-01
 -1.8775231e-01
 -1.3870006e+00
 -1.8520583e-01
  3.7875208e-01
  8.2826167e-01
 -4.8630929e-01
 -8.2566045e-02
  3.3118215e-01
  5.1557207e-01
  8.4950358e-02
 -1.0373359e-01
  1.0195884e+00
 -6.7191176e-02
  5.8752078e-01
 -1.9800933e-01
  4.9604437e-01
 -2.3408085e-01
  1.1749180e-01
 -4.4240743e-01
  1.8053380e-01
 -4.2131054e-01
  2.8576899e-01
  3.1452756e-02
 -2.5625598e-02
 -2.0936552e-01
  9.3058854e-02
 -2.6119682e-01
 -9.5676684e-01
 -1.2684986e-02
  1.9576530e-01
 -2.1465056e-01
 -1.0740445e-01
  1.2404850e+00
 -8.2721949e-02
  1.0242361e+00
 -2.2120525e-01
 -7.9773366e-02
 -9.2040241e-01
  3.1358200e-01
  4.9381131e-01
  7.5658995e-01
  3.0464871e+00
  2.0940049e+00
  6.6594526e-02
  7.1041107e-02
  4.0073922e-01
 -3.1261539e-01
 -1.5096295e-01
 -1.9172616e+00
  1.2368239e-01
 -4.5957568e-01
  1.1540083e-01
  6.9700843e-01
 -9.5652781e-02
 -9.3257502e-03
  3.2908551e-02
  1.8426165e-01
 -1.2185219e-01
  4.5795393e-01
  1.1989499e-01
  5.6648529e-01
 -4.6181458e-01
  5.6142050e-01
  7.2149092e-01
 -1.1473846e-01
  3.9315090e-01
 -3.2468837e-01
 -3.1463456e-01
  8.1883478e-01
  7.7609874e-02
  1.6194863e-02
  4.9267775e-01
  1.4638370e-01
 -6.1428394e-02
  5.6666315e-01
 -5.2311265e-01
  2.8543937e-01
  4.7952762e-01
  2.1936696e-02
 -4.7995749e-01
  3.0118504e-01
 -1.2430800e-01
  2.6836723e-01
 -8.5123405e-03
  3.9316246e-01
  1.8435562e-01
  4.9851274e-01
 -2.4107063e-02
 -1.5089229e-01
 -4.8067215e-01
  9.2819683e-02
  1.9906358e-01
  6.0039085e-01
 -1.3482083e-01
  5.7789701e-01
  1.0846442e+00
 -4.9679232e-01
  1.8572731e+00
 -1.5331104e+00
 -1.2157251e+00
 -5.1488316e-01
 -5.5667979e-01
  1.4100161e+00
 -3.9438871e-01
 -1.0116640e-02
  9.4454283e-01
  7.9246318e-01
  1.5055085e+00
  1.9205393e-01
  5.6034662e-02
  6.5600997e-01
  1.2829569e-01
  2.8074455e-01
  2.0248839e-01
  8.1802899e-01
  3.4255648e-01
 -2.1106884e-01
 -3.6389299e-02
  3.6135636e-02
 -7.3142871e-02
 -6.1761820e-01
  8.3200306e-02
  4.8917276e-01
 -6.2961310e-01
 -1.1214429e+00
  3.6633950e-02
 -9.9165767e-01
  3.7983233e-01
  1.2675790e-01
  1.1148924e-01
  7.3813267e-02
  1.3717645e-01
  2.4910083e-01
  1.2053721e-01
 -2.4452256e-02
 -3.9537528e-01
  1.2655677e-01
 -2.5928319e-02
 -2.2163285e-02
  7.5553931e-02
  2.5152094e+00
  2.9800799e-01
  1.1932697e+00
  4.4600320e-01
 -3.3623809e-01
  2.6591891e-01
  2.0854747e+00
  9.5817909e-02
 -2.1034215e-02
  5.1072299e-01
  3.1082368e-01
  3.1193683e-01
 -2.9382594e-03
  9.3951344e-01
  4.6563950e-01
 -5.2117330e-01
 -7.6401956e-02
  2.3247114e-01
  1.2637343e-01
 -3.8996956e-01
  3.1184500e-01
  2.5482121e-01
  3.8347051e-01
 -9.1692314e-02
  3.6808096e-02
 -6.3939817e-02
 -2.2291046e-01
  1.0734956e+00
  2.4243173e-01
  1.0069812e-01
  7.0136470e-01
  4.1833493e-01
 -2.8663701e-01
 -3.3940233e-02
 -1.0913625e+00
 -1.8183258e-01
 -4.1761085e-02
  4.2051319e-03
  8.5377419e-01
 -2.0356363e-01
  7.8482032e-02
  9.2053962e-01
 -3.7913743e-02
 -2.7515787e-01
 -9.5672828e-01
  2.0989133e-02
 -6.7529723e-02
  8.3155036e-02
  1.0820789e+00
 -2.3624589e-01
 -9.6947455e-01
  3.0249092e-01
  2.6986557e-01
  3.4655702e-01
  1.1583573e-01
 -5.7766810e-03
 -5.5861212e-02
  2.0713767e-01
 -5.5571812e-01
 -1.8414414e-01
 -1.2735792e-01
 -2.2457241e-01
  2.0818267e-02
  5.0436866e-01
 -6.2028784e-01
  2.9926834e-01
  2.7671081e-01
 -4.3044570e-01
  4.0969595e-01
  4.1668189e-01
  2.1725674e-01
 -8.2482979e-02
 -1.7185637e+00
  5.6942898e-01
  3.8486969e-02
 -2.3980784e-01
  1.5297905e-01
 -2.2053248e-01
  6.8453139e-01
 -4.0416309e-01
  1.7779830e+00
  1.2923996e-01
  1.3721529e-02
  1.0520099e-01
 -4.9128434e-01
  6.5151882e-01
 -2.1080764e-01
 -1.7025348e-02
  9.3343921e-02
  1.4380316e-01
  3.5005608e-01
 -7.8955662e-01
  1.2272149e-01
 -1.9564414e-01
 -1.6064620e-01
 -2.9940593e-01
  7.8201994e-02
 -1.3555911e-01
 -3.8227025e-01
  6.4125657e-01
  2.8683469e-01
 -6.1380529e-01
 -7.2953242e-01
  8.8350791e-01
 -1.6605675e-02
  1.5186808e-01
 -3.7279040e-01
  2.3263448e-01
 -1.5852363e+00
 -1.3326291e+00
  4.0367669e-01
 -1.8102469e+00
 -1.8868855e-01
  2.0928454e-01
  3.4454057e-01
  1.5728238e-01
 -1.0715832e-01
 -2.5696623e-01
  2.0226946e-01
  1.2430786e-01
 -4.0653342e-01
  6.9822066e-02
  7.0978314e-02
  3.3431715e-01
 -2.0739417e-01
 -2.0178950e-01
 -6.4104712e-01
  9.2081928e-01
  8.8218266e-01
  6.5435249e-01
  4.8712671e-01
 -7.3822476e-02
 -1.1040688e+00
  4.9769533e-01
  3.4683987e-01
 -2.0747888e-01
  3.3146949e+00
 -4.4819930e-01
  1.6809425e+00
 -2.0630462e-01
 -4.0388346e-01
  1.0042521e-01
  8.6905390e-02
  1.1405277e-01
  2.8435054e-01
 -5.5479765e-01
 -5.8329529e-01
 -9.3609208e-01
  2.6207456e-01
  2.4100929e-01
  1.4978302e-01
 -2.8359365e-02
  1.8968840e-01
  6.3361309e-02
 -1.0958257e-01
 -1.4978382e-01
  8.9628950e-02
  2.6412138e-01
 -4.8301090e-02
 -3.7378669e-01
 -2.7936744e-03
 -1.4236165e-02
  2.9063982e-01
  4.8616973e-01
  2.6413831e-01
 -6.1335301e-01
  7.4974835e-01
  2.5149703e-01
  1.6132233e-01
 -3.4885474e-02
 -4.1080409e-01
 -2.9327238e-01
 -3.0224079e-01
 -5.3597633e-02
 -2.0966996e-01
  1.1181493e+00
 -5.9938884e-01
 -2.1187336e+00
  2.3396511e+00
  1.3705652e+00
  1.0937271e+00
 -7.9242393e-02
 -6.6627795e-01
 -3.8183123e-01
 -5.5031395e-01
  4.4355941e-01
 -4.5495009e-01
  9.8033428e-02
  1.6401803e+00
  1.7687716e+00
  9.6755588e-01
 -3.2086569e-01
  1.6102589e+00
 -6.4471340e-01
 -4.7749320e-01
 -1.0345858e+00
  4.8566756e+00
 -6.7743522e-01
  4.5511490e-01
 -2.4651983e+00
 -9.7559732e-01
 -5.2407092e-01
  7.2885323e-01
  1.3041874e+00
  2.2825524e-02
 -2.6111603e-01
  3.0826402e-01
 -2.6899469e+00
 -1.4232378e-01
  1.5175244e-01
  1.8744642e+00
  1.3754529e-01
  3.0625978e-01
  2.6792519e-02
  4.6599388e-01
 -3.8324150e-01
  1.2238415e-02
  4.2401615e-01
  2.3115307e-01
  2.6374623e-01
 -1.3581634e-01
  1.8567665e-01
 -4.4150737e-01
  1.8187368e-01
 -4.0273714e-01
  9.9704999e-01
  1.0434874e+00
  2.6866353e-01
  2.0503089e-01
 -2.0517728e-01
 -2.6924461e-01
  1.9630414e-01
 -3.0107036e-01
 -6.5330446e-01
  2.0184325e-01
 -7.6196170e-01
 -9.8057002e-02
  3.7909883e-01
  8.0527788e-01
  3.6911726e-01
 -5.9517390e-01
  2.2638448e-02
 -5.1999606e-02
  7.3221666e-01
  2.0793135e-01
 -3.6837929e-01
 -1.7001781e-01
  1.1540719e+00
  1.8261820e-02
 -7.0811921e-01
 -4.1722059e-01
 -6.7038700e-02
 -5.7430083e-01
 -1.1717187e-01
  5.5578506e-01
 -1.4883437e+00
 -4.4918820e-01
 -5.6569195e-01
  1.9016126e-01
 -4.8570120e-01
 -6.5533769e-01
  7.7749032e-01
  3.8850051e-01
 -2.4692546e-01
 -1.0560201e+00
 -8.0907381e-01
  2.7436182e+00
 -2.4211886e+00
 -2.3927857e-01
 -5.6920248e-01
 -1.2465014e+00
 -2.5329787e-01
 -3.4241250e-01
  2.6568910e-01
 -2.1435256e+00
 -1.0476373e-02
 -6.4839250e-01
 -9.0971589e-02
  1.6888437e-01
 -3.8886937e-01
  9.8973177e-03
  5.1183784e-01
 -1.3285937e+00
  1.4529085e+00
  5.4507691e-01
  6.2487793e-01
  2.7076790e-01
 -3.3957813e-02
  2.5782621e-01
  2.8572865e-02
  1.0402550e-01
 -7.2611786e-02
  1.4697156e+00
 -2.7183092e-01
  8.8970649e-01
 -5.1975572e-01
 -4.0912646e-01
 -2.2425818e-01
  5.8408874e-01
 -4.1844559e-01
 -1.3774168e-01
 -6.0710281e-02
 -1.2410595e-01
  1.9020550e-01
  1.2381175e-01
  3.3948678e-01
  2.8661969e-01
 -3.9600059e-01
 -1.7253970e-01
 -5.8639139e-02
 -6.6577131e-01
  7.0369607e-01
 -8.9438409e-02
 -6.9433445e-01
  1.0596693e+00
  3.6835602e-01
  2.0076592e-01
 -7.7790678e-02
 -4.3915695e-01
  2.6358470e-02
 -6.6016066e-01
  6.1084062e-01
  1.4282002e-01
 -4.8442397e-02
 -2.7447534e-01
  1.4756392e-01
 -1.0333889e+00
  2.0639284e-01
  1.4718482e+00
  1.9882530e-01
  3.5629383e-01
 -8.6876583e-01
  1.2208961e-01
  1.8213578e+00
  6.1948240e-02
  7.2491372e-01
 -4.4118151e-02
 -1.6207406e-01
 -2.2579892e-01
  2.8187362e-02
  4.0235525e-01
 -5.1258022e-01
  9.1580816e-02
  2.3422578e-01
 -2.6652783e-01
  2.0604563e-01
 -2.1637699e-01
  4.3608624e-01
  3.6960199e-01
  3.6544162e-01
 -2.0207150e-01
 -2.3653606e-01
  9.1961823e-02
  1.9474575e-01
  8.9112574e-01
 -2.7789766e-01
  8.7001026e-02
  1.4798701e-01
 -4.4418123e-01
 -5.3976029e-02
 -4.1627027e-02
  2.4485171e-01
  5.2997512e-01
 -1.7274812e-02
 -8.2037821e-02
 -4.6434440e-03
  3.1575468e-01
 -6.6612303e-02
  1.5435687e-01
 -2.3067716e-01
  1.7024805e-01
 -1.3708773e-01
 -1.0661683e+00
 -2.8690955e-02
  2.9648302e-02
  1.1532296e+00
  2.2568192e-02
  5.5670065e-01
  2.6105130e-01
  3.4661412e-01
  1.5597124e-02
 -3.1275931e-01
  1.4334787e-01
 -9.5042318e-01
 -2.2056761e-01
  3.3589002e-01
  2.2438163e-01
 -3.8646576e-01
 -8.3487414e-02
  3.0881655e-01
  5.6463636e-02
  5.4100710e-01
 -2.0083819e-01
  6.9267398e-01
 -1.1180480e+00
 -2.1590366e+00
 -4.9069512e-01
  4.3777162e-01
 -7.1918195e-01
  4.9512908e-01
  8.7069905e-01
 -2.5891283e+00
 -4.1712362e-01
 -1.3778390e-01
 -4.5957655e-01
  5.5342764e-01
 -2.6705176e-01
  1.8369730e-01
 -4.9357423e-01
 -4.9275413e-01
 -1.2805060e-01
 -4.2079415e+00
  4.1627893e-01
  3.8110772e-01
  6.1899602e-01
 -1.3708273e-01
 -1.1150488e-01
 -2.5380892e-01
  6.5135375e-02
 -8.1884360e-01
 -6.4966029e-01
 -1.6699171e-02
 -1.1204871e+00
 -6.4348394e-01
 -8.6678141e-01
  2.1241985e-01
  6.3422668e-01
 -1.2854467e-01
 -4.6137717e-02
  9.7791955e-02
 -5.4599345e-01
  3.9314732e-02
 -1.0431018e-03
  3.5560018e-01
 -3.1099293e-01
  3.1595993e-01
 -1.9778794e+00
 -4.1016051e-01
 -9.1413003e-01
  9.8073617e-02
  3.1714228e-01
  5.9788853e-01
 -5.3002435e-01
 -9.3001485e-02
 -5.1299799e-02
  4.3679637e-01
 -1.9507129e+00
 -1.2604734e-01
 -1.3463190e-01
 -6.2963140e-01
  4.5537332e-01
  6.7720520e-01
 -4.0736419e-01
  7.9400614e-03
 -1.6511603e-01
 -1.2141347e-01
  7.2206986e-01
 -7.4049997e-01
 -1.3375061e+00
 -2.3116948e-02
 -5.7482325e-02
  2.9955742e-01
 -3.5960978e-01
 -9.3331772e-01
  4.6428952e-01
  9.4850862e-01
 -2.3100557e+00
 -4.1842785e-01
 -1.8117887e-01
 -7.9318196e-02
 -4.2422730e-01
 -5.6975776e-01
 -1.4539449e-01
 -1.4131352e-01
 -4.6965420e-01
 -5.1039815e-02
 -5.6599784e-01
  1.5268861e-01
 -1.4311086e-01
 -4.0013022e+00
 -9.0593599e-02
 -4.7468501e-01
 -6.0735977e-01
 -1.7944846e-01
 -9.1992015e-01
 -5.7068771e-01
 -1.0940901e+00
  7.8524983e-01
  9.7058430e-02
  8.0934292e-01
 -4.5385513e-02
 -1.3834460e-01
  2.8648305e-01
 -1.2077544e-01
 -3.3382323e-01
  1.1878397e+00
 -3.2360905e-01
  6.0892540e-01
 -2.2875422e-01
  3.0647558e-01
  2.4146886e+00
  1.0475577e-01
  2.9337401e-02
 -9.6527010e-01
 -5.3266031e-01
  2.0362771e-01
  1.1146632e+00
  1.2863188e+00
 -3.3622232e-01
 -3.1898057e-01
 -3.3556464e-01
  2.0710388e-01
 -3.3890742e-01
  1.2636010e-01
  2.6608525e-02
 -2.1044515e-02
  3.0986893e-01
  6.4837098e-02
  6.8881176e-02
  4.8344114e-01
 -2.5287172e-01
 -9.7242445e-02
 -1.8786924e-01
  4.2911196e-01
  2.2250119e-01
 -3.1438082e-02
  1.2034286e+00
  4.0095001e-02
  3.0783516e-01
  8.0306657e-02
  5.7079619e-01
  1.5035999e+00
 -1.1049833e+00
  3.1670657e-01
 -1.0922029e+00
 -7.0267096e-02
  4.2472985e-03
  3.9334273e-01
 -4.0625715e-01
  5.8649206e-01
  4.9497034e-02
 -1.7468569e-01
 -1.2038323e-01
 -3.0454391e-01
  3.0939003e-02
 -2.6813301e-01
 -4.2166173e-01
 -3.1028411e-01
 -9.8606899e-02
  9.0686804e-01
  5.3575665e-01
  6.4507353e-01
 -9.9772289e-02
  4.0844940e-02
 -4.2547449e-01
  9.0477698e-02
  3.3738068e-01
  7.3435265e-01
  4.0643641e-01
  1.2100022e-01
 -2.5612372e-01
 -6.8175462e-03
 -2.8433383e-01
  4.1332918e-01
  1.7404979e-02
  6.8852879e-02
 -2.6863322e-01
 -8.4596239e-02
  7.3790097e-01
 -3.5262337e-01
  1.1499746e+00
 -4.8867023e-01
 -8.1501734e-01
  5.5828169e-02
  4.6268916e-01
  2.7228406e-01
  1.3169532e+00
 -2.1232085e-01
  2.6106465e-01
 -3.6975175e-01
 -7.7309799e-01
  3.8354200e-01
  4.6916029e-01
 -5.2822195e-02
 -8.8492706e-02
  2.1944169e-02
 -1.4261416e+00
  1.3416196e-01
 -7.3608744e-01
  5.7520330e-01
  9.0958887e-01
  2.2224206e-01
  4.4084489e-03
 -1.9590636e-01
  1.0333081e+00
 -6.9522864e-01
 -5.5252615e-02
  4.1557204e-02
  2.4753924e-01
  3.4081393e-01
 -3.5920066e-01
  8.8717982e-02
 -3.1542256e-01
  7.4237272e-02
  7.2065353e-01
  2.7003950e-01
 -2.7631658e-01
  6.4322239e-01
 -4.1322850e-02
  6.8086594e-01
 -8.2278836e-01
 -1.1188497e-01
  4.3947020e-01
  8.3257288e-01
  3.6861193e-01
  9.4620198e-02
  1.6961442e-02
 -1.7646752e-01
  8.2568187e-01
 -2.3008145e-01
  1.5765330e+00
 -1.6747503e-01
  9.3218662e-02
 -7.3588079e-01
 -5.0781542e-01
  9.4599551e-01
 -3.8443518e-01
 -1.2107275e+00
  9.9485340e-03
 -2.0353684e-01
  2.5157538e-01
 -2.5608560e-01
  7.8945145e-02
  2.2649324e-01
  2.6052532e-01
 -2.3074634e+00
  3.7239024e-01
 -1.8258323e-01
 -1.9501820e-03
  1.0537871e+00
 -3.8492304e-01
 -1.3560185e+00
 -4.9935751e-02
 -2.9835427e-01
  2.5138063e-02
  3.0343348e-01
 -2.3299032e-01
  1.7634591e-01
  1.6972293e+00
  5.6990765e-02
  3.2436684e-01
 -5.6540225e-02
 -5.3114355e-02
 -6.4020848e-01
 -6.5610141e-02
  4.9981934e-01
  1.2542772e-01
  2.2955403e-01
  9.6260726e-01
  2.1175373e+00
  8.6287665e-01
 -4.0487301e-01
 -9.2182571e-01
 -2.1990206e-02
  1.7525518e+00
  3.2766647e+00
  7.6433313e-01
  2.8202125e-01
  7.8969695e-02
  1.2455287e+00
  1.0025372e-02
 -5.3544916e-02
  5.2286518e-01
  1.9876938e+00
  1.0664984e+00
  1.0313521e-01
 -1.3636951e+00
 -2.0277826e-01
  1.5674589e+00
 -1.1791452e+00
  1.4994104e+00
 -3.8723767e-01
  3.4343219e-01
 -1.3928454e+00
 -3.6580056e-01
  4.1062361e-01
  9.5436633e-01
 -3.5369873e-01
  7.9268038e-01
 -5.6533199e-03
 -1.4408096e+00
 -1.3352275e-01
 -1.7237527e+00
  2.4657485e-01
  2.0034304e-01
 -2.0420895e+00
  7.7061109e-02
 -2.7041283e-01
  1.2477592e-01
 -3.4473696e-01
 -6.4315981e-01
  2.0525278e-01
  2.6271787e-01
 -5.7734442e-01
  8.5048801e-01
 -4.1749853e-01
 -4.8485468e-04
  9.6089917e-01
  6.1170882e-01
 -5.0185502e-01
 -3.4860952e+00
  2.7108636e-01
  6.7491096e-01
 -1.1355561e-01
 -8.2634389e-01
 -2.0511191e-01
 -1.5023795e-01
 -2.5996852e-01
 -3.1503832e-01
  6.9234025e-01
  4.6082053e-01
  2.6684600e-01
 -4.9211377e-01
 -5.6939280e-01
  2.7905190e-02
  3.2421127e-02
 -1.0810126e+00
  4.6182421e-01
 -1.7836420e-02
 -3.0466259e-02
 -2.5724611e-01
  4.7099242e-01
  9.0872027e-02
 -3.1760000e-03
 -4.6418976e-02
 -6.1974150e-01
 -4.3927544e-01
  4.0294817e-01
  2.8655374e-01
 -2.8512558e-01
 -7.6447260e-01
 -4.5964095e-01
 -9.7890264e-01
 -3.6127239e-02
 -2.1290053e-02
 -2.4542103e+00
 -1.1290650e+00
 -2.3459063e-01
  9.8167586e-01
  1.3596439e-01
 -8.4202208e-02
 -4.0939346e-01
  2.4386567e-01
  6.9553745e-01
 -7.4939728e-02
 -2.3030479e-01
 -8.5134518e-01
  9.3480103e-02
 -5.3894097e-01
  3.9792590e+00
  8.7814778e-01
  4.2429829e-01
 -1.9749440e-02
 -3.9271513e-01
 -2.4179102e-01
  4.1030556e-01
  4.8598386e-03
  7.6294124e-01
  5.6928790e-01
  1.6996754e-02
  2.9436836e-01
  4.7633794e-01
 -1.3087916e-01
  2.4358688e-01
  3.9678958e-01
  9.6444912e-02
 -1.9936366e+00
  1.3401632e-01
 -3.6233285e-01
  5.5058455e-01
 -1.9158778e-01
  8.8905521e-02
  8.5833907e-01
  6.5111434e-01
  3.5468587e-01
  4.9241386e-02
 -2.1602331e-01
  4.3075930e-02
  4.1718628e-02
 -1.5887734e-01
  9.1126275e-01
  3.9469033e-01
  6.0762238e-02
  1.9661523e-01
  1.7321929e-03
 -6.3455307e-01
 -2.1214221e-01
  8.7078768e-01
 -8.0885381e-01
 -1.1317928e+00
 -6.0460605e-02
  2.0522939e-01
 -3.2064393e-01
 -9.4996944e-02
 -1.0133287e-01
 -3.4811002e-01
 -5.5369335e-01
  1.3326375e-01
  5.5428445e-01
  8.6485988e-01
  2.5793424e-01
  5.7394564e-01
  1.3836059e-01
 -1.2720162e-01
 -7.8659993e-01
 -1.0913544e-01
 -9.8466903e-02
 -1.8515033e-01
 -1.4510408e-01
 -7.6786309e-02
 -3.1429902e-02
  1.3261183e-01
  1.0195964e-01
  5.1783550e-01
  2.6389919e-02
  5.1867459e-02
  1.7750607e-01
 -1.0874145e-01
 -4.0459445e-01
 -6.0712135e-01
 -2.0400551e-01
  3.6169985e-01
  1.3029166e-01
  3.9112377e-01
 -1.0196731e+00
  1.1158357e+00
 -4.3775582e-01
 -4.3816423e-01
  9.9361026e-01
  6.2957710e-01
 -2.7984061e+00
  9.0564209e-01
 -9.5688957e-01
 -2.2708824e+00
  3.6850702e-03
 -2.3512847e+00
  1.0090433e+00
  2.0108988e+00
  1.3189121e-01
 -4.5677927e-01
 -7.8532171e-01
 -2.2764388e-02
  9.3219090e-01
 -1.4452338e-01
  6.6297390e-02
  1.5452378e+00
  7.9603022e-01
 -1.3563933e+00
  1.2687941e+00
 -1.4999253e+00
  5.4511034e-01
 -5.0203323e-01
  5.2817363e-01
  5.0342478e-02
  2.3237178e-01
  5.9658807e-02
 -1.1282620e+00
 -2.5366890e+00
  9.4965243e-01
 -4.1774899e-01
  2.8682569e-01
 -2.0583749e-01
  1.3257089e-01
 -1.5842259e-01
  7.2246659e-01
 -6.6693312e-01
  4.3620783e-01
 -5.2302468e-01
 -1.0441316e+00
 -2.6540500e-01
 -2.0995887e-01
  3.1459513e-01
 -1.3550387e-01
 -3.4898181e+00
  1.1370747e+00
 -2.3668206e-01
 -8.0476815e-01
 -3.0973548e-01
  4.5650253e-01
 -9.7739771e-02
  4.1141447e-01
  5.6781018e-01
  9.3304056e-01
  4.2499322e-01
 -2.4573201e-01
  1.8916637e-01
  1.2170989e-01
  9.9229628e-01
  4.3157473e-01
 -1.0861378e+00
  1.4329560e-01
 -3.0152744e-01
  1.6851026e+00
 -8.8149863e-01
  3.2260633e-01
 -8.8735127e-01
  3.8009751e-01
 -4.7301240e-03
  9.2430389e-01
  6.3943610e-02
 -2.2217891e-01
  5.1963583e-02
  7.6398194e-01
  8.9343673e-01
  1.3126676e-01
  1.0722569e-01
 -5.2222252e-01
  7.6843284e-02
 -6.1876488e-01
  6.1114079e-01
  1.8138622e-01
 -9.6024461e-02
 -6.9448072e-01
  7.6395327e-01
  1.6334741e-01
  1.6540760e+00
 -1.7100355e-01
 -3.2621286e+00
 -3.1702016e-02
 -9.0323329e-02
 -1.3003561e-01
 -4.7635752e-01
 -3.7819278e-01
  6.4553190e-03
 -1.0350353e+00
 -5.5682433e-01
  1.2291355e-01
 -6.7764945e-02
  5.6075495e-01
 -3.7803710e-02
  4.4262421e-01
 -1.4664264e-01
  2.1429789e-01
 -3.9700523e-01
 -2.3615205e-01
  1.6852161e-03
  1.6619364e-02
 -7.8752953e-01
 -4.8726657e-01
  7.1588051e-01
 -4.7431013e-01
  4.1866526e-01
  4.7439623e-01
 -1.2986889e-01
  3.6655048e-01
 -1.0747685e+00
 -3.1052840e-01
 -1.4648194e-02
 -1.7854206e-02
  5.6807208e-01
 -3.2880697e-01
 -2.2361922e-01
 -3.8890351e-02
 -1.5737915e-01
  3.9408928e-01
 -6.6096641e-02
  1.0736055e-01
  2.0140626e-01
  1.6075116e-01
 -2.9722741e-01
 -1.3439394e+00
  2.1133463e+00
  1.2902299e-01
 -1.1345750e-01
 -7.3554164e-01
  9.9163897e-02
 -3.0527467e-01
 -2.5267461e-01
 -7.5165057e-01
  1.6925031e-01
 -8.3331950e-02
  3.4222960e-01
 -2.0600739e-01
 -6.7990118e-01
 -4.3703124e-02
  3.3517772e-01
 -6.1715867e-02
  1.7660682e-01
  4.3968663e-01
  7.1929373e-02
 -2.9608995e-02
 -7.6408662e-02
  3.5930085e-01
 -3.8246366e-01
 -6.9646430e-01
  5.8309752e-01
 -9.6710819e-01
  4.5483924e-02
  4.0112945e-01
 -1.6983880e-01
 -2.8714880e-01
 -7.8199792e-01
  6.0487443e-01
  6.2339103e-01
  7.5511478e-02
  5.6081653e-01
 -6.1315680e-01
  5.5703044e-01
 -1.6531804e-01
  2.8642938e-03
 -5.5024660e-01
 -2.3286502e+00
 -8.1340678e-02
 -5.2337611e-01
  9.6306056e-01
 -7.5781840e-01
  2.9131967e-01
 -4.9971485e-01
  5.6235307e-01
  1.7893431e-01
  2.2110898e-02
 -8.0613583e-02
 -5.4934256e-02
  5.2406186e-01
  8.9231223e-02
  2.6861191e-01
 -1.4897791e-01
 -4.9767011e-01
  1.4509003e-01
 -4.7050223e-01
  2.8328118e-01
 -1.0567994e+00
 -1.3801296e+00
 -4.3436356e-02
  8.0507927e-02
  2.7016929e-01
 -4.3163970e-01
 -3.8959581e-01
  3.0315276e-02
 -7.9329664e-01
  3.6906901e-01
  3.1412207e-02
  1.9614871e-01
 -5.1576620e-01
 -3.2466069e-01
  6.7078486e-02
 -4.6910077e-01
 -1.7459962e-01
 -2.1496522e-01
 -1.0094775e+00
 -8.0704284e-01
 -3.9179125e-01
 -2.0920497e-01
 -6.9695270e-01
  1.2573862e-02
 -3.2702294e-01
 -3.7045099e-02
 -3.8252041e-01
 -3.7687740e-01
 -2.8029838e-01
  1.0871762e+00
  2.3717408e-01
 -1.0325123e-01
 -6.3850158e-01
 -2.1772642e-01
  2.1783245e-01
  4.4527627e-03
  9.9224299e-01
 -1.1285594e-01
  4.1556698e-01
  2.9329523e-02
 -1.1897320e+00
  3.5962126e-01
  1.0003761e+00
  6.1746031e-01
  1.0156487e+00
  6.8315679e-01
  1.5197423e-01
 -5.8584487e-01
 -2.7660492e-01
 -8.3499886e-02
  2.4174349e-01
 -4.9518561e-01
  3.8393852e-01
  2.4638255e-01
 -2.8736016e-01
 -3.0769745e-01
  1.3085309e+00
 -3.9753903e-02
 -1.6800196e-01
 -1.1662681e-01
 -9.8686650e-02
  4.3202031e-01
 -2.8541994e-01
  3.2152465e-01
 -3.8637418e-01
  6.5427773e-02
 -7.9288465e-01
  5.0961506e-01
 -3.5593936e-01
 -1.8605857e+00
 -1.3273695e+00
 -1.6921462e+00
 -9.2602277e-01
 -1.9156104e-01
 -1.8155169e+00
  2.2372019e+00
  5.8150238e-01
 -5.9153587e-02
 -1.8895623e-01
  3.8944235e-01
  2.4461997e+00
  1.2547544e+00
  4.9295551e-01
  1.4268401e+00
  9.1504073e-01
 -1.4598494e+00
 -4.7459811e-01
 -1.9219354e+00
 -1.2525436e+00
 -1.9577233e-01
  3.8064137e-01
  1.8002733e+00
  7.6548660e-01
 -1.7309829e+00
  8.6739248e-01
  2.9713669e-01
  1.9646961e-02
 -1.0015365e+00
 -7.7418166e-01
 -1.9347336e+00
  1.1011882e+00
 -1.4073052e-01
 -9.0533197e-01
  3.0792418e+00
 -4.1974789e-01
  4.1805089e-02
  1.2448850e-01
  8.0966210e-01
  7.9438746e-01
  1.8999901e-02
 -1.9046481e+00
 -3.1776607e-01
 -4.4973668e-01
  2.7371269e-01
  2.6005918e-01
  3.6107838e-01
 -1.7561978e+00
  1.1657612e+00
 -9.3548393e-01
 -2.4456322e-01
  3.5569966e-01
  2.0919235e+00
  2.6709979e+00
  1.8842719e-01
  2.8862461e-01
 -1.3073369e+00
  1.8262729e-01
  5.3994727e-01
 -7.4140424e-01
 -8.4293526e-01
  2.0708141e-01
  6.3977593e-01
  2.2521863e-02
 -1.2708373e-01
 -3.6824518e-01
 -3.9706308e-01
 -3.0056659e-02
 -3.8867262e-01
  1.1309549e+00
  8.0613956e-02
 -4.2981051e-02
  1.4781362e+00
 -3.7858629e+00
  1.0040591e+00
 -2.5495037e-02
 -1.3946171e+00
  3.4846017e-01
  6.8186149e-02
  9.7918026e-02
  2.1502008e+00
  1.1524720e-02
 -8.2208417e-02
 -5.7645977e-01
  3.2057635e-02
 -1.4630730e+00
 -5.8024753e-02
  3.0323741e-01
  1.9089556e-01
  5.3947300e-01
  1.9604452e-01
 -3.0122739e-01
 -2.8196242e+00
 -1.3902389e+00
  1.6491568e+00
 -3.0567312e-01
  1.3318743e+00
  9.0355980e-01
 -5.1345861e-01
  3.3339612e-02
  3.4110239e-01
 -3.1993985e-01
  4.9411306e-01
  7.7457897e-02
  3.2571352e-01
  4.5043355e-01
  1.7110713e-01
  2.1434176e-01
  1.6674528e-01
 -1.2187651e+00
 -6.1327845e-01
  2.5450635e-01
  4.3591046e-01
  2.4488597e-01
 -6.0896844e-02
  3.3537221e-01
  3.6018154e-01
 -1.1336453e+00
 -8.4910892e-02
 -2.3770949e-01
 -9.0245235e-01
  2.2132807e+00
 -2.5353855e-02
 -5.4475121e-02
 -8.2789302e-01
 -4.6829811e-01
 -4.0823448e-02
 -1.6408472e-01
  2.6889056e-01
 -1.8155739e-01
  3.1712428e-02
  3.2271811e-01
  2.0220648e-02
 -2.4599409e-01
  1.2571706e-01
  5.5351126e-01
 -4.2988235e-01
  2.6613899e-02
  1.2112866e-01
 -3.4700957e-01
  2.6931372e-01
  1.6184437e-01
  1.7298097e-02
  9.2366479e-02
  4.0518200e-01
 -2.7748559e+00
  2.7829310e-01
 -3.5362553e-02
  1.4952302e-01
  2.4929857e-01
  2.6675799e-01
  2.2048584e-01
  3.1254831e-01
  2.7002567e-01
 -8.8134867e-01
  2.4701719e-01
 -4.6276388e-01
 -8.2192010e-01
  2.5627500e-01
  9.7418588e-01
 -2.2400294e-01
 -4.8493123e-01
  6.0154217e-01
 -5.8403045e-01
  2.4469659e-01
  2.7698338e-01
 -1.6218179e-01
 -4.1827363e-01
  8.8307597e-03
  8.2545418e-01
  1.3594514e-01
 -2.9489990e-02
  1.2285242e-01
  4.4181874e-01
  9.1105640e-02
  4.6143627e-01
  5.4757036e-03
  9.2987239e-01
  4.0777433e-01
 -4.1178238e-01
 -9.9079609e-02
  3.9989598e-02
  3.9696389e-01
 -1.5996101e-01
 -2.3545508e-01
  1.7987777e-01
  9.5431156e-02
  6.1565465e-01
 -1.0699348e+00
  3.2831203e-02
 -2.4600667e-01
  3.7274039e-01
  2.8579950e-01
 -6.0202146e-01
 -9.3291566e-02
 -7.2317874e-01
 -3.1262934e-01
 -3.2164618e-01
 -3.4249097e-01
  4.9081066e-01
 -1.2407955e-01
 -3.0577329e-01
  4.7324234e-01
 -1.9156891e+00
 -5.0880533e-01
 -8.8118911e-01
 -1.1560605e-01
 -1.5100076e+00
  1.5391499e-01
  3.3116305e-01
  2.1545382e-01
 -7.4157476e-01
  9.1857618e-01
 -6.3624121e-03
 -7.3899776e-01
 -8.4892131e-02
  3.1424868e-01
 -2.3164783e-02
 -1.6212809e-01
 -4.6077299e-01
  3.9126158e-02
  1.2894556e-02
 -1.0810950e+00
  1.0259953e-01
 -1.2456229e-01
 -6.1567314e-02
 -2.6524806e-01
  3.6856219e-02
 -2.8201950e-01
 -1.5325321e-01
 -1.7849912e-01
 -3.4456623e-01
 -1.1155038e-01
 -4.4935471e-01
 -4.9829757e-01
 -8.5535663e-01
 -5.2103046e-02
 -1.4839974e-01
 -4.2756200e-01
 -2.4506964e-02
  1.0109832e-01
 -5.1653790e-01
  3.9844647e-01
 -1.1055119e-01
  5.8135752e-02
  6.2583154e-01
  2.1412855e-02
  3.3337671e-02
 -9.5920034e-02
  9.0034890e-01
  2.5583386e-01
 -4.4043007e-01
  7.7846044e-01
 -7.8471899e-02
  2.5671348e-01
 -2.5590045e+00
  3.9008141e-02
  4.1702479e-02
 -2.9188210e-01
 -3.3291188e-01
 -2.3473701e-01
 -5.8237785e-01
 -9.5518649e-02
 -3.0864751e-01
  3.8767761e-01
 -3.3658296e-01
 -1.2764251e-01
 -4.9413255e-01
  1.8489631e-02
  1.6018105e-01
  2.1508530e-02
  2.5383407e-01
  4.4769564e-01
  2.0932214e-01
 -2.5702897e-01
 -3.8697651e-01
  1.9706583e-01
  2.1798560e-01
  8.3189279e-01
  4.2985761e-01
  3.3356798e-01
 -1.1718573e-01
 -1.5737830e-01
 -6.9320077e-01
 -2.7435502e-01
 -6.7359996e-01
 -9.5447832e-01
  2.8460532e-02
 -3.7437910e-01
 -1.2330410e+00
  1.9345489e-01
 -1.9480418e-01
  1.5159187e-01
  2.2958179e+00
  1.2120139e-02
 -7.4073030e-03
  1.0513629e+00
 -3.1908876e-01
 -3.7236333e-01
 -3.6846769e-01
  1.3748778e-01
  3.8733402e-01
  1.5438322e+00
 -5.4460183e-02
 -5.8426276e-02
 -3.8133943e-01
 -1.3332349e-01
  5.9058779e-01
 -4.2403597e-01
  6.0951769e-01
 -3.3387953e-01
 -9.8292005e-01
 -9.0909249e-01
 -8.2013690e-01
 -1.0992041e+00
 -2.8697905e-01
  5.9237711e-02
 -6.7031181e-01
  2.3499072e-01
  1.8685004e-01
 -5.6515843e-01
  9.0671226e-02
 -6.1551386e-01
 -1.3713692e+00
  2.5611763e+00
 -5.4470509e-01
 -3.0421841e-01
 -1.0667453e+00
  6.4659309e-01
  4.7740942e-01
 -1.0619184e-01
  6.3207698e-01
  1.2309282e-01
 -6.4315951e-01
 -8.3708394e-01
 -3.3303440e-01
  2.7037591e-01
  1.6797355e-01
  6.4716280e-02
 -1.5583614e-01
  7.4396127e-01
  2.8130260e-01
  1.4847755e+00
 -7.2427702e-01
  1.0919812e-01
 -7.7386880e-01
 -4.1922194e-01
 -4.7654596e-01
 -6.3849223e-01
 -6.6018695e-01
  1.3139467e-02
  9.7032255e-01
 -3.1466514e-02
  5.7863277e-01
  9.6229482e-01
 -3.8017869e-01
  1.7559865e-01
 -1.7544534e-03
 -3.6195883e-01
 -1.0945602e-01
 -5.2690333e-01
  8.2056776e-02
 -8.3911017e-02
 -4.4925135e-01
  2.4484888e-01
  3.0743513e-01
 -9.9522030e-01
  7.4631870e-02
 -3.3140573e-01
 -5.4385239e-01
 -8.2712464e-02
 -5.4591328e-01
  4.9957716e-01
 -1.9689241e-01
 -2.3628935e-01
 -4.8868677e-01
  5.2642983e-01
  2.3367418e-01
  2.5212297e-01
 -2.8463081e-03
 -4.9442418e-02
 -3.4636810e-01
  7.0527188e-02
 -8.5472327e-01
  1.7814991e-01
 -1.8157734e-02
  1.7029665e-01
 -9.6485913e-03
 -3.6143249e-01
  8.9881718e-02
  5.3078998e-02
  3.8978942e-02
 -1.2627831e-01
 -1.7103960e-01
 -3.5945570e-01
  1.5606090e-01
  4.1193806e-02
 -5.6257838e-01
 -8.6526644e-01
  5.1897317e-01
 -4.6942413e-01
 -2.2843063e-01
  2.2344975e-01
 -6.6852450e-02
  5.7724744e-02
  2.7038583e-01
  1.2294981e-01
 -1.5428883e+00
 -1.1515065e-01
 -1.6218779e+00
 -1.3191383e+00
  1.3850263e+00
  4.0767720e-01
  3.2987970e-01
  3.1442419e-01
  7.0079589e-01
  1.6483137e-01
 -6.0729541e-02
 -6.0948033e-02
 -4.5432642e-01
 -2.4539529e-01
  1.1529218e-02
  4.4366693e-01
 -5.7321286e-01
  1.1125040e+00
  4.9734473e-01
  9.1081858e-02
 -1.8221556e-01
 -4.8037119e-02
 -1.0144495e+00
  2.4418154e-01
 -4.9505964e-01
 -6.9361615e-01
  7.8896888e-02
 -3.5841432e-01
  4.5510560e-01
  1.4428854e-02
 -9.0202093e-02
  4.7687273e-03
  2.6303738e-01
 -6.4676166e-01
  3.9268607e-01
  4.1837129e-01
  3.0973229e-01
  2.7651012e-02
 -1.8992559e+00
 -3.0975989e-01
 -2.4058695e-01
 -2.5889269e-01
  2.0189530e-01
  8.4597670e-02
  3.3879644e-01
 -7.4944608e-02
  2.0494811e-01
  7.7975672e-01
  1.2049954e+00
 -1.9480515e-01
 -7.8494571e-02
  1.8704903e-01
 -6.6325188e-02
  3.2585714e-02
 -1.9847801e-01
  3.0856895e-01
  1.0633071e-01
  3.1717334e-02
 -1.1450335e-01
 -6.7496806e-01
  1.5424073e+00
  1.8333206e-01
  3.6696523e-02
 -1.7087980e-01
 -3.6469653e-02
 -2.8071427e-01
 -6.7615211e-02
  3.7070971e-02
 -7.4193008e-02
  1.4682122e+00
  6.7522204e-01
 -5.8053322e-02
  3.6510432e-01
  6.2169433e-01
 -4.6084467e-01
 -1.2737897e-01
 -3.4886160e-01
 -7.4221559e-02
 -2.4714662e-01
 -1.8595304e-01
  4.6149564e-01
  2.2356574e-01
 -2.8146708e-01
 -2.5360355e-01
 -6.7904904e-02
 -5.2295357e-01
  1.8387375e+00
 -6.0067159e-01
  7.1979146e-03
  2.1151025e-02
 -4.4675082e-01
 -1.6486893e+00
  5.8562404e-01
  8.0621058e-01
 -2.2661701e-01
  4.4220212e-01
 -2.1643156e-01
 -1.0281585e+00
  7.0089030e-01
 -1.5684126e-01
  1.9042575e-01
  3.5388978e+00
 -4.5583817e-01
  1.0509155e+00
  6.1338711e-01
  1.9654425e+00
 -3.1489703e-01
  6.2375188e-01
 -9.6957356e-01
  6.9324201e-01
 -7.0831835e-01
  1.0251576e+00
  5.0460118e-01
  1.8032193e-01
 -6.0178220e-01
  1.0205331e+00
  2.5839567e-01
  2.8171262e-01
 -4.3110019e-01
  3.4099722e-01
  5.4913497e-01
  7.4543081e-02
 -6.0850665e-02
 -1.8604648e+00
 -7.3097140e-01
  6.6538125e-02
 -5.6325591e-01
 -9.7652709e-01
 -2.9342759e-01
  2.6107422e-01
 -2.3266123e-01
 -1.9496766e+00
 -2.9807132e-01
  3.3536524e-01
 -2.2763075e-01
 -5.5702060e-02
 -1.6235150e-01
 -2.3825241e-02
  6.5439600e-01
 -2.4045086e-01
  1.0116887e-01
 -8.7013376e-01
  2.1729150e-01
 -2.5464678e-01
  9.5806479e-01
 -3.1897968e-01
 -2.9276299e-01
  8.9186981e-02
  2.4616805e-01
  2.8446570e-01
 -4.0111902e-01
  7.3951334e-02
 -4.5741716e-01
 -4.0382138e-01
 -1.4072402e+00
  1.3060795e-01
  1.2143389e+00
  1.6593428e+00
 -1.9811790e-01
 -5.6335425e-01
  3.3571064e-01
  3.0517474e-01
  5.7588792e-01
 -6.7591721e-01
 -2.2044988e-01
 -1.3079526e+00
 -5.3742561e-02
 -1.2029026e-01
 -1.0540705e+00
 -9.8417297e-02
 -2.1731868e-01
  6.4831626e-01
 -1.6439342e-01
  9.4526279e-01
  5.0843900e-01
  4.7353187e-01
  6.0492169e-02
 -1.5298995e+00
  8.6926408e-02
  3.3128902e-01
 -6.4936042e-01
 -1.1080388e+00
 -4.2302650e-01
  1.2234914e+00
  1.6519526e-01
 -2.2312135e-01
  1.3516310e+00
 -3.1011394e-01
 -2.6199913e-01
 -9.6962482e-01
 -5.3105593e-01
  8.0616736e-01
 -2.3627794e+00
  5.5698317e-01
  4.0544024e-01
  6.7654675e-01
 -6.9265991e-02
  1.5121296e-01
  8.1915557e-02
 -1.9638482e-01
 -2.9992354e-01
 -4.2900497e-01
 -4.7101563e-01
  2.6626220e+00
  5.6365681e-01
 -1.2032840e-01
 -4.2056796e-01
 -1.9698454e-01
 -8.2410805e-02
  7.1719056e-01
 -1.3302004e-01
  2.3938470e-01
  7.7343762e-02
  3.6867768e-01
  6.3762911e-02
  2.1194345e-01
  1.3406103e+00
 -8.2752243e-02
  2.8370616e-01
 -6.3518697e-01
 -9.7914055e-02
  1.8167317e+00
  2.7801177e-01
 -7.0457596e-01
  9.1538262e-01
  2.2503316e-01
  3.1980389e-01
  1.1304530e+00
  1.1873483e-01
 -8.6162776e-01
 -2.6293749e-01
 -5.2545212e-02
 -2.7634323e-01
 -4.6169621e-01
  1.8163142e-01
 -3.1299943e-01
 -1.7165998e-01
 -1.3609201e-01
 -1.8042615e-01
 -5.3350008e-01
  8.0725089e-02
 -6.8222985e-02
 -3.0117523e-02
 -4.6276882e-01
  3.4746680e-01
  4.9581477e-01
 -5.2350992e-03
 -1.1731153e+00
 -7.1339232e-01
  5.2511746e-01
  1.6816847e-01
  7.6310647e-01
 -4.7602093e-01
  1.4792123e-01
 -6.2802605e-02
  5.4107004e-01
 -1.0541181e-01
 -4.7284248e-01
  5.3143710e-02
 -1.2951461e+00
 -2.5694516e-01
 -3.4629157e-01
  7.3612303e-01
  7.5287324e-01
  2.9087907e-01
 -1.0222151e-01
  6.3795137e-01
 -1.2800237e+00
  3.0249342e-01
  1.9227082e-01
  5.9934747e-03
  8.1523198e-01
  2.0445106e+00
 -6.8307018e-01
  7.3707515e-01
 -2.0549144e-01
  2.1512528e-01
 -8.5700408e-02
  3.5842097e-01
  2.2417419e-01
 -1.2437491e-01
  3.9592427e-01
  1.9277602e-01
 -5.6469637e-01
  1.3065849e-01
 -2.8596678e-01
  1.7616239e-01
 -2.1921279e-01
  8.1769958e-02
  2.4518767e-01
 -1.0083839e-01
 -3.8331491e-01
 -1.0362654e-01
  1.4891017e-02
  5.5802995e-01
  4.0321738e-01
 -4.1284207e-01
  1.4108469e-01
  3.2390872e-01
 -3.0322063e-01
  6.3286042e-01
  2.5415000e-02
  1.2853450e+00
  2.1759993e-01
 -4.4127586e-01
  4.0640742e-01
  2.3168218e-01
 -1.5036933e+00
 -6.7567885e-02
 -9.9689681e-03
 -1.7206116e+00
 -2.0525620e+00
  9.9510783e-01
 -6.6725695e-01
 -5.8938891e-01
 -1.1975063e+00
  6.0887980e-01
 -9.7323507e-01
  6.1906904e-01
 -1.7098139e-01
  4.8067331e-01
  5.9791255e-01
  9.9414033e-01
  3.6851966e-01
 -3.7724055e-02
  1.6871363e+00
 -3.3775039e-02
  9.8343670e-01
 -2.8218448e-01
  5.0354466e-02
  8.9276677e-01
 -4.7082329e-01
  2.7247176e-02
  5.2400185e-03
 -2.7859926e-01
  3.9570457e-01
 -2.2416161e-01
  2.8132957e-01
 -1.0191834e+00
  4.4569758e-01
 -1.2817919e-01
  8.4649038e-01
  2.4899442e-01
 -2.9570118e-02
 -2.6626995e+00
  4.9931806e-01
  4.2740461e-01
 -1.0979757e-02
  6.2540933e-02
 -5.3331846e-01
  7.0304340e-01
  4.7819713e-01
 -4.9587777e-01
 -5.5675060e-01
  1.0851287e-01
  4.3800759e-01
 -9.4504547e-01
 -1.0064888e+00
  2.9236802e-01
  1.8043013e+00
 -1.0937523e-01
 -1.2849091e-01
 -1.4608198e-01
  8.6001359e-02
  7.2430894e-02
 -2.7371067e-01
  2.7050281e-01
 -1.2409955e-01
 -4.8611689e-01
  5.1115483e-01
 -3.0622983e-01
  3.0200210e-01
 -3.7874058e-02
  1.1218070e+00
  3.1768745e-01
 -1.0047842e+00
  6.9275893e-02
  9.0831482e-01
 -8.7383790e-03
  9.5622487e-02
 -3.8926917e-01
 -1.6169268e-01
  6.3670777e-02
  2.5608414e-01
 -2.0898432e-01
 -4.1382271e-01
 -3.2395351e-01
 -4.3325230e-01
 -2.5371289e-01
  5.3504210e-02
 -3.7916079e-01
 -2.7834791e-01
 -5.6506179e-02
  1.9787976e-01
  5.5234438e-01
  2.5269985e-01
 -1.2666678e-01
  1.1261499e-01
  6.2108064e-01
 -7.6618791e-03
 -7.3979104e-01
  8.3451277e-01
 -2.2945230e-01
  2.9053742e-01
  1.4647427e-01
 -3.4842558e-02
  5.8909480e-02
  7.9858369e-01
 -5.4543659e-02
  2.6167595e-01
 -9.0603819e-03
  1.9206125e-01
  9.7685236e-01
  1.3873784e-01
  1.9381411e-01
 -1.5974918e-01
 -1.1207990e-02
 -8.2073957e-01
  1.0698363e-01
  2.2344130e-01
 -1.1940443e-02
 -7.6317012e-02
 -3.3079249e-01
  1.9924575e-01
  7.9580736e-01
  7.6875007e-01
 -1.5053017e-01
  2.7757606e-01
  3.5841790e-01
  3.3427301e-01
 -7.4529076e-01
 -1.5980837e-01
 -1.0636380e+00
 -2.5699401e-01
  3.2078940e-02
  1.5197617e-01
  6.2410301e-01
 -5.3080514e-02
 -7.7969933e-01
 -3.5950363e-01
 -9.9367559e-02
  9.0095356e-02
 -5.7837701e-01
  1.5589325e-01
  5.9175044e-01
  1.6904187e+00
 -1.7705840e-01
  8.0747120e-02
 -2.1809241e-01
 -5.0898421e-01
  2.2082548e-01
  3.4188390e-01
  3.9502841e-01
 -5.9283853e-02
 -3.7127968e-02
 -2.2125158e-01
  1.8801320e-02
  2.8293884e-01
 -1.9744353e-01
 -4.1634205e-01
  2.5157499e-01
  4.2956706e-02
  3.0128139e-01
 -3.7342036e-01
 -2.2181900e-01
 -1.7987963e-02
  4.6384305e-02
 -4.6712637e-01
 -7.8176133e-02
  1.1831815e-01
  9.4387643e-02
 -5.6062895e-01
 -5.5501240e-01
  1.7232995e-01
  1.4972612e+00
 -1.2009528e-01
  1.6576760e-02
  5.2321829e-02
 -2.9325980e-01
  5.0978357e-01
 -1.6504164e-01
 -2.0315509e-01
  6.1643824e-02
  1.2138360e+00
  3.0900729e+00
 -2.3466563e+00
  1.5724462e+00
 -6.3819987e-01
  1.2842854e+00
  2.6763701e+00
 -2.2093601e+00
 -3.6322751e+00
  6.9993176e-02
 -2.2069056e-02
 -3.1276929e-01
 -3.0178216e-01
  1.0261749e+00
 -1.3471128e-01
 -1.9903680e-02
 -8.1754118e-01
 -3.6589527e-01
  1.3277823e+00
  1.0319245e+00
  1.8451554e+00
 -1.3625932e+00
 -8.1177920e-01
  3.2578797e+00
 -5.6053054e-02
 -2.8726774e-01
 -5.2294260e-01
 -3.4191586e-02
  9.2638373e-01
 -2.9702270e-01
 -9.8445557e-02
 -4.8441124e-01
 -9.9104738e-01
 -4.7559291e-01
 -1.4428768e-01
  1.7857629e-01
 -2.7899735e-02
 -1.9293305e-01
 -4.6884038e-02
  1.6372259e-01
 -9.9438384e-02
  9.0973008e-01
  1.7090257e-01
 -1.1328714e-01
 -5.5534649e+00
 -2.2775596e-01
 -4.8312965e-01
  2.0664735e-01
 -1.9619565e-01
  4.8849714e-01
 -9.1562021e-01
 -3.1077456e-01
 -4.7633931e-01
  1.0652220e-01
 -3.4473583e-01
  5.4536277e-01
  4.3936822e-01
 -2.1483037e+00
 -2.7219558e-01
  2.2922121e-01
  2.0987107e-01
  2.1933927e-01
  1.3955678e+00
 -3.6654925e-01
  3.0947912e-02
 -4.0283740e-01
 -5.3378224e-01
  2.2576718e-01
  1.9850276e-01
 -3.8683397e-01
  3.3159974e-01
 -2.4241732e-01
 -3.5395437e-01
 -3.3977947e-01
  3.2271016e-02
 -3.1042236e-01
 -7.8950423e-01
  8.9577526e-01
 -2.8597558e-01
 -4.8999766e-01
 -7.5671071e-01
 -4.6189988e-01
 -3.0848521e-01
 -1.8100366e-02
  6.5505230e-01
 -1.2578574e-01
  8.6443931e-02
  1.8640170e-02
 -2.7309731e-01
  8.8661849e-02
 -5.2880931e-01
  1.3544472e-02
 -7.5414911e-02
 -3.5075220e-01
  5.8076960e-01
  3.7240381e+00
  4.2284116e-02
  3.5696539e-01
  4.7354946e-01
  1.7835071e+00
 -4.6374333e-01
 -4.3827078e-01
 -5.5190128e-01
  1.8239941e-01
  3.6797073e-01
  6.3198261e-02
  5.8855122e-01
 -4.5565006e-01
 -3.6713171e-01
  3.2568797e-01
  6.0006365e-02
 -1.7677163e+00
 -5.6731824e-02
  1.0422003e+00
  1.8376890e-01
 -1.2623413e-01
 -2.2867614e-01
 -2.2116508e-01
 -1.2645061e-01
 -3.1934494e-01
  5.4717201e-01
 -6.4702088e-01
 -1.3376944e-01
  1.0247360e+00
 -4.2129055e-02
 -9.7570264e-01
  4.5367980e-01
  3.7066436e-01
  9.0134844e-02
 -2.2980671e+00
  9.3656540e-02
  2.3930197e+00
  4.3374124e-01
  1.4036194e+00
 -7.5402990e-02
 -3.8984379e-01
  8.5974342e-01
  2.9576388e-01
 -2.5259992e-01
 -1.1398458e-01
  7.3679501e-01
  8.0709708e-01
  6.3980907e-02
  3.9525366e-01
 -7.6435030e-02
 -1.0529043e-01
 -3.2461971e-02
 -1.4462416e-01
 -3.3446884e-01
 -1.0824950e-01
  4.8636180e-01
  7.3349237e-01
  1.3343483e+00
  9.5594577e-02
 -1.5571050e-02
 -2.0693433e-01
 -2.3530595e-01
  1.5146416e-01
  5.0696409e-01
  4.3969426e-02
  6.8011284e-02
  7.5463170e-01
  2.5384748e-01
  4.6133184e-01
  4.4672096e-01
 -8.5529631e-01
  3.7669954e-01
 -8.0372196e-01
 -6.9910228e-01
 -1.3944838e+00
 -2.1748251e-01
  1.4864281e-02
 -2.8059068e-01
 -8.2229030e-01
  1.3862909e-01
 -4.7690222e-01
 -1.0465857e+00
 -3.5309285e-01
  2.9507303e-01
 -1.8384322e+00
 -1.8553410e+00
  1.5591196e-02
 -1.1349168e-01
  1.3833399e+00
  1.9515864e+00
  6.2079114e-01
 -8.1241196e-01
  1.3478925e+00
  9.1944778e-01
  4.7307480e-02
 -3.6780169e+00
  7.6489991e-01
  4.9618766e-01
 -1.7769692e+00
 -5.8756244e-01
 -6.8752877e-02
 -6.5369070e-01
  1.3142589e-01
  7.6320869e-01
  1.1650280e+00
  6.6725584e-04
 -1.0727806e+00
  3.2413229e-01
  8.4467685e-01
 -2.9995072e+00
  1.7780007e+00
  5.5987620e-01
  2.5688746e+00
 -5.1502681e-01
 -9.6620589e-01
 -3.6970165e-01
 -1.6709949e+00
  5.3860855e-01
  2.8995252e-01
  7.2330135e-01
 -1.4147387e-01
  1.7473979e-02
  9.7339547e-01
 -2.3270388e-01
 -7.2651073e-02
  1.1034292e-01
 -3.1886682e-01
 -1.7595221e+00
  8.5802883e-02
  4.3412648e-02
 -6.3690007e-01
  1.9894299e-01
 -3.4629518e-01
 -9.6687591e-01
 -7.7191047e-02
  5.6955051e-01
  3.4920689e-02
  5.3799492e-01
 -8.2240224e-02
 -3.9489012e-02
  6.5783793e-01
 -3.6908171e-01
 -1.3585792e-01
 -8.6063907e-02
 -8.9282680e-01
 -1.5095668e-01
  1.1809649e+00
  9.2974317e-01
 -6.3384020e-01
 -3.0933779e-01
 -6.9321913e-01
  4.0561193e-01
  1.8491223e-01
 -4.5799449e-01
  2.9827195e-01
 -1.2638302e-01
 -3.5838687e-01
 -2.2163923e-01
 -7.0088428e-01
 -4.2064143e-03
  1.2423924e-01
 -1.2026677e-01
  4.0471622e-01
  4.8522025e-01
  8.9021340e-02
  1.1093932e-01
  1.8050876e-01
  1.1197160e+00
  3.1879270e-01
  6.9484457e-02
 -3.8993791e-02
  1.5952595e-01
  1.0821588e-01
  6.5488541e-01
  6.6572130e-01
 -7.5402342e-02
 -4.4178391e-01
 -7.6926619e-01
 -6.4812088e-01
 -6.2598169e-01
  1.7405440e-01
 -1.2157175e-01
  9.6713752e-04
 -1.7554018e+00
  3.5539088e-03
  1.9025618e-01
  8.6857878e-02
 -2.1401870e-01
  4.2512140e-01
  4.6106455e-01
  1.3878566e-01
  1.9920129e-01
 -4.5718193e-02
 -3.4434263e-02
 -6.3927037e-01
  9.3387902e-02
  6.1964697e-01
  1.6573393e-01
 -2.7264380e-01
 -1.5746036e-01
  3.3080286e-01
 -4.7930494e-01
  8.4072447e-01
  7.2436146e-03
  3.4179181e-01
  6.9389248e-01
 -1.1653362e-01
  5.6008005e-01
  1.6730312e-01
  3.8910523e-02
  2.7735662e-01
 -1.8289411e-01
  6.0711175e-01
 -2.4048293e-01
  5.1529932e-01
  5.9260619e-01
  3.0310354e-01
 -1.1722177e-01
 -4.2159617e-01
  6.6420484e-01
 -6.7450738e-01
  3.5186124e-01
  3.3103612e-01
  6.1178844e-02
 -1.4000626e-01
 -5.4763764e-01
 -1.5812984e-01
 -3.5833037e-01
  1.6983710e-01
 -1.7286089e-01
 -3.8258511e-01
 -4.4695032e-01
  8.8477612e-01
  3.7660974e-01
  4.5591462e-03
 -1.1601255e+00
  3.1718701e-01
  6.8089110e-01
  1.5990749e-01
  2.4738338e-02
  8.0902219e-01
  1.4248344e+00
  3.5433736e-01
 -2.6878524e-01
  1.3167584e-01
  4.6153918e-01
 -3.9540893e-01
 -2.6057118e-01
 -1.8434820e-01
 -3.5933340e-01
 -4.6846616e-01
 -1.2601200e-01
 -4.4319853e-01
  5.9670839e-02
 -2.8140038e-02
  3.2791287e-02
 -6.6860244e-02
  1.5787236e-02
  4.9332538e-01
 -5.6944931e-01
  3.3935201e-01
  4.9058315e-01
 -1.6146463e+00
 -5.2734505e-02
  3.6926024e-02
 -1.5679169e-01
  2.3248914e-01
 -2.9546654e-01
 -3.2799108e+00
 -4.7069728e-02
 -4.7605717e-01
 -3.0634511e-01
  4.5693415e-01
  1.3663083e-01
 -2.9380763e-01
  5.4526132e-01
  6.6398937e-01
  6.7211044e-01
  2.9662739e-02
 -1.0456107e+00
 -2.4681713e-02
  8.5563853e-02
  5.0089449e-01
  1.8485320e-01
 -1.7182229e-01
  5.8693832e-01
  4.3076333e-01
 -1.3211051e-01
  2.7388039e-01
  2.3478326e-01
  1.7864478e-01
 -6.8809783e-01
  3.7793867e-02
 -6.6410393e-02
 -5.0098264e-01
 -2.6450941e-01
  1.3563365e-01
  4.3946836e-02
  9.9005558e-02
 -1.6440830e-01
 -1.2468554e-01
  9.3443620e-01
 -1.2645115e-01
 -1.9513836e+00
  9.5694423e-01
  9.6019588e-02
 -3.5781166e-01
  2.7162619e-03
  7.3856282e-01
 -2.0988280e-01
 -7.6582104e-02
  5.2912313e-01
  5.8199918e-01
 -1.6885072e-01
 -1.5525106e-01
 -1.1806380e-02
  1.5683930e-01
  1.7276659e+00
  8.5567668e-02
 -1.1612561e-01
  4.8355812e-01
  4.1091021e-02
 -4.5845833e-01
 -1.5563406e-01
  5.3879881e-01
  1.2241164e+00
  1.0647194e-01
 -1.2646516e-01
 -4.4028026e-01
 -1.2069612e-01
 -1.7916732e-01
  2.2592301e+00
  1.6767353e-01
 -3.8856417e-01
 -8.6409420e-02
  3.8009036e-01
 -2.7730560e-01
 -1.1303085e-02
 -4.0000850e-01
  9.6238220e-01
 -6.3996367e-02
 -2.3943062e-01
 -7.2514758e-02
  1.2062963e+00
  1.3123764e-01
  1.5997446e-01
 -2.4301851e-01
 -4.4938490e-01
 -2.8140975e-02
 -7.4392945e-01
  1.1074638e+00
  4.0948823e-02
 -5.3413498e-01
  2.0690775e-01
 -3.2565445e-01
  4.1957808e-01
  4.0886283e-02
  1.2317286e-01
 -1.8264657e-01
 -7.2551435e-01
 -1.9194086e-01
  2.9473448e-01
 -2.6578195e-03
 -6.3103370e-02
 -3.3270442e-01
 -8.3311713e-01
  6.0449135e-01
  2.1351159e-01
 -2.0217548e-01
  1.3020256e-01
 -2.5943786e-01
 -3.1766278e-01
 -5.1791352e-01
  2.7641606e-01
  1.0397655e-01
 -1.5080443e-01
  1.9513488e-01
 -5.6557268e-01
 -7.9017484e-01
  1.0204685e-02
  7.7089721e-01
 -1.4617594e-01
  3.2390069e-02
 -3.2063186e-01
  1.4008342e-01
  5.8856612e-01
 -3.4770034e-03
 -2.9625615e-01
 -3.7987165e-02
 -6.6358060e-02
  6.9907689e-01
 -8.3533478e-01
 -7.1414548e-01
 -1.4635231e-01
  1.5425557e+00
 -3.2124820e-01
 -2.3996598e-01
 -2.9066953e-01
  1.0536486e+00
 -6.5010589e-01
 -6.1759867e-02
  3.0364206e-01
  1.1333936e+00
 -5.2317470e-01
  3.6107424e-01
  9.8959959e-01
  7.2092938e-01
 -2.1587461e-01
 -4.8323476e-01
  4.0690011e-01
 -1.1423068e-02
  3.0790506e-02
  4.9723750e-01
 -4.1431335e-01
 -1.7294960e-02
 -3.3025652e-01
  7.3161252e-02
  4.5731105e-02
  7.9803449e-01
 -1.2434272e-01
  4.5895314e-01
 -8.4720209e-02
 -1.8775101e-01
 -2.3109592e-01
  1.2849309e+00
  1.3547787e-01
  4.8643658e-01
  1.8605500e-01
  1.0553638e+00
 -5.7076570e-02
  5.6426740e-01
  2.6273072e-02
 -1.8661888e-01
 -1.2144583e+00
 -1.8715385e-01
 -4.8846915e-01
 -4.0674707e-01
  8.4358111e-02
  2.4567063e+00
 -1.4258168e+00
  1.2953804e+00
 -6.4730078e-01
 -4.2445672e-01
  1.0934101e-01
 -1.7555422e-01
  3.3898467e-01
  7.3177166e-02
  3.6563995e-01
 -5.0243206e-02
 -1.7929050e-01
 -2.3113064e-01
 -1.3342447e+00
 -3.8269871e-01
 -7.8852886e-01
  4.8161739e-01
  3.6987402e-02
  4.1312328e-01
 -1.9425121e-01
 -2.0625710e-01
  1.0986282e+00
  7.5154796e-02
  3.8146442e-01
 -8.7030923e-01
 -1.7038280e-01
  6.4393717e-01
 -9.1390394e-02
  8.4991896e-01
  7.5368226e-01
  3.0766582e-01
 -7.9344285e-01
  4.8259160e-01
 -1.4294533e-01
  5.9813458e-02
 -2.3816970e-01
 -4.2815158e-01
 -7.3956311e-02
  2.7715597e-01
  7.6708561e-03
 -1.4914471e-01
  2.4970084e-01
  2.3271535e-02
 -4.7472349e-01
 -1.0275306e+00
 -1.0603082e+00
  2.6506639e-01
  1.3964410e-01
  1.2956421e-01
  3.2066801e-01
 -1.1393353e-01
 -2.8272086e-01
  1.2193225e-01
 -2.2802111e-02
  2.9894650e-01
  1.1302340e+00
  9.2561319e-03
 -4.9476424e-01
  1.9748521e-01
 -7.7719048e-02
  3.4264553e-01
  8.4548616e-01
  1.0516130e+00
  5.5698633e-01
 -1.0958338e-01
 -3.9368170e-01
 -1.1323646e-02
  1.1896096e-01
 -1.4263062e-01
 -8.4572136e-01
 -4.8531103e-01
  8.5273224e-01
 -7.5912666e-01
  1.6320194e-01
 -1.0728521e-01
  1.3433121e-02
 -2.0036526e-01
 -2.0299200e-03
  2.2466375e-01
  1.2981877e-01
 -1.3689403e-01
  6.4126737e-02
 -1.3842435e+00
 -4.3518540e-01
  6.6871393e-01
  8.4458119e-01
 -1.7061821e-01
  2.8216949e-01
 -4.4500002e-01
 -5.0496984e-01
 -6.1129642e-01
 -1.3387316e+00
 -4.2522404e-01
 -2.2856346e-01
  6.6101062e-01
  5.3039283e-01
 -5.4549938e-01
  1.2140486e-01
  1.9671002e-02
  3.8141423e-01
 -7.2990990e-01
 -1.4045796e+00
  4.1688177e-01
 -6.0214955e-01
  7.1618617e-01
 -1.5298861e-01
  4.3106821e-01
 -1.5048012e-01
  6.8188280e-01
  8.9102089e-02
 -2.0452626e-01
 -2.5403926e-02
  4.0526693e-03
  5.7065892e-01
  1.6336624e-01
 -7.3639065e-01
  1.1519750e-01
  1.8671784e-01
  2.2899203e-02
  2.7909407e-01
  3.4641761e-02
  5.0822359e-01
 -6.4419913e-01
 -4.8047075e-01
  4.4940388e-01
 -1.6532911e-01
  2.4416627e-01
  5.0075936e-01
  1.8690374e-02
  5.1489288e-01
 -2.8927299e-01
  1.5896395e+00
 -8.5198551e-01
 -2.0456448e-01
 -1.8202752e+00
 -2.4280052e+00
  1.0967974e-01
 -1.4256962e-01
 -1.3368031e+00
  1.0148635e+00
  4.7696802e-01
 -2.6832058e+00
  1.9598326e-01
 -1.9240752e-02
 -5.0992370e-01
  1.0936313e+00
  1.1068836e+00
  5.2055341e-01
 -1.1225104e+00
  3.5328686e-01
  2.4024087e-01
  4.5810822e-01
 -7.2177196e-01
 -9.4089872e-01
  4.1286710e-01
 -2.3573601e+00
 -4.6672218e-02
 -4.4168660e-01
 -2.4217445e-02
  1.2615855e+00
 -6.4348948e-01
  7.7135468e-01
 -2.1958390e-01
  1.9067243e-01
 -1.2269309e-01
  1.3157952e-01
  1.4287682e-01
  4.3200347e-01
 -7.8816146e-02
 -1.0110022e+00
 -2.9815584e-03
 -3.0027750e-01
  6.8685400e-01
 -4.7006190e-01
 -3.1046328e-01
 -1.2791187e+00
 -4.8074383e-01
 -1.8120611e-02
 -3.4749784e-02
  6.0368526e-01
 -2.7857971e-01
  4.1209973e-02
  5.8486834e-03
  3.0823451e-01
 -1.6563526e-01
  1.7390180e-01
 -4.9968414e-02
  3.8718495e-01
  7.1577561e-01
  6.0563749e-01
  4.5561033e-01
  3.1080863e-01
  3.7584442e-01
 -8.7229371e-01
 -1.3444904e-02
  4.3777151e+00
 -1.4583617e-01
  5.8090556e-01
  4.7878903e-01
 -4.7927231e-01
 -4.4698656e-01
  2.6822761e-01
 -3.9641067e-01
  7.7611732e-01
  1.1561812e-01
 -6.4265060e-01
  1.3210858e-01
  8.3262995e-03
 -2.0824258e-01
  2.2613274e-01
  2.2573538e-02
  2.3403114e-01
 -2.3492971e-01
  1.7411019e-01
  1.5580937e-01
  6.0063148e-01
  1.0119125e+00
 -3.9235356e-01
 -6.3856578e-01
  3.1473526e-01
  8.3519787e-01
 -3.7360366e-02
  1.1555401e-01
  1.6571478e+00
  1.3785583e+00
  3.3520151e-02
 -1.1371698e+00
 -2.5609621e-01
 -9.5034432e-01
  1.0225914e+00
  9.1180581e-01
  7.1084785e-01
  1.9385126e-01
 -1.2355430e+00
  6.4873862e-01
  5.8857668e-03
  2.2160614e-01
  1.8964307e+00
  1.1894486e-01
  1.3999541e+00
 -3.5276970e-01
  1.1543970e+00
 -1.1352243e-01
 -2.0702037e-01
  2.9203732e+00
 -3.3086836e-01
  5.7714117e-01
 -5.2119434e-01
  4.0988266e-01
  3.7931377e-01
  1.5592036e+00
  5.0903422e-01
 -2.0708191e-01
  1.3991507e+00
 -2.3040438e-01
  3.3312964e-01
  1.5913399e-01
 -2.5862420e-01
  1.2160053e-01
 -2.6692131e-01
 -1.0545821e+00
  9.8373592e-01
 -1.0145339e+00
  1.9784355e+00
 -2.3563689e-01
 -1.1484812e+00
 -3.5816166e-01
  2.2188623e+00
  8.0926752e-01
 -5.1174426e-01
 -1.1262532e+00
  9.3538588e-01
 -2.2679999e+00
  9.4739175e-01
 -1.5279782e-01
  7.9258680e-01
  1.8015152e+00
 -2.1720223e+00
  3.8297990e-01
 -9.6164215e-01
  1.9994669e-01
 -1.0333768e+00
  1.4993604e+00
 -2.0432539e+00
 -1.0300102e-01
 -2.8662095e-02
 -1.6696312e+00
  4.7963083e-02
 -4.0271369e-01
 -1.3934205e-01
  8.4752470e-01
  4.6452004e-01
  3.0046117e-01
 -1.3033712e+00
 -1.6770846e+00
  6.9026783e-02
 -1.2665661e-03
 -6.4959025e-01
  1.3180538e+00
 -4.3589750e-01
 -6.7023832e-01
  8.8788539e-01
  1.9692275e-01
 -1.3020197e-01
  2.3197791e-01
 -2.7278760e-01
  3.3765060e-01
 -5.3656542e-01
  5.0343597e-01
  9.6662754e-01
  8.7055808e-01
 -7.8791952e-01
 -1.1351848e-01
 -2.6525626e-01
 -1.0002559e+00
  3.3170916e-02
  2.6180878e-01
  1.7882501e-01
 -1.5697262e-01
  3.6490020e-01
  4.8259282e-01
  1.5705327e+00
  1.1654668e-01
 -2.7352294e-01
 -4.4975856e-01
  1.0584430e+00
  1.6208076e-01
 -8.3830357e-02
  1.0848410e+00
  1.4037262e-01
 -1.4028734e-01
  3.3944359e+00
 -3.6453918e-02
 -7.0915109e-01
 -1.1517265e+00
 -1.0473455e-01
  6.0590148e-01
 -6.6654868e-02
  1.5706277e-01
  1.6043392e-01
 -1.3634577e-01
  3.9643914e-01
  5.6574512e-02
  4.0189970e-01
 -3.2063913e-01
 -4.1853482e-01
 -1.0812128e-01
  7.6259792e-01
  3.7039649e-01
 -7.2034264e-01
 -1.5320634e-03
  2.7458339e+00
 -2.4150665e-01
  3.7441665e-01
  5.6447215e-02
  2.9270339e+00
  3.8371786e-01
  5.9822928e-02
 -1.2419294e-01
  3.7937531e-01
  7.5152409e-01
 -2.3029293e-01
  8.1330949e-01
  5.7544250e-02
  9.0407006e-02
 -3.0970758e-01
  4.8931909e-01
  1.7368759e-01
 -3.9498472e-01
 -4.2685252e-02
 -1.6454266e-01
  3.0356216e-01
  9.9533200e-01
  4.4953996e-01
  2.2045559e-01
  1.9372309e-02
  2.9936906e-02
  4.6045372e-01
 -1.4120072e-01
  1.6916528e-01
 -8.7500736e-02
  3.6726221e-01
  2.1498427e+00
  5.1570315e-02
 -2.2697121e-01
 -2.2110790e-03
  6.2338960e-01
  1.1052682e-02
 -2.0012619e-01
  1.6589975e-01
 -2.2975037e-01
  1.1437525e+00
  1.0128220e-01
  1.5415674e-01
 -1.6177486e-01
 -1.2387027e-01
  2.2608669e-02
 -4.6870306e-01
  5.1450312e-01
  2.3461181e-01
 -3.0739510e-01
  3.4476358e-01
  2.3104426e-01
 -2.6702365e-01
 -6.6340911e-01
 -5.8230784e-02
  3.7468058e-01
 -9.6244067e-01
 -2.4548124e-01
  1.3702208e-01
 -1.2905527e+00
  7.4424386e-01
  1.0416957e+00
 -1.4742632e+00
 -5.4779869e-01
  5.1165104e-01
  4.6032158e-01
 -6.0107529e-02
  1.4940573e-01
  1.8257327e-02
  5.6191719e-01
 -3.1208763e-01
  6.6586949e-02
 -1.0263526e-01
 -7.1741539e-01
  2.8544533e-01
 -1.4334363e-01
 -2.7854573e-03
 -4.0483147e-01
 -1.8145777e-01
  2.0974725e-03
  1.7565049e-01
  2.5906673e-01
 -2.6476298e-02
 -6.5295123e-02
 -1.9730020e-01
  4.1434103e-01
  1.5635929e-01
 -1.0806976e-01
 -1.6859535e-02
 -2.0069608e-01
 -2.9499945e-01
 -1.3844387e-01
 -5.1828980e-01
 -6.4213133e-01
  1.2246176e+00
  1.4023784e-01
  7.0844245e-01
 -2.9668432e-01
 -1.7612411e-02
  4.4073430e-01
 -4.2887717e-01
  2.2731537e-02
 -5.5918998e-01
  4.9606267e-01
  1.8467635e-01
  1.2916237e-02
 -1.0894445e-01
  8.8129598e-01
 -1.4086643e-01
 -2.8456533e-01
 -5.1806152e-01
  4.5425057e-01
 -1.0615914e-01
 -2.1834075e-01
  1.6000214e+00
 -5.0302111e-02
  3.1207731e-01
 -4.2833930e-01
  7.8427456e-02
 -1.3955517e-01
 -3.6847979e-01
  5.7923798e-02
 -4.3224546e-01
  8.8135415e-01
  9.3306005e-01
  2.3675323e-02
 -1.0281823e-01
  2.6306170e-01
 -1.5075636e-01
  4.7205746e-02
  2.3034823e-01
 -1.3000537e-01
  2.5201824e-01
  4.2850983e-01
  3.1485975e-01
  3.6666256e-01
 -2.2575381e-01
  6.5888494e-02
  4.9457642e-01
  2.5194788e-01
 -1.6168143e-01
 -3.6096507e-01
  4.4823140e-01
 -3.2331121e-01
 -2.1763153e-02
 -3.6125585e-01
 -2.1505518e-01
  7.2963905e-01
  3.5167646e-01
 -4.6177050e-01
  1.4753368e-01
  6.6031688e-01
  1.6689636e-01
 -1.6601327e-01
  3.5433960e-01
  2.4753809e-01
 -6.8799272e-02
  4.6937647e-01
  8.8984042e-01
  8.6403781e-01
  3.2167235e-01
  2.8221270e-01
 -1.0594726e-03
 -3.5230574e-01
 -2.7979636e-01
  1.5889469e-01
  2.2121102e-01
 -1.8316983e-01
  6.8870699e-01
 -5.6917466e-02
  7.4494734e-02
 -1.4827475e-01
 -9.7715193e-01
 -3.2061294e-01
  5.4000627e-02
  3.1694409e-01
  9.4087608e-02
  6.7055410e-01
  8.7019034e-02
 -3.9011586e-02
  6.9710171e-01
 -7.7610785e-01
  1.0599355e-01
  2.8372109e-01
 -1.2474358e-01
  7.0352107e-01
  8.1734993e-02
  3.9003187e-01
  5.2372408e-01
  3.1073090e-01
 -9.0256852e-01
  2.1398105e-01
 -2.0443125e-01
  1.2471875e-01
 -5.4871976e-01
 -3.2067245e-01
 -1.3667181e-01
 -8.6190927e-01
 -2.1604016e-02
 -4.2224935e-01
  1.0037372e+00
  2.0774367e+00
  1.2424687e-01
 -1.9819270e-01
 -2.6635552e-02
 -8.4924504e-02
  1.1870830e-01
  5.9664425e-02
 -7.1521294e-01
 -1.7034478e-02
 -1.0716629e-01
 -1.1260813e-01
 -4.2462862e-01
  2.3508254e-01
  1.4582619e-01
  4.0107405e-01
  1.2853541e+00
 -1.4098916e+00
  6.4783490e-01
 -4.0798792e-01
  4.8494432e-02
  1.0300397e+00
  3.0245015e-01
  1.2904460e+00
 -2.5396550e-01
 -2.6280704e-01
 -1.3775543e+00
  4.8622015e-01
  9.6147788e-01
 -7.4165702e-02
  4.2735927e-02
  6.4805612e-02
  4.3413794e-01
 -7.8946447e-01
  1.6784738e-01
  4.1077653e-01
 -2.3203018e-01
  3.8933018e-01
 -1.9053426e-02
  5.9188232e-03
 -5.0071217e-02
  1.9287315e-01
  4.5041794e-01
 -4.7066632e-01
 -6.5347517e-01
  1.7131436e-01
 -1.3153174e+00
 -1.7833188e-01
 -5.2966511e-01
 -4.9624151e-01
 -1.1514007e-01
 -4.6210900e-01
  3.1936696e+00
 -4.4363886e-01
  1.4105811e+00
 -1.6464907e-01
 -1.4633712e-01
  2.6059468e+00
  4.6173051e-01
 -5.6196862e-01
  1.5727723e-01
 -4.2617926e-01
 -2.7286270e-01
 -1.8288440e-01
 -1.0115526e+00
 -1.0165606e-01
  1.6206488e-02
 -5.9505808e-01
 -2.0042521e-01
 -1.0114247e-01
 -2.2657925e-01
  5.6283921e-01
  7.5238478e-01
 -6.0283497e-02
  5.2771235e-01
 -3.3121994e-01
 -6.5633729e-03
 -4.5329416e-01
  9.9041991e-02
 -5.2720070e-01
  6.2637883e-01
 -1.4510714e-03
 -8.0661225e-01
 -9.3709409e-02
 -3.8242567e-02
 -5.0909775e-01
  4.5698173e-02
  3.2555398e-01
 -8.0769342e-01
 -3.1986043e-02
  9.4127879e-02
 -5.8718640e-01
 -1.1328458e+00
 -3.3868913e-02
 -3.5766765e-02
 -1.5163839e-01
  1.5681779e-01
 -5.0824124e-01
 -1.0605799e-01
 -1.3815635e-01
  1.7103556e-01
 -2.1976295e-01
  6.5392268e-01
  4.0281996e-02
  3.6421634e-02
 -3.0983976e-01
 -1.7640950e-01
  4.9713466e-02
 -3.6997962e-01
 -1.7709610e-01
  7.6581150e-01
 -9.0641880e-01
  4.4446385e-01
  1.1044102e+00
  2.9358735e-02
 -2.9006809e-01
 -3.4275937e-01
  3.3254325e-01
  4.5636940e-01
  3.7560992e-02
 -5.7826996e-01
 -2.1245040e-01
 -8.5828014e-02
  1.3047709e-01
  1.5859281e-01
  3.3946976e-02
 -2.0972221e-01
 -4.9239421e-01
 -6.9562382e-01
  1.0326291e-01
  2.2578791e-02
 -6.4462388e-01
 -5.3131473e-01
 -1.1601798e-01
 -4.7745943e-01
 -4.7197055e-02
 -4.1126645e-01
  1.3590956e+00
 -1.1131642e-01
 -5.3420150e-01
  3.1449261e-01
  4.6617582e-02
  3.0154622e-01
 -1.9534854e-02
  1.9532210e-01
  2.8732605e-04
 -1.5748130e-01
 -6.9823074e-01
 -6.9535583e-01
 -7.6440597e-01
  1.1629699e+00
  8.5331655e-01
  1.3318835e-01
  4.9997371e-01
 -3.1217429e-01
  4.6468204e-01
  1.0462998e-01
 -5.9194094e-01
  2.0469794e-01
 -2.3613238e-01
  2.5277132e-01
 -7.2398746e-01
 -5.4899383e-01
 -4.0952258e-02
  8.2879841e-01
  9.4442862e-01
  8.0716722e-02
 -1.6296673e-01
 -4.9151117e-01
 -9.3928206e-01
 -5.2549440e-01
 -3.5856521e-01
 -3.5339564e-01
  1.6266307e-01
  3.0413893e-01
  5.7453204e-02
 -2.3383892e-01
 -7.9521561e-01
 -9.2180943e-01
  3.8160974e-01
 -3.0036137e-01
  1.7617416e-02
  1.5690017e-01
 -1.9760936e-01
  5.7933283e-01
 -4.4939744e-01
 -3.3864760e-01
  2.0987491e-01
  7.5877124e-01
 -9.7104490e-02
  8.7342642e-02
  9.6484415e-02
 -3.8269731e-01
  2.0375498e-01
 -4.2284659e-01
 -2.0016024e-01
 -2.0109103e+00
 -6.5361552e-02
  5.7397091e-01
 -9.7583276e-01
  9.6710987e-02
 -1.2123432e-02
  7.7513111e-01
 -1.9950493e-01
  1.1026159e-01
  6.9961190e-02
 -1.3197677e-02
  3.9353764e-01
  2.8766745e-01
  6.1547357e-01
  1.1459761e-01
  2.5973327e+00
 -5.5052817e-02
 -2.0800170e-01
 -1.9141831e-01
  1.5667814e-01
  2.3661966e+00
  1.9788149e-01
  3.5356581e-01
 -2.5406444e-01
 -1.3453944e-01
  3.1959113e-02
 -1.2745298e-02
  5.9398137e-02
 -3.6645120e-01
 -3.0384460e-01
 -5.4115796e-01
 -7.7062839e-01
 -1.0520767e-01
 -1.4597310e-02
  7.9716265e-01
  1.4711893e-01
  9.7928450e-02
 -2.7305138e-01
 -8.1184238e-01
  7.3291987e-02
 -2.8312314e-01
  6.4995468e-02
 -1.7219909e-01
 -9.6247345e-04
 -3.7029445e-01
 -1.2404480e+00
 -1.0246800e+00
 -1.1156253e-01
 -2.7299577e-01
 -1.7982112e-01
  2.0496917e-01
 -1.1599289e+00
  3.0077407e-01
  2.1955040e-01
  3.1313866e-01
  3.4537241e-01
 -1.8436608e-01
  3.6878809e-03
  4.1442826e-01
 -1.6473573e-01
 -1.9322740e-01
 -4.3711722e-01
  7.5345382e-02
 -6.8749413e-02
 -1.5670180e-01
  1.8338121e-01
  7.1885601e-02
  9.2517090e-01
 -1.5988994e-01
 -4.9118483e-01
  7.2882295e-01
  3.5098568e-02
 -4.5689128e-02
 -8.6596453e-01
 -5.2105103e-02
 -2.2347404e-01
 -8.5068151e-02
  3.3846956e-02
 -6.2999380e-01
 -1.4792590e-01
  5.8956736e-01
 -4.5470387e-01
 -1.1045950e-01
 -5.7321686e-01
  4.5577037e-01
  4.8375949e-02
  7.0507973e-02
  4.3884817e-01
  1.6297442e-01
 -4.0950730e-02
  8.6062670e-01
  1.8840576e+00
  4.3404635e-02
 -2.1484962e-01
  3.5908010e-02
 -4.0761450e-01
 -8.8408947e-02
 -4.6740949e-01
  5.7796019e-01
  4.3813303e-01
 -6.7100793e-01
 -3.8174632e-01
 -2.9186180e-01
 -3.3292273e-01
  7.1352035e-02
 -2.4409041e-01
 -1.5981911e-01
 -2.8602753e+00
 -1.3046831e-01
  9.3861330e-01
 -1.9636656e-01
 -2.1740118e-01
  5.9840769e-01
  3.5001969e-01
  5.5710065e-01
  1.2459411e-01
 -7.8942174e-01
 -1.0895598e-01
  1.9774683e-01
  5.0151539e+00
 -8.2549922e-02
  7.7240503e-01
 -4.4801134e-01
  1.5198961e-01
 -1.4307764e-01
 -1.7823701e+00
 -3.7845218e-01
  1.9456653e-01
 -1.1258943e-01
  3.9847061e-02
  1.1395402e+00
  2.2721277e-01
  9.1948077e-02
  3.0129409e-01
 -6.1006737e-01
  1.4388488e-01
 -7.6674771e-01
  1.0141109e+00
  1.1073937e-02
  1.5377289e-02
  3.5824370e-01
 -2.5749093e-01
 -4.4484776e-01
  1.0036671e+00
  1.6017359e-01
  1.8810913e-01
 -8.9085263e-01
  1.4102070e-01
 -7.4366234e-02
 -1.4208938e+00
 -4.0960202e-01
 -8.6423993e-02
 -1.3983824e+00
 -7.7871227e-01
  1.3294898e-01
 -1.6180170e-01
 -1.0726858e-01
 -3.6932290e-02
  5.0552565e-01
 -6.1141707e-02
 -6.8639266e-01
 -2.7411029e-01
 -1.7931867e-01
  3.0402048e+00
  2.3111897e+00
  5.0740612e-01
  5.9571189e-01
  2.6375869e-02
 -2.2615555e-01
 -8.6307132e-01
  2.5780773e-02
  4.9864894e-01
 -1.4855628e-02
  4.0699959e-01
 -8.1204206e-02
  3.0026993e-01
  2.5787279e-02
 -4.4007647e-01
  6.6547251e-01
  4.1991029e-02
 -1.3458257e+00
 -8.5510176e-01
 -2.1034231e-02
  1.2047845e+00
 -2.6537037e-01
  4.4090635e-01
 -2.6667364e+00
  1.9127542e-01
 -2.4786375e+00
 -8.3958966e-01
  4.5984942e-01
 -1.1746068e-01
  1.2142481e-01
 -2.1845372e+00
  2.2568701e-02
  1.4583676e-01
  7.2390431e-01
 -6.6456759e-01
  1.8773486e-01
 -1.3179042e+00
  6.8444288e-01
  1.3830440e+00
  4.7979054e+00
 -1.1724693e-01
  2.7991623e-01
  7.3766184e-01
 -4.8824213e-02
  3.0415538e-01
 -8.9682537e-01
  1.0562888e+00
  4.1950512e-01
  1.5033856e-01
 -1.1556977e+00
  6.7370176e-01
 -5.8774585e-01
  2.7753174e-01
 -4.3968967e-01
 -2.9666310e-02
 -2.8391438e-02
  4.9933529e-01
  2.6230032e+00
 -1.6738135e+00
  1.9456586e+00
  2.9855566e-02
 -9.7356343e-01
 -2.6486416e+00
 -1.2032981e+00
 -1.5401845e-01
  7.2749357e+00
  1.1013815e+00
  2.2244470e+00
 -4.2409621e-02
 -4.4577446e+00
  1.1803014e-01
 -5.2218878e-01
 -5.6890208e-01
 -1.8561291e-02
  2.7542474e+00
  3.7857735e+00
  2.5160549e+00
  7.5271749e-01
 -4.4764283e-01
  3.8935237e+00
  1.4176273e+00
 -6.1667490e+00
 -3.4976649e+00
  3.4869798e-02
 -1.3938307e+00
 -2.9388580e-01
 -1.1808939e+00
  3.2893518e-01
 -3.5766988e+00
  2.6508129e+00
 -1.3659705e+00
  2.1472406e+00
 -1.9338171e+00
 -3.0688992e+00
  1.7415470e+00
 -3.2431772e+00
 -6.4210218e-01
  1.7490217e-01
  2.9603162e+00
 -3.3360341e+00
  1.7842999e+00
 -2.2920550e-01
  2.4989460e+00
 -1.0679767e-01
 -4.1725162e-01
  1.2376016e-01
 -2.8569692e-01
  1.3412606e+00
  2.6973972e-01
 -1.7440888e+00
 -1.5982827e+00
  1.0036407e+00
 -1.1549859e+00
 -2.2982116e+00
 -1.6460260e+00
  4.4981312e-02
  1.8968741e+00
 -6.0903257e-01
  7.1112520e-01
 -1.1001924e-01
 -4.0601924e-01
  9.6447802e-01
  1.7573762e+00
  2.7731118e+00
 -5.3153591e+00
 -8.9081965e-02
 -1.3499510e+00
 -1.4098543e+00
  6.2265879e-01
 -1.1790119e+00
 -3.9070776e-01
 -8.9379871e-01
 -1.4380819e-01
 -5.5024797e-01
 -4.5290772e-02
  3.6031348e-01
  7.4251193e-01
  3.2991344e-01
  2.1827667e+00
 -1.6644977e+00
  1.3945326e+00
  1.2236915e+00
 -1.3413583e-01
  9.1896796e-01
 -4.5224687e-01
 -2.9297256e-01
 -8.5507596e-01
 -2.8019040e+00
 -2.5855558e+00
 -1.0678270e+00
  1.0967888e+00
 -9.3904179e-01
  2.5476968e+00
  3.4017220e+00
  1.2106533e+00
 -1.9171817e+00
  2.5654185e-01
 -1.2520312e-01
 -2.8950179e-01
 -1.1817368e-01
  7.0227700e-01
 -4.2381428e-02
 -1.2316352e+00
  2.1933129e+00
 -2.3830827e-01
 -4.7245008e-01
 -4.5290378e-01
  9.9035603e-01
  2.1343634e+00
  1.0556151e+00
  8.6922973e-01
  8.6527658e-01
 -5.4894984e-01
  5.8241367e-01
 -2.4840322e+00
  2.5099698e-01
  1.2043814e-01
  1.0150883e-01
  9.5599526e-01
 -7.3332572e-01
 -2.0626240e+00
 -1.4197013e+00
 -5.4994184e-01
 -3.1612103e+00
  1.0483447e-01
 -2.8701041e+00
  8.3287396e-02
 -7.2563842e-02
  2.4152136e+00
  3.8603392e-01
  2.3436859e-01
  6.0689175e-01
  3.9525063e+00
 -1.5145947e+00
  1.0567572e-01
 -2.8555396e-01
  1.1069158e+00
  1.1661646e+00
  9.2884910e-01
 -1.5624550e-01
  8.5893840e-01
  1.0013987e-01
 -6.3936961e-01
  2.9229350e+00
  5.3662176e+00
  6.4636087e-01
 -8.6366588e-01
  7.0599657e-01
  4.2371249e-01
  2.7058749e+00
 -1.1870021e+00
 -2.7843222e-01
  2.9231815e+00
  1.6682947e+00
 -1.1314914e+00
 -2.5095576e-01
  7.2125220e-01
  3.4325978e-01
 -4.3468457e-01
 -9.5329064e-01
  1.3260484e+00
 -6.9007051e-01
  2.9551408e-01
 -3.1942501e+00
  4.3394861e+00
 -2.8286567e+00
 -2.8456244e-01
 -1.0022692e-01
 -7.6567322e-01
  1.6430751e+00
 -7.3177361e-01
  1.0784523e+00
  2.0008218e+00
  6.5647697e+00
 -6.7000043e-01
 -7.1225494e-01
 -3.2814381e-01
 -2.8459055e+00
  2.6380308e+00
  3.9122787e+00
 -2.8538311e+00
 -1.4467113e+00
  1.1902753e+00
  8.2348302e-02
  1.7630874e-01
  2.3592708e+00
 -3.1442825e-02
 -9.4295895e-01
 -1.0186208e+00
 -4.9326274e-01
 -1.5431072e-01
 -1.5521184e+00
 -3.3642671e-01
 -1.8114032e+00
 -6.1723739e-01
  8.8052809e-01
 -2.1188910e+00
  1.1898462e+00
  2.7205005e-01
 -7.3193133e-01
 -1.0324357e+00
  9.2899483e-01
  1.2798814e+00
 -3.3821583e+00
 -9.2758733e-01
 -3.1404672e+00
  3.9050868e-01
  4.2213815e-01
 -8.0995023e-01
 -1.1844405e+00
 -5.1581866e-01
  6.4204484e-01
 -1.1005040e+00
  3.0430186e-01
  2.8155667e-01
  4.9185261e-01
  2.6424938e-01
  3.4033980e+00
  1.5714569e+00
 -4.1737823e+00
  1.4803717e-01
  1.3948350e-01
 -5.5013604e-02
  1.1286146e-02
 -1.7062882e-01
  1.9453305e+00
 -2.0622153e+00
  2.5106114e-01
  2.1375985e+00
  4.0243751e-01
 -2.9343896e+00
  1.7123712e+00
  3.5983877e+00
 -8.9986151e-01
 -4.8483634e-01
  2.4636246e-01
 -8.3600944e-01
  2.0628681e+00
 -1.8329537e+00
  2.1022313e+00
 -5.3467304e-01
 -1.7387956e+00
 -1.8333318e+00
  1.2468860e+00
  2.8161430e+00
 -4.1027441e+00
 -2.6260440e+00
 -1.3771269e+00
 -4.8560020e-02
  9.0135282e-01
  3.8225475e-01
 -2.7017133e+00
 -4.9070978e-01
  1.5911732e+00
  1.8983064e+00
 -2.7420499e+00
  8.9580184e-01
 -2.7004883e-01
  1.0034301e+00
  1.8276105e+00
  4.2109265e+00
 -5.4153925e-01
 -2.1174565e-01
  1.2289804e-01
  4.8064002e-01
 -1.0454252e+00
 -1.7847348e+00
  5.9129190e-02
  3.4089532e+00
  5.3599758e+00
  2.0846415e+00
 -8.7509394e-02
 -1.0137987e+00
 -3.5487926e-01
 -1.9070578e-01
 -1.4645273e-02
 -1.8288933e-02
 -1.2718792e-01
 -6.4569525e-02
  3.7064406e-01
  1.0232176e+00
  1.6338487e+00
  9.8409337e-01
  4.6800140e-01
  6.5431011e-01
 -5.4863816e-01
 -3.7287036e-03
  3.2497132e+00
 -2.5713956e-01
  7.0867956e-01
  7.1745269e-02
  2.2463613e+00
 -1.5513393e+00
  1.1130846e+00
  1.3228366e+00
 -1.3020905e+00
  2.1690683e+00
 -2.1522346e+00
  1.1399645e+00
 -1.4832555e+00
  2.0925105e+00
  6.8977350e-01
 -5.0042146e-01
 -2.7093012e+00
  2.9201666e-01
  1.0860704e+00
  2.2913587e+00
 -3.5397515e-01
  1.0815912e-02
 -6.2598544e-01
  2.5302267e+00
 -1.7332971e-01
  7.9553694e-01
  1.4579313e+00
  2.3407047e+00
  2.2403135e+00
  1.5518624e+00
  1.0044705e+00
 -1.0335826e-01
 -2.2158132e+00
  2.5318131e+00
 -2.9137307e-01
 -1.9793690e+00
 -1.8071786e-01
 -2.2167194e+00
 -5.3004318e-01
  8.4276664e-01
  7.3141551e-01
 -1.1947600e+00
  2.2080882e+00
  7.3132157e-01
  1.7976224e+00
  1.7076656e-01
 -5.2432168e-01
 -1.9228686e+00
 -3.4171209e+00
  9.5183790e-01
  1.0390843e+00
 -4.5090455e-01
  7.6273900e-01
  2.7968464e+00
 -2.2508146e-01
  7.2509903e-01
  4.9860007e-01
 -6.0265738e-01
  2.6634407e-01
  9.2872858e-01
 -2.0639484e+00
  1.0597098e+00
 -1.3339251e+00
 -6.2552470e-01
 -3.0010974e+00
 -1.0337006e+00
 -1.4552000e+00
 -1.7159127e-02
 -1.8100549e+00
 -4.7211838e-01
  2.1618702e+00
 -6.6923574e-02
 -6.1204627e-02
  1.9351283e-01
  3.2552995e-02
  1.1751903e+00
 -7.8215474e-01
  4.1533341e+00
 -5.1974541e-01
  6.2451228e-02
  6.8861383e-01
 -2.3542957e+00
 -1.3002695e+00
  2.6186371e+00
  1.2365996e+00
  5.8946383e-01
 -2.0685613e+00
 -2.8012188e-02
  4.2952648e-01
 -1.2449243e+00
  1.5917322e-01
 -8.1582111e-01
 -1.4485085e-01
 -5.0940208e+00
 -1.3463863e+00
  1.0572287e-01
 -1.4678052e-01
  3.0063627e+00
 -4.6826771e-01
  2.1033108e+00
 -1.9300822e+00
  1.0602202e+00
 -4.4948366e-01
  1.3273464e+00
 -2.1136554e-01
  1.9393338e-01
 -4.7474890e+00
 -3.0456015e-01
 -1.1921260e+00
 -5.9382385e-01
  8.7426251e-01
 -2.0645099e+00
  1.2047112e+00
  2.2227845e+00
  2.7460200e-01
 -1.5332910e+00
  5.7266611e-01
 -1.8575630e-01
  6.0159379e-01
 -2.8425834e-01
  1.8812990e+00
  3.0698049e+00
 -6.8666041e-03
  1.8297638e-01
 -5.0426185e-01
  1.5559741e+00
  8.4418982e-01
 -1.5549532e-01
 -1.7053676e-01
  4.0351305e+00
  3.4505453e+00
 -1.1393793e+00
 -6.4733934e-01
  9.7007650e-01
  1.0348071e+00
 -5.4025412e-01
 -2.8714106e+00
  1.9017473e+00
 -2.7531645e+00
  2.4067078e+00
 -1.3955395e-01
  1.2418734e+00
  5.9581462e-02
  1.7995981e+00
  5.6187968e+00
 -2.2612252e+00
  3.0754071e-01
 -1.4717102e+00
 -1.7459650e+00
 -5.4899317e-01
  2.8368194e+00
 -2.3812841e-01
 -2.9191921e+00
  3.7531936e+00
  2.5224974e+00
 -8.8153166e-01
  8.6806637e-01
 -9.2493683e-01
 -9.6407515e-01
  4.6771917e-01
  1.5247222e+00
 -4.6336107e+00
 -4.6045518e+00
 -2.6712253e+00
 -2.3576270e-01
 -9.3992633e-01
  3.3698592e+00
  8.3176327e-01
 -8.6576432e-02
  2.7973680e+00
  4.8206818e-01
 -1.0874699e+00
  1.4887670e+00
  1.4763597e+00
 -2.2716501e+00
  3.2383078e-01
 -1.9877540e+00
 -6.9317019e-01
 -4.0277734e-01
 -2.0636520e+00
  1.7531762e+00
 -1.5856335e+00
  2.7204986e+00
  3.0039304e-01
 -2.4450693e+00
 -1.1672698e+00
  2.7802246e+00
 -6.5458220e-01
  3.0546930e+00
  5.1777589e-01
  1.6139729e-01
 -2.3618412e+00
 -2.5585418e+00
  5.9975517e-01
 -3.8884231e-01
  3.6694305e+00
 -2.2393663e+00
 -1.1220880e+00
 -1.7062029e-01
  2.0779979e+00
 -2.3953853e+00
 -5.0261831e-01
  9.7252512e-01
 -1.4938946e+00
  5.5172867e-01
  3.3111544e+00
  5.6168628e-01
 -1.4424026e+00
  9.6218288e-01
  1.4696783e-01
  8.7776166e-01
 -2.5492898e-01
  3.5670212e-01
 -1.2668918e+00
  1.2913713e+00
 -1.2270757e-01
 -4.4372049e-01
  2.8040376e-02
 -9.0116903e-02
 -1.9501623e+00
 -1.4642196e+00
  1.4601377e+00
 -2.3594311e-01
 -2.0412359e+00
 -1.7395277e+00
  1.3976840e+00
 -6.1025435e-01
 -7.8290266e-01
 -1.2056410e+00
  2.0806126e-01
  7.9417807e-01
  3.3919898e-01
 -6.4717609e-01
 -1.5572091e+00
  1.2374065e+00
  3.3792388e-01
 -4.0465200e-01
 -1.0406436e+00
  4.6470886e-01
 -9.4758153e-01
  9.1148309e-02
 -1.2245859e-01
 -1.3901415e+00
 -9.0688592e-01
 -6.8803513e-01
  2.3475204e+00
 -3.1345639e-01
  8.6504179e-01
  1.7010806e+00
 -3.6060092e+00
 -3.9373487e-02
 -2.5032349e+00
 -1.2692657e+00
 -7.5076050e-01
 -8.6946356e-01
 -3.9292796e+00
 -7.9005313e-01
  2.4187028e+00
  4.0558869e-01
  1.0997984e+00
  4.3985167e-01
  2.7058512e-01
 -2.3462918e+00
  4.4889064e+00
  2.0397727e+00
 -1.4713753e+00
  1.2888447e+00
  1.3055799e+00
 -1.9907541e+00
 -2.3807316e+00
  1.8493710e+00
 -1.1682026e+00
 -8.7253666e-01
 -9.4119126e-01
  4.8542622e-01
 -2.5052354e+00
 -1.7788955e+00
  1.2981946e+00
 -5.2055019e-01
  4.0630639e-01
  1.0588521e+00
  2.9990880e+00
  5.2920157e-01
  1.3279929e+00
  3.6500442e-01
  2.3753250e+00
  5.0391559e-02
  1.0725409e+00
  6.3586593e-01
  9.4097495e-01
 -9.5131546e-02
 -6.1157298e-01
 -6.4310938e-01
  4.4480253e-02
  4.4244952e+00
  6.1112648e-01
 -1.0587852e+00
 -8.0563223e-01
 -1.2491317e+00
  1.9175382e+00
  8.0291671e-01
  1.5883360e+00
  1.0241147e+00
  1.4268768e-01
 -3.9458823e+00
 -2.0947037e+00
 -2.8680468e+00
 -3.0066371e-01
  2.3886852e-01
  5.1791424e-01
 -2.7803254e-01
 -1.2799032e+00
 -3.3560774e-01
  1.1121979e+00
 -3.2725447e-01
  5.3765800e-02
 -1.4118365e+00
 -6.8247718e-01
 -1.3293612e+00
  3.9740068e-01
 -1.2024738e+00
 -3.6144701e-01
  2.9399484e-01
 -3.7707362e-02
  1.5216441e+00
 -9.6761234e-02
 -1.6222107e+00
 -5.6541413e-01
  1.8992434e+00
 -2.7258694e-01
 -1.7631292e+00
  8.0960013e-02
  2.5707963e+00
 -6.7573118e-01
 -3.5027570e-01
  4.1457009e-01
  1.2657875e+00
 -6.4128238e-01
 -3.7108245e-01
  6.7654288e-01
  6.1550224e-01
 -3.2265681e-01
 -9.9279636e-01
  8.3592892e-01
 -1.1250638e+00
 -7.6308697e-01
 -1.6939524e+00
 -8.3163142e-02
  1.0868613e+00
 -1.9875394e-01
  1.5302382e-01
 -4.0704554e-01
  1.5204495e+00
 -1.7708522e+00
 -4.4267806e-01
 -1.6584407e-01
 -5.1575232e-01
 -1.1239769e+00
  1.6474165e+00
 -2.5614393e-01
 -1.0962620e+00
  8.8115829e-01
  1.3389215e+00
  3.2113335e-01
 -1.6181998e+00
  1.4294424e-02
 -2.6721519e-01
  7.9916590e-01
 -2.2859561e+00
  1.1824698e-01
 -5.0078219e-01
 -1.3143567e+00
 -1.3679773e+00
  2.6655450e+00
  5.7363911e+00
 -1.1578772e+00
  5.5306512e-01
 -6.7820758e-01
  3.0867556e-01
 -7.1155980e-02
  1.3471198e+00
 -2.0267489e+00
 -2.8569195e-01
  8.0677193e-01
  2.0595341e+00
 -1.2134311e+00
 -4.4828527e-02
  1.2666741e-01
  7.8035605e-01
  7.5524795e-01
  2.4213749e-01
  1.5425324e-01
  2.0703319e-01
  1.0572826e+00
 -4.3544874e-01
 -1.2750353e+00
 -7.0126879e-01
  1.2018842e+00
  1.2135561e+00
  6.5744087e-02
  1.3888007e-01
 -6.5288091e-01
  1.1010049e-01
 -1.4220505e+00
  9.2785174e-01
 -3.3916867e+00
 -1.5295254e-01
 -1.0680150e+00
 -1.4747416e+00
 -5.5316818e-01
  2.3927076e+00
 -6.6676891e-01
  6.9631886e-01
 -2.9615748e-01
 -1.1662781e+00
 -1.1911858e+00
 -5.6303853e-01
  8.1659424e-01
  5.2708473e+00
  1.6001782e+00
 -6.6452920e-02
 -9.7699898e-01
 -1.1935002e+00
  3.2335260e+00
  1.1463196e+00
  1.9755849e+00
 -2.0639191e+00
  1.5992947e+00
  1.1044080e-01
  4.2130718e+00
  1.1420801e+00
  9.4710475e-01
  1.7634880e-02
  2.0502234e+00
  4.9890441e-01
  6.4254618e-01
  2.9056600e-01
 -5.0524437e-01
 -2.5838172e+00
  5.0671405e-01
  5.0205654e-01
 -7.4007589e-01
 -1.0775640e+00
  3.9064088e-01
 -7.8763261e-02
  7.0545934e-02
 -9.7561358e-03
  1.8321810e+00
  1.1696199e+00
  6.6376227e-01
 -3.5138505e+00
  1.8347363e+00
  2.9244285e+00
  1.3210849e+00
 -1.5829333e+00
  2.3739487e-01
 -1.9622935e+00
 -7.3819917e-01
 -9.7801232e-01
  7.2085422e-01
  3.8858992e-01
  9.5695931e-01
 -3.8380030e-01
  4.5164537e-01
  1.0386834e+00
 -1.1568671e+00
 -1.5017793e+00
 -6.9242764e-01
  2.4280490e-02
 -2.2023010e+00
 -3.3937955e-01
  6.9191343e-01
  8.7691486e-01
  1.5132897e+00
  2.1160100e+00
  8.8313513e-02
 -3.9864518e-03
  8.1479788e-01
  5.7407886e-02
 -1.1064171e+00
 -2.2555278e-01
 -1.9666210e-01
 -7.2346359e-01
 -1.9814932e+00
 -3.6331418e-01
 -1.0061549e+00
 -5.6470579e-01
 -8.2731116e-01
  6.3210733e-02
  1.9439460e-01
 -9.6275695e-02
  4.3074388e-02
 -2.0234770e-01
  5.2381992e-01
  2.0482771e-03
  3.1352487e-01
  1.7390348e-02
  4.8717746e-01
  4.3499285e-01
  5.4062530e-02
  1.6900954e-01
  1.5095100e+00
 -1.7425064e+00
  3.9080480e-01
  1.7263888e+00
  1.0038977e-01
 -2.0148375e+00
  2.8750315e+00
 -1.8588604e+00
 -1.6800162e+00
  2.8386674e+00
 -3.3504120e-01
  1.2457936e+00
 -5.0583994e-01
 -2.1806214e+00
 -3.7067261e+00
  4.9158332e-01
  5.1162205e+00
 -1.5871516e+00
 -1.9887505e+00
 -3.0225961e+00
 -1.6512606e+00
  1.5122313e+00
 -6.1826968e-01
 -9.7942513e-01
 -1.9555279e+00
 -1.6148343e+00
 -4.7784606e-01
  2.1283898e+00
  4.7606197e-01
 -9.1760564e-01
  2.8709963e-01
  1.6307003e+00
  3.6372361e+00
 -4.0200269e-01
  1.4176421e+00
 -5.8131438e-01
 -9.4290298e-01
 -8.4632051e-01
  4.6851873e-01
 -2.9880497e-01
 -1.7701648e+00
 -1.0664184e+00
 -4.0860128e-01
  8.6421710e-01
 -1.2803241e+00
  9.9557787e-01
 -4.1855329e-01
  6.9416535e-01
  1.1412139e+00
  5.7887781e-01
  1.7928956e-02
  1.7928956e-02
  1.7928956e-02
  1.7928956e-02
  1.7928956e-02
  1.7928956e-02
  1.7928956e-02
  1.7928956e-02
  1.7928956e-02
  3.4313183e-02
  3.4313183e-02
  3.4313183e-02
  3.4313183e-02
  3.4313183e-02
  3.4313183e-02
  3.4313183e-02
  2.7671870e-02
  2.7671870e-02
  2.7671870e-02
  2.7671870e-02
  2.7671870e-02
  2.7671870e-02
  2.7671870e-02
  1.3580502e-02
  1.3580502e-02
  1.3580502e-02
  1.3580502e-02
  1.3580502e-02
  1.3580502e-02
  1.3580502e-02
  5.7021868e-03
  5.7021868e-03
  5.7021868e-03
  5.7021868e-03
  5.7021868e-03
  5.7021868e-03
  5.7021868e-03
  1.1793899e-02
  1.1793899e-02
  1.1793899e-02
  1.1793899e-02
  1.1793899e-02
  1.1793899e-02
  1.1793899e-02
