nep4 2 Cu Se 
cutoff 7 4 101 21
n_max 4 4
basis_size 12 12
l_max 4 2 0
ANN 30 0
  1.9022900e-01
  4.6607871e-02
  1.7486890e-01
 -1.7991485e-01
 -1.8113306e-01
 -1.9167912e-03
 -3.5428044e-03
  2.7330420e-03
  2.2187405e-03
 -1.3360349e-03
 -1.2219509e-01
  1.0005288e-01
  2.0666149e-01
  8.6739439e-01
  1.1970164e-02
  1.0717520e-02
 -1.4104085e-03
  5.3749152e-02
  1.3174891e-04
 -8.1262104e-02
  4.1498570e-05
 -3.2189105e-02
  2.0718332e-02
  9.7730733e-04
 -1.9047682e-03
  4.1318890e-03
 -3.8437794e-03
  4.2271800e-03
  1.3972770e-03
  7.9587856e-03
 -5.4168245e-03
 -1.7147179e-03
 -1.2605459e-03
  1.7457402e-03
  1.3978343e-04
  4.4696662e-03
 -1.6773166e-03
  3.2151554e-04
 -1.4455664e-03
  2.2825538e-03
 -1.4363646e-03
 -3.6406843e-03
  3.3234528e-04
  4.1618789e-04
 -8.4921741e-04
 -2.1584211e-03
  2.3452942e-03
  2.4664439e-03
  2.3562275e-03
 -3.5495134e-03
 -6.3699286e-04
  1.0933626e-03
  3.9087804e-03
  6.4374856e-04
  1.8852003e-03
  2.2685397e-03
 -1.0167150e-03
 -9.0334588e-04
 -2.2644452e-03
 -3.0933158e-04
 -3.3196561e-02
  1.1759000e-03
  2.6208916e-01
 -6.4436950e-02
 -1.2838057e-01
 -2.6727039e-03
 -3.1895498e-03
 -1.8579241e-02
 -1.2282575e-02
 -2.4400842e-03
 -3.6794675e-04
 -3.7146639e-02
  1.7499406e-02
 -1.6360505e-01
 -3.4174074e-03
 -9.6600102e-03
  4.9687224e-05
  2.1867310e-01
 -1.6739716e-01
  1.3915902e-03
 -7.4406591e-04
  6.7448936e-04
  2.0799749e-03
 -1.6963191e-03
  3.0262705e-03
  4.6549327e-04
 -1.6711470e-03
  2.2289759e-04
 -1.4510195e-03
  5.0488524e-03
 -7.7070705e-05
 -1.1936277e-03
 -5.1068505e-03
  3.0574866e-03
 -2.9277307e-04
  1.6679508e-03
  4.6103456e-04
 -2.0293833e-03
 -2.0416069e-04
  2.3628788e-03
 -1.9082148e-03
  3.7441491e-03
  1.5791117e-03
  7.5644697e-04
  2.2049476e-03
  1.8260018e-03
  4.2560026e-03
 -4.2900257e-03
 -1.9323806e-03
 -1.6981733e-04
  1.0369968e-03
 -9.5182878e-04
 -1.5651736e-03
  4.7949865e-03
  2.1637925e-03
  1.6678554e-03
 -1.0602031e-03
 -7.4314291e-04
 -1.7312428e-03
  3.6147288e-03
  1.8475899e-01
  3.0740774e-03
 -4.0056002e-03
 -1.1500792e-03
  3.2131729e-01
  6.7789806e-05
  2.5769800e-04
  1.2991678e-03
  1.0122693e-04
 -9.4669976e-04
 -3.1865991e-03
  1.2964223e-03
  4.7485821e-02
  2.0722277e-03
 -4.0738123e-05
 -2.5681133e-04
  1.8505889e+00
 -1.0314701e-03
  2.8749937e-03
 -1.2793114e-03
  9.4205956e-05
 -4.4938177e-05
 -8.2712611e-03
 -2.8344753e-04
 -5.2891932e-03
 -5.0203144e-03
  5.5675395e-05
 -7.9488964e-04
  9.1121517e-05
 -7.0927053e-05
 -5.7830405e-01
 -5.1328641e-01
  4.2676958e-01
 -1.0287083e+00
  5.6021267e-01
 -1.2490970e+00
  8.7169993e-01
  2.4128176e-02
 -1.9941984e-01
  4.7036499e-01
 -5.9875941e-01
 -5.2307867e-02
 -6.9575423e-01
 -4.0468070e-01
 -8.1101048e-01
 -1.6485733e+00
  2.0580404e-01
  6.7884058e-01
 -1.1959516e+00
 -2.8048604e+00
 -8.6279076e-01
 -1.4251564e-01
  3.1552887e-01
 -1.7484613e-01
 -8.8382846e-01
  7.5378246e-03
 -3.3993130e-03
  3.7629291e-01
  3.3047754e-01
  1.0714219e+00
 -2.5551370e-01
 -1.4107011e-03
  1.6514201e-01
  3.4840828e-01
 -8.4109300e-01
 -3.0534025e-03
  1.7265719e-04
 -2.2096884e-01
 -8.6611465e-02
  2.7855779e-03
 -2.6619187e-01
 -1.6418092e-02
 -4.3460381e-01
 -5.9149507e-02
 -1.1878470e-03
 -4.2002246e-02
 -3.8801741e-02
 -1.9407804e-01
 -9.1768680e-03
  7.3182103e-03
 -1.1507474e-01
  7.9061175e-03
 -1.0831530e-01
 -5.4198694e-01
 -2.5313873e-02
  2.2556184e-01
  8.2669611e-04
 -2.8067039e-02
 -4.7621809e-04
  1.0478406e-01
  7.5065839e-01
  9.1087708e-04
 -2.3801324e-01
  9.9098329e-03
  1.8973619e-01
  4.1425787e-03
  5.9394166e-03
  2.1898247e-02
 -2.4255009e-03
 -4.2380770e-03
  2.5935820e-03
 -1.6605650e-04
 -4.9127999e-01
 -5.4298943e-01
 -1.9159400e-01
 -1.8409599e-03
 -1.1561267e-04
  8.5273318e-02
 -4.4718906e-03
  2.8509784e-03
  5.2952478e-03
 -6.8970714e-03
 -2.1283585e-01
 -1.1861242e-03
 -2.5515743e-02
 -5.5992538e-03
  6.2428187e-03
 -6.4505305e-04
  1.3160263e-03
 -5.2700797e-04
  1.9507365e-01
 -7.1315435e-03
 -1.0022691e+00
 -9.0527862e-01
  1.5447765e-02
 -5.4556561e-01
  1.6999228e-01
 -3.7648761e-01
 -5.2239352e-01
 -1.2626041e-03
 -8.3793807e-01
 -1.7467454e-01
  1.1460173e+00
 -2.9801753e-01
  6.2240519e-02
 -1.3370838e+00
  2.9172095e-02
  6.0594872e-02
  8.9135058e-02
  1.6634737e-01
 -1.0612442e+00
  6.2165529e-01
 -3.7943408e-02
 -4.9683431e-01
 -1.1050629e-01
  1.3922073e-01
  2.7257594e-04
  2.3152158e-01
 -1.9726470e-02
 -3.1795804e-03
  1.7745391e+00
  1.4752518e-01
  2.1296113e+00
 -5.3191221e-01
 -6.2434494e-01
  2.0242841e-03
  3.0509802e-03
 -6.4396739e-01
  5.5925688e-05
  7.0884172e-03
 -4.5669520e-01
 -1.4034577e-01
 -1.3431669e-02
 -1.5706595e-02
  1.0704014e+00
 -3.8994458e-01
  4.0481561e-01
 -5.0292450e-01
 -4.6847039e-01
 -5.4213107e-01
 -1.2012999e-01
  1.5284373e-01
  4.3788409e-01
 -2.9237634e-01
 -1.1801407e-02
  5.2285232e-03
 -1.7101474e-03
  1.3742865e-04
  7.0223678e-04
 -1.0512406e+00
 -5.8055371e-01
 -4.2382509e-01
 -1.3095492e-01
 -1.3042985e-01
 -5.4424245e-02
  4.6527725e-01
 -8.4176081e-01
 -2.2352572e-01
 -3.8837913e-02
 -2.6589552e-02
 -5.1920545e-01
  2.7630132e-01
  1.5517871e+00
  2.3067610e-01
  6.9476314e-02
  2.1661606e-03
  8.6158550e-01
 -1.0850358e+00
  4.9562667e-02
  3.3232769e-01
 -8.6141778e-03
 -1.0638206e+00
 -3.5929045e-01
 -8.8493951e-02
  1.3655262e-01
  2.6507614e-02
  2.3257432e-03
 -5.1409119e-01
 -3.3893692e-04
 -4.9140848e-02
  3.1859389e-01
 -2.6298200e-03
 -3.2542720e-02
 -2.7127752e-01
  5.0495829e-02
 -8.6081639e-02
 -2.5374617e-02
  6.4676976e-01
  1.6828965e-02
 -4.9735618e-01
  2.1404490e-02
  2.4895617e-01
  2.5522026e-01
 -4.3399969e-01
  3.4577700e-01
  2.1862994e-01
 -4.9530679e-01
  2.7381137e-02
  1.5066006e-02
  1.1279808e+00
  3.6692798e-01
 -1.0290542e-02
  6.8624124e-02
  8.9696753e-01
  1.8660794e-04
 -2.3762818e-01
  9.7792987e-03
 -2.2418123e-01
 -1.7129922e-03
 -2.4755514e-01
 -3.1072204e-03
 -3.2842474e-04
 -5.5565843e-03
  1.9347605e-03
 -3.5862110e-03
 -1.9130360e-03
  3.6746049e-03
 -2.2582565e-03
  1.5530012e-03
  2.7514237e-04
 -2.2352384e-03
 -1.2048630e-03
 -1.1886877e-04
  2.2711486e-03
 -3.9814897e-03
 -2.2795082e-03
  1.1899529e-03
  6.9825957e-04
  8.6821278e-04
  1.6196915e-03
  2.7840822e-03
  1.4054195e-03
  3.1135418e-04
  2.5161237e-03
  5.2451773e-04
 -2.9924042e-03
  1.4985608e-03
 -6.4041247e-03
 -1.3114178e-03
 -5.9865885e-03
  1.8168004e-01
  2.8162000e-01
  9.6725410e-01
 -2.9885229e-01
  8.9039516e-01
 -2.7989910e-03
  4.7177263e-03
  3.0335480e-02
 -3.1661890e-03
  2.3045079e-03
  6.7160605e-04
  5.9254700e-04
  5.7182956e-01
  1.2202598e-03
 -3.6508480e-01
 -2.6755402e-04
  1.4634708e-01
  3.4765873e-02
 -7.4412097e-04
  7.1952708e-02
 -6.3997990e-04
 -3.0738972e-03
 -2.4160650e-03
  1.6316490e-03
  1.5006629e-03
 -3.2072626e-03
 -6.9761497e-04
  1.0564085e-03
  8.0158003e-04
 -1.0028552e-03
  1.4552981e+00
  4.1133836e-01
  5.2539833e-02
 -1.7251059e-01
  7.4681038e-01
 -8.9932275e-01
 -9.6301697e-03
 -1.1362481e+00
 -1.1397127e-02
  2.0707992e-01
 -1.1429105e+00
 -1.0267326e+00
  7.1616524e-01
 -7.5815165e-01
  1.0940329e+00
 -1.0362663e+00
  1.8342204e-01
  5.9131944e-01
  1.3946976e-01
 -2.8487094e-02
 -1.0513101e+00
 -2.7597019e-01
  1.3736507e+00
 -4.3165410e-01
 -3.5152355e-01
  3.3534002e-01
  4.8760527e-01
 -2.1247156e-01
 -1.0410107e+00
 -1.4108488e-01
  1.4938918e+00
  1.2807722e-03
  9.3832158e-02
 -6.5041596e-01
  2.0696881e-01
 -2.5331164e-03
  5.0683552e-04
  6.3968785e-03
 -9.4191026e-05
 -1.1922472e-02
  1.0412004e-03
  6.3501566e-04
 -6.3851883e-04
  1.8743320e-01
  2.3871921e-03
  2.8907885e-03
 -2.4864421e-04
 -1.3288562e-02
  8.3497236e-04
  4.2254079e-04
  1.4590039e-03
  2.6906356e-03
 -5.5772518e-03
  2.5399902e-03
  1.4536554e-04
  7.4702868e-04
 -1.5606729e-03
 -2.6671491e-03
  1.1684302e-03
 -2.5730599e-03
  4.8972236e-04
 -5.2133802e-04
  3.9243454e-04
 -1.4908232e-03
  1.9618259e-03
  2.4809439e-03
  2.0808347e-03
  9.3136798e-04
 -4.3954951e-04
  2.5761612e-03
 -4.4936691e-03
  4.5117838e-03
  1.8754443e-03
 -2.5188003e-03
 -2.9520685e-05
 -6.7487400e-04
 -1.8433299e-03
 -1.0201896e-03
 -1.8797113e-03
 -6.3937879e-04
 -1.8650939e-03
 -2.1144927e-03
  2.7248519e-04
 -8.3206320e-04
 -3.3589313e-05
  2.2939706e-04
  7.8320957e-04
 -1.6131919e-04
 -5.1426090e-04
  4.8847881e-04
  4.2127859e-02
  3.2588437e-03
 -2.1643579e-02
 -8.1965048e-04
  7.4355351e-03
  2.1519898e-03
 -1.5959746e-03
  1.2201522e-02
  1.7560368e-02
  4.6523631e-04
  3.9779302e-04
  3.1060928e-02
  2.3969419e-01
  1.9248819e-01
  4.0132279e-04
  3.5275415e-02
 -1.0245891e-01
 -1.0134182e-01
  6.6268025e-04
 -3.5906550e-01
  1.2344353e-02
 -2.5402945e-03
  2.0910837e-03
  1.7826761e-03
  5.3042622e-04
 -1.3050680e-03
  4.7512559e-04
  6.2093036e-03
  3.7346175e-04
 -2.2941669e-03
 -2.1683449e-01
  1.1155189e+00
  2.4915086e-02
 -3.8229647e-01
 -5.4088468e-04
  3.0968542e-04
 -8.0058672e-02
 -1.5786286e-03
  2.4698287e-01
 -7.1990155e-03
 -1.2676926e-01
  3.0681193e-01
  2.1304250e-01
  1.6941239e-01
  2.5289312e-01
  5.2784270e-01
 -1.8752070e-01
 -1.2492602e-01
  4.2862523e-01
 -6.8693715e-01
  2.5671516e-02
 -2.1952856e-03
  3.2385045e-01
  4.3149587e-02
  9.9721435e-04
  1.1778827e-03
 -4.2528166e-03
  2.1012272e-01
  6.2121488e-03
 -2.5498455e-03
  1.5058573e-01
 -6.3342010e-03
 -6.4351481e-01
 -5.4799145e-01
  8.9450371e-01
 -1.7350680e-01
 -5.6854868e-04
  3.0592437e+00
  9.1330218e-01
  8.2042196e-04
  1.7690840e-03
  5.2823776e-01
  8.7118238e-02
  7.1590990e-02
  7.6966248e-02
  5.8616108e-01
  3.5947961e-01
 -8.8258684e-02
  1.1911652e+00
 -1.2024553e+00
  2.7931172e-01
 -1.6551942e-01
  1.9604462e-01
  5.0624120e-01
 -3.1150100e-01
  3.2264988e-03
  3.8916810e-04
  2.6960748e-01
  1.1052677e-03
 -2.3770453e-03
 -5.0759017e-01
  4.5456546e-03
 -4.2245018e-01
 -6.9931559e-02
  1.7454515e-05
  1.6652864e-03
 -4.2828164e-04
  3.4204160e-03
  2.4037855e-04
  5.7237071e-04
  7.7254124e-05
  5.6545256e-04
 -1.6183974e-03
  6.9047400e-04
 -7.8464852e-04
  9.9944102e-04
 -4.0901322e-03
 -1.8966757e-03
 -9.1146718e-04
 -1.0060009e-03
  8.5857278e-04
 -6.9643138e-04
 -8.3545297e-03
 -4.0799409e-01
  1.0528385e-03
  3.5720959e-04
  9.9423283e-04
 -2.1087423e-03
 -1.8687251e-03
  2.0667946e-04
 -2.4729036e-01
 -1.4378888e-03
  1.1347117e-01
 -2.7173120e-01
 -3.6630824e-03
 -4.1221110e-03
  4.8852256e-03
 -3.6500502e-02
  1.3457049e-03
 -4.5972911e-04
  2.1040530e-03
  5.1266555e-04
 -1.6837342e-03
  2.8842525e-03
  8.5017818e-06
  2.2408727e-03
  1.6513178e-03
  1.4494181e-03
 -2.8369657e-04
 -4.4679997e-05
 -2.3367626e-03
  2.2776427e-03
  2.5361655e-03
 -3.3574458e-03
 -3.5551130e-03
  3.9053499e-03
 -4.7331682e-04
 -9.0830697e-04
 -1.0002628e-03
 -9.0550017e-03
 -3.5322907e-03
  2.5993967e-03
 -5.7084498e-04
  9.2218899e-05
  1.5281010e-03
 -7.8999589e-04
  1.0276443e-03
  9.1676293e-03
 -2.1489454e-05
 -2.4876872e-04
 -6.1299105e-04
 -4.6095808e-04
 -3.5824467e-04
  1.2066102e-03
  4.9678641e-03
  7.3856121e-05
  5.1287154e-04
  4.1558221e-04
 -2.9994061e-04
  1.4762746e-03
  1.7397954e-03
 -2.8305596e-03
  1.4389314e-03
  7.3972589e-04
 -9.8542660e-05
 -2.7102353e-05
 -4.7004293e-04
  4.3243291e-03
 -3.3226390e-03
 -6.3765217e-03
  2.5143661e+00
  4.4389930e-01
  6.1723858e-01
 -1.5540830e+00
  3.9104801e-02
  4.3885331e-04
 -6.9444058e-03
 -1.3510742e-03
  4.3248391e-04
 -2.7308750e-03
  2.9198317e-02
  5.0003210e-04
 -4.0225999e-04
  6.0529064e-04
 -1.1434485e-01
  4.5884817e-04
  2.1123365e-01
  6.4231294e-01
  5.3187597e-01
  7.5467741e-01
 -1.8980966e-03
 -1.6411624e-03
  5.7946621e-03
  2.3111249e-03
  2.1246273e-02
 -3.7056347e-03
  5.4758217e-04
 -6.8909228e-03
 -3.7605665e-03
 -4.2360625e-04
  2.2345734e+00
  2.2036511e-01
  1.7868720e+00
  1.1080708e-01
  3.8901618e-01
  1.3655580e+00
 -1.2910753e-02
 -3.2463560e-01
 -1.6449540e-03
 -1.0795585e-03
  3.4258831e-01
 -3.0701354e-01
 -1.1621079e-01
  4.7354814e-02
 -3.3975106e-01
  5.7553434e-01
 -8.7531948e-01
 -2.3205431e-01
  4.0473059e-02
 -3.7385818e-01
 -2.2305711e-04
 -7.4071728e-04
  1.3144850e-02
 -2.0012949e-03
  1.4975839e-02
  1.2269232e-04
  4.5997072e-03
 -5.1283866e-01
 -6.1898818e-04
 -5.0634064e-04
 -9.7923708e-01
  7.4860640e-04
  9.2090719e-04
  1.2135969e-03
  5.1553058e-04
 -1.0977555e-02
  4.0450989e-04
  5.9008517e-04
 -1.5995337e-04
 -7.1748737e-03
  8.9675799e-04
  3.3539706e-03
  4.6614548e-03
  8.8577898e-04
 -3.2033547e-04
  1.0281851e-03
 -5.2191326e-03
 -2.4603694e-03
  2.0112868e-03
  1.2826733e-03
  3.6140956e-04
  3.4849386e-04
 -1.7082898e-03
 -1.1168136e-03
  7.8324933e-04
 -3.6100147e-03
 -2.2743671e-04
  2.3143070e-03
 -1.2819307e-02
 -2.1324924e-04
  1.7636756e+00
 -4.5259312e-01
  2.4832205e-01
 -7.4957025e-01
  1.2433041e+00
  1.4953806e+00
 -5.0101650e-01
 -7.7030942e-02
  2.2339696e-01
 -4.7594622e-01
  4.0972169e-02
  1.0770067e+00
  2.3359615e-01
  1.5403980e+00
 -5.1625288e-01
  2.0370841e-01
 -1.4316545e+00
  8.3776885e-01
  1.1355175e+00
 -8.5087639e-01
  2.3632190e-01
 -2.0853326e-02
  7.3841971e-01
  5.8422532e-02
 -1.4891398e-01
 -3.6123222e-01
  3.5478957e-02
  4.7419479e-01
 -2.1772785e-03
 -2.2566067e-01
  1.2484597e+00
  1.2286408e+00
  1.9256365e-01
  9.1277719e-01
  3.1529951e-01
  1.2778505e+00
 -3.4542081e-01
 -4.3100250e-01
  9.1487572e-02
  2.9007170e-02
  2.0330428e-01
 -6.7686039e-01
  1.0432514e+00
  6.6327590e-01
  1.6220151e-01
 -9.7005786e-03
  1.3357465e-01
  5.8854162e-04
  1.7221485e-01
  3.4788838e-01
  4.8840372e-03
  1.8133058e-01
  2.5150806e-02
 -1.5369734e-03
 -1.1176200e-03
  2.2033257e-03
  6.7018550e-03
 -9.0562822e-03
 -8.1546754e-02
 -3.6782619e-02
  3.6811782e-03
 -1.6148022e-04
  2.5856206e-03
 -3.7166220e-04
 -2.5018398e-03
  5.4322858e-04
 -7.6584832e-04
 -1.4652364e-03
 -3.6107185e-03
 -5.8890448e-04
 -3.3210465e-04
  7.6141232e-04
 -7.0129440e-04
 -5.4817891e-04
  2.2086722e-03
 -2.1210441e-03
 -3.8151484e-04
  1.7770883e-03
  2.4400395e-04
  9.4161514e-04
  8.1662205e-04
  6.0473313e-04
 -9.8295230e-03
 -4.0361849e-03
  3.3755661e-03
 -1.2034121e-03
 -1.8121790e-03
  3.1381410e-03
 -1.2705689e-04
 -2.1143763e-03
 -4.4839215e-01
  9.2429842e-04
  5.3286333e-02
  9.9449299e-02
  2.3835963e-03
 -1.1213088e-03
  1.5484602e-03
 -2.7319551e-03
 -4.6989319e-04
  4.2852806e-04
  3.3338848e-03
 -1.4002733e-03
 -8.4781749e-03
  1.7517242e-03
  5.0672831e-04
  2.7733052e-04
 -6.2330486e-04
  8.9385755e-02
 -9.3526449e-03
 -1.6345083e-03
  3.7003442e-04
  2.0503058e-04
  6.2526675e-04
 -2.5813541e-05
  2.9408492e-03
 -1.4197229e-03
 -3.1608662e-03
  8.9115393e-04
 -4.8024785e-03
  3.0494926e-03
 -8.9450485e-01
  3.0300638e-03
 -2.5797980e-03
 -7.6616565e-03
  2.5724044e-01
 -2.6154411e+00
 -6.8926215e-01
 -7.2502589e-01
 -1.2988306e+00
  6.4839321e-01
  6.3577026e-01
  1.0152925e+00
  1.3805659e-03
  2.4974000e-01
  4.8628679e-01
  4.4553623e-01
  1.2433392e-03
 -1.5698828e-02
 -1.5465424e+00
  4.9125038e-02
  4.5075302e-04
 -5.7236212e-03
 -1.6767881e-04
  1.7870690e+00
  2.6969334e-02
  1.7289317e-01
  1.6850535e+00
 -3.6634469e-01
  2.8299561e-03
 -2.1476080e-03
  3.1433541e-01
 -2.2284770e-02
 -1.5078983e-01
  2.4305788e-04
  6.4060248e-02
 -4.9617738e-01
 -5.0031465e-01
  4.0697199e-01
 -1.6489956e+00
 -2.6229137e-01
 -4.6039000e-01
  7.8629100e-01
 -2.4322582e-02
  1.3022701e-01
 -5.1512378e-01
  7.9150453e-02
  3.8818971e-04
  1.5673621e-01
  2.8182301e-01
  3.0829620e-01
  4.1318420e-02
 -1.0622345e-01
  1.1788749e-03
  1.4306995e-01
 -2.5315067e-01
  8.6471789e-02
  4.7384211e-01
 -1.1524210e+00
 -5.0805248e-03
 -8.6532496e-02
 -5.5175335e-03
  1.0725871e-02
  2.3505199e-03
 -6.7340955e-04
 -3.2028919e-03
 -9.2518120e-04
 -3.4142021e-04
  3.2997732e-03
 -6.8664749e-04
  9.2907110e-03
 -2.5330554e-04
 -2.3285844e-03
 -4.3796049e-04
  3.4989964e-04
 -2.9997467e-03
  1.7461131e-03
  1.0507198e-03
  2.3914098e-03
  2.8497889e-04
  3.1884974e-03
  9.1128470e-04
  1.3420332e-03
  1.2355784e-02
  4.2618481e-03
 -3.5988959e-04
 -6.5102777e-03
  2.1051525e-03
  4.3837508e-04
  1.7134559e-03
 -2.5432422e-03
 -1.0426458e-03
 -6.9368553e-01
 -2.2366983e-03
 -1.1449389e-04
  1.0828497e-03
  1.1463861e-03
  2.3187911e-03
  1.1245249e-03
  8.8635855e-04
  6.4846547e-04
  4.6862988e-06
 -2.1418771e-03
 -4.2696833e-03
  3.8380336e-04
 -7.8990392e-04
 -6.1150058e-05
 -1.2891698e-02
  2.8526708e-03
  2.9874558e-03
  2.2333486e-03
  1.0864411e-03
 -2.5399744e-03
  8.4382074e-05
 -4.9868610e-04
  5.7264179e-04
 -2.0805295e-03
  3.2941329e-03
  3.4300233e-03
 -2.4972083e-03
 -5.7195814e-04
 -2.4761991e-01
  4.3950599e-02
 -1.0530668e+00
 -2.3588603e+00
 -9.8796886e-01
 -6.4046097e-01
  1.2827293e+00
 -2.6165726e-04
  2.4145236e-03
 -7.0092136e-01
  1.3865527e+00
  9.4209649e-02
 -8.9784944e-01
 -1.1405616e-01
  1.9747615e-04
 -2.0134243e-01
  2.7628496e+00
 -4.3155152e-01
 -1.5062669e-01
 -2.0352964e-01
  1.1490054e+00
 -3.6883362e-02
 -2.8803217e-01
 -4.8199990e-03
  9.0134341e-01
 -7.6085672e-04
 -1.7502135e-02
  1.5492358e-02
  8.8416366e-04
  6.2363909e-04
 -6.3573800e-02
  7.6330833e-02
  1.1654228e-03
 -1.0684778e-02
 -1.5993839e-02
  8.7873440e-04
  5.2565441e-04
  2.2019474e-03
 -1.9526794e-03
  2.1110410e-03
 -1.7213121e-02
 -1.4005107e-03
  1.2115431e-03
  7.2910120e-03
 -1.4283604e-03
 -4.1404548e-03
 -1.7345247e-03
 -1.1392620e-03
 -1.9400446e-03
  1.5717617e-03
 -4.8824451e-03
  2.7237241e-03
  2.6912894e-06
 -4.4738530e-04
 -3.3618174e-03
  1.3528857e-04
  2.3307020e-03
 -1.3215988e-03
  3.5659317e-03
 -1.6815962e-03
 -1.0720111e-03
 -7.1930327e-04
  1.4183496e-04
  6.1985722e-04
 -5.2842195e-03
  1.9018966e-03
  1.5672157e-03
 -9.5134126e-03
  1.1581131e-03
  1.1074773e-02
 -2.7455199e-03
 -1.0024231e-03
 -5.6107849e-04
 -1.2854697e-03
  3.6440077e-03
 -2.1939958e-04
 -8.8170292e-03
  1.5634320e-03
  3.4109727e-03
  1.5639521e-03
 -1.4985138e-02
  3.1173311e-03
  6.8789795e-03
 -1.0381486e-03
  1.9359158e-03
 -1.0946245e-02
  2.4316176e-03
 -1.2091120e-03
 -4.2464887e-04
 -9.7953975e-01
  1.0860002e-03
 -7.5756913e-01
  1.5122315e-03
  5.2105505e-03
 -7.1994829e-01
 -6.2010984e-04
  3.6125584e-04
 -2.9008812e-03
 -3.4545786e-03
 -3.5397257e-03
  6.0424390e-03
 -2.2859867e-03
 -8.1629038e-04
  2.7358057e-03
 -7.0084905e-04
  4.7275033e-03
  2.1847989e-03
 -1.9789867e-03
  1.6210931e-03
 -8.2982949e-04
 -5.1037286e-04
 -1.5998786e-04
 -2.9936691e-03
  1.8208798e-03
 -3.9673698e-04
  2.3529897e-03
 -1.4151691e-03
 -4.3020910e-04
  1.3501011e-03
 -9.7968674e-04
 -5.5385590e-02
  4.1914293e-01
 -1.9958662e-03
 -4.3131206e-02
 -1.4993400e-04
 -1.3463582e-03
 -3.1617340e-03
 -1.0601286e-03
  1.7405923e-03
  2.2144227e-03
 -2.9811554e-03
  7.3169335e-04
  7.1786868e-05
  3.8799115e-03
 -2.4820073e-03
 -4.3803011e-03
  2.7600129e-03
  7.2643426e-03
  2.8456575e-03
  1.9906531e-03
 -3.7936862e-03
 -7.5313315e-04
  3.0386436e-06
  2.1967516e-04
 -8.2699949e-04
 -4.7669951e-03
 -2.2386280e-03
 -1.8147063e-03
 -6.1241782e-04
 -1.8947420e-04
 -8.1544739e-01
 -2.0532281e+00
 -3.5939857e-01
 -1.3643281e+00
 -2.6412075e-03
  5.4800175e-03
  9.5932754e-03
  5.1665278e-03
  2.9523978e-03
 -1.4311930e-03
 -1.6288334e-01
  1.8132464e+00
  1.0513639e-01
  8.3166169e-04
  4.3927524e-03
 -1.9998606e-03
 -8.7951031e-04
 -1.7715390e-03
  9.3186612e-04
  1.8125750e-03
  6.4139916e-03
  1.3723543e-02
  1.0553315e-01
  3.5032602e-03
 -1.8150433e-03
 -3.0822452e-04
 -1.5532074e-03
  9.8175078e-04
  3.7728494e-03
  4.3834597e-03
 -4.8468236e-02
 -2.6733133e-03
  5.5332579e-02
 -3.3415163e-01
 -1.4295427e-02
 -2.7303526e-01
 -8.6871082e-01
 -1.2685920e-01
 -6.2731392e-04
 -2.0565677e-03
 -3.2766408e-01
  5.1281247e-03
  3.5886923e-03
 -2.6694862e-03
 -1.0212788e-03
  1.5648521e-01
 -2.1496230e-01
 -3.8365333e-03
  7.2079059e-03
  4.2902276e-02
  1.6135365e-01
  1.4386006e-01
  1.0457515e-01
  2.8667559e-03
  8.2934298e-02
 -3.8344222e-03
 -4.1073695e-04
  3.8160502e-03
  6.6018821e-04
  5.0463661e-04
 -3.1691039e-01
 -4.3703115e-01
  1.7046742e+00
 -5.8371842e-01
 -1.6208713e+00
  1.2012102e-01
 -2.3488706e-01
 -1.0092224e+00
  1.0952839e-01
 -1.2028194e-03
  4.9303967e-01
 -4.8812656e-03
 -5.2273858e-01
 -1.1195125e-02
 -1.3850406e-01
 -1.2519230e-03
 -2.2734556e-02
 -1.0643601e+00
 -5.0179102e-03
 -1.4774899e-03
  1.7463644e-01
  1.5294103e-02
 -5.5074751e-02
  8.8090298e-04
  3.6890930e-01
 -3.5231754e-03
  2.5657595e-03
  3.6602020e-03
 -5.4528719e-01
 -9.4847739e-05
  1.3341717e-02
 -6.6551454e-02
 -7.4497578e-03
 -2.0927393e-03
  3.8089694e-03
 -2.9112410e-03
 -2.0361518e-02
  9.6664857e-03
  6.9361628e-04
 -6.5927743e-06
  1.6295959e-03
 -1.7737487e-03
 -1.1946104e-02
  1.3755272e-03
  1.0699430e-03
  3.0464712e-03
  4.8192972e-03
 -1.7387038e-03
 -5.3003442e-04
 -2.5489326e-03
  3.6999823e-03
 -4.8068720e-03
 -2.1737204e-03
 -7.0250907e-04
 -2.5869394e-04
  2.9257978e-03
  4.6610907e-03
 -1.5462494e-03
  9.4874104e-04
 -1.4369478e-03
  2.3931840e-03
 -7.9031594e-02
 -1.0549017e-03
 -2.3860328e-03
 -1.7775318e-02
 -1.3776619e-03
  1.2279399e-03
 -7.2476600e-04
 -2.0371270e-03
 -5.6077326e-03
 -1.8918854e-03
 -3.3344508e-03
 -2.4354227e-03
 -3.7170222e-03
  6.2899879e-04
  4.0894287e-05
  1.4685900e-03
 -5.3249591e-05
  2.4201605e-03
 -4.9369112e-03
  4.0620808e-03
 -6.5050746e-04
  2.1112608e-03
  6.5544120e-04
 -2.5771498e-03
  6.6622457e-04
  9.5281668e-04
  1.4086796e-03
  7.9630548e-04
 -1.6393518e-03
  1.6072172e-01
  1.9198178e-01
  1.5012875e-01
  5.1105648e-01
  2.2020240e-01
 -2.0583969e-02
 -1.1925185e-01
  2.9816595e-03
  4.3035901e-04
 -2.7044284e-01
  2.4797831e-01
 -8.4135281e-03
 -1.4643990e-01
  1.8889339e-03
 -5.2925264e-03
  1.3503522e-01
  4.3431541e-01
 -2.4647329e-03
 -1.1962955e-01
 -9.1989204e-02
  1.4511681e-01
  3.4116516e-03
 -1.5636562e-01
  1.4248141e-03
 -1.6371517e-02
 -3.0984514e-04
 -6.5938779e-03
  8.9191115e-03
 -4.2112251e-03
  2.7170042e-03
 -7.2080761e-02
 -1.6071117e-01
  7.3988080e-01
  5.3265792e-01
  5.1372749e-01
 -2.2038874e-01
 -3.0770782e-01
  1.8557316e-01
 -4.5355335e-02
  4.1808262e-02
  8.2389307e-01
  1.6825911e+00
  5.6294235e-04
  3.6683235e-01
  2.3550451e-01
 -2.7055634e-02
 -1.7023391e-01
  9.0955354e-02
  1.1735446e-03
  1.1779801e-03
 -1.6826886e-01
  3.2245618e-01
  2.9769443e-02
 -1.1314988e-03
  6.6533461e-03
 -2.2270277e-01
  2.0940711e-03
 -1.2151034e-02
  6.9240467e-03
  1.8180482e-03
 -1.1618488e+00
  9.1311568e-01
  7.8830827e-04
 -5.4128712e-01
  4.9781958e-03
 -1.1480621e-01
 -6.9751428e-03
 -3.0928827e-04
  1.2740362e-03
 -7.5493627e-03
  2.0373682e-03
  2.4696083e-03
  1.7450012e-03
  3.5235081e-03
  8.1932527e-04
 -1.8762778e-03
 -2.3495916e-03
  2.4062172e-03
  2.0819993e-03
 -4.7412384e-03
  4.9605640e-03
  2.7108598e-03
  4.7945834e-04
  1.0666240e-02
 -5.8758701e-04
 -9.9137817e-03
  7.1736804e-04
 -4.2753899e-04
  7.0334651e-04
  1.5851465e-04
  1.1912693e+00
 -2.0927037e-01
 -2.5214085e-01
 -7.8551221e-01
  1.9408573e-03
 -3.2954051e-03
 -1.7284453e-03
  1.6714873e-02
 -1.2643831e-03
 -8.9405790e-02
 -5.4927473e-04
  1.5005065e-03
  1.3519484e-03
  1.3200004e-04
  6.9365557e-03
 -3.2605459e-03
  1.3359013e-03
  6.7657203e-04
 -1.9101751e-03
 -4.1014329e-03
  7.0256159e-02
  8.3192019e-04
 -2.0308888e-03
  2.5735411e-04
  1.8507333e-03
 -5.1501486e-03
  1.2141096e-03
 -1.2745721e-03
  4.5441780e-03
 -6.5511791e-04
  1.3004918e-01
  3.7192479e-02
 -1.0192149e-03
  8.6395591e-02
  1.5163478e-01
 -7.5478544e-03
 -1.5897158e-04
 -9.8402343e-05
  1.4793238e-04
 -3.9501674e-03
  7.0610833e-03
  1.0737017e-03
  2.3296757e-03
 -6.2150778e-03
  1.3604201e-04
 -1.7626389e-03
  7.7880314e-03
  6.9234613e-04
 -8.2849222e-04
 -2.7757101e-03
  3.2028753e-02
  6.0241006e-04
 -6.7025400e-03
 -5.4148920e-03
 -3.5648752e-04
  2.0384362e-03
 -2.9920116e-03
  1.3276269e-03
 -7.3328293e-03
  1.5280823e-03
  1.6446463e-03
  4.1993465e-03
 -1.9029125e-04
 -6.8733585e-04
 -1.0019878e-03
  6.1917030e-03
 -3.4490165e-03
  1.0819995e-03
 -1.6394677e-03
  3.6613521e-04
  3.3920081e-03
  5.4104358e-04
  1.0423244e-03
 -6.6672685e-04
  2.6025018e-03
  1.8704705e-03
 -6.3687870e-03
 -4.4004142e-01
 -2.5622332e-03
 -6.3053553e-04
  4.4889543e-03
 -1.1931156e-03
  1.6359220e-03
  6.6471826e-03
 -3.9319517e-04
 -6.7051040e-04
  3.5958426e-04
  9.5811032e-04
 -2.6849476e-03
  4.1258899e-03
 -1.3293258e-03
  2.8115746e-01
  2.7334327e-03
  2.9520285e-03
 -3.6566437e-03
  2.0938022e-03
  4.4942938e-04
  2.4687960e-03
  2.4300430e-03
  5.5641262e-03
 -7.5199013e-04
  5.6096227e-03
  8.2008593e-04
  2.3992234e-03
  2.1941192e-04
  1.5526304e-03
  4.1553273e-04
 -3.3296717e-05
  5.6119752e-05
  8.1045955e-04
 -1.2660156e-03
 -4.1863997e-04
  1.3248089e-03
  7.0846886e-03
  1.5520270e-03
  3.9502022e-01
 -7.0001506e-03
 -1.4963327e-03
  2.8247703e-03
 -3.8371829e-03
 -7.6331757e-02
 -2.3833266e-01
 -1.1052874e-01
 -4.7545847e-01
  7.0602387e-01
 -1.9967628e-01
 -6.5959752e-02
 -7.1929580e-01
 -6.2318675e-02
 -2.1353753e-01
  7.1260506e-01
 -3.3605041e-04
  4.0653774e-01
 -6.0137433e-01
  1.0140985e-01
 -7.7696711e-01
  1.0989780e+00
 -7.7534771e-01
  7.3324481e-04
 -2.3635601e-01
 -2.7616674e-01
 -3.7521627e-02
 -6.4905453e-01
 -1.9016849e-01
 -1.0207663e-01
  1.4056578e-01
 -1.2190083e-02
  6.8369269e-02
 -3.0784369e-03
 -1.9073766e-03
  2.6707523e+00
  1.8150846e+00
 -5.2008581e-01
  3.8973123e-01
  7.3036563e-01
  1.0361746e-02
  3.4837790e-02
 -8.4645021e-01
 -6.2520486e-01
  4.2080078e-01
 -1.3910744e-01
  5.3664972e-04
  1.4449105e-02
 -1.0611528e+00
  2.7018810e-02
 -4.0904695e-01
 -1.6948308e-01
 -2.6366364e-03
 -7.2321191e-02
 -7.7994913e-02
 -2.0890410e-01
  1.0717506e+00
 -1.9519344e-01
 -4.0263860e-03
  4.9304810e-01
  9.4348629e-04
 -1.1297996e-04
  1.2396384e-03
  3.4165545e-03
 -3.5078076e-04
  1.1999227e-02
  3.0144464e-02
  3.5994448e-04
  1.3515649e-03
  8.2782861e-03
 -1.6547933e-03
 -8.6535671e-05
 -7.2945387e-04
  3.2792396e-03
 -3.3703172e-03
 -6.0434779e-04
  5.2783093e-03
  2.6839464e-03
  1.2629215e-03
  3.5038933e-03
 -2.2750726e-05
  1.5676932e-03
  3.1503243e-04
  3.7617083e-03
 -9.2762057e-05
  2.3750993e-03
 -1.1608129e-03
 -1.6710627e-03
  1.2267458e-03
  8.4944442e-04
  3.1108936e-04
 -1.7878119e-03
  4.0091388e-03
 -7.6793432e-03
 -9.9538383e-04
 -4.2737272e-01
 -1.3906032e+00
  5.0651020e-01
  2.7788961e-01
  1.2860204e+00
 -8.0547914e-02
  3.9537042e-01
  1.0774591e+00
 -1.3747104e-01
  9.9546756e-05
 -1.0720496e+00
 -6.2028426e-01
  5.5228955e-01
 -2.2546295e-03
 -5.1490045e-01
  8.5758569e-04
  6.1906856e-02
  5.5470991e-01
 -2.2165573e-03
 -6.0734497e-03
  1.0229429e-01
 -9.9161305e-03
 -2.2659684e-03
 -8.4697166e-03
  6.4542994e-02
  2.8168875e-01
 -9.0263807e-04
  3.5811649e-03
 -1.8404649e-01
  6.1701979e-03
 -1.6403266e+00
  5.8361393e-01
  1.3115885e+00
 -7.7574813e-01
 -2.2331250e+00
  7.6047480e-03
  8.2685947e-02
 -6.5428978e-01
  1.1974586e+00
 -5.2264887e-01
  1.1471025e-01
  5.4414660e-01
 -7.8771567e-01
  8.4006947e-01
  1.0740829e-03
 -8.3410554e-02
 -4.4667840e-02
 -2.6034531e-01
  9.9531692e-03
  3.1559852e-01
  3.4704461e-04
  4.0408310e-02
  6.9611906e-03
  2.8808573e-03
 -4.0978812e-06
 -2.7797729e-01
 -2.5131404e-03
 -6.8308826e-04
 -9.2226133e-04
 -5.0730309e-03
  2.5221696e-03
 -2.5164129e-03
 -3.7142239e-04
  1.5351376e-03
 -1.4331363e-03
  4.2879803e-04
 -2.7759711e-04
  1.0910407e-03
  2.5169400e-03
  1.9539010e-03
 -3.7276978e-03
 -1.6139665e-03
  1.9331064e-04
  6.0013536e-04
  1.1099117e-03
  4.7224454e-04
  2.7485720e-03
 -5.6221150e-04
 -2.9548346e-03
 -1.6972052e-03
  6.4540990e-03
  3.2669990e-03
 -2.2537671e-03
 -4.9045761e-03
  1.3193465e-03
  1.5232313e-03
 -5.8282190e-04
 -2.9316144e-03
  2.4926479e-03
 -3.1209406e-03
  2.0679424e-02
  9.0206355e-02
 -1.3494307e-01
 -6.1003521e-02
  5.4394829e-01
 -7.7284575e-02
  3.0424118e-05
  3.2671604e-02
 -3.8819790e-02
 -2.2360411e-01
  2.4827205e-01
  9.8844022e-05
 -1.9407405e-01
 -1.1078792e-01
  5.3325191e-04
  1.9173725e-02
  2.4172043e-02
 -6.3600540e-03
 -1.3202431e-03
 -1.4945775e-02
  1.3320565e-02
 -6.8188928e-02
 -7.8546740e-02
 -4.0390471e-05
 -1.2824276e-03
  6.6011879e-03
 -6.4558815e-03
  1.6675042e-02
 -1.0981581e-03
 -9.5762825e-01
 -1.1831837e-03
 -2.0432819e-02
 -3.4757585e-03
  4.6641384e-03
 -2.2912971e-03
  1.4477654e-03
 -2.0213351e-03
 -4.6363482e-03
 -9.6167624e-04
  3.1943852e-03
 -4.5020012e-03
 -2.6324744e-04
 -3.3597106e-03
  4.3308460e-03
 -2.8526441e-03
  4.7526314e-04
  2.2401712e-03
  2.1657904e-03
  1.4512360e-03
 -4.7533063e-04
 -2.3283536e-04
  1.1442371e-03
 -5.1615521e-04
  7.3319441e-04
  1.4568385e-03
  2.4425141e-03
 -2.1243764e-03
  1.1760751e-03
  7.5920892e-04
  2.8130211e-04
  9.4673759e-04
 -1.1801807e-03
  3.2976973e-03
 -2.6875290e-03
 -3.6035434e-03
 -5.5966969e-04
  1.1069895e-03
  1.5133230e-03
 -4.4617918e-04
 -2.5521857e-03
 -2.1170417e-03
  2.1409625e-03
 -8.0703711e-04
 -1.6805002e-03
  1.8733921e-03
 -2.4999765e-04
  2.1783544e-03
 -4.7947154e-03
 -4.5254178e-04
  8.2197285e-04
  5.8159768e-04
  6.5324048e-04
 -1.3396789e-03
 -1.0896071e-03
 -6.6410110e-04
 -2.6163843e-04
 -3.2516458e-05
  4.0301541e-03
  6.7252549e-04
 -3.3344293e-03
 -4.2148489e-03
 -2.0123650e-03
 -8.8385062e-04
  2.1483710e-03
 -5.3503970e-04
 -5.7053482e-03
  6.0369573e-03
 -2.1177847e-03
 -1.5470247e-03
 -7.4946426e-04
  9.4419590e-04
  7.6081171e-03
 -3.2577518e-04
 -8.6707639e-04
 -2.8380002e-03
  2.3746854e-03
 -2.5491202e-03
 -2.0128365e-03
  9.9922006e-04
  2.9529876e-03
 -4.6320939e-03
  1.0927052e-03
  5.1600127e-03
  1.4308979e-03
  2.4746184e-04
  3.2692165e-03
  1.3661027e-03
  7.4754516e-04
 -1.0732251e-03
  2.1541445e-04
  8.9041434e-02
 -2.7794929e-02
  2.7252173e-02
 -6.4657348e-01
  6.5937467e-02
 -3.9732641e-01
 -9.6640837e-01
 -1.7624694e-01
  4.1236597e-01
  6.4803159e-01
 -5.1480144e-01
  1.2131425e+00
  3.2706503e-02
  5.2195709e-02
 -2.2873450e-03
 -6.8347141e-02
 -1.9086367e+00
  2.5431639e-01
  3.9986318e-01
  3.4520924e-01
 -3.6531731e-01
 -6.4992160e-01
  7.2315532e-01
  1.0279073e+00
  5.6048345e-02
 -2.2608402e-01
  1.1094776e-01
 -3.3828400e-02
  7.5045288e-02
 -3.5515523e-01
  1.2754439e-03
  1.8232799e-03
 -1.3421922e+00
  2.2488963e-04
  6.1122462e-04
  1.2035522e-03
  6.1722171e-02
  1.1707156e+00
  5.3731394e-01
 -1.1000490e+00
 -5.0538117e-01
 -6.2347110e-04
  3.8958734e-01
 -7.6260328e-02
 -1.3444601e+00
  1.9339716e+00
 -1.6571179e-03
 -5.5189361e-04
  4.5407243e-02
 -6.2009794e-01
  1.0342367e+00
  1.3764846e-03
  4.6343967e-01
 -1.2306685e+00
  5.3926065e-05
 -8.5127786e-02
  4.2399894e-03
  4.5655882e-03
  4.8353500e-03
  3.7296964e-03
  1.0009409e-01
  3.3464741e-03
 -5.6657213e-01
  1.6071559e-01
  2.6108897e-01
 -1.7483132e-01
  2.4130130e-01
  3.1368542e-01
  6.1638242e-01
 -7.7532780e-01
 -2.1349421e-01
 -8.9626253e-02
 -5.1314461e-01
  6.4885050e-01
  1.9603047e-01
 -5.5037034e-01
 -2.7181962e-01
 -7.6900830e-04
  1.8053247e-01
 -9.6928859e-01
  1.4829068e+00
 -9.8409638e-02
 -1.2905644e+00
  5.9600008e-01
  6.9993243e-02
 -4.8377162e-01
  2.3576098e-02
 -4.2070160e-03
  2.4902169e-03
  1.0306692e+00
 -3.4503892e-02
 -1.3198881e-04
 -1.2553917e-02
 -4.7971383e-01
 -1.5389502e+00
  3.2362888e+00
 -2.5841832e-01
  6.7111188e-01
 -5.5109866e-02
 -3.8180687e+00
 -3.2088013e+00
  4.5145404e-01
  1.0551854e+00
  8.8463798e-02
 -3.9579207e-01
 -2.1543014e-01
 -2.8081110e-01
  2.2768285e+00
  7.2943134e+00
  4.3297905e-01
 -3.6368486e-01
  1.6341927e+00
 -3.1971595e+00
  1.2339439e-01
  7.9797041e-01
  6.4243220e-02
 -3.5654106e+00
 -3.3592066e-01
 -1.5530233e+00
  1.5352651e+00
  7.1614558e-01
  3.3853545e+00
 -1.6159790e-02
 -5.9047914e-01
  3.1863017e+00
  1.4296352e+00
  4.9223427e-02
 -3.0760577e-01
  2.1310568e-01
  1.3115035e+00
 -3.2116091e-01
 -6.2467046e-03
  7.0048720e-01
  4.1472942e-01
 -1.1619811e+00
  7.8566045e-01
  4.5471492e-01
  3.2533038e-01
 -2.6488495e-01
 -7.3416337e-02
  8.4087193e-01
 -2.1369112e-01
 -1.0123004e+00
 -9.8623240e-01
  1.0125904e+00
 -5.1617253e-01
 -1.1070113e+00
  9.2155591e-02
 -1.6750465e-03
  4.0366110e-01
 -5.1163486e-05
 -1.1109599e+00
 -2.7638352e-01
 -1.3612483e+00
 -4.4044349e-02
 -1.3675327e+00
 -2.5204998e-01
 -6.7057776e-01
 -5.5796808e-01
 -2.4066582e-01
  1.6644303e+00
 -1.7353974e-01
 -9.6385382e-02
 -1.4804967e-01
 -6.3393876e-02
 -1.0587982e-01
 -2.0777545e+00
  2.8725797e-01
 -5.4806578e-01
 -5.5612594e-01
 -6.4542755e-02
 -2.4169113e-01
 -8.4351428e-02
 -2.6150789e+00
 -4.6945930e-01
  1.3312976e-01
  2.7499580e-01
  3.1278782e-02
 -2.3756492e+00
 -4.8560715e-01
  1.0250390e-03
  1.2778080e+00
 -7.3921537e-01
  2.5697643e-01
  2.4661763e-01
  5.3615915e-04
  7.2001785e-01
 -4.7530535e-01
  6.3045692e-01
 -1.8365762e-01
  1.2019265e+00
  1.3363162e+00
  1.7882429e-01
 -4.7023967e-01
  1.6027749e-02
 -9.5712793e-01
 -7.0229071e-01
 -7.6191229e-01
  4.5454454e-01
 -1.9269642e+00
 -6.3408715e-01
  4.9761135e-02
  6.5844722e-02
 -7.8575802e-01
  1.7363663e+00
 -2.6151273e+00
 -6.3162553e-01
 -2.1825712e+00
 -2.6546174e-01
  4.6727832e-02
  1.0537846e+00
  3.6187670e-01
 -1.3772784e-01
 -8.4834635e-01
  3.6339551e-01
 -9.4694906e-01
  1.2824206e-01
 -1.1025356e+00
 -1.1109514e+00
  2.5487351e+00
 -1.3507286e+00
 -1.8101502e-02
  2.0037229e-01
 -4.4435881e-02
  5.9842664e-01
  5.1375851e-03
 -4.9420469e-02
 -9.7481370e-01
  1.5834663e+00
  6.2986654e-01
 -3.2024082e-02
 -2.5384934e+00
  1.4457456e+00
  2.3487823e+00
  6.0001081e-01
  5.3740627e-01
  2.1762879e-01
  1.5981025e+00
  3.6019397e-01
  7.2758877e-01
  2.7195510e-01
  7.3158801e-01
  4.1866233e-04
  1.1140102e+00
  5.5469793e-01
 -5.9825593e-01
 -6.6873556e-01
  1.4484062e+00
 -4.7890714e-01
  2.9198551e-01
 -3.2106593e-01
  3.7745437e-01
 -1.6487937e-02
 -5.4492527e-01
  1.2488046e-05
  2.9550897e-02
 -2.9353863e-02
 -7.9867423e-01
 -1.4667368e-01
  1.4122751e+00
 -7.6819032e-02
  1.4259645e+00
  1.2918541e+00
  2.0659537e+00
  1.1341636e-01
  3.9780946e+00
  2.1034780e-01
  4.7565490e-01
 -5.6276433e-03
 -3.2642397e-01
 -7.7943701e-01
 -2.5926967e+00
 -9.3705934e-01
 -2.5940900e+00
 -1.4379698e+00
 -1.5272554e+00
 -3.0365548e-01
  4.2830762e-01
  1.1296226e+00
  1.0723181e+00
  2.1615939e+00
  1.3821768e+00
 -1.3975461e+00
  9.6841359e-01
 -8.3044684e-04
  6.5361017e-01
 -4.6733129e-01
  2.0581609e-01
 -1.2898096e+00
 -1.9434334e-01
  1.1895139e+00
  1.1223574e+00
 -1.3871077e-01
 -9.1985136e-01
 -7.0736930e-02
  5.7430756e-01
  6.7280519e-01
  3.2544258e-01
  1.0687659e+00
 -1.7521402e-01
  3.3768606e-01
 -1.1813053e+00
 -1.3392580e+00
  1.1908911e+00
  7.4912703e-01
  3.1387541e+00
 -9.0565789e-01
  2.5174889e-01
 -4.0944824e-01
 -8.7064105e-01
  4.0317878e-01
 -7.3894823e-01
  1.5648561e+00
  7.3692240e-02
 -1.3900743e+00
  5.0080705e-01
 -1.2923281e+00
  4.0714250e+00
 -1.2943712e-01
  1.3604263e+00
  8.0376482e-01
 -5.9404218e-01
  8.9229900e-01
  1.4328965e+00
  1.6365790e+00
  1.1841102e+00
 -9.7006786e-01
 -7.4269652e-01
  9.7514057e-01
 -5.8931392e-01
  2.2675660e-02
 -6.3725956e-02
 -1.7113771e-01
  9.4390213e-01
  2.7478676e+00
 -1.3310049e+00
  6.9056082e-01
 -1.6256185e+00
  1.3412515e+00
 -2.2330804e+00
  1.3019155e+00
 -1.1842641e+00
  4.1479668e-01
 -1.9258316e+00
  1.0940497e+00
 -2.0376107e-01
 -3.1808138e-01
 -1.0137320e-01
  8.3926916e-01
 -1.1990325e-01
  5.7472730e-01
 -1.2474339e+00
  1.1849273e+00
  7.7359760e-01
 -5.4139638e-01
  1.2134087e+00
  2.6669645e+00
 -7.9384141e-02
  9.3215667e-03
 -1.6991510e+00
 -1.8891402e+00
 -3.6585965e+00
 -1.0018395e+00
  2.0112674e+00
  1.1819100e+00
  1.1840274e+00
  5.1679881e-03
  1.8271377e+00
  8.7100261e-01
 -8.8431838e-04
 -5.3979009e-01
 -8.9386553e-02
 -1.4271142e+00
 -1.7564658e+00
 -5.5762073e-03
  7.0083994e-01
  1.8417017e+00
 -1.6647663e+00
  1.0972414e-03
 -6.8721998e-01
 -1.2083238e+00
  3.5015705e-01
 -1.2853245e-01
 -3.9154947e-02
 -1.4338580e+00
 -2.8538156e-01
 -4.9807869e-02
  8.2091415e-01
  7.1311218e-01
 -1.0103571e+00
 -1.0229502e-02
  1.5436212e+00
  2.0846083e+00
 -1.0877074e+00
 -1.4879184e-03
  7.5414741e-01
 -4.6941978e-01
 -3.2338536e-01
 -1.1506007e-01
  3.3233505e-01
 -8.2273990e-01
 -4.7671009e-02
 -4.4866619e-01
 -3.6302853e-02
 -1.8176427e-01
 -4.9810782e-01
  1.8369578e-01
 -6.0891189e-02
  1.4086692e-01
 -2.6593039e+00
 -1.5410288e-01
  6.1132431e-01
  1.6643595e+00
 -4.0218833e-01
  6.5319926e-01
  8.1714445e-01
  4.6452585e-01
 -1.4364122e-01
 -1.5095441e+00
  3.9642835e-01
  3.0399125e+00
 -1.3464310e+00
  1.5115714e+00
  5.8524959e-02
  2.3750656e+00
 -1.2142813e+00
 -4.7999382e-01
 -3.6473650e-01
  5.5138105e-01
  5.8913583e-01
  3.7319657e-01
 -6.4907050e-01
  1.2214164e+00
  5.3893107e-01
 -4.9450062e-02
 -5.7843119e-01
 -2.3730277e-01
 -6.1578447e-01
  6.1856246e-01
  2.9223296e-01
 -1.5930204e+00
 -5.7188928e-01
 -3.0163722e-03
  8.0086923e-01
 -4.0722385e-01
 -1.6184339e-01
  1.5403426e-02
  6.0549134e-01
  1.1125267e+00
  2.8669713e-02
  8.3769046e-02
  2.5224507e-01
  7.6744187e-01
  5.9433663e-03
  7.9128188e-01
 -1.6536377e-01
 -3.5049400e+00
 -4.6238768e-01
 -2.4909825e+00
 -9.8364377e-01
 -5.9480947e-01
  3.0559551e-03
 -6.0417643e-03
  4.4515599e-02
  9.1113351e-02
  5.5562607e-03
 -8.1027365e-01
 -9.7501808e-01
 -4.9704286e-01
  7.8580540e-01
 -1.3305601e+00
 -1.8965816e+00
  2.9899901e-01
 -1.0145381e-02
 -1.5469600e+00
 -8.9841181e-01
 -1.3704977e+00
 -5.6894445e-01
 -1.2970538e-04
  9.2660671e-01
 -4.5010895e-01
  1.4991646e+00
 -1.7485415e+00
  3.9711148e-01
  1.9903094e+00
  9.4400805e-01
 -4.5670578e-01
 -1.1566339e+00
  1.2045403e+00
  6.0281146e-01
 -1.5082815e-02
 -3.2111037e-01
 -2.0699935e-01
  6.6713786e-01
 -7.7433914e-01
  9.6109378e-01
 -1.0149281e+00
  7.7569222e-01
 -1.8071698e+00
  7.2758889e-01
 -8.1422579e-01
  1.9047262e-02
 -4.9496967e-01
 -1.9294234e-02
 -4.7751012e-01
 -4.6320029e-02
 -6.7693675e-01
 -6.8820751e-01
  2.9873571e-01
  6.9500834e-01
  1.9846259e+00
  3.7438056e-01
 -1.0571297e+00
  3.7105079e-03
  9.8294718e-03
  9.6700209e-01
  8.0630946e-01
  2.6372436e-01
  7.9857802e-01
 -1.4190550e+00
  3.4152195e-01
  2.0457606e-01
  5.7180244e-01
 -1.2629873e+00
  9.1247046e-03
 -1.6863156e-02
  6.9024628e-01
 -1.3625555e-01
 -5.0073236e-01
 -2.8022569e-01
  6.7905474e-01
 -6.6130751e-01
  2.1518075e+00
 -3.7176117e-01
  3.5727429e-01
 -2.0083451e-01
 -3.9588457e-01
  3.3466870e-01
  8.0056792e-01
 -1.2296120e-01
  8.7143773e-01
  1.4364916e+00
  2.4957533e-03
 -3.6102349e-01
  8.7441570e-01
 -1.5968755e-01
  1.0875567e+00
  6.8494439e-01
  5.4579204e-01
 -8.2258254e-02
  8.8577586e-01
  1.3747339e+00
 -5.9833592e-01
  3.3240145e-01
  2.9288077e-01
  4.7154540e-01
  5.5064064e-01
  6.1765856e-01
  1.0787950e-02
  1.0634679e-01
  1.9719145e+00
  1.2580341e-01
 -2.4257079e-02
 -5.3054726e-01
  1.3525221e+00
  3.9362326e-02
 -7.8520495e-03
 -1.0318103e+00
  1.1057271e+00
 -2.9268315e+00
 -1.8707479e-03
  3.8312948e-01
  2.9804260e-02
  1.3538918e+00
 -2.0400338e-01
 -1.1567228e+00
 -1.3945376e+00
 -1.1907050e-03
  1.3245575e-01
  1.9030158e-01
  4.6014443e-01
  7.6370336e-02
 -1.0023944e+00
  8.1696594e-01
  1.6377230e+00
  5.4742936e-02
  3.8372636e-01
 -3.1180739e-01
 -6.0613120e-01
 -8.9853996e-01
 -8.6929595e-01
 -1.5354197e-02
 -1.8575777e+00
 -1.1718664e+00
  9.0242093e-03
 -9.0561518e-03
 -1.7461753e+00
 -9.7286898e-01
 -6.7502505e-04
 -1.2765367e-01
  6.4582479e-01
 -6.1342704e-01
 -7.5581088e-03
 -3.5481802e-01
  1.6652944e+00
  9.0961277e-02
  2.6068753e-03
  2.5603026e-01
  1.1957068e+00
  2.0874690e-01
 -6.0878468e-01
  2.3359172e-02
  2.3359172e-02
  2.3359172e-02
  2.3359172e-02
  2.3359172e-02
  1.0008992e-01
  1.0008992e-01
  1.0008992e-01
  1.0008992e-01
  1.0008992e-01
  7.6874912e-02
  7.6874912e-02
  7.6874912e-02
  7.6874912e-02
  7.6874912e-02
  3.3227548e-02
  3.3227548e-02
  3.3227548e-02
  3.3227548e-02
  3.3227548e-02
  1.5621931e-02
  1.5621931e-02
  1.5621931e-02
  1.5621931e-02
  1.5621931e-02
  5.3272113e-02
  5.3272113e-02
  5.3272113e-02
  5.3272113e-02
  5.3272113e-02
