nep4 2 Cu Se 
cutoff 7 4 101 21
n_max 4 4
basis_size 12 12
l_max 4 2 0
ANN 30 0
  1.1203844e-01
 -8.2397886e-02
 -1.5072752e+00
  3.2630527e-01
 -5.0871068e-01
  9.7607939e-05
 -3.2232136e-01
  2.4103886e-04
  2.8087005e-01
 -3.6754445e-04
  5.7110584e-01
 -6.4352964e-05
  6.9821276e-02
  1.5475345e-03
 -2.2239117e-01
  5.2602118e-01
  2.1416710e-04
  5.7534426e-01
 -4.5507038e-01
  5.8692831e-01
 -1.9400858e-03
 -1.1187132e-01
  1.0821973e-04
  1.3157253e-02
 -1.0298182e-01
 -1.6164253e-02
  3.9446154e-01
 -1.2441363e-05
 -3.7136292e-01
  8.4412663e-04
 -1.1091546e-01
  1.9305347e-01
 -2.0065526e-03
  1.4341810e+00
 -7.3589081e-01
 -3.8359180e-05
 -3.8591785e-05
 -2.4161160e-01
  8.1796914e-02
 -4.4781187e-01
  7.8169271e-02
  3.8660985e-01
  1.4333737e-04
 -2.8465355e-03
  7.6925479e-02
 -4.7865412e-01
 -1.1312068e-01
 -4.1397098e-01
 -4.2837033e-05
  5.4273628e-02
  3.9479040e-04
  1.8843180e-01
  1.5159480e-05
  8.6790042e-06
 -4.9332175e-01
  1.3801041e-01
  4.7443827e-04
 -3.9085855e-05
 -4.4779903e-05
  1.8091003e-05
 -1.8665133e-01
  4.3857455e-02
 -4.3721628e-01
 -9.2194450e-01
 -1.7096385e-01
 -1.5136082e-01
 -1.1648617e+00
  3.1296261e-02
  5.0476325e-01
 -1.6018763e-04
  3.5174647e-01
 -5.6041890e-01
  1.5336513e-05
  2.8974135e-04
 -2.8494393e-05
 -5.2119803e-01
 -2.9601514e-01
 -2.9198200e-01
 -1.3068253e-04
 -3.6958492e-01
  2.7545696e-01
 -3.8389906e-01
 -6.4525392e-04
  6.4488311e-05
  4.1608956e-02
  2.6185479e-04
 -4.4279099e-01
 -5.5343952e-02
  1.4123932e-04
 -1.0350817e-04
  1.5933822e-04
  3.9790462e-05
  4.0611943e-05
  1.3761815e-04
  1.9163614e-05
  2.0618056e-05
 -9.6275231e-05
  2.5593801e-04
  2.0367581e-05
 -8.0497011e-05
 -7.9424870e-05
 -6.1364502e-05
 -2.0222238e-04
  2.1166108e-05
 -3.3074999e-04
 -2.6335045e-05
  3.5861711e-05
 -6.0706887e-05
  2.5855712e-04
 -2.0074286e-04
  4.5179651e-05
 -2.6091177e-05
  4.3195934e-05
 -2.7856461e-04
 -4.8917183e-05
  1.2375200e-05
 -4.5138400e-05
  9.0857982e-05
  2.0544029e-04
  1.6469676e-05
  1.2019807e-04
  1.6549957e-04
  3.3071388e-05
  1.2112690e-04
 -1.2783312e-04
  5.2012911e-07
 -1.3820758e-05
  1.4026253e-05
 -2.0128084e-04
 -2.7954415e-04
  4.7519505e-05
  1.0215369e-04
 -1.1080531e-04
 -4.0364641e-05
  1.9072300e-05
  2.4793009e-04
 -9.9483514e-05
 -4.4944718e-06
 -1.2215148e-04
 -3.0418389e-05
  6.4923850e-05
  6.4019725e-05
  5.9371585e-05
 -2.1645872e-05
  3.9966297e-05
 -6.0151586e-05
 -1.0068161e-06
 -3.0413830e-05
  5.5181965e-05
  2.5301590e-05
 -6.6158593e-01
 -8.1108278e-01
  1.2761364e+00
  1.0925790e+00
  1.3193001e+00
 -3.0385730e-05
 -1.3554622e-04
  2.3214918e-01
 -6.7261970e-01
  5.7654405e-01
 -1.5090830e+00
 -8.0247104e-01
 -8.9928734e-01
 -6.4779943e-01
 -3.0647457e-01
 -6.2391198e-01
 -5.5008334e-01
 -1.5535522e+00
 -1.4043659e+00
  1.2832196e+00
 -2.5640798e-01
 -5.8694780e-01
 -1.4796278e-01
 -4.4150221e-01
 -2.3513433e-04
  8.2246808e-04
 -2.8147292e-01
 -3.4395799e-01
 -5.7136549e-05
 -7.0119040e-06
  5.6506544e-01
  3.7838870e-01
 -2.3578931e-01
  7.3435664e-01
  2.2000468e-01
  1.1548454e+00
  5.6672746e-01
  9.6329502e-05
  6.2999946e-01
 -2.7616434e-03
 -8.8183045e-01
 -3.0546820e-01
 -1.9861782e-01
  9.1846514e-01
  1.2984560e+00
 -1.2187026e-01
 -6.8990225e-01
 -2.0838362e-01
  5.5607390e-01
  9.4440080e-02
  2.6974753e-03
 -6.3890805e-03
  1.0637981e-04
  5.3382999e-01
 -4.9410856e-01
  1.3800633e-01
 -7.0877171e-01
 -7.2319880e-02
  1.1746159e-02
 -4.1188926e-01
 -1.0140115e-01
  1.3664515e-01
 -7.1351689e-01
 -9.7242606e-01
 -1.4517381e+00
 -1.1564810e+00
  4.0734149e-04
  1.4617725e-01
  5.1176989e-01
 -1.0321423e+00
  4.9860874e-01
  4.2264682e-01
  3.3422077e-01
  1.1091194e-02
 -4.1476247e-01
 -4.2294106e-04
  5.6366283e-01
  1.1430824e-01
  1.2597858e-04
 -6.4472849e-03
  2.2410409e-01
 -5.8566598e-05
  5.1297098e-01
  4.0289943e-04
  1.4395599e-05
 -1.7249478e-01
  3.3199996e-02
 -6.7124632e-04
 -4.6541318e-02
  6.4306699e-02
  8.1027383e-03
 -1.8228184e-03
 -1.2317658e-03
  1.7400915e-02
  5.0849793e-04
 -4.8879504e-02
 -1.8833916e-01
  7.7492418e-04
 -1.0534202e-02
  2.2768068e-05
  1.6550895e-02
 -4.7980793e-02
 -6.9048292e-05
 -7.3776807e-04
 -2.5216324e-02
 -3.5800447e-05
 -1.2645797e-03
 -9.4206847e-04
 -1.7231494e-02
  3.6436326e-03
 -5.2730949e-04
 -5.1859308e-02
 -1.4541508e-02
 -5.0946428e-03
  1.0997133e-02
  1.3541281e-03
  1.8678114e-05
 -1.2719122e-04
 -1.4855273e-02
  7.5282231e-02
  6.6733176e-01
  4.6190259e-01
 -4.8504630e-06
  3.3832911e-01
  4.2980114e-01
 -4.8851055e-01
 -2.1130963e-05
  2.0415166e-01
  1.4401759e-05
 -2.6149246e-01
  6.5653038e-01
  1.7777295e-01
  3.8098636e-01
 -1.5616070e-02
 -6.8168882e-03
 -1.9436952e-03
  1.9231785e-04
 -1.4663273e-02
 -1.4030923e-01
  5.7336438e-06
  1.9994436e-02
  3.1722922e-02
  2.7009159e-02
 -7.4217431e-02
  1.1954102e-04
  8.0470942e-05
  5.5066859e-03
  1.0945805e-04
 -5.3470409e-05
  1.9480599e-04
 -1.5664786e-02
  8.0813569e-01
  6.4818907e-01
  4.3027917e-01
  7.4979639e-01
  6.2443171e-02
 -8.4106159e-01
  2.1143033e-01
 -1.2919309e+00
  1.2174371e+00
 -2.0251870e-01
 -3.2797813e-01
 -4.5890296e-01
  1.0145957e-03
 -9.7434781e-02
  2.9463008e-01
 -1.7563998e+00
 -2.1551139e+00
  6.8343383e-01
  9.2745614e-01
 -2.2817820e-01
 -1.0725480e+00
 -8.4434956e-01
 -1.0758760e-01
  2.6268488e-01
  7.9056801e-05
 -4.6342734e-01
 -4.1152874e-01
  3.0171427e-06
 -3.7384849e-05
 -1.5632842e-04
 -1.8902578e-04
 -8.0945319e-05
  2.4972735e-05
 -1.3342897e-04
 -9.4931616e-05
  7.2439012e-05
 -2.4011565e-04
 -1.4544853e-04
  6.9770118e-05
  5.4905086e-05
  7.4791169e-06
 -9.4891711e-06
 -5.0471666e-05
  2.0149106e-05
 -1.7910094e-04
 -1.1884282e-05
  7.7064775e-05
 -1.4575711e-04
 -7.2765224e-06
 -2.3964465e-04
  1.9141658e-05
  4.9158552e-05
 -1.6443850e-04
  1.3038734e-04
  1.2760457e-04
  6.1576713e-05
 -9.2395749e-05
 -7.9948491e-05
 -7.8358524e-04
 -9.5933899e-02
  1.7039070e-01
  2.9168996e-01
 -6.3537620e-02
  2.5650820e-01
  2.2155415e-01
  1.5455554e-01
 -1.6762178e-04
 -6.4405650e-02
 -4.9949257e-04
 -5.8153057e-01
 -1.8466391e-05
  3.5402190e-05
 -1.1862836e-04
  2.0782300e-06
 -1.8002807e-01
 -7.8638438e-03
 -2.6576159e-05
 -5.1393494e-05
 -7.9174303e-03
 -1.2631289e-04
  1.1608038e-01
  7.7892655e-05
 -3.3763237e-05
 -4.6365583e-04
 -8.4839173e-02
  1.0411943e-05
  6.8291505e-05
  1.3591580e-06
  5.6037068e-05
 -5.9659666e-01
 -5.8639926e-01
 -4.1125441e-01
  1.3729579e+00
 -1.0900568e+00
 -9.9152744e-02
 -1.6994852e-03
  5.4627746e-01
  4.3144611e-01
 -2.7636846e-04
  8.4373457e-03
 -1.3797075e-01
  2.1618405e-01
  2.9470798e-01
 -5.9796578e-01
 -1.5023711e-02
 -1.4022518e-03
 -1.5132901e-03
 -1.9837142e-05
 -2.1034708e-02
  7.4412495e-02
 -1.5496431e-01
  4.2554693e-05
  1.4560564e-05
  2.2662387e-04
  1.8012821e-03
 -8.4431624e-05
  5.2168216e-03
 -3.9425405e-04
  2.6231877e-05
 -7.7049869e-01
 -1.5249439e+00
  1.0259744e+00
  6.5539247e-01
  1.5214522e-01
  2.9390541e-01
  7.2992945e-05
 -6.7602783e-02
  3.6873162e-04
  5.9277487e-01
 -2.5744531e+00
 -6.4255083e-01
 -2.3037393e-01
  1.6457954e-01
  4.1119447e-01
  6.4798105e-01
  2.2648199e-01
  9.6239358e-01
  2.2455510e-05
 -4.7778931e-01
  1.0247868e-01
  4.9677074e-01
 -1.8766508e-04
  1.2815835e-01
  4.4655332e-01
 -4.3821743e-05
 -2.9878705e-03
 -1.9211747e-01
  1.0192045e-04
 -1.0030612e-04
  7.8005301e-05
 -1.5235135e-04
  2.5136023e-05
 -1.7377070e-05
  1.4849109e-04
 -1.3963561e-04
  8.7783352e-05
 -9.7450884e-06
  3.4198882e-05
  1.4291810e-04
 -7.9531645e-05
 -1.2022643e-05
  2.9648145e-05
 -1.0923653e-04
 -7.4151205e-05
  1.8098399e-05
  1.0304122e-04
  2.6968504e-05
 -1.7599370e-05
  1.3863885e-04
  2.8831217e-05
 -2.9938621e-04
 -1.1322126e-04
 -7.0363967e-06
  2.0385476e-05
 -3.0258019e-05
  6.1307910e-05
 -3.4053467e-04
  7.4471045e-06
  3.6794368e-05
  5.7160851e-02
 -1.5913090e-02
  7.4007912e-05
 -1.4642274e-02
 -1.7859805e-02
  2.4944215e-04
  1.1285731e-01
 -3.6127595e-04
  2.8199314e-03
 -3.6846142e-04
 -6.5498553e-02
  2.9287711e-02
  7.8002340e-04
 -4.8936938e-04
  4.0352818e-02
 -2.8904729e-02
  2.0797296e-04
 -2.0283705e-05
  2.6011211e-04
 -3.4421436e-03
  4.2948246e-05
  5.7480335e-02
  7.1820122e-04
  8.5968658e-04
 -1.6245000e-04
 -3.2722559e-03
 -1.0563559e-04
  7.4843141e-05
  6.7881227e-04
 -1.6598307e-04
 -3.1608394e-01
  7.4984777e-01
  6.2652980e-04
 -5.4608216e-04
 -8.0925643e-02
  1.1525464e-04
  5.2923773e-04
 -1.0138327e-04
 -7.0421825e-06
  1.1831478e-05
 -4.7438891e-04
  1.4813340e-05
 -3.5195953e-06
 -1.6680075e-05
  9.9830882e-05
  2.0317471e-01
 -2.0483154e-05
  2.1336079e-04
 -4.8090416e-05
 -1.3346632e-04
  7.1357084e-05
  3.0594037e-04
  3.0863266e-06
  1.0268133e-05
 -1.0184966e-05
 -2.0951702e-06
 -3.4206983e-05
 -7.7627570e-05
 -5.2574764e-05
 -1.1311426e-04
 -2.0782301e-01
 -1.0072043e+00
  3.5952687e-01
  1.1219504e-01
  3.8022828e-01
  5.3245950e-01
  8.5074887e-02
 -2.9665430e-04
 -7.2468162e-02
 -2.4592215e-02
 -2.4209602e+00
  1.3606578e+00
  4.6584922e-01
 -2.8501812e-02
  9.4686782e-01
 -2.6815423e-01
  5.2237904e-01
  7.7259531e-03
  4.8901546e-01
  6.1662865e-01
 -4.0090039e-05
  2.0329007e-04
 -4.8067777e-06
  3.2369339e-01
 -4.9827251e-01
 -1.7237752e-03
 -2.8764782e-03
 -7.8975663e-06
 -9.9593031e-05
  2.1166325e-05
 -6.2826043e-01
  5.6486309e-01
  1.3930744e+00
 -1.9962566e-01
  1.0616662e-01
  7.8447061e-05
  4.0378991e-01
  1.9563714e-04
  2.6188734e-01
 -2.1417709e-01
 -2.0723519e-01
  9.1269672e-01
 -3.4231773e-01
 -1.7069162e-05
  7.0132303e-01
 -2.1054606e+00
  4.3403217e-01
  5.3472739e-01
  5.8920759e-01
  1.6753830e-01
  2.2879629e-01
  3.6335872e-03
  5.9004080e-01
  5.8718774e-02
 -1.0188426e+00
 -2.6568078e-04
 -1.4813387e-04
 -1.2673164e-04
 -3.8389597e-05
 -2.2557339e-05
  5.4735796e-05
  3.0503215e-06
  2.7462310e-04
 -6.1231331e-05
 -2.6958960e-04
 -3.8808932e-05
 -9.9388722e-05
  8.6509419e-05
  1.2126780e-04
  4.9323866e-05
 -1.0318992e-04
 -8.4454405e-07
 -5.6487304e-05
  3.6175290e-04
 -7.3005604e-06
  1.7142712e-04
 -3.6451729e-05
 -1.6472745e-04
 -4.5169189e-05
 -6.6159628e-05
 -4.2807776e-05
 -8.7688953e-05
  2.0512911e-04
  2.8704837e-04
  2.3937890e-05
  2.0821195e-05
 -5.5685163e-05
 -8.7741872e-05
  2.1926673e-04
  1.5565709e-04
  1.4419106e+00
 -1.7794398e+00
  3.5362266e-02
  1.4467150e+00
  1.3417372e+00
  5.1670515e-05
 -3.2926157e-01
  2.4537198e-04
  1.0044284e+00
  1.2246392e-06
  2.6808104e-01
 -1.9695841e-01
  1.0104734e+00
  7.3544747e-01
 -6.9073372e-05
  1.3103606e+00
 -1.0097749e+00
 -2.7081525e-01
  7.5677538e-01
 -2.7665132e-01
  1.9098185e-01
 -1.3829834e+00
 -1.4144517e-01
  5.4194045e-01
  2.5227118e-01
  8.2940772e-02
 -4.6453781e-05
  3.4052473e-06
 -4.4559577e-04
 -1.5650061e-04
  9.2981003e-02
  1.5203407e-04
 -3.5524776e-05
 -1.5442354e-04
 -9.1339990e-02
 -4.5917146e-05
  8.4972635e-05
  1.0971424e-04
  1.5016871e-04
 -1.1671665e-04
 -1.8496550e-05
  1.8461839e-04
  4.9585826e-05
  1.8242152e-05
  1.4726096e-04
 -5.4706579e-05
 -2.5980316e-05
 -1.6541344e-06
 -6.3843356e-05
  6.7274530e-05
  1.8920928e-04
  1.3288918e-04
  7.6063639e-05
 -1.1363001e-04
  1.8222936e-04
 -6.6712077e-05
  9.4403535e-05
 -1.0906458e-04
  8.7598099e-05
  2.9034027e-05
 -3.0140278e-01
  1.6556728e-01
  1.0678421e-01
  2.4578565e-05
 -3.2379514e-01
 -7.3688039e-05
  1.2778031e-04
  1.4208438e-04
  6.1392835e-05
 -1.3092194e-06
  2.2916720e-04
  5.5964243e-05
  3.0161485e-05
  2.7604363e-04
  2.5549246e-04
  3.4514724e-04
 -5.5629156e-05
 -5.2151856e-05
  8.6216853e-05
 -5.0607465e-05
  2.0232994e-05
  2.7029446e-04
  3.2844712e-04
  6.5117003e-04
  3.3647695e-04
  1.5125495e-04
  1.0809724e-04
 -7.1918577e-05
  7.3713250e-05
 -2.5305413e-05
  5.1496681e-05
 -7.4250675e-05
  1.4971007e-04
 -4.5774686e-07
  8.4160063e-05
  2.2490993e-04
  1.5759904e-05
  1.0073957e-04
  9.3100942e-05
 -1.2256732e-04
  5.6975670e-05
  1.2083671e-04
 -2.2168775e-04
 -9.5670941e-05
 -1.2152016e-04
 -1.4556454e-04
 -7.3669638e-05
 -4.3328990e-05
  4.9464077e-05
 -1.0857265e-04
  1.5883948e-04
  3.0756014e-04
 -2.7456865e-05
 -1.6836161e-04
 -2.3586444e-04
  8.8912402e-06
  3.1270945e-05
  1.1608816e-04
  1.8528584e-04
  4.2577078e-05
  2.8364894e-01
  1.1589739e-01
  3.8356304e-01
 -2.5078881e-01
  2.4786462e-01
 -1.3595233e-04
 -7.6048785e-01
  6.2670939e-02
  5.2268311e-05
  2.2022166e-04
  4.1689718e-01
 -6.2852818e-01
  7.3276942e-06
 -6.6000757e-05
  7.6993099e-05
 -1.6032553e-01
 -1.5338279e+00
  5.2680822e-05
  1.4656823e-04
 -7.0907809e-02
 -3.6561437e-04
 -3.1257901e-01
 -2.8558971e-02
  4.9448721e-05
  2.3484950e-01
  1.4909630e-04
 -1.6101032e-01
 -1.9547138e-04
 -4.8404250e-05
 -4.7262118e-05
 -1.3658614e-04
 -1.0788106e-05
  2.4116591e-04
  6.9191563e-05
 -4.6893947e-05
 -2.2746828e-05
  2.6824398e-04
  1.2987989e-04
  3.0343310e-04
 -1.2510851e-05
 -2.4905338e-04
 -2.7635053e-05
 -3.1034980e-04
 -1.4501296e-04
 -8.7639528e-05
 -1.5295320e-04
  9.4926414e-05
 -5.2216266e-05
  2.2499998e-04
 -2.0834029e-04
  8.4038285e-05
 -7.3154239e-05
  1.0563276e-04
  4.0302621e-06
  6.7426692e-05
 -1.0210260e-04
  8.8902350e-05
  2.7304077e-05
 -1.2317172e-04
  1.5965976e-04
 -4.6009943e-01
  1.4641180e-03
 -3.6704308e-01
 -1.2594615e-01
  3.3849243e-02
 -1.2953179e-04
 -1.4337068e-04
 -4.4459739e-06
 -5.4146185e-05
 -4.4410926e-04
 -1.1312227e-03
 -1.9606807e-04
  8.7262261e-01
 -7.8647718e-05
 -1.2690383e-01
 -7.8456990e-02
 -1.9954519e-02
 -9.9074610e-02
  4.4829903e-08
  2.1397798e-01
 -4.3372511e-06
 -4.0104656e-05
 -9.8612159e-05
  6.0850671e-05
 -1.0552650e-04
  1.4008161e-04
  3.2810385e-07
  2.8147617e-05
 -1.1203028e-05
  1.8619077e-04
  4.4591838e-01
 -3.2626665e-01
 -1.6586220e-01
  9.7675510e-02
  1.5718456e-02
 -4.8186153e-01
 -2.3926370e-01
  5.7616371e-01
  3.2122499e-01
 -6.4809978e-02
 -5.6916243e-01
 -5.1670432e-02
 -4.6348798e-01
 -8.1161706e-06
 -7.9478100e-02
 -6.1696154e-01
 -6.2425375e-01
 -4.3166245e-05
  3.4083188e-01
 -2.0712956e-05
  1.3873086e-03
 -5.7899922e-01
 -9.8988162e-03
  8.2848325e-02
  8.3606661e-05
 -6.3561106e-01
 -3.9206812e-01
 -5.3020263e-01
 -7.1527480e-05
  4.4487228e-04
 -1.4069603e-01
 -2.4706234e-01
  3.6970299e-01
  6.6413485e-02
 -8.0720402e-02
  1.4434953e-04
  2.2976579e-05
  1.4096053e-05
  5.4859382e-04
  2.2990935e-07
 -2.1751650e-04
 -9.7864577e-05
  4.4904926e-04
 -5.8293750e-05
  2.1924608e-04
  5.0284874e-01
  1.8958020e-04
  1.1362092e-04
 -9.0072499e-05
  2.0907850e-05
 -8.7047636e-05
  4.4452208e-05
 -1.1469412e-05
 -8.6151122e-06
  7.3251945e-06
 -2.1314425e-05
 -1.0901739e-04
  5.3899559e-05
 -2.7360281e-04
 -1.2523981e-04
 -9.5451456e-01
 -1.8911278e+00
 -1.5400002e+00
  4.7393405e-07
 -9.6707830e-05
 -2.3053615e+00
  5.7192731e-01
  6.3224219e-02
  2.8701138e-01
  1.0674978e+00
 -1.8517923e+00
  4.3861408e-05
  3.4995946e-01
 -1.0260549e+00
 -1.0871934e+00
 -2.4869497e-04
 -3.1360716e-01
 -2.5053608e-01
  2.8837726e-01
 -9.2439526e-01
  9.8471821e-05
 -4.0170398e-01
 -2.3036668e-04
 -5.4046170e-05
 -5.7021651e-05
 -8.5038555e-01
  3.7807040e-05
  1.1773440e+00
 -9.5767921e-01
 -1.4077786e-01
 -8.2444602e-01
  1.1274846e+00
 -1.1177789e+00
 -1.3350291e-05
 -1.2706112e-05
 -4.3799087e-01
  1.0496460e+00
 -8.3173245e-01
 -6.9317567e-01
 -6.8913734e-01
 -4.6131399e-01
  2.3992311e-02
  2.7288491e-01
 -4.9887457e-01
  3.0131426e-01
 -4.3811870e-05
  4.3339500e-01
  1.1999037e-01
  2.8831896e-01
  2.7365926e-01
  1.4162797e-06
 -2.5225234e-01
  1.1881642e-01
  7.5042732e-02
 -1.3244437e-04
 -3.0680892e-01
  6.2659346e-05
 -6.3174033e-01
 -6.3877928e-01
  1.2883477e-01
 -6.5495378e-01
  4.2308435e-01
  7.7822083e-01
  2.0992603e+00
 -8.3440030e-01
  4.0332904e-01
  6.5450538e-03
  1.2570698e-04
  6.2676919e-01
 -2.6688160e-02
 -2.0375615e-01
  2.0175103e-06
  1.0769292e-03
  1.3697326e-01
 -3.0033886e-01
  2.0221607e-01
 -8.5543160e-04
 -1.8205498e-04
 -1.6577168e-01
 -1.9283206e-04
  1.0159313e-04
 -2.0102601e-04
  2.8153879e-04
 -1.2920338e-04
 -3.7701812e-04
 -7.2446070e-04
 -8.9257941e-05
 -6.8289628e-05
 -7.2235671e-05
  2.0331390e-04
  7.6863384e-05
 -8.2350889e-06
  1.9152028e-05
 -1.7045377e-04
 -3.5528286e-05
  2.9754676e-05
  7.9140969e-05
  1.9450566e-05
  1.5504740e-04
 -1.2947054e-05
  2.6074240e-05
 -7.4285308e-06
 -3.8376322e-05
  5.2033523e-05
 -3.3074910e-05
 -9.8416102e-05
  1.1294863e-04
 -5.3193467e-05
 -1.0708466e-04
 -2.0813110e-05
  5.5636523e-05
 -4.2959909e-05
  4.5138950e-06
 -1.4026067e-04
  2.0304799e-06
 -7.8887875e-05
  1.4740329e-04
 -1.1549533e-04
  9.0348680e-05
 -2.4093513e-05
 -2.2216338e-01
  1.2832974e+00
  2.0978551e+00
  2.3613453e+00
 -8.2478392e-01
  4.4386942e-04
 -3.9772235e-02
  3.1405976e-01
  3.9977342e-01
 -1.4230508e+00
 -1.0412743e+00
 -3.2964185e-01
  4.2113039e-01
 -4.7913006e-01
  8.6321056e-01
  5.4022712e-05
 -1.0293517e-01
  6.3798565e-01
  2.2842708e-01
 -8.2531655e-01
 -2.7935183e-01
 -2.6546448e-01
  2.9208720e-01
  2.9392138e-01
 -1.4157478e-04
  4.3796597e-05
 -5.5924833e-05
  1.0836322e-04
  1.4582685e-05
 -1.2790675e-01
 -7.4627471e-01
 -1.5545461e+00
 -2.2948308e+00
 -5.2747077e-01
 -3.6460036e-01
  1.0153633e+00
  2.6550767e-01
 -1.0394146e+00
  3.8022891e-01
 -1.4411838e+00
  5.2847636e-01
  1.1277933e-01
 -1.1039379e+00
 -6.0282240e-05
  9.1823071e-01
  7.6137787e-01
  5.1392061e-01
 -1.3661373e-05
 -4.0356430e-01
 -1.0624132e+00
  2.0392472e-03
  1.7793170e-01
 -2.6405824e-02
 -5.2377439e-01
  3.2455006e-01
  3.4200060e-01
  2.5926387e-02
 -9.2098649e-05
  6.9989190e-02
  1.3627759e-05
  2.1817409e-04
 -1.3966698e-04
  3.1229971e-05
 -4.1924031e-06
  3.5336965e-05
  1.0393482e-05
  3.4189361e-06
  1.7995488e-05
 -2.8977027e-05
  4.0593857e-04
 -3.7437610e-05
 -1.1861818e-04
 -3.8175680e-05
  1.9991539e-04
 -1.7009255e-04
 -5.1513314e-05
 -9.7647928e-05
  6.1223698e-05
 -1.4427902e-04
 -1.3572586e-04
 -3.8254526e-05
 -1.6413470e-04
 -5.8355825e-05
 -1.5138765e-04
  8.7002816e-05
 -8.1984181e-05
 -7.9088379e-05
 -5.0518238e-06
 -6.7752117e-05
 -8.4008543e-06
  2.6286800e+00
 -1.4570510e+00
  6.5646952e-01
  9.0210944e-01
 -1.2302115e+00
 -3.5343426e-01
  3.1924646e-05
 -3.9972258e-03
  3.8924199e-01
 -5.7898825e-01
  5.6392550e-01
 -1.5773173e-02
 -2.6291812e-02
 -2.9385030e-01
  6.5281963e-01
  1.1445964e-01
 -1.6491881e-04
  3.3523244e-01
  2.0028549e-01
 -6.0530049e-01
 -7.3983604e-01
  2.2110018e-04
  3.6858645e-01
 -1.0661224e-04
 -2.2735204e-01
  1.4847848e-01
  7.5111742e-04
 -8.2130187e-05
  5.1496662e-03
 -1.0785739e-04
  5.8907801e-05
  4.9356709e-05
 -1.3309237e-05
  1.9002706e-05
 -3.0326330e-05
 -9.9557328e-06
 -1.6654163e-05
 -2.7094356e-05
  1.2099013e-04
 -7.8867463e-04
 -8.7241206e-05
  2.4480858e-05
  2.4071313e-05
 -9.6650590e-05
 -1.6370370e-05
  6.4629986e-04
 -2.0592472e-04
 -1.6187000e-04
  3.1834134e-07
 -7.0106020e-05
  1.1556182e-04
  3.5577955e-08
  2.5974747e-05
  3.9484752e-05
  2.1242173e-04
 -6.4934822e-05
 -2.5780148e-05
  1.2249062e-04
  2.9556418e-04
 -3.9443348e-06
 -6.3364379e-05
 -2.0318860e-04
 -9.3445604e-05
 -2.0319503e-05
 -6.2874824e-05
  8.5505126e-05
 -1.7741935e-04
  2.1246616e-04
 -3.9267721e-05
 -5.0173374e-05
  1.2810194e-04
 -1.6834500e-05
  1.6409636e-04
  2.2166758e-05
 -5.5444292e-05
 -2.9623650e-05
 -1.5685848e-04
 -4.5038862e-05
 -3.8902221e-05
  2.0786379e-04
 -8.7299850e-05
  3.1991731e-06
  1.8106803e-05
 -1.3632822e-04
 -1.3115837e-05
 -6.1184292e-05
  7.6066237e-05
 -1.2795615e-04
 -1.4254535e-04
  5.6906916e-05
  2.9980958e-01
  4.2317477e-01
 -1.2687747e-01
 -1.2629646e-01
  8.0390885e-02
 -4.0040401e-01
  1.4180475e-01
  1.9625705e-03
 -1.7598772e-04
 -7.4596050e-05
  4.3806517e-01
  8.0681413e-05
  2.2551219e-05
 -3.1797029e-02
 -2.4421722e-02
 -2.5623888e-01
  3.9574958e-04
  3.7744176e-05
  1.1568441e-03
  6.8855572e-01
 -3.5018648e-03
  1.4474652e-05
 -7.0830107e-02
  1.1058624e-01
  4.6742320e-02
 -1.2268702e-03
 -1.6996736e-04
 -8.7038105e-05
 -4.7283192e-04
 -1.0104173e-04
  1.2266375e-04
 -6.4652784e-05
 -1.1005408e-04
  1.8671108e-02
  2.4217511e-02
 -7.6055422e-02
 -1.4511254e-04
  6.2366785e-04
 -1.4513050e-04
 -7.0392070e-06
  3.5474215e-05
 -3.6103043e-05
 -4.6657682e-05
 -2.8589033e-04
 -4.5008732e-05
 -2.0261144e-04
  2.0016782e-04
 -8.5250518e-05
  1.0238409e-04
  5.3944421e-04
 -2.6420507e-04
  1.1689578e-04
 -1.6277884e-04
  2.6774878e-02
 -4.1585026e-04
 -2.6905391e-04
  3.3298699e-04
  6.4288703e-05
  8.8295208e-05
  1.9716173e-05
  1.5125908e+00
  1.2289491e+00
 -2.2339346e+00
 -6.4447653e-01
 -4.0127376e-01
 -4.3209058e-01
  3.0988398e-01
  9.5856154e-01
  8.8873215e-02
  1.1007409e-01
  4.1752953e-02
 -1.5062506e-05
 -7.6136366e-02
 -1.2710010e-01
  8.8321423e-05
  2.6986937e-04
  2.3446028e-01
  2.8815496e-01
 -3.6028882e-03
 -7.1961153e-04
  8.9521751e-02
  3.9931751e-05
  4.6510637e-02
  3.9011233e-05
  2.0281830e-01
 -2.0138224e-05
  3.9679313e-04
 -7.7157019e-05
  1.0201697e-05
 -8.1056663e-05
  2.5344503e-05
 -2.6765297e-04
  8.7375076e-05
 -1.1345576e-04
 -7.4023003e-05
 -1.5782399e-04
 -6.6315988e-05
  1.1808124e-04
 -3.6104717e-05
 -1.1711074e-04
  2.0980544e-04
 -1.5621723e-04
 -6.5958171e-05
 -4.5956676e-05
  1.7454055e-04
 -1.5779115e-05
  1.7453243e-05
  1.1891034e-04
 -9.2911607e-05
  1.3286654e-05
 -9.7457225e-05
 -1.0053031e-04
 -8.3980776e-05
 -9.8726032e-06
  4.6475951e-05
  1.4197826e-04
  1.2201965e-04
  2.7924581e-04
  4.2735110e-07
 -1.5430871e-04
  7.2544307e-02
 -2.5053784e-01
 -8.3646923e-01
 -1.2038363e+00
  9.6739429e-01
 -8.1043757e-02
 -3.6326414e-03
  1.4596573e-05
 -1.2755432e-02
 -1.6281523e-01
  1.7477294e-02
  9.7254626e-03
  2.0578808e-04
 -1.1883199e-05
 -2.4989401e-01
 -2.3062967e-05
 -8.9247398e-05
 -7.5527653e-02
  2.2729227e-04
  1.1071238e-01
 -2.5273028e-03
 -1.6386269e-04
 -2.9242232e-01
 -9.0602436e-05
 -9.3561769e-02
 -2.0146029e-04
 -1.0543574e-04
 -9.7511169e-05
 -2.6139658e-04
  1.3170979e-04
 -1.9669725e-04
  2.9938662e-04
 -1.5488926e-05
 -7.5147629e-01
 -1.7097625e-01
 -2.7195036e-05
  4.1598277e-04
 -9.8621313e-05
 -6.2166670e-05
  1.0422832e-01
  3.1474658e-05
 -7.8061697e-05
 -2.3118754e-04
  8.7847739e-06
  6.5056467e-04
  3.0848518e-05
  2.7928627e-04
  8.7504464e-05
  2.5424259e-05
 -5.1509886e-04
  4.0422403e-04
  7.5955823e-04
 -2.3871711e-04
 -1.1233294e-03
  1.3916916e-04
  2.3851691e-05
  5.5607765e-05
  6.1531227e-06
  2.6859116e-04
  7.1169075e-04
 -2.2069205e-04
  1.8388839e-04
  1.5092112e-01
 -5.2532263e-02
 -6.3171513e-02
 -8.3380774e-06
 -6.4480933e-05
 -1.7625827e-04
  5.0006289e-05
  3.0239223e-04
 -7.7747606e-04
 -1.1036652e-04
  7.3486110e-05
  1.2920262e-05
  4.7500068e-04
  3.5923335e-05
 -4.3002041e-05
  1.0536497e-04
 -3.3258964e-04
 -2.3976220e-01
  2.2020722e-03
 -2.3229090e-04
  2.4972935e-04
 -2.3627735e-04
  2.5464162e-05
 -6.4417181e-05
  1.0332050e-04
  1.2584892e-04
  1.0828051e-04
  7.0582850e-05
 -5.8659673e-04
 -8.2137121e-05
 -1.2742908e-04
  1.0325595e+00
 -8.0964273e-05
 -2.2561745e-04
  1.6802198e-05
  1.0014759e-05
 -4.1304524e-05
 -1.1220814e-04
  1.1233844e-04
  4.9848037e-05
 -1.1177205e-04
 -5.7402489e-05
 -7.4640113e-05
 -9.5210104e-05
  1.0955692e-04
 -8.9822854e-05
  4.4858989e-05
  9.5388619e-05
  4.5429762e-05
 -9.2095856e-05
 -1.0474058e-04
  2.3133621e-04
 -1.4678559e-04
 -8.5593740e-05
  9.2321410e-05
 -4.1693388e-04
 -7.1666000e-05
 -1.8258677e-05
  2.5764220e-05
  8.2563085e-05
 -8.9644648e-02
  1.6991661e-01
 -2.4658531e-02
  8.6295453e-04
 -4.0617466e-05
 -7.4792319e-05
  2.2963004e-05
  8.0603239e-04
 -3.8684677e-05
  2.2025796e-04
  4.5712761e-05
  1.7421739e-04
  1.0059694e-04
 -6.7533651e-06
  1.3479385e-04
 -5.7792462e-05
 -3.2739202e-04
 -5.3940073e-04
 -4.2650572e-05
 -1.3337105e-04
  1.4035696e-04
 -9.3396171e-05
  2.3832312e-04
  1.4611577e-04
 -2.9639992e-05
 -7.6281285e-06
  6.1916260e-05
 -5.9184691e-05
 -2.3548491e-06
 -6.9723246e-05
 -7.8457433e-01
  5.4064769e-01
  5.2639043e-05
 -8.7881868e-05
 -6.1911327e-05
  1.1008217e-04
 -1.7865928e-05
  1.0347902e-04
  1.3821355e-04
  1.4787372e-05
 -2.9752142e-05
 -8.9045694e-05
  8.5557789e-05
 -4.2498301e-05
 -2.0186545e-04
  7.7650606e-05
 -2.6319962e-05
  1.7873135e-06
  1.5403326e-04
 -7.0252718e-05
  1.2708106e-04
  1.0612009e-04
 -1.1616810e-04
 -5.3192616e-05
  2.9484346e-04
  1.5893985e-04
 -2.1806842e-05
  1.5152108e-04
 -2.0052997e-02
  5.5748586e-02
 -2.4677349e-02
  5.7094827e-02
 -3.2629780e-02
  1.6096553e-02
  1.8923717e-04
 -4.7610709e-04
  1.3250566e-02
  1.4063551e-03
 -1.1608756e-01
 -6.4310210e-05
  4.6883218e-02
  1.7662425e-02
  4.4429384e-02
  1.3565962e-01
 -7.4551802e-04
  8.7944791e-02
 -7.7790981e-03
 -1.9521113e-01
  2.1888990e-02
 -7.8685999e-02
  1.1595546e-01
 -4.2889033e-02
  1.5784926e-03
  5.4815050e-02
  8.1440521e-05
 -1.4838115e-04
  3.5956915e-04
 -3.4881799e-04
 -3.9058788e-05
 -9.0794245e-05
 -3.8068346e-04
  3.0346672e-04
  3.0356201e-05
 -1.7212438e-04
  2.1157801e-04
 -1.9740648e-05
  6.5399094e-05
 -5.1524799e-05
  1.8637686e-05
  4.0700295e-04
  6.5864711e-05
  1.5276075e-04
 -8.7841152e-05
  1.3958811e-05
 -1.0908984e-04
  1.1418709e-04
  6.8766996e-05
 -1.0353047e-04
  6.4855585e-06
 -7.4279014e-05
 -9.3438255e-05
 -1.7516533e-05
  2.7873339e-05
 -5.5067536e-05
  4.7674519e-05
  1.4778234e-04
  1.3176596e-04
 -1.1116188e-04
  7.5828187e-02
  2.6953799e-01
 -4.1798346e-02
 -1.7158419e-02
  1.4264922e-01
 -2.7809912e-01
  2.1544838e-01
  2.1266971e-02
 -3.8387280e-02
 -3.0668361e-02
  2.8929833e-01
 -1.6751944e-01
 -1.3987601e-01
 -1.7270419e-01
 -6.5220356e-02
 -2.2539750e-01
  3.2470234e-02
 -3.5550255e-01
  1.3078253e-01
  3.3266509e-01
  1.3749024e-01
  1.3282786e-01
 -2.4305591e-01
  7.3833749e-02
 -1.4225903e-01
 -3.5857555e-01
 -7.5061023e-02
  3.7594993e-05
 -2.0903675e-01
  1.6726921e-01
  5.4851425e-01
  1.5257552e+00
  8.0895376e-01
 -5.5695826e-01
  3.5770378e-01
  1.3544918e-04
  3.8984617e-06
 -1.5637488e-07
  1.2659791e+00
  1.9140469e-01
 -8.5079916e-02
 -2.1600539e-02
  1.0084920e-04
  8.8983409e-02
  4.1200758e-05
  2.9039490e-01
  1.3672902e-04
  1.9636427e-04
  7.5807035e-01
  6.1295595e-04
  4.7211794e-04
 -3.1624995e-02
  6.7482424e-01
  7.2287673e-01
 -3.0015206e-05
 -1.0647014e-04
  2.6299022e-04
  1.1458014e-05
  1.1919485e-04
 -8.3971041e-05
  1.2097777e-01
  3.8376569e-05
  7.5919557e-01
 -3.9957067e-01
 -5.7180685e-01
  8.1935446e-05
 -1.1514743e-02
 -1.1877784e+00
  4.2328443e-02
 -4.9520395e-04
 -1.6308889e-01
 -1.2580159e-03
 -1.0549976e-04
  1.3774121e-01
 -7.3079325e-05
 -4.5172555e-06
 -8.0304258e-03
 -1.4514668e+00
  1.3862550e-01
  2.3058092e-04
 -2.7934946e-03
 -1.6347077e-04
  7.7040728e-05
 -9.8335113e-06
 -1.1290362e-03
 -4.2730186e-04
 -2.3986151e-05
 -2.7123377e-05
 -2.5547508e-04
  5.7923804e-05
 -1.6540835e-05
  1.5575162e-04
  3.0340665e-04
 -3.3361241e-02
  2.9071138e-04
 -3.9614501e-04
 -2.1283035e-05
 -1.1874972e-04
  1.4065301e-05
  2.3157214e-05
 -2.8308845e-05
  3.4440096e-04
  5.1869691e-05
 -5.3739976e-05
  1.2475805e-04
  2.6012825e-05
  2.2819160e-05
 -1.5240010e-04
  1.5653249e-04
  1.0064946e-04
  4.3622735e-05
 -7.4776057e-05
  2.2085618e-04
 -4.7360496e-05
  1.0942046e-04
 -1.5590496e-04
 -1.4673768e-05
 -5.7825800e-05
  1.2753475e-04
  2.7796154e-05
  1.6202046e+00
 -1.7906447e-01
 -2.6415190e-02
 -5.2842489e-03
 -5.4984786e-02
  2.6065433e-02
 -1.8028390e-01
 -3.6698733e-02
  6.7577833e-01
 -2.0341924e-03
 -1.1829627e+00
 -6.3730586e-05
  6.0174029e-02
  9.0947363e-04
  1.4709008e-01
 -1.1528051e-03
 -3.6204467e-04
  7.2400495e-02
 -4.5131681e-05
 -1.7132751e+00
 -1.8585272e-01
  1.2659283e+00
  3.4652498e-01
 -1.2067959e-01
  3.1447285e-01
  4.3056643e-05
  2.6679316e-05
  4.0601219e-05
  2.7154225e-05
  9.6627155e-05
 -8.7263674e-05
 -1.7800508e-04
  8.7059096e-05
  1.8467288e-02
 -9.0351903e-05
  1.3269606e-04
  8.2390652e-05
  2.5315956e-05
  3.6177058e-05
  2.1093441e-04
 -1.3896517e-05
 -4.0018531e-05
 -4.4911711e-05
 -1.6532422e-05
  1.3600312e-04
 -7.1519018e-05
 -6.1769497e-05
 -3.1519594e-05
  4.2963293e-05
  6.6885477e-06
  1.3032099e-05
 -1.1056694e-04
 -2.1062020e-04
  3.9844796e-05
 -2.3195689e-04
  2.7375386e-04
  1.3445863e-04
  3.6805353e-04
  7.6640878e-05
  1.0926351e-04
 -1.6409819e-04
 -2.7528554e-04
 -2.2758479e-04
 -1.7576136e-01
  5.5933628e-02
 -3.8830106e-04
  9.4884308e-07
 -1.8384709e-04
  9.7548082e-06
 -7.0649630e-04
  1.2358645e-04
 -6.7865563e-05
 -5.8830141e-05
 -4.2004242e-05
 -2.3850778e-05
 -2.4490821e-04
 -4.4020260e-05
 -1.0289863e-04
  1.8413590e-05
  5.2162148e-05
  2.5214467e-06
 -4.1769494e-05
 -8.7113040e-06
 -8.2750586e-05
 -5.5543060e-05
 -5.6773322e-05
  1.5787933e-04
  5.1087180e-05
  6.0318762e-05
  3.9944978e-05
  1.9080102e-04
 -7.6237638e-06
 -1.9779401e-01
 -1.2713746e+00
  3.5314304e-01
  7.2723516e-05
  3.3946708e-04
 -2.0329409e-05
 -1.9894839e-04
  1.1945965e-03
 -1.3321008e-04
 -1.2032961e-04
  6.1557628e-05
  3.8675469e-05
  4.8896866e-03
 -6.4134962e-05
 -6.4598047e-05
  1.5526284e-05
 -3.4168884e-04
 -8.9872367e-04
  5.9252226e-05
 -2.2285944e-06
  1.6610407e-05
  3.8280696e-04
  4.0809740e-04
 -1.2101029e-04
  1.8786533e-05
 -3.2472581e-05
  2.0290614e-05
 -2.7144251e-05
  1.6979667e-04
  4.7836627e-05
  5.8301848e-06
  3.5589117e-05
 -3.8659409e-06
 -1.4509741e-04
 -1.1124726e-04
 -9.6649354e-05
  5.5930632e-05
  2.8908024e-05
 -3.1770072e-05
 -4.3116488e-05
  5.4807140e-05
  1.5105850e-04
 -1.1696847e-04
  3.0888292e-05
 -3.0844334e-05
 -1.4690409e-06
 -1.1525989e-04
  8.1841688e-05
 -1.0308200e-05
  9.8652235e-06
  3.7137575e-05
  2.0035623e-05
  3.2511220e-05
  4.3191452e-05
 -3.5653415e-04
 -2.0770603e-05
 -4.9021255e-05
  2.2226403e-05
 -1.1322680e-01
  2.5876939e-01
 -1.9872507e-01
 -2.5538072e-01
  9.7011220e-01
 -1.8929376e-01
  1.1676856e-04
  6.3110757e-01
  5.4106975e-01
 -1.3804045e+00
  4.7571197e-01
  1.9513256e-05
  2.0275529e-02
 -6.8621880e-01
 -5.4065585e-01
 -6.5239275e-01
 -3.0607414e-01
  3.8458104e-05
  4.2705259e-01
 -2.9454146e-02
  5.4755771e-01
  1.9048050e-05
  3.9897892e-05
  2.8393213e-02
  7.6914483e-01
 -3.9726019e-02
  2.4998992e-05
 -7.1097660e-05
 -1.2245033e-03
  7.1413029e-05
 -4.3336761e-01
  9.6839158e-06
  3.1007740e-01
 -9.6397018e-01
  1.1475782e-04
 -1.8041861e-01
  6.5402128e-05
  4.1184074e-05
 -7.6505874e-04
 -1.7945480e-04
  2.7671957e-01
  1.5762453e-07
 -3.1222099e-01
  3.8677520e-01
 -5.8925509e-01
  1.5784213e-01
  6.9856578e-01
  2.7611274e-01
  9.7939325e-03
 -5.8580124e-05
 -1.7245555e-01
  3.4337752e+00
 -1.3800196e-01
  5.0640632e-05
  2.4109732e-01
  1.4553436e-04
 -4.3750196e-04
  1.6826865e-01
 -5.7222689e-05
 -9.6668285e-01
 -6.4812344e-01
  4.0931292e-05
  8.1979084e-01
  1.2501905e+00
 -1.7033546e-04
  6.2459600e-01
  6.0424286e-06
 -1.3180701e-05
 -4.2716369e-01
 -1.9806109e-01
  4.3537247e-01
 -2.0358834e-02
 -5.9094155e-01
  3.2738039e-01
  4.7114930e-01
  1.5602662e-01
  5.5725348e-01
  7.1884745e-01
  6.4321196e-01
 -2.5170519e-05
 -1.5521612e+00
  5.4510957e-01
 -1.2776750e+00
 -1.3631087e-04
  4.4762847e-01
  3.2168904e-05
 -1.9026694e-01
  4.3116695e-01
 -4.2228952e-05
 -6.1671317e-01
  7.1296477e-01
  1.0453453e-01
 -1.4510598e+00
  4.7534207e-01
  7.9103285e-01
  1.3588980e-01
 -1.0471277e-01
  4.3513641e+00
  1.4898711e-01
 -6.8724895e-01
  3.7839833e-01
 -3.0850342e-01
 -8.5228556e-01
  1.6690427e+00
 -1.1600704e+00
  5.3167319e-01
  1.7859293e+00
  1.3051188e+00
 -3.4413885e-02
  2.0554659e+00
  1.0466757e+00
 -1.0867494e+00
  1.4624612e-01
 -1.5369675e+00
 -4.7790340e-01
  6.2302622e-04
 -4.7157457e-01
 -1.8990448e+00
 -3.0016685e-01
 -1.3671093e-01
  1.1747035e+00
 -1.6543130e+00
  6.5683138e-01
  7.1954663e-04
  1.9426280e-01
 -3.9841080e-01
 -1.7235684e+00
 -1.0219362e+00
 -1.2997913e-02
  1.1258207e-03
  9.8575931e-03
  1.0200255e+00
 -3.1574053e-01
  2.3442818e-01
  1.0512667e+00
  1.9891616e+00
  1.0255148e+00
  5.8385724e-01
 -8.2748100e-02
  1.3991945e+00
  7.1694536e-05
  1.8585667e-01
 -4.5031005e-01
 -1.1979018e+00
 -1.0531698e-01
  2.3368175e+00
  1.3104163e+00
  2.9128464e-03
  5.5918121e-05
 -3.0677776e+00
 -8.2952954e-04
 -3.3518679e-02
  7.1631366e-01
 -1.4536249e-02
  1.3594553e+00
 -9.9369079e-01
  7.3656780e-01
  4.2957786e-01
  2.6199910e-01
 -2.5544086e+00
 -3.1245261e-01
  1.9464999e+00
  2.9362369e-05
 -6.2547892e-02
  8.7693501e-01
 -1.0251231e+00
  2.9087210e+00
  7.0767921e-01
 -4.6592247e-01
 -2.8919446e+00
  2.8353373e-02
  1.6584697e+00
  6.7076944e-02
 -9.6978891e-01
  4.8165220e-01
  2.5560653e-01
 -2.0981644e-01
  2.1067224e+00
  2.5330978e-03
  8.7903059e-01
  1.0499585e+00
  1.0464486e+00
  2.3261646e-03
 -1.2822454e-01
  7.7206123e-01
 -1.1780241e+00
 -1.2120209e+00
 -8.1729180e-01
 -4.1630294e-02
 -1.7162899e+00
 -1.2894964e+00
 -1.0296584e+00
  1.2755254e-01
 -7.3943609e-01
 -7.2730237e-01
  4.0355021e-01
  1.2269555e+00
  5.7442153e-01
  6.5098876e-01
  2.9972550e-01
  9.6138641e-02
 -6.1682981e-01
 -8.9312184e-01
  3.1353715e-01
 -2.5044214e-02
 -2.5125444e+00
  3.6448777e-01
 -2.5392994e-01
  2.3858302e+00
  5.7788062e-01
 -1.2739050e+00
 -9.2450041e-01
 -5.6274295e-01
  3.2635407e+00
 -8.3715039e-01
  3.2556006e-01
  2.0816457e+00
  1.6058570e-03
  6.7122825e-03
 -5.6594723e-01
 -1.0310207e-01
  2.2073163e-02
 -1.8796526e-01
 -1.2680074e+00
 -6.1855251e-01
  2.0738106e+00
 -3.2241371e-01
  1.5308261e+00
 -1.4989789e-02
  1.1516789e+00
 -3.4366110e-01
  2.3254323e+00
  6.2380683e-01
 -6.4860338e-01
  1.3706408e-02
 -8.9011051e-02
 -1.0982643e+00
  2.9805189e-01
 -4.5083955e-02
 -8.1978601e-01
 -2.1432765e+00
  1.1499498e+00
 -1.2330578e-01
 -1.9828805e-01
 -1.5053780e+00
  1.0995224e+00
 -2.2726541e-02
 -2.6749977e-01
 -5.9408897e-01
 -6.5499330e-01
 -2.8264894e+00
  2.9320124e-01
 -6.4956820e-01
  2.0579772e-01
 -2.9676466e-04
 -7.5089641e-02
  1.7264509e+00
 -1.7493494e-01
 -3.9285935e-02
 -1.1447287e+00
  1.3690902e+00
 -1.5413074e+00
 -9.5094323e-01
  4.5358795e-01
 -1.2341845e+00
  1.5521199e-01
 -3.8911691e-01
  1.2214503e+00
  9.5414096e-01
 -1.2917839e+00
 -1.6087902e+00
 -6.5747982e-01
 -1.0888771e+00
  4.1061682e-01
 -1.4746791e+00
  4.8798701e-01
 -2.5529771e+00
  2.4420378e-01
 -2.2204517e-01
 -9.1352189e-01
 -1.6140278e-01
  1.3973470e+00
  1.1567024e+00
  1.5859022e+00
 -8.3912241e-01
  4.0607557e-02
 -2.2459500e+00
 -1.4338777e+00
  5.2294195e-01
 -1.1444845e+00
 -1.1966143e-01
 -9.2309847e-02
  2.8577071e-01
 -1.6730869e+00
 -2.9890394e-01
 -6.3284218e-01
  2.1354043e-01
 -1.1976711e+00
  1.1280258e+00
 -1.1780649e+00
  7.8285164e-01
 -3.1327346e-01
 -6.9705922e-05
 -1.5504394e+00
 -5.3217059e-01
 -1.1259207e+00
 -6.7516397e-05
  5.0641036e-01
  1.5057231e+00
  8.0273479e-02
  9.0346538e-02
  2.0904399e-01
 -1.8714786e+00
 -1.0668861e+00
 -3.0665837e-05
  3.1923813e-01
 -1.2110023e+00
 -2.0033710e-01
 -7.8966933e-01
  2.0028601e+00
  1.2168164e+00
 -1.7612132e+00
  1.9509555e-04
  2.1024945e+00
  3.3316088e-01
  1.8751076e-01
 -1.7733663e-01
  3.2401958e-01
 -1.9036616e+00
 -7.8631900e-02
 -1.2147708e+00
 -6.5546548e-01
 -8.2070345e-01
  3.7138364e-01
 -8.5414074e-02
 -1.4903451e+00
  1.8730507e+00
  1.2658083e-01
  4.5969766e-01
  5.7701647e-01
 -2.0280659e+00
  4.7891983e-01
  3.8016489e-01
 -2.0418763e-01
 -2.5747747e+00
  2.0440750e-01
 -1.8175362e+00
 -8.6775202e-01
 -2.0212045e+00
 -2.9553217e-01
 -6.1979681e-01
 -7.6503772e-01
 -1.5841297e+00
 -1.2818509e-01
  7.7838856e-01
  1.4612571e-04
 -7.4360900e-02
  5.1038258e-02
 -1.4902458e-04
  5.1394886e-01
  4.7802299e-01
  5.0329030e-01
  8.3358306e-01
 -3.0280620e-02
  7.3216158e-01
  3.9605933e-01
  7.3188887e-05
 -4.2297450e-01
  1.0017312e+00
  2.4913940e+00
  5.5603158e-01
 -6.0029912e-01
 -1.6798115e+00
 -2.5208354e-01
 -2.0505613e-04
  4.5224428e-01
 -5.4583782e-01
 -9.9331230e-01
  3.9719473e-04
  3.2784563e-01
 -2.6147323e-02
  9.6273303e-01
  6.3589567e-01
 -1.0966623e+00
 -1.6869526e+00
  1.1680439e+00
  2.7234879e-05
 -1.2057126e+00
 -1.3920555e+00
  5.5166543e-01
  4.6016005e-01
  3.1013342e-02
 -7.1156484e-01
  1.3608916e+00
  7.6166901e-04
  5.2515340e-01
 -1.2708558e-01
  1.6601827e+00
  2.3134224e-04
  1.3498999e-01
 -1.4854431e-01
  7.0770627e-01
  8.0724829e-01
  1.1431826e+00
 -1.3385386e+00
  5.3851944e-01
  1.4407818e-03
  5.8372252e-02
 -1.3109646e+00
  1.3737155e-04
 -2.8096160e-04
 -1.1845682e+00
  1.0806116e+00
  2.8715003e-04
  1.3714709e-04
  5.8300698e-01
 -4.9911517e-01
  9.9455518e-01
  9.0240865e-05
 -4.8947909e-01
 -2.1345270e+00
 -8.0827400e-02
  4.5573508e-04
 -1.6378793e+00
  1.4491899e+00
  6.1616462e-01
  5.2533105e-05
  8.6302209e-01
 -1.8212650e+00
  8.2741037e-02
 -1.3620888e-04
  5.3975588e-01
 -9.2514420e-01
  1.4180161e-05
  1.0598154e-04
 -8.9236462e-01
 -1.5703192e-02
  6.7740965e-01
 -3.5597364e-05
  3.0058351e-01
 -1.2360381e+00
  8.4458930e-05
  5.4330757e-04
  1.4408287e+00
 -1.6313080e+00
  1.4643100e-02
  3.5045398e-04
  4.2476806e-01
 -3.0354780e-01
  6.4839065e-01
 -9.0987603e-05
 -3.7014522e-02
  1.0127101e-01
  3.5500696e-05
 -2.7617158e-05
  3.2890730e-02
 -5.1901828e-02
 -2.5012171e+00
  2.3182638e+00
 -9.0281810e-06
 -1.3926433e+00
 -2.8286919e-01
  2.0424677e-03
  4.2344995e-02
 -3.6375433e-01
  1.1798038e+00
  3.5227042e-02
 -1.1819421e+00
 -4.6891877e-01
  3.0297816e-01
  2.0629363e+00
  3.8321468e-01
  2.0231493e+00
  5.1700943e-05
  1.3609460e-06
 -4.9779779e-01
  2.6380321e-01
  2.3674576e+00
  1.6674630e-01
 -8.9047424e-02
 -7.9615271e-01
 -1.3525023e-01
  1.5753427e+00
  1.2366984e+00
  1.1402571e+00
 -5.5229104e-01
  1.2477904e-01
  3.2581910e-01
 -8.1942642e-01
 -9.3229932e-01
  1.6145718e+00
  2.4395846e-03
 -2.0188986e-01
 -3.9828263e-02
  5.1755285e-01
  3.4686291e-01
 -7.6999807e-01
 -9.1410935e-01
  5.4285938e-01
  6.1745173e-01
 -9.2907959e-01
 -7.1430910e-01
  3.2639802e-01
  1.2800603e-01
 -1.1536969e+00
 -7.4001557e-01
  1.3510240e+00
 -1.0908109e+00
 -9.4716847e-03
  6.5342921e-01
  5.5414766e-01
 -9.6181434e-01
 -2.0078102e-03
  3.7045932e-01
  1.1006329e-04
  3.1838644e-01
  6.6009408e-01
 -4.8659199e-01
  5.7145607e-01
 -8.4225321e-01
 -5.3269303e-01
  2.3411171e+00
  2.4561026e-05
  6.4228153e-01
  5.4779369e-01
 -2.3712987e-01
  2.5913763e-01
  2.4235551e-01
 -1.1634426e+00
 -1.0244286e+00
  5.8748025e-02
 -9.9305117e-01
 -1.2290695e-01
  1.2914068e+00
 -9.3574694e-05
  1.5550321e+00
  1.8882805e+00
 -4.9988708e-01
  5.5261594e-01
 -8.6883217e-02
 -2.1725759e-02
  1.2005744e-02
 -2.1931368e-04
 -2.5711703e+00
 -3.7640598e-02
  1.5013173e-02
  5.6662267e-01
 -1.3202195e+00
  2.5461483e-01
  2.9333362e-01
  5.8972877e-05
  4.9400109e-01
 -2.7688241e-01
  9.4068952e-02
  8.4036872e-02
  4.8224726e-01
 -5.9292215e-01
  2.0564803e-01
  3.1055543e-01
  2.0204486e-01
 -4.6584740e-01
  9.3791485e-01
 -2.4523024e-01
  3.1472489e-04
 -1.0254286e-04
  1.4928171e-05
  3.1911000e-05
  1.1555008e-01
  2.1286008e+00
 -2.0165244e-02
 -4.0322527e-01
 -2.0669048e+00
  2.7434286e-02
 -2.8247051e-03
  1.0178765e+00
 -4.3887812e-01
  2.2140894e+00
  2.2916323e-05
 -1.6544505e+00
  1.4919146e+00
  3.1229041e+00
  6.6436291e-01
  5.3704858e-01
  1.7015287e+00
  6.3406533e-01
  1.0939046e+00
 -1.0266311e+00
  4.0614522e-01
  4.2943501e-01
  7.7926618e-01
  4.5965964e-01
  3.7008840e-01
  4.1008225e-01
 -4.8252070e-01
 -3.0731285e-01
  2.0359583e-01
 -3.8974997e-01
 -4.8786011e-01
  7.8741021e-02
  2.4558152e-01
 -1.3863006e-01
  1.0630275e+00
 -2.3279506e-01
  2.6009372e-01
 -4.2576801e-02
  1.4715542e+00
  2.1891061e-02
  2.8829157e-01
  1.1491653e-01
  6.4260268e-01
 -5.7314736e-01
  2.3359172e-02
  2.3359172e-02
  2.3359172e-02
  2.3359172e-02
  2.3359172e-02
  1.0008992e-01
  1.0008992e-01
  1.0008992e-01
  1.0008992e-01
  1.0008992e-01
  7.6874912e-02
  7.6874912e-02
  7.6874912e-02
  7.6874912e-02
  7.6874912e-02
  3.3227548e-02
  3.3227548e-02
  3.3227548e-02
  3.3227548e-02
  3.3227548e-02
  1.5621931e-02
  1.5621931e-02
  1.5621931e-02
  1.5621931e-02
  1.5621931e-02
  5.3272113e-02
  5.3272113e-02
  5.3272113e-02
  5.3272113e-02
  5.3272113e-02
